cle_interop,voie_nom,numero,suffixe,cad_parcelles,x,y,long,lat
87085_0012_00001,allée Abbé Desgranges,1,,OI0007,1562564.24420000,5184063.75560000,1.23050651,45.84287475
87085_0011_00018,allée Abbé Grégoire,18,,HR0378,1565189.99910000,5181285.35580000,1.26508153,45.81840119
87085_0011_00020,allée Abbé Grégoire,20,,HR0378,1565177.27950000,5181270.27840000,1.26492211,45.81826306
87085_0011_00022,allée Abbé Grégoire,22,,HR0378,1565161.41940000,5181252.96560000,1.26472292,45.81810422
87085_0023_00004,allée Adrienne Bolland,4,,EX0304,1565800.29660000,5180714.16660000,1.27309255,45.81338231
87085_0023_00006,allée Adrienne Bolland,6,,EX0305,1565784.56140000,5180701.11440000,1.27289378,45.81326183
87085_0023_00008,allée Adrienne Bolland,8,,EX0306,1565773.41600000,5180692.12950000,1.27275291,45.81317883
87085_0023_00010,allée Adrienne Bolland,10,,EX0307,1565774.81150000,5180683.99710000,1.27277313,45.81310594
87085_0043_00004,allée Agatha Christie,4,,MW0022,1567092.42760000,5190745.06100000,1.28693901,45.90386736
87085_0043_00006,allée Agatha Christie,6,,MW0072,1567095.54880000,5190702.80220000,1.28699094,45.90348783
87085_0043_00007,allée Agatha Christie,7,,MY0004,1567102.71180000,5190731.33260000,1.28707532,45.90374586
87085_0043_00009,allée Agatha Christie,9,,MY0169,1567106.66490000,5190662.40900000,1.28714500,45.90312700
87085_0043_00011,allée Agatha Christie,11,,MY0168,1567108.19430000,5190637.89660000,1.28717186,45.90290641
87085_0043_00011_bis,allée Agatha Christie,11,bis,MY0167,1567108.99610000,5190625.37300000,1.28718566,45.90279391
87085_0043_00012,allée Agatha Christie,12,,MW0025,1567101.98620000,5190589.04440000,1.28710541,45.90246575
87085_0043_00014,allée Agatha Christie,14,,MW0131,1567109.93530000,5190554.54320000,1.28721739,45.90215693
87085_0043_00015,allée Agatha Christie,15,,MY0056,1567111.14550000,5190596.76670000,1.28722128,45.90253699
87085_0043_00018,allée Agatha Christie,18,,MW0132,1567124.20950000,5190486.79930000,1.28742000,45.90155000
87085_0043_00021,allée Agatha Christie,21,,MY0055,1567141.25410000,5190496.37140000,1.28763704,45.90163970
87085_0043_00023,allée Agatha Christie,23,,MY0055,1567158.42920000,5190501.65670000,1.28785687,45.90169057
87085_0043_00025,allée Agatha Christie,25,,MY0054,1567174.72570000,5190506.44410000,1.28806552,45.90173679
87085_0044_00001,allée Agnès Varda,1,,LC0003,1568035.00440000,5190849.80820000,1.29905545,45.90499137
87085_0044_00002,allée Agnès Varda,2,,LC0003,1568026.82880000,5190842.50570000,1.29895212,45.90492411
87085_0044_00003,allée Agnès Varda,3,,LC0003,1568041.75130000,5190850.33740000,1.29914224,45.90499743
87085_0044_00004,allée Agnès Varda,4,,LC0003,1568037.22690000,5190843.29950000,1.29908588,45.90493325
87085_0044_00005,allée Agnès Varda,5,,LC0003,1568057.36170000,5190851.79260000,1.29934299,45.90501352
87085_0044_00006,allée Agnès Varda,6,,LC0003,1568048.26000000,5190844.01390000,1.29922785,45.90494180
87085_0044_00007,allée Agnès Varda,7,,LC0003,1568063.51330000,5190852.38790000,1.29942209,45.90502006
87085_0044_00008,allée Agnès Varda,8,,LC0003,1568059.45190000,5190844.96640000,1.29937180,45.90495252
87085_0044_00009,allée Agnès Varda,9,,LC0003,1568076.34560000,5190852.98320000,1.29958728,45.90502788
87085_0044_00010,allée Agnès Varda,10,,LC0003,1568069.05630000,5190845.52200000,1.29949540,45.90495936
87085_0044_00011,allée Agnès Varda,11,,LC0001,1568095.06490000,5190852.93030000,1.29982850,45.90503100
87085_0044_00012,allée Agnès Varda,12,,LC0001,1568092.86880000,5190846.42159999,1.29980200,45.90497200
87085_0044_00014,allée Agnès Varda,14,,LC0001,1568108.63800000,5190848.06200000,1.30000470,45.90498980
87085_0044_00015,allée Agnès Varda,15,,LC0001,1568098.76910000,5190853.19490000,1.29987620,45.90503410
87085_0044_00016,allée Agnès Varda,16,,LC0001,1568117.31640000,5190848.69700000,1.30011640,45.90499720
87085_0044_00017,allée Agnès Varda,17,,LC0001,1568115.17330000,5190854.25319998,1.30008720,45.90504680
87085_0044_00018,allée Agnès Varda,18,,LC0001,1568131.76270000,5190877.82770000,1.30029450,45.90526200
87085_0044_00019,allée Agnès Varda,19,,LC0001,1568118.61290000,5190854.71620000,1.30013140,45.90505160
87085_0044_00020,allée Agnès Varda,20,,LC0002,1568129.77830000,5190898.86210000,1.30026320,45.90545080
87085_0114_00001,allée Alfred Jarry,1,,OA0311,1565306.48950000,5179521.13630000,1.26707412,45.80255374
87085_0114_00002,allée Alfred Jarry,2,,OA0308,1565304.76980000,5179530.26440000,1.26704945,45.80263551
87085_0114_00003,allée Alfred Jarry,3,,OA0312,1565300.27180000,5179520.07800000,1.26699445,45.80254300
87085_0114_00004,allée Alfred Jarry,4,,OA0309,1565297.75830000,5179528.94150000,1.26695964,45.80262224
87085_0114_00005,allée Alfred Jarry,5,,OA0313,1565282.54470000,5179516.24150000,1.26676752,45.80250502
87085_0114_00006,allée Alfred Jarry,6,,OA0310,1565280.95720000,5179525.36960000,1.26674455,45.80258682
87085_0121_00001,allée Alfred Leclerc,1,,PZ0127,1561814.69050000,5184065.70129999,1.22085860,45.84274202
87085_0121_00002,allée Alfred Leclerc,2,,PZ0128,1561832.25870000,5184077.44870000,1.22108134,45.84285123
87085_0121_00003,allée Alfred Leclerc,3,,PZ0126,1561820.08800000,5184093.42969999,1.22092010,45.84299254
87085_0121_00004,allée Alfred Leclerc,4,,PZ0129,1561837.76200000,5184089.19620000,1.22114879,45.84295801
87085_0121_00005,allée Alfred Leclerc,5,,PZ0125,1561799.55630000,5184103.16640000,1.22065304,45.84307600
87085_0121_00006,allée Alfred Leclerc,6,,PZ0133,1561838.29120000,5184094.59370000,1.22115405,45.84300667
87085_0121_00007,allée Alfred Leclerc,7,,PZ0122,1561788.76130000,5184108.35220000,1.22051261,45.84312048
87085_0121_00008,allée Alfred Leclerc,8,,PZ0131,1561830.14200000,5184100.83790000,1.22104737,45.84306120
87085_0121_00009,allée Alfred Leclerc,9,,PZ0134,1561786.64460000,5184112.26800000,1.22048424,45.84315528
87085_0121_00010,allée Alfred Leclerc,10,,PZ0132,1561813.31450000,5184109.19880000,1.22082838,45.84313303
87085_0121_00011,allée Alfred Leclerc,11,,PZ0136,1561788.86710000,5184117.87720000,1.22051123,45.84320618
87085_0121_00012,allée Alfred Leclerc,12,,PZ0116,1561819.55870000,5184141.58390000,1.22089944,45.84342560
87085_0121_00014,allée Alfred Leclerc,14,,PZ0117,1561823.15700000,5184162.43310000,1.22093976,45.84361387
87085_0121_00015,allée Alfred Leclerc,15,,PZ0110,1561799.66210000,5184144.75890000,1.22064244,45.84345016
87085_0121_00016,allée Alfred Leclerc,16,,PZ0118,1561830.35370000,5184180.63650000,1.22102715,45.84377907
87085_0121_00017,allée Alfred Leclerc,17,,PZ0109,1561803.89540000,5184155.76560000,1.22069376,45.84355002
87085_0121_00018,allée Alfred Leclerc,18,,PZ0119,1561835.01040000,5184192.48990000,1.22108368,45.84388663
87085_0121_00019,allée Alfred Leclerc,19,,PZ0108,1561808.44620000,5184172.80480000,1.22074743,45.84370422
87085_0121_00021,allée Alfred Leclerc,21,,PZ0107,1561812.57370000,5184183.07070000,1.22079761,45.84379739
87085_0121_00023,allée Alfred Leclerc,23,,PZ0106,1561815.74870000,5184191.96070000,1.22083591,45.84387800
87085_0121_00025,allée Alfred Leclerc,25,,PZ0105,1561818.60620000,5184198.31070000,1.22087087,45.84393569
87085_0123_00001,allée Alfred Leroux,1,,NN0103,1562932.98300000,5181219.67240000,1.23606331,45.81736431
87085_0123_00005,allée Alfred Leroux,5,,NN0112,1562877.60400000,5181310.23180000,1.23532505,45.81816790
87085_0123_00009,allée Alfred Leroux,9,,NN0107,1562882.99380000,5181358.23560000,1.23538070,45.81860080
87085_0197_00001,allée Andersen,1,,CR0257,1566518.78830000,5184043.92340000,1.28141097,45.84347542
87085_0197_00003,allée Andersen,3,,CR0256,1566504.60310000,5184039.50270000,1.28122962,45.84343289
87085_0197_00005,allée Andersen,5,,CR0255,1566487.14290000,5184033.33390000,1.28100660,45.84337401
87085_0197_00006,allée Andersen,6,,CR0253,1566481.02110000,5184043.45270000,1.28092499,45.84346385
87085_0197_00007,allée Andersen,7,,CR0254,1566478.42820000,5184034.65580000,1.28089406,45.84338421
87085_0202_00006,allée André Breton,6,,HN0106,1564939.07470000,5179715.36840000,1.26229406,45.80422896
87085_0202_00008,allée André Breton,8,,HN0108,1565002.03450000,5179733.96350000,1.26309863,45.80440859
87085_0202_00009,allée André Breton,9,,HN0109,1564948.68510000,5179688.22080000,1.26242529,45.80398663
87085_0202_00010,allée André Breton,10,,HN0042,1564655.29100000,5179611.64830000,1.25867320,45.80324017
87085_0199_00005,allée Andrée Salomon,5,,LI0073,1567925.94170000,5189618.88409999,1.29798900,45.89389800
87085_0199_00008,allée Andrée Salomon,8,,LI0071,1567893.39190000,5189608.42210000,1.29757270,45.89379710
87085_0208_00001,allée André Maurois,1,,OK0039,1562320.56430000,5183176.33870000,1.22762435,45.83484324
87085_0208_00012,allée André Maurois,12,,AY0227,1562553.10240000,5183257.79530000,1.23059359,45.83562250
87085_0208_00014,allée André Maurois,14,,AY0227,1562532.92790000,5183277.30840000,1.23032838,45.83579400
87085_0219_00001,allée Annie Fratellini,1,,RP0066,1562055.64400000,5184723.42340000,1.22377104,45.84870694
87085_0219_00002,allée Annie Fratellini,2,,RP0281,1562040.61950000,5184723.43020000,1.22357764,45.84870398
87085_0219_00003,allée Annie Fratellini,3,,RP0282,1562036.21360000,5184704.28970000,1.22352642,45.84853092
87085_0219_00004,allée Annie Fratellini,4,,RP0280,1562022.49380000,5184705.00390000,1.22334962,45.84853459
87085_0219_00005,allée Annie Fratellini,5,,RP0118,1562020.56260000,5184688.96490000,1.22332936,45.84838992
87085_0219_00006,allée Annie Fratellini,6,,RP0115,1562008.20850000,5184690.78940000,1.22316982,45.84840386
87085_0219_00008,allée Annie Fratellini,8,,RP0114,1561991.93690000,5184674.75170000,1.22296497,45.84825632
87085_0219_00009,allée Annie Fratellini,9,,RP0119,1562005.80170000,5184652.30020000,1.22314989,45.84805715
87085_0219_00010,allée Annie Fratellini,10,,RP0130,1561986.00530000,5184662.87770000,1.22289203,45.84814832
87085_0219_00011,allée Annie Fratellini,11,,RP0120,1562024.80460000,5184633.01510000,1.22340003,45.84788748
87085_0219_00012,allée Annie Fratellini,12,,RP0129,1561993.24580000,5184650.55810000,1.22298877,45.84803895
87085_0219_00014,allée Annie Fratellini,14,,RP0128,1562008.32450000,5184635.07000000,1.22318731,45.84790266
87085_0219_00015,allée Annie Fratellini,15,,RP0121,1562041.50250000,5184616.31530000,1.22361976,45.84774061
87085_0219_00016,allée Annie Fratellini,16,,RP0127,1562023.53780000,5184619.87380000,1.22338750,45.84776901
87085_0219_00017,allée Annie Fratellini,17,,PY0048,1562053.49990000,5184605.24270000,1.22377737,45.84764341
87085_0219_00018,allée Annie Fratellini,18,,RP0126,1562035.35920000,5184607.47610000,1.22354322,45.84765986
87085_0219_00020,allée Annie Fratellini,20,,PY0046,1562053.55150000,5184592.45730000,1.22378171,45.84752841
87085_0219_00021,allée Annie Fratellini,21,,PY0038,1562113.99570000,5184585.36500000,1.22456177,45.84747674
87085_0219_00022,allée Annie Fratellini,22,,PY0045,1562073.86910000,5184582.20940000,1.22404617,45.84744030
87085_0219_00023,allée Annie Fratellini,23,,PY0039,1562140.57520000,5184576.81420000,1.22490635,45.84740515
87085_0219_00024,allée Annie Fratellini,24,,PY0044,1562115.58460000,5184574.33990000,1.22458539,45.84737788
87085_0219_00025,allée Annie Fratellini,25,,PY0040,1562162.65900000,5184573.78920000,1.22519148,45.84738237
87085_0219_00026,allée Annie Fratellini,26,,PY0043,1562144.91870000,5184560.82270000,1.22496685,45.84726217
87085_0219_00028,allée Annie Fratellini,28,,PY0042,1562158.98360000,5184547.91210000,1.22515159,45.84714885
87085_0228_00001,allée Antonin Artaud,1,,OA0325,1565294.31870000,5179580.40300000,1.26690099,45.80308450
87085_0228_00002,allée Antonin Artaud,2,,OA0302,1565292.25490000,5179588.73730000,1.26687212,45.80315907
87085_0228_00003,allée Antonin Artaud,3,,OA0325,1565287.73060000,5179579.05360000,1.26681664,45.80307107
87085_0228_00004,allée Antonin Artaud,4,,OA0303,1565285.50800000,5179587.46730000,1.26678570,45.80314632
87085_0228_00005,allée Antonin Artaud,5,,OA0325,1565270.10930000,5179575.48170000,1.26659100,45.80303549
87085_0228_00006,allée Antonin Artaud,6,,OA0304,1565267.72800000,5179583.73670000,1.26655806,45.80310928
87085_0227_00001,allée Antonin Magne,1,,NZ0326,1565226.18690000,5186404.25510000,1.26411157,45.86445581
87085_0227_00002,allée Antonin Magne,2,,NZ0326,1565227.33980000,5186399.01540000,1.26412789,45.86440891
87085_0227_00003,allée Antonin Magne,3,,NZ0326,1565232.09780000,5186405.25300000,1.26418740,45.86446595
87085_0227_00004,allée Antonin Magne,4,,NZ0326,1565233.85250000,5186400.53160000,1.26421132,45.86442382
87085_0227_00005,allée Antonin Magne,5,,NZ0326,1565238.53890000,5186407.14330000,1.26426980,45.86448422
87085_0227_00006,allée Antonin Magne,6,,NZ0326,1565239.99240000,5186402.12540000,1.26428993,45.86443936
87085_0227_00007,allée Antonin Magne,7,,NZ0326,1565245.20410000,5186409.03170000,1.26435509,45.86450251
87085_0227_00008,allée Antonin Magne,8,,NZ0326,1565246.87930000,5186403.71320000,1.26437816,45.86445500
87085_0227_00009,allée Antonin Magne,9,,NZ0326,1565252.76600000,5186410.91290000,1.26445193,45.86452092
87085_0227_00010,allée Antonin Magne,10,,NZ0326,1565253.46870000,5186405.45270000,1.26446251,45.86447194
87085_0227_00011,allée Antonin Magne,11,,NZ0326,1565258.90710000,5186412.65610000,1.26453052,45.86453780
87085_0227_00012,allée Antonin Magne,12,,NZ0326,1565260.35930000,5186407.48870000,1.26455067,45.86449160
87085_0227_00014,allée Antonin Magne,14,,NZ0326,1565267.54580000,5186409.14890000,1.26464273,45.86450795
87085_0227_00015,allée Antonin Magne,15,,NZ0326,1565266.39530000,5186414.68730000,1.26462636,45.86455754
87085_0269_00001,allée Aristide Berges,1,,MD0018,1565243.05360000,5187944.54140000,1.26389638,45.87831485
87085_0269_00002,allée Aristide Berges,2,,MD0026,1565239.55350000,5187952.31800000,1.26384912,45.87838412
87085_0269_00003,allée Aristide Berges,3,,MD0019,1565221.02970000,5187938.04790000,1.26361456,45.87825212
87085_0269_00004,allée Aristide Berges,4,,MD0024,1565215.14500000,5187955.06900000,1.26353399,45.87840408
87085_0269_00005,allée Aristide Berges,5,,MD0021,1565210.23940000,5187939.74710000,1.26347511,45.87826529
87085_0269_00006,allée Aristide Berges,6,,MD0022,1565206.08100000,5187947.94410000,1.26341925,45.87833821
87085_0271_00006,allée Arlette Téphany,6,,MS0183,1565692.22360000,5189679.63910000,1.26919563,45.89401095
87085_0271_00008,allée Arlette Téphany,8,,MS0184,1565671.26860000,5189687.04740000,1.26892360,45.89407350
87085_0271_00009,allée Arlette Téphany,9,,MS0197,1565658.35690000,5189676.88730000,1.26876011,45.89397958
87085_0271_00010,allée Arlette Téphany,10,,MS0185,1565652.21860000,5189694.66740000,1.26867605,45.89413832
87085_0271_00011,allée Arlette Téphany,11,,MS0196,1565625.33680000,5189688.95230000,1.26833133,45.89408165
87085_0271_00012,allée Arlette Téphany,12,,MS0186,1565632.32190000,5189702.28740000,1.26841759,45.89420297
87085_0271_00014,allée Arlette Téphany,14,,MS0187,1565616.65850000,5189707.79070000,1.26821426,45.89424941
87085_0271_00015,allée Arlette Téphany,15,,MS0195,1565599.30170000,5189698.90070000,1.26799314,45.89416605
87085_0271_00016,allée Arlette Téphany,16,,MS0188,1565626.60690000,5189746.52580000,1.26833157,45.89459980
87085_0271_00017,allée Arlette Téphany,17,,MS0194,1565580.25170000,5189705.88570000,1.26774577,45.89422515
87085_0271_00018,allée Arlette Téphany,18,,MS0188,1565627.32130000,5189751.18249999,1.26833947,45.89464183
87085_0271_00020,allée Arlette Téphany,20,,MS0189,1565625.33690000,5189755.41580000,1.26831272,45.89467952
87085_0271_00022,allée Arlette Téphany,22,,MS0190,1565620.68020000,5189756.47409999,1.26825243,45.89468813
87085_0271_00024,allée Arlette Téphany,24,,MS0191,1565614.11850000,5189754.99240000,1.26816831,45.89467352
87085_0271_00026,allée Arlette Téphany,26,,MS0192,1565608.19180000,5189741.02240000,1.26809587,45.89454669
87085_0271_00028,allée Arlette Téphany,28,,MS0193,1565602.26510000,5189724.93570000,1.26802402,45.89440083
87085_0292_00002,allée Athalie,2,,LT0322,1567713.25180000,5187179.35900000,1.29592157,45.87191155
87085_0292_00003,allée Athalie,3,,LT0323,1567700.11410000,5187192.77340000,1.29574869,45.87202969
87085_0292_00004,allée Athalie,4,,LT0321,1567714.10880000,5187185.84030000,1.29593082,45.87197001
87085_0292_00005,allée Athalie,5,,LT0324,1567688.02360000,5187194.29340000,1.29559257,45.87204103
87085_0292_00006,allée Athalie,6,,LT0320,1567724.55470000,5187210.67970000,1.29605850,45.87219547
87085_0292_00007,allée Athalie,7,,LT0306,1567686.07490000,5187199.61410000,1.29556601,45.87208852
87085_0292_00008,allée Athalie,8,,LT0319,1567733.69830000,5187218.75600000,1.29617402,45.87226988
87085_0292_00009,allée Athalie,9,,LT0305,1567687.16360000,5187208.68690000,1.29557753,45.87217035
87085_0292_00010,allée Athalie,10,,LT0318,1567742.22380000,5187226.32830000,1.29628173,45.87233964
87085_0292_00011,allée Athalie,11,,LT0304,1567691.00270000,5187212.65710000,1.29562588,45.87220680
87085_0292_00012,allée Athalie,12,,LT0317,1567755.97380000,5187238.74300000,1.29645538,45.87245396
87085_0292_00014,allée Athalie,14,,LT0316,1567760.73840000,5187242.81570000,1.29651561,45.87249152
87085_0292_00015,allée Athalie,15,,LT0303,1567701.05250000,5187211.71390000,1.29575555,45.87220025
87085_0292_00016,allée Athalie,16,,LT0315,1567766.41910000,5187251.39600000,1.29658640,45.87256980
87085_0292_00017,allée Athalie,17,,LT0307,1567723.97520000,5187223.42930000,1.29604752,45.87231005
87085_0292_00018,allée Athalie,18,,LT0314,1567762.24630000,5187256.30100000,1.29653132,45.87261312
87085_0292_00019,allée Athalie,19,,LT0308,1567733.65980000,5187231.85300000,1.29616992,45.87238769
87085_0292_00020,allée Athalie,20,,LT0313,1567757.18350000,5187261.86780000,1.29646458,45.87266222
87085_0292_00021,allée Athalie,21,,LT0309,1567739.04930000,5187247.17510000,1.29623510,45.87252656
87085_0292_00023,allée Athalie,23,,LT0310,1567743.80750000,5187252.65730000,1.29629487,45.87257679
87085_0292_00025,allée Athalie,25,,LT0311,1567749.73220000,5187258.10250000,1.29636966,45.87262691
87085_0292_00027,allée Athalie,27,,LT0311,1567753.61740000,5187261.36910000,1.29641880,45.87265705
87085_0362_00001,allée Barbara,1,,PY0049,1562093.65410000,5184600.35080000,1.22429564,45.84760746
87085_0362_00004,allée Barbara,4,,PY0084,1562105.95790000,5184608.59750000,1.22445164,45.84768411
87085_0362_00005,allée Barbara,5,,RP0123,1562069.05540000,5184644.03730000,1.22396646,45.84799551
87085_0362_00006,allée Barbara,6,,PY0087,1562098.88700000,5184625.52610000,1.22435577,45.84783498
87085_0362_00008,allée Barbara,8,,RP0143,1562089.24020000,5184646.67300000,1.22422553,45.84802327
87085_0362_00010,allée Barbara,10,,RP0283,1562080.13530000,5184655.02420000,1.22410593,45.84809656
87085_0557_00001,allée Bérénice,1,,LT0240,1567722.76170000,5187323.35500000,1.29600436,45.87320871
87085_0557_00003,allée Bérénice,3,,LT0241,1567736.58960000,5187321.55760000,1.29618293,45.87319520
87085_0557_00004,allée Bérénice,4,,LT0238,1567704.55670000,5187290.18790000,1.29577905,45.87290685
87085_0557_00005,allée Bérénice,5,,LT0242,1567753.82500000,5187319.75060000,1.29640539,45.87318227
87085_0557_00006,allée Bérénice,6,,LT0237,1567718.90770000,5187302.57110000,1.29596045,45.87302100
87085_0557_00007,allée Bérénice,7,,LT0243,1567768.14660000,5187318.30070000,1.29659022,45.87317198
87085_0557_00008,allée Bérénice,8,,LT0236,1567743.94150000,5187311.27910000,1.29628044,45.87310416
87085_0557_00009,allée Bérénice,9,,LT0244,1567761.04640000,5187367.40610000,1.29648526,45.87361235
87085_0557_00010,allée Bérénice,10,,LT0235,1567770.08310000,5187308.77010000,1.29661779,45.87308662
87085_0557_00011,allée Bérénice,11,,LT0245,1567784.53110000,5187370.67170000,1.29678680,45.87364624
87085_0557_00012,allée Bérénice,12,,LT0234,1567788.93760000,5187291.49600000,1.29686535,45.87293485
87085_0557_00013,allée Bérénice,13,,LT0246,1567785.99990000,5187390.74310000,1.29680019,45.87382708
87085_0557_00014,allée Bérénice,14,,LT0233,1567805.69950000,5187280.38760000,1.29708427,45.87283815
87085_0557_00016,allée Bérénice,16,,LT0247,1567788.86300000,5187323.04890000,1.29685570,45.87321868
87085_0557_00018,allée Bérénice,18,,LT0247,1567789.80910000,5187333.36300000,1.29686504,45.87331164
87085_0557_00020,allée Bérénice,20,,LT0247,1567791.03450000,5187344.32150000,1.29687781,45.87341046
87085_0557_00022,allée Bérénice,22,,LT0247,1567791.79570000,5187354.82600000,1.29688472,45.87350510
87085_0557_00024,allée Bérénice,24,,LT0247,1567793.46070000,5187371.38270000,1.29690160,45.87365436
87085_0557_00026,allée Bérénice,26,,LT0247,1567794.35590000,5187382.41030000,1.29691009,45.87375373
87085_0557_00028,allée Bérénice,28,,LT0247,1567795.69370000,5187392.80100000,1.29692446,45.87384746
87085_0557_00030,allée Bérénice,30,,LT0247,1567796.53140000,5187404.12160000,1.29693213,45.87394945
87085_0563_00001,allée Bernard Courtois,1,,MD0028,1565255.01050000,5188021.14130000,1.26402887,45.87900626
87085_0563_00003,allée Bernard Courtois,3,,MD0029,1565239.80200000,5188015.54170000,1.26383457,45.87895290
87085_0563_00004,allée Bernard Courtois,4,,MD0033,1565239.70220000,5188039.23420000,1.26382663,45.87916601
87085_0563_00005,allée Bernard Courtois,5,,MD0030,1565224.47930000,5188018.75270000,1.26363632,45.87897878
87085_0563_00006,allée Bernard Courtois,6,,MD0031,1565231.79610000,5188032.57700000,1.26372667,45.87910457
87085_0576_00003,allée Berthe Morisot,3,,KZ0102,1567930.73550000,5191908.47110000,1.29742026,45.91449463
87085_0576_00004,allée Berthe Morisot,4,,KZ0096,1567925.31370000,5191900.23610000,1.29735265,45.91441951
87085_0576_00005,allée Berthe Morisot,5,,KZ0101,1567954.85290000,5191927.16810000,1.29772592,45.91466746
87085_0576_00006,allée Berthe Morisot,6,,KZ0097,1567941.92890000,5191901.70310000,1.29756638,45.91443590
87085_0576_00007,allée Berthe Morisot,7,,KZ0100,1567965.80560000,5191921.31890000,1.29786869,45.91461695
87085_0576_00008,allée Berthe Morisot,8,,KZ0098,1567958.61930000,5191906.23190000,1.29778023,45.91447985
87085_0893_00001,allée Cavelier de La Salle,1,,NV0036,1560109.70330000,5183638.43890000,1.19903862,45.83855385
87085_0893_00002,allée Cavelier de La Salle,2,,NV0038,1560122.37210000,5183628.81890000,1.19920447,45.83846989
87085_0893_00003,allée Cavelier de La Salle,3,,NV0034,1560109.07080000,5183663.24460000,1.19902326,45.83877686
87085_0893_00004,allée Cavelier de La Salle,4,,NV0039,1560121.90430000,5183654.06090000,1.19919110,45.83869686
87085_0893_00005,allée Cavelier de La Salle,5,,NV0033,1560108.54990000,5183683.11740000,1.19901078,45.83895552
87085_0893_00006,allée Cavelier de La Salle,6,,NV0041,1560121.05840000,5183677.93610000,1.19917327,45.83891145
87085_0893_00007,allée Cavelier de La Salle,7,,NV0032,1560107.85240000,5183702.64170000,1.19899612,45.83913101
87085_0893_00009,allée Cavelier de La Salle,9,,NV0031,1560107.19740000,5183722.17560000,1.19898200,45.83930659
87085_0893_00011,allée Cavelier de La Salle,11,,NV0030,1560106.51800000,5183744.26190000,1.19896683,45.83950513
87085_0893_00015,allée Cavelier de La Salle,15,,NV0029,1560083.38440000,5183756.04350000,1.19866567,45.83960640
87085_0893_00017,allée Cavelier de La Salle,17,,NV0028,1560083.20700000,5183766.55000000,1.19866033,45.83970087
87085_0893_00019,allée Cavelier de La Salle,19,,NV0027,1560097.59740000,5183766.29610000,1.19884561,45.83970152
87085_0893_00021,allée Cavelier de La Salle,21,,NV0026,1560120.12830000,5183766.59990000,1.19913549,45.83970883
87085_0963_00001,allée Chanoine Fayaud,1,,RP0085,1561681.11390000,5184980.92700000,1.21887590,45.85094805
87085_0963_00002,allée Chanoine Fayaud,2,,RP0100,1561669.27310000,5184973.16240000,1.21872572,45.85087582
87085_0963_00003,allée Chanoine Fayaud,3,,RP0086,1561696.59620000,5184974.65100000,1.21907701,45.85089471
87085_0963_00004,allée Chanoine Fayaud,4,,RP0099,1561682.35770000,5184968.84480000,1.21889539,45.85083962
87085_0963_00005,allée Chanoine Fayaud,5,,RP0087,1561708.49970000,5184965.75530000,1.21923280,45.85081709
87085_0963_00006,allée Chanoine Fayaud,6,,RP0098,1561692.68540000,5184961.14240000,1.21903056,45.85077241
87085_0963_00007,allée Chanoine Fayaud,7,,RP0088,1561718.26530000,5184958.21920000,1.21936068,45.85075126
87085_0963_00008,allée Chanoine Fayaud,8,,RP0097,1561702.54320000,5184953.53480000,1.21915964,45.85070596
87085_0963_00009,allée Chanoine Fayaud,9,,RP0089,1561730.18820000,5184949.01890000,1.21951680,45.85067090
87085_0963_00010,allée Chanoine Fayaud,10,,RP0096,1561712.63350000,5184945.74760000,1.21929177,45.85063794
87085_0963_00011,allée Chanoine Fayaud,11,,RP0090,1561750.02960000,5184946.86090000,1.21977284,45.85065547
87085_0963_00012,allée Chanoine Fayaud,12,,RP0095,1561722.51360000,5184938.12260000,1.21942115,45.85057134
87085_0963_00014,allée Chanoine Fayaud,14,,RP0094,1561731.51460000,5184931.17680000,1.21953901,45.85051066
87085_0963_00015,allée Chanoine Fayaud,15,,RP0091,1561755.80610000,5184942.40360000,1.21984848,45.85061654
87085_0963_00016,allée Chanoine Fayaud,16,,RP0093,1561739.98350000,5184924.64170000,1.21964991,45.85045358
87085_0963_00018,allée Chanoine Fayaud,18,,RP0092,1561749.84520000,5184931.13920000,1.21977499,45.85051401
87085_0967_00001,allée Chantegrèle,1,,ET0241,1566110.78300000,5181862.79330000,1.27676696,45.82377545
87085_0967_00002,allée Chantegrèle,2,,ET0230,1566110.53470000,5181872.77230000,1.27676099,45.82386517
87085_0967_00003,allée Chantegrèle,3,,ET0240,1566089.76070000,5181863.21920000,1.27649636,45.82377519
87085_0967_00004,allée Chantegrèle,4,,ET0231,1566088.85900000,5181873.18340000,1.27648198,45.82386464
87085_0967_00005,allée Chantegrèle,5,,ET0239,1566077.67330000,5181863.16760000,1.27634085,45.82377237
87085_0967_00006,allée Chantegrèle,6,,ET0232,1566084.02410000,5181898.80410000,1.27641264,45.82409418
87085_0967_00007,allée Chantegrèle,7,,ET0238,1566068.69550000,5181862.98320000,1.27622539,45.82376896
87085_0967_00008,allée Chantegrèle,8,,ET0233,1566075.41350000,5181905.63780000,1.27629995,45.82415397
87085_0967_00009,allée Chantegrèle,9,,ET0237,1566066.65400000,5181874.34610000,1.27619596,45.82387078
87085_0967_00011,allée Chantegrèle,11,,ET0236,1566067.73230000,5181891.06410000,1.27620518,45.82402138
87085_0967_00013,allée Chantegrèle,13,,ET0235,1566068.18090000,5181899.70010000,1.27620854,45.82409915
87085_0968_00001,allée Chantegreu,1,,ET0234,1566065.77580000,5181931.87450000,1.27616864,45.82438811
87085_0968_00002,allée Chantegreu,2,,ET0302,1566061.41870000,5181941.99600000,1.27610976,45.82447832
87085_0968_00004,allée Chantegreu,4,,ET0294,1566054.27430000,5181934.01470000,1.27602005,45.82440513
87085_0968_00006,allée Chantegreu,6,,ET0297,1566046.21100000,5181927.69490000,1.27591807,45.82434671
87085_0969_00001,allée Chantegrive,1,,ET0221,1566284.24220000,5181847.87190000,1.27900294,45.82367496
87085_0969_00002,allée Chantegrive,2,,ET0211,1566283.34980000,5181835.23300000,1.27899497,45.82356109
87085_0969_00003,allée Chantegrive,3,,ET0220,1566295.38690000,5181840.11700000,1.27914849,45.82360737
87085_0969_00004,allée Chantegrive,4,,ET0212,1566296.91590000,5181825.98370000,1.27917209,45.82348053
87085_0969_00005,allée Chantegrive,5,,ET0219,1566320.80870000,5181845.20930000,1.27947417,45.82365812
87085_0969_00006,allée Chantegrive,6,,ET0213,1566306.15640000,5181824.82090000,1.27929131,45.82347186
87085_0969_00007,allée Chantegrive,7,,ET0218,1566332.79740000,5181861.12050000,1.27962400,45.82380358
87085_0969_00008,allée Chantegrive,8,,ET0214,1566319.63830000,5181831.04070000,1.27946305,45.82353043
87085_0969_00009,allée Chantegrive,9,,ET0217,1566341.61330000,5181858.09880000,1.27973827,45.82377811
87085_0969_00010,allée Chantegrive,10,,ET0215,1566338.80710000,5181841.77360000,1.27970670,45.82363071
87085_0969_00012,allée Chantegrive,12,,ET0216,1566346.76160000,5181850.15210000,1.27980672,45.82370763
87085_0971_00001,allée Chantemerle,1,,ET0224,1566325.69360000,5181913.01890000,1.27951817,45.82426906
87085_0971_00003,allée Chantemerle,3,,ET0223,1566313.28800000,5181895.11130000,1.27936353,45.82410556
87085_0971_00005,allée Chantemerle,5,,ET0222,1566302.90260000,5181882.43300000,1.27923343,45.82398949
87085_0971_00007,allée Chantemerle,7,,ET0221,1566290.42400000,5181865.34070000,1.27907762,45.82383331
87085_0971_00009,allée Chantemerle,9,,ET0211,1566270.72690000,5181834.13110000,1.27883287,45.82354873
87085_0971_00011,allée Chantemerle,11,,ET0191,1566254.98720000,5181832.05750000,1.27863093,45.82352701
87085_0972_00002,allée Chantepie,2,,ET0193,1566439.75360000,5181700.36390000,1.28104480,45.82237825
87085_0972_00004,allée Chantepie,4,,ET0194,1566418.52520000,5181712.60570000,1.28076827,45.82248425
87085_0972_00006,allée Chantepie,6,,ET0204,1566382.15700000,5181734.19030000,1.28029435,45.82267135
87085_0972_00008,allée Chantepie,8,,ET0205,1566355.46140000,5181749.23380000,1.27994670,45.82280149
87085_0972_00010,allée Chantepie,10,,ET0206,1566324.59790000,5181768.73120000,1.27954418,45.82297088
87085_0972_00012,allée Chantepie,12,,ET0202,1566353.82230000,5181789.90370000,1.27991431,45.82316702
87085_0972_00014,allée Chantepie,14,,ET0203,1566381.44840000,5181770.23510000,1.28027522,45.82299546
87085_0972_00019,allée Chantepie,19,,ET0210,1566313.69990000,5181765.65580000,1.27940481,45.82294110
87085_0972_00021,allée Chantepie,21,,ET0209,1566315.14920000,5181777.81650000,1.27942008,45.82305078
87085_0972_00023,allée Chantepie,23,,ET0208,1566326.28580000,5181788.30090000,1.27956046,45.82314725
87085_0972_00025,allée Chantepie,25,,ET0207,1566340.99990000,5181796.03530000,1.27974762,45.82321969
87085_0972_00027,allée Chantepie,27,,ET0201,1566357.36620000,5181805.18410000,1.27995566,45.82330517
87085_0972_00029,allée Chantepie,29,,ET0200,1566367.76680000,5181810.36130000,1.28008804,45.82335376
87085_0972_00031,allée Chantepie,31,,ET0199,1566375.08470000,5181803.32840000,1.28018415,45.82329192
87085_0972_00033,allée Chantepie,33,,ET0198,1566384.83060000,5181787.44560000,1.28031396,45.82315094
87085_0972_00035,allée Chantepie,35,,ET0197,1566394.58870000,5181770.69490000,1.28044416,45.82300215
87085_0972_00037,allée Chantepie,37,,ET0196,1566403.61230000,5181754.60780000,1.28056473,45.82285919
87085_0972_00039,allée Chantepie,39,,ET0195,1566412.13390000,5181736.02350000,1.28067954,45.82269366
87085_0997_00001,allée Charles Bourseul,1,,SK0009,1565048.17010000,5186912.32600000,1.26167664,45.86899127
87085_0997_00003,allée Charles Bourseul,3,,SK0009,1565047.86120000,5186916.25060000,1.26167156,45.86902651
87085_0997_00005,allée Charles Bourseul,5,,SK0009,1565047.29020000,5186921.40860000,1.26166276,45.86907280
87085_0997_00007,allée Charles Bourseul,7,,SK0009,1565046.50770000,5186928.89970000,1.26165057,45.86914003
87085_0997_00009,allée Charles Bourseul,9,,SK0009,1565045.84600000,5186935.54840000,1.26164019,45.86919971
87085_0997_00011,allée Charles Bourseul,11,,SK0009,1565045.11630000,5186943.54480000,1.26162854,45.86927150
87085_0997_00013,allée Charles Bourseul,13,,SK0009,1565044.31160000,5186951.31790000,1.26161599,45.86934126
87085_0997_00015,allée Charles Bourseul,15,,SK0009,1565043.50120000,5186958.92960000,1.26160342,45.86940957
87085_0997_00017,allée Charles Bourseul,17,,SK0009,1565042.84460000,5186964.06950000,1.26159352,45.86945568
87085_0997_00019,allée Charles Bourseul,19,,SK0009,1565042.24290000,5186970.53330000,1.26158395,45.86951371
87085_1000_00002,allée Charles Dullin,2,,BT0465,1564592.92340000,5185296.92500000,1.25626993,45.85437031
87085_1000_00004,allée Charles Dullin,4,,BT0465,1564572.28830000,5185290.33790000,1.25600613,45.85430699
87085_1000_00006,allée Charles Dullin,6,,BT0465,1564561.48510000,5185286.48610000,1.25586815,45.85427021
87085_1000_00008,allée Charles Dullin,8,,BT0465,1564543.08660000,5185280.37620000,1.25563301,45.85421162
87085_1000_00010,allée Charles Dullin,10,,BT0465,1564530.58570000,5185276.35980000,1.25547322,45.85417303
87085_1000_00012,allée Charles Dullin,12,,BT0465,1564510.99580000,5185270.02520000,1.25522281,45.85411218
87085_1000_00020,allée Charles Dullin,20,,BT0419,1564482.47390000,5185260.38400000,1.25485835,45.85401984
87085_1027_00001,allée Charles Richet,1,,NZ0159,1565079.00500000,5186443.23870000,1.26220551,45.86477762
87085_1027_00002,allée Charles Richet,2,,NZ0311,1565079.28050000,5186434.08200000,1.26221163,45.86469530
87085_1027_00003,allée Charles Richet,3,,NZ0158,1565099.66400000,5186433.45020000,1.26247427,45.86469362
87085_1027_00004,allée Charles Richet,4,,NZ0312,1565098.57320000,5186424.99000000,1.26246260,45.86461730
87085_1027_00005,allée Charles Richet,5,,NZ0241,1565115.75590000,5186425.85590000,1.26268360,45.86462846
87085_1027_00006,allée Charles Richet,6,,NZ0162,1565119.05350000,5186415.42390000,1.26272899,45.86453527
87085_1027_00007,allée Charles Richet,7,,NZ0156,1565128.75720000,5186454.11050000,1.26284307,45.86488518
87085_1027_00008,allée Charles Richet,8,,NZ0233,1565137.87480000,5186395.29610000,1.26297699,45.86435790
87085_1027_00009,allée Charles Richet,9,,NZ0194,1565139.51460000,5186451.81450000,1.26298223,45.86486664
87085_1027_00010,allée Charles Richet,10,,NZ0234,1565143.15770000,5186371.33670000,1.26305174,45.86414341
87085_1027_00011,allée Charles Richet,11,,NZ0193,1565139.11290000,5186445.16200000,1.26297892,45.86480672
87085_1027_00012,allée Charles Richet,12,,NZ0235,1565147.87720000,5186360.06660000,1.26311567,45.86404295
87085_1027_00015,allée Charles Richet,15,,NZ0298,1565135.87500000,5186422.99650000,1.26294346,45.86460669
87085_1027_00017,allée Charles Richet,17,,NZ0299,1565144.93270000,5186399.29500000,1.26306674,45.86439526
87085_1027_00019,allée Charles Richet,19,,NZ0189,1565156.40950000,5186383.32560000,1.26321900,45.86425386
87085_1114_00018,allée Christian Barriet,18,,SB0005,1559094.80230000,5187225.41200000,1.18492502,45.87061282
87085_1114_00021,allée Christian Barriet,21,,SB0010,1559141.77800000,5187195.44960000,1.18553872,45.87035292
87085_1119_00002,allée Cicéron,2,,LW0022,1567534.04370000,5186897.20960000,1.29369162,45.86933891
87085_1119_00003,allée Cicéron,3,,LW0055,1567538.88710000,5186889.04210000,1.29375625,45.86926638
87085_1119_00004,allée Cicéron,4,,LW0021,1567539.84870000,5186904.02100000,1.29376450,45.86940131
87085_1119_00006,allée Cicéron,6,,LW0020,1567546.02600000,5186911.16150000,1.29384207,45.86946673
87085_1119_00008,allée Cicéron,8,,LW0019,1567556.15720000,5186915.51570000,1.29397133,45.86950785
87085_1119_00010,allée Cicéron,10,,LW0018,1567564.18450000,5186910.30070000,1.29407614,45.86946249
87085_1149_00002,allée Claude Dauphin,2,,ES0273,1566415.19600000,5182627.69230000,1.28047122,45.83071540
87085_1149_00007,allée Claude Dauphin,7,,ES0258,1566455.07860000,5182605.40470000,1.28099062,45.83052265
87085_1149_00008,allée Claude Dauphin,8,,ES0271,1566444.94830000,5182566.54060000,1.28087106,45.83017108
87085_1149_00009,allée Claude Dauphin,9,,ES0259,1566475.86860000,5182605.49960000,1.28125813,45.83052754
87085_1149_00010,allée Claude Dauphin,10,,ES0270,1566428.05680000,5182551.56900000,1.28065786,45.83003312
87085_1149_00011,allée Claude Dauphin,11,,ES0260,1566477.80110000,5182596.69380000,1.28128544,45.83044870
87085_1149_00012,allée Claude Dauphin,12,,ES0269,1566411.47090000,5182544.27110000,1.28044646,45.82996425
87085_1149_00014,allée Claude Dauphin,14,,ES0268,1566400.59440000,5182540.74370000,1.28030748,45.82993040
87085_1149_00015,allée Claude Dauphin,15,,ES0261,1566474.68790000,5182582.88520000,1.28124921,45.83032388
87085_1149_00016,allée Claude Dauphin,16,,ES0267,1566405.84980000,5182535.40970000,1.28037659,45.82988344
87085_1149_00017,allée Claude Dauphin,17,,ES0262,1566471.45370000,5182567.60260000,1.28121184,45.83018578
87085_1149_00019,allée Claude Dauphin,19,,ES0263,1566467.20810000,5182559.26110000,1.28115952,45.83010992
87085_1149_00021,allée Claude Dauphin,21,,ES0264,1566451.67050000,5182560.82750000,1.28095915,45.83012099
87085_1149_00023,allée Claude Dauphin,23,,ES0265,1566430.79720000,5182545.48800000,1.28069481,45.82997895
87085_1149_00025,allée Claude Dauphin,25,,ES0266,1566422.80690000,5182534.85330000,1.28059495,45.82988173
87085_1258_00001_bis,allée Colbert,1,bis,IV0674,1562691.54880000,5181657.15760000,1.23283238,45.82125157
87085_1258_00002,allée Colbert,2,,IV0581,1562684.94140000,5181668.12220000,1.23274424,45.82134889
87085_1258_00004,allée Colbert,4,,IV0582,1562673.72120000,5181651.01470000,1.23260477,45.82119276
87085_1258_00005,allée Colbert,5,,IV0674,1562675.35960000,5181632.80210000,1.23263105,45.82102925
87085_1258_00006,allée Colbert,6,,IV0584,1562655.70760000,5181628.26100000,1.23237951,45.82098448
87085_1258_00008,allée Colbert,8,,IV0586,1562631.20060000,5181632.69380000,1.23206294,45.82101946
87085_1258_00009,allée Colbert,9,,IV0787,1562647.55380000,5181610.41270000,1.23227970,45.82082230
87085_1258_00010,allée Colbert,10,,IV0587,1562615.01670000,5181636.34330000,1.23185368,45.82104906
87085_1258_00011,allée Colbert,11,,IV0787,1562638.99010000,5181611.30820000,1.23216927,45.82082864
87085_1258_00012,allée Colbert,12,,IV0588,1562599.22060000,5181639.69800000,1.23164949,45.82107608
87085_1258_00013,allée Colbert,13,,IV0787,1562604.09580000,5181607.11270000,1.23172152,45.82078393
87085_1258_00014,allée Colbert,14,,IV0589,1562583.85550000,5181643.37680000,1.23145076,45.82110610
87085_1258_00015,allée Colbert,15,,IV0787,1562593.39620000,5181614.51210000,1.23158175,45.82084836
87085_1258_00016,allée Colbert,16,,IV0590,1562568.36080000,5181646.61460000,1.23125048,45.82113213
87085_1258_00017,allée Colbert,17,,IV0787,1562582.31630000,5181622.54710000,1.23143690,45.82091842
87085_1258_00018,allée Colbert,18,,IV0591,1562554.64630000,5181649.62590000,1.23107317,45.82115648
87085_1258_00019,allée Colbert,19,,IV0787,1562573.73110000,5181628.85730000,1.23132465,45.82097347
87085_1260_00003,allée Colette,3,,BT0437,1564820.88410000,5185314.50240000,1.25919965,45.85457329
87085_1260_00005,allée Colette,5,,BT0437,1564811.57440000,5185345.19440000,1.25907116,45.85484755
87085_1260_00007,allée Colette,7,,BT0437,1564802.99590000,5185373.46230000,1.25895277,45.85510015
87085_1263_00001,allée Colonel Ledot,1,,TC0025,1566813.28870000,5180788.38230000,1.28610334,45.81424679
87085_1263_00002,allée Colonel Ledot,2,,TC0041,1566827.02090000,5180794.98660000,1.28627817,45.81430886
87085_1263_00003,allée Colonel Ledot,3,,TC0026,1566820.96450000,5180803.67160000,1.28619786,45.81438581
87085_1263_00004,allée Colonel Ledot,4,,TC0040,1566843.68560000,5180827.27990000,1.28648361,45.81460258
87085_1263_00005,allée Colonel Ledot,5,,TC0027,1566829.41200000,5180820.37150000,1.28630190,45.81453767
87085_1263_00006,allée Colonel Ledot,6,,TC0039,1566868.20870000,5180846.78620000,1.28679369,45.81478280
87085_1263_00007,allée Colonel Ledot,7,,TC0028,1566838.35310000,5180834.80490000,1.28641293,45.81466924
87085_1263_00008,allée Colonel Ledot,8,,TC0038,1566887.88470000,5180845.24640000,1.28704724,45.81477276
87085_1263_00009,allée Colonel Ledot,9,,TC0029,1566849.68620000,5180843.88200000,1.28655621,45.81475309
87085_1263_00010,allée Colonel Ledot,10,,TC0037,1566902.92450000,5180838.99230000,1.28724245,45.81471941
87085_1263_00011,allée Colonel Ledot,11,,TC0030,1566862.28550000,5180854.28030000,1.28671542,45.81484907
87085_1263_00012,allée Colonel Ledot,12,,TC0036,1566911.98070000,5180844.67550000,1.28735738,45.81477228
87085_1263_00015,allée Colonel Ledot,15,,TC0031,1566876.38560000,5180858.83520000,1.28689555,45.81489277
87085_1263_00017,allée Colonel Ledot,17,,TC0032,1566889.91710000,5180854.89160000,1.28707072,45.81485992
87085_1263_00019,allée Colonel Ledot,19,,TC0035,1566905.36430000,5180850.35680000,1.28727070,45.81482211
87085_1276_00001,allée Comte de Lautréamont,1,,OA0297,1565301.84260000,5179666.62599999,1.26697363,45.80386160
87085_1276_00002,allée Comte de Lautréamont,2,,OA0324,1565329.22700000,5179669.80100000,1.26732496,45.80389552
87085_1276_00003,allée Comte de Lautréamont,3,,OA0296,1565312.69050000,5179671.91770000,1.26711167,45.80391133
87085_1276_00005,allée Comte de Lautréamont,5,,OA0295,1565325.65510000,5179678.26770000,1.26727665,45.80397099
87085_1272_00002,allée Condillac,2,,NN0146,1563186.98890000,5181562.30770000,1.23923362,45.82049707
87085_1272_00003,allée Condillac,3,,NN0146,1563259.80210000,5181534.97530000,1.24017819,45.82026568
87085_1272_00004,allée Condillac,4,,NN0146,1563177.72880000,5181547.46410000,1.23911871,45.82036170
87085_1272_00005,allée Condillac,5,,NN0146,1563246.78890000,5181543.07060000,1.24000846,45.82033591
87085_1272_00006,allée Condillac,6,,NN0146,1563171.45390000,5181536.96600000,1.23904097,45.82026601
87085_1272_00007,allée Condillac,7,,NN0146,1563233.06380000,5181550.93160000,1.23982964,45.82040390
87085_1272_00009,allée Condillac,9,,NN0146,1563222.74570000,5181562.13460000,1.23969371,45.82050262
87085_1272_00011,allée Condillac,11,,NN0146,1563211.08890000,5181569.52400000,1.23954164,45.82056678
87085_0289_00001,allée d'Artimon,1,,PR0108,1560194.64890000,5184040.49350000,1.20001489,45.84218778
87085_0289_00003,allée d'Artimon,3,,PR0109,1560201.30960000,5184017.39490000,1.20010734,45.84198135
87085_0289_00004,allée d'Artimon,4,,PR0112,1560187.15140000,5184022.32540000,1.19992368,45.84202283
87085_0289_00005,allée d'Artimon,5,,PR0105,1560206.95400000,5183996.91140000,1.20018594,45.84179824
87085_0289_00006,allée d'Artimon,6,,PR0111,1560193.36610000,5184003.24600000,1.20000922,45.84185246
87085_0289_00008,allée d'Artimon,8,,PR0110,1560200.79880000,5183985.19410000,1.20011013,45.84169159
87085_2577_00002,allée d'Ithaque,2,,LW0331,1567323.90910000,5187050.31660000,1.29094338,45.87067567
87085_2577_00003,allée d'Ithaque,3,,LW0330,1567323.15520000,5187059.85900000,1.29093103,45.87076137
87085_2577_00004,allée d'Ithaque,4,,LW0332,1567337.14550000,5187057.69310000,1.29111179,45.87074458
87085_2577_00005,allée d'Ithaque,5,,LW0329,1567332.80150000,5187076.92930000,1.29105053,45.87091679
87085_2577_00006,allée d'Ithaque,6,,LW0333,1567347.52160000,5187063.21050000,1.29124388,45.87079622
87085_2577_00007,allée d'Ithaque,7,,LW0328,1567339.78410000,5187080.29710000,1.29113952,45.87094843
87085_2577_00008,allée d'Ithaque,8,,LW0326,1567357.99160000,5187072.21170000,1.29137622,45.87087921
87085_2577_00010,allée d'Ithaque,10,,LW0327,1567350.57020000,5187075.48490000,1.29127975,45.87090722
87085_3161_00003,allée Daubenton,3,,LY0028,1567264.90460000,5187679.13890000,1.29000967,45.87632092
87085_3161_00005,allée Daubenton,5,,LY0036,1567257.24970000,5187665.17210000,1.28991495,45.87619381
87085_3161_00008,allée Daubenton,8,,LY0019,1567233.46590000,5187646.44460000,1.28961382,45.87602075
87085_3161_00009,allée Daubenton,9,,LY0215,1567237.47370000,5187628.67530000,1.28967035,45.87586167
87085_3161_00011,allée Daubenton,11,,LY0215,1567231.10730000,5187606.81470000,1.28959441,45.87566379
87085_3161_00012,allée Daubenton,12,,LY0142,1567204.18780000,5187603.88020000,1.28924853,45.87563220
87085_3161_00014,allée Daubenton,14,,LY0146,1567213.27490000,5187590.34660000,1.28936931,45.87551221
87085_0457_00001,allée de Beaupré,1,,NW0311,1560665.85190000,5183815.29820000,1.20614484,45.84025769
87085_0457_00002,allée de Beaupré,2,,NW0328,1560673.78010000,5183797.78550000,1.20625195,45.84010177
87085_0457_00003,allée de Beaupré,3,,NW0312,1560681.87920000,5183820.14780000,1.20634970,45.84030457
87085_0457_00004,allée de Beaupré,4,,NW0329,1560687.29740000,5183810.06340000,1.20642236,45.84021495
87085_0457_00005,allée de Beaupré,5,,NW0313,1560696.78450000,5183824.78620000,1.20654019,45.84034931
87085_0457_00006,allée de Beaupré,6,,NW0330,1560706.65950000,5183816.48560000,1.20666969,45.84027664
87085_0457_00007,allée de Beaupré,7,,NW0314,1560709.01860000,5183828.40860000,1.20669660,45.84038437
87085_0457_00008,allée de Beaupré,8,,NW0331,1560718.09530000,5183819.75600000,1.20681592,45.84030838
87085_0457_00009,allée de Beaupré,9,,NW0315,1560720.20700000,5183837.33220000,1.20683801,45.84046691
87085_0457_00011,allée de Beaupré,11,,NW0316,1560735.74020000,5183844.17060000,1.20703594,45.84053157
87085_0457_00013,allée de Beaupré,13,,NW0317,1560752.19870000,5183853.92450000,1.20724494,45.84062265
87085_0457_00015,allée de Beaupré,15,,NW0318,1560746.87490000,5183837.18000000,1.20718127,45.84047094
87085_0457_00017,allée de Beaupré,17,,NW0319,1560744.24390000,5183812.68150000,1.20715451,45.84025004
87085_0457_00019,allée de Beaupré,19,,NW0320,1560743.29570000,5183797.35520000,1.20714675,45.84011198
87085_0457_00021,allée de Beaupré,21,,NW0321,1560739.49940000,5183777.01770000,1.20710378,45.83992826
87085_0457_00023,allée de Beaupré,23,,NW0322,1560732.72420000,5183766.88610000,1.20701952,45.83983575
87085_0457_00025,allée de Beaupré,25,,NW0323,1560720.35310000,5183756.80730000,1.20686323,45.83974258
87085_0457_00027,allée de Beaupré,27,,NW0324,1560707.22610000,5183747.37780000,1.20669701,45.83965510
87085_x077_00001,allée de Bellegarde,1,,SH0074,1558588.20990000,5186808.60840000,1.17852436,45.86675947
87085_x077_00002,allée de Bellegarde,2,,SH0217,1558592.87180000,5186784.82740000,1.17844857,45.86675233
87085_0527_00020,allée de Bellevue,20,,SC0018,1558530.17780000,5188112.69350000,1.17739282,45.87847821
87085_0527_00028,allée de Bellevue,28,,SC0243,1558560.13220000,5188140.56040000,1.17777039,45.87873505
87085_0600_00032,allée de Bigorre,32,,BV0268,1564612.62600000,5185537.09400000,1.25645588,45.85653464
87085_0600_00034,allée de Bigorre,34,,BV0269,1564611.87600000,5185525.03940000,1.25644962,45.85642605
87085_0600_00036,allée de Bigorre,36,,BV0270,1564611.45850000,5185513.79700000,1.25644741,45.85632484
87085_0680_00001,allée de Bourgogne,1,,BV0092,1564400.24480000,5185768.40400000,1.25365636,45.85857354
87085_0680_00003,allée de Bourgogne,3,,BV0093,1564400.18580000,5185760.97940000,1.25365770,45.85850674
87085_0680_00005,allée de Bourgogne,5,,BV0094,1564400.10070000,5185750.29020000,1.25365962,45.85841057
87085_0680_00006,allée de Bourgogne,6,,BV0089,1564394.59050000,5185715.89460000,1.25359839,45.85810007
87085_0680_00007,allée de Bourgogne,7,,BV0095,1564400.00790000,5185740.19500000,1.25366128,45.85831974
87085_0680_00008,allée de Bourgogne,8,,BV0088,1564399.77310000,5185701.46530000,1.25366919,45.85797130
87085_0680_00009,allée de Bourgogne,9,,BV0096,1564399.32630000,5185727.87740000,1.25365598,45.85820880
87085_0680_00011,allée de Bourgogne,11,,BV0098,1564407.20760000,5185702.50300000,1.25376461,45.85798210
87085_0680_00013,allée de Bourgogne,13,,BV0099,1564419.85140000,5185692.28480000,1.25393028,45.85789267
87085_0680_00015,allée de Bourgogne,15,,BV0100,1564430.09220000,5185683.97290000,1.25406447,45.85781992
87085_0680_00017,allée de Bourgogne,17,,BV0084,1564436.69550000,5185678.19950000,1.25415111,45.85776929
87085_0950_00001,allée de Champagne,1,,BV0194,1564554.24450000,5185742.09750000,1.25564646,45.85836726
87085_0950_00002,allée de Champagne,2,,BV0156,1564548.51750000,5185745.20190000,1.25557185,45.85839406
87085_0950_00009,allée de Champagne,9,,BV0178,1564508.61010000,5185716.36870000,1.25506620,45.85812682
87085_0950_00011,allée de Champagne,11,,BV0177,1564498.64740000,5185710.77500000,1.25493951,45.85807454
87085_0950_00014,allée de Champagne,14,,BV0164,1564513.98810000,5185767.57500000,1.25512099,45.85858851
87085_0950_00016,allée de Champagne,16,,BV0165,1564513.29640000,5185754.81240000,1.25511568,45.85847357
87085_0950_00018,allée de Champagne,18,,BV0166,1564512.93800000,5185745.03780000,1.25511383,45.85838557
87085_0950_00020,allée de Champagne,20,,BV0167,1564512.64700000,5185729.74140000,1.25511440,45.85824791
87085_0950_00022,allée de Champagne,22,,BV0176,1564510.26130000,5185721.82390000,1.25508591,45.85817622
87085_0950_00024,allée de Champagne,24,,BV0176,1564492.23000000,5185711.15770000,1.25485678,45.85807672
87085_1032_00001,allée de Charlotte,1,,NI0233,1561858.54310000,5181430.90770000,1.22218008,45.81904955
87085_1032_00002,allée de Charlotte,2,,NI0259,1561838.67220000,5181409.87960000,1.22193048,45.81885640
87085_1032_00003,allée de Charlotte,3,,NI0234,1561867.62840000,5181411.78980000,1.22230246,45.81887940
87085_1032_00004,allée de Charlotte,4,,NI0270,1561819.97290000,5181402.21860000,1.22169211,45.81878373
87085_1032_00005,allée de Charlotte,5,,NI0235,1561870.17210000,5181398.07790000,1.22233912,45.81875657
87085_1032_00006,allée de Charlotte,6,,NI0268,1561802.22760000,5181394.83980000,1.22146593,45.81871379
87085_1032_00007,allée de Charlotte,7,,NI0249,1561849.27760000,5181400.26270000,1.22206968,45.81877203
87085_1032_00008,allée de Charlotte,8,,NI0256,1561779.52490000,5181413.57570000,1.22116847,45.81887777
87085_1032_00009,allée de Charlotte,9,,NI0250,1561827.48480000,5181391.17970000,1.22179192,45.81868594
87085_1032_00010,allée de Charlotte,10,,NI0255,1561779.72320000,5181400.35900000,1.22117482,45.81875892
87085_1032_00011,allée de Charlotte,11,,NI0251,1561804.28420000,5181363.77960000,1.22150132,45.81843480
87085_1032_00012,allée de Charlotte,12,,NI0254,1561787.21850000,5181377.41530000,1.22127785,45.81855404
87085_1032_00014,allée de Charlotte,14,,NI0253,1561796.53850000,5181358.92960000,1.22140306,45.81838962
87085_1032_00015,allée de Charlotte,15,,NI0239,1561822.90810000,5181331.69580000,1.22175013,45.81814993
87085_1032_00016,allée de Charlotte,16,,NI0252,1561807.25490000,5181341.32350000,1.22154599,45.81823340
87085_1032_00017,allée de Charlotte,17,,NI0240,1561825.05420000,5181313.56520000,1.22178295,45.81798727
87085_1066_00002,allée de Chativaux,2,,NY0177,1561081.77500000,5183371.29600001,1.21162616,45.83634784
87085_1066_00002_a,allée de Chativaux,2,a,NY0176,1561084.23560000,5183379.23350000,1.21165553,45.83641974
87085_1066_00004,allée de Chativaux,4,,NY0177,1561078.52520000,5183362.43310000,1.21158690,45.83626746
87085_1066_00006_a,allée de Chativaux,6,a,NY0050,1561057.23300000,5183347.65320000,1.21131716,45.83613021
87085_1066_00006_b,allée de Chativaux,6,b,NY0049,1561017.28440000,5183362.37080000,1.21079879,45.83625452
87085_1066_00012,allée de Chativaux,12,,NY0175,1561040.23660000,5183299.87180000,1.21111224,45.83569695
87085_1066_00014,allée de Chativaux,14,,NY0175,1560973.99190000,5183309.59800000,1.21025692,45.83577106
87085_1066_00016,allée de Chativaux,16,,NY0173,1561045.62080000,5183261.09190000,1.21119274,45.83534920
87085_1353_00007,allée de Courfaud,7,,ND0073,1566473.65640000,5192901.29490000,1.27836543,45.92314383
87085_1353_00009,allée de Courfaud,9,,ND0072,1566465.83760000,5192888.50990000,1.27826821,45.92302730
87085_1353_00101,allée de Courfaud,101,,NE0036,1566250.20180000,5192383.15470000,1.27562981,45.91843940
87085_1850_00004,allée de Faugeras,4,,ST0180,1566841.71400000,5184959.74250000,1.28531360,45.85177640
87085_1850_00005,allée de Faugeras,5,,SV0111,1566855.07430000,5184993.20380000,1.28547630,45.85208000
87085_1850_00007,allée de Faugeras,7,,SV0111,1566862.99140000,5185003.07830000,1.28557549,45.85217036
87085_1850_00009,allée de Faugeras,9,,SV0072,1566869.51300000,5185011.28280000,1.28565717,45.85224543
87085_1850_00010,allée de Faugeras,10,,ST0180,1566914.68540000,5185053.56500000,1.28622696,45.85263453
87085_1850_00011,allée de Faugeras,11,,SV0100,1566877.64110000,5185021.13400000,1.28575907,45.85233562
87085_1850_00015,allée de Faugeras,15,,SV0070,1566888.43260000,5185034.70520000,1.28589423,45.85245979
87085_1850_00015_b,allée de Faugeras,15,b,SV0126,1566899.22760000,5185048.25190000,1.28602900,45.85258400
87085_1850_00017,allée de Faugeras,17,,SV0127,1566902.63550000,5185060.97210000,1.28606979,45.85269883
87085_1850_00017_b,allée de Faugeras,17,b,SV0128,1566904.48760000,5185063.45910000,1.28609294,45.85272156
87085_1850_00020,allée de Faugeras,20,,ST0061,1567053.67880000,5185220.37920000,1.28797010,45.85416202
87085_1850_00021,allée de Faugeras,21,,SV0069,1566913.88310000,5185067.00570000,1.28621291,45.85275528
87085_1850_00022,allée de Faugeras,22,,ST0098,1567068.88420000,5185253.95720000,1.28815656,45.85446702
87085_1850_00023,allée de Faugeras,23,,SV0068,1566922.05970000,5185077.10140000,1.28631538,45.85284768
87085_1850_00025,allée de Faugeras,25,,SV0067,1566941.00590000,5185103.95800000,1.28655184,45.85309294
87085_1850_00029,allée de Faugeras,29,,SV0066,1566945.97740000,5185110.02900000,1.28661416,45.85314851
87085_1850_00033,allée de Faugeras,33,,ST0076,1566966.38770000,5185135.30060000,1.28686991,45.85337980
87085_1850_00039,allée de Faugeras,39,,ST0076,1567017.49560000,5185199.45780000,1.28751008,45.85396682
87085_1850_00059,allée de Faugeras,59,,ST0103,1567115.25840000,5185552.31740000,1.28867102,45.85715992
87085_1850_00061,allée de Faugeras,61,,ST0088,1567097.18880000,5185608.27620000,1.28842291,45.85765981
87085_1850_00071,allée de Faugeras,71,,ST0033,1567074.40780000,5185672.88170000,1.28811173,45.85823658
87085_1002_00002,allée de Gâte Soleil,2,,SI0064,1557491.21660000,5185948.96830000,1.16465447,45.85880016
87085_1002_00003,allée de Gâte Soleil,3,,RK0027,1557499.44790000,5185941.84920000,1.16476255,45.85873782
87085_1002_00004,allée de Gâte Soleil,4,,SI0138,1557473.78530000,5185938.00760000,1.16443330,45.85869795
87085_1002_00006,allée de Gâte Soleil,6,,SI0122,1557455.43660000,5185935.40750000,1.16419785,45.85867075
87085_1002_00007,allée de Gâte Soleil,7,,RK0025,1557499.32370000,5185902.29060000,1.16477269,45.85838196
87085_1002_00008,allée de Gâte Soleil,8,,SI0147,1557489.14360000,5185914.30160000,1.16463807,45.85848789
87085_1002_00010,allée de Gâte Soleil,10,,SI0147,1557483.24910000,5185872.51430000,1.16457458,45.85811078
87085_2739_00001,allée de Jemmapes,1,,BE0519,1564033.55000000,5183978.93780000,1.24944178,45.84240388
87085_2739_00002,allée de Jemmapes,2,,BE0519,1564042.89010000,5183981.77340000,1.24956119,45.84243124
87085_2739_00003,allée de Jemmapes,3,,BE0519,1564026.49890000,5184006.94630000,1.24934310,45.84265444
87085_2739_00004,allée de Jemmapes,4,,BE0519,1564046.39330000,5183994.84700000,1.24960258,45.84254953
87085_2739_00005,allée de Jemmapes,5,,BE0519,1564025.87000000,5184013.16270000,1.24933325,45.84271024
87085_2739_00006,allée de Jemmapes,6,,BE0519,1564044.44220000,5184005.53870000,1.24957444,45.84264533
87085_2739_00007,allée de Jemmapes,7,,BE0519,1564024.03260000,5184037.82900000,1.24930262,45.84293176
87085_2739_00008,allée de Jemmapes,8,,BE0519,1564042.11000000,5184017.10690000,1.24954115,45.84274893
87085_2739_00010,allée de Jemmapes,10,,BE0519,1564040.44520000,5184027.21390000,1.24951687,45.84283952
87085_2739_00012,allée de Jemmapes,12,,BE0519,1564030.15130000,5184038.36160000,1.24938122,45.84293776
87085_0317_00001,allée de l'Aurençous,1,,PR0089,1560368.25040000,5183930.26960000,1.20228127,45.84123154
87085_0317_00002,allée de l'Aurençous,2,,PR0088,1560356.01200000,5183932.89650000,1.20212299,45.84125269
87085_0317_00003,allée de l'Aurençous,3,,PR0089,1560340.39840000,5183908.29380000,1.20192919,45.84102821
87085_0317_00004,allée de l'Aurençous,4,,PR0091,1560329.59470000,5183919.27240000,1.20178695,45.84112477
87085_0317_00005,allée de l'Aurençous,5,,PR0090,1560334.58100000,5183911.28910000,1.20185345,45.84105397
87085_1770_00001,allée de L'Estérel,1,,EW0204,1565815.37740000,5181438.24150000,1.27308457,45.81989877
87085_1770_00003,allée de L'Estérel,3,,EW0205,1565822.46150000,5181443.39640000,1.27317427,45.81994652
87085_1770_00005,allée de L'Estérel,5,,EW0206,1565830.61790000,5181448.81460000,1.27327770,45.81999685
87085_1770_00007,allée de L'Estérel,7,,EW0207,1565839.91170000,5181455.44670000,1.27339542,45.82005833
87085_1770_00009,allée de L'Estérel,9,,EW0208,1565847.80100000,5181460.91020000,1.27349539,45.82010901
87085_1770_00011,allée de L'Estérel,11,,EW0209,1565856.75020000,5181467.00920000,1.27360883,45.82016562
87085_1770_00013,allée de L'Estérel,13,,EW0210,1565868.10970000,5181477.32240000,1.27375210,45.82026061
87085_5515_00001,allée de l'Hermione,1,,PO0231,1559917.07150000,5184766.21870000,1.19623076,45.84865949
87085_5515_00002,allée de l'Hermione,2,,PO0235,1559916.33070000,5184756.48200000,1.19622406,45.84857175
87085_5515_00003,allée de l'Hermione,3,,PO0230,1559928.39570000,5184762.30290000,1.19637766,45.84862657
87085_5515_00004,allée de l'Hermione,4,,PO0236,1559935.80410000,5184750.02620000,1.19647660,45.84851765
87085_5515_00005,allée de l'Hermione,5,,PO0229,1559944.16490000,5184757.32870000,1.19658209,45.84858504
87085_5515_00006,allée de l'Hermione,6,,PO0237,1559954.53660000,5184744.31120000,1.19671939,45.84847005
87085_5515_00007,allée de l'Hermione,7,,PO0228,1559954.32490000,5184754.04790000,1.19671383,45.84855759
87085_2549_00002,allée de l'Iliade,2,,LW0294,1567431.34440000,5187178.14780000,1.29229157,45.87184633
87085_2549_00003,allée de l'Iliade,3,,LW0413,1567438.54990000,5187153.44820000,1.29239118,45.87162553
87085_2549_00004,allée de l'Iliade,4,,LW0295,1567427.07130000,5187167.71850000,1.29223942,45.87175168
87085_2549_00005,allée de l'Iliade,5,,LW0412,1567450.81540000,5187148.07150000,1.29255062,45.87157953
87085_2549_00006,allée de l'Iliade,6,,LW0296,1567396.49740000,5187171.80510000,1.29184457,45.87178255
87085_2549_00007,allée de l'Iliade,7,,LW0411,1567462.56920000,5187143.18210000,1.29270333,45.87153781
87085_2549_00008,allée de l'Iliade,8,,LW0297,1567387.88980000,5187175.58000000,1.29173268,45.87181484
87085_2549_00009,allée de l'Iliade,9,,LW0410,1567474.31360000,5187143.54360000,1.29285447,45.87154333
87085_2549_00010,allée de l'Iliade,10,,LW0298,1567378.83430000,5187184.63710000,1.29161357,45.87189457
87085_2549_00011,allée de l'Iliade,11,,LW0409,1567483.45940000,5187139.48300000,1.29297337,45.87150856
87085_2549_00012,allée de l'Iliade,12,,LW0300,1567364.81720000,5187185.18240000,1.29143291,45.87189677
87085_2549_00014,allée de l'Iliade,14,,LW0301,1567361.46860000,5187177.45210000,1.29139192,45.87182659
87085_2549_00015,allée de l'Iliade,15,,LW0408,1567491.62030000,5187134.75600000,1.29307977,45.87146762
87085_2549_00016,allée de l'Iliade,16,,LW0302,1567360.55160000,5187169.06060000,1.29138243,45.87175092
87085_2549_00017,allée de l'Iliade,17,,LW0407,1567482.74780000,5187130.35140000,1.29296672,45.87142628
87085_2549_00018,allée de l'Iliade,18,,LW0303,1567366.97020000,5187166.24880000,1.29146586,45.87172687
87085_2549_00019,allée de l'Iliade,19,,LW0406,1567479.24480000,5187122.51730000,1.29292378,45.87135513
87085_2549_00020,allée de l'Iliade,20,,LW0304,1567375.01320000,5187162.75530000,1.29157040,45.87169699
87085_2549_00021,allée de l'Iliade,21,,LW0405,1567476.09460000,5187118.68150000,1.29288427,45.87132002
87085_2549_00022,allée de l'Iliade,22,,LW0305,1567384.31690000,5187167.70230000,1.29168885,45.87174329
87085_2549_00023,allée de l'Iliade,23,,LW0404,1567469.60230000,5187121.58230000,1.29279986,45.87134486
87085_2549_00024,allée de l'Iliade,24,,LW0306,1567400.92570000,5187160.52370000,1.29190471,45.87168192
87085_2549_00025,allée de l'Iliade,25,,LW0403,1567461.26610000,5187122.96610000,1.29269213,45.87135570
87085_2549_00026,allée de l'Iliade,26,,LW0307,1567411.96310000,5187155.62830000,1.29204820,45.87164001
87085_2549_00027,allée de l'Iliade,27,,LW0402,1567455.08740000,5187136.81630000,1.29260874,45.87147910
87085_2549_00028,allée de l'Iliade,28,,LW0308,1567410.18740000,5187129.34770000,1.29203259,45.87140326
87085_2549_00029,allée de l'Iliade,29,,LW0401,1567445.29990000,5187141.20510000,1.29248149,45.87151670
87085_2549_00030,allée de l'Iliade,30,,LW0309,1567406.65210000,5187121.01690000,1.29198937,45.87132764
87085_2549_00031,allée de l'Iliade,31,,LW0400,1567424.31410000,5187139.40610000,1.29221173,45.87149647
87085_2549_00032,allée de l'Iliade,32,,LW0310,1567393.70980000,5187116.95560000,1.29182382,45.87128860
87085_2549_00033,allée de l'Iliade,33,,LW0399,1567418.26110000,5187125.90100000,1.29213752,45.87137381
87085_2549_00034,allée de l'Iliade,34,,LW0311,1567390.96830000,5187110.33900000,1.29179035,45.87122856
87085_2549_00035,allée de l'Iliade,35,,LW0398,1567412.50040000,5187112.98450000,1.29206690,45.87125651
87085_2549_00036,allée de l'Iliade,36,,LW0312,1567388.86830000,5187105.42560000,1.29176466,45.87118395
87085_2549_00037,allée de l'Iliade,37,,LW0397,1567431.95060000,5187097.18850000,1.29232173,45.87111816
87085_2549_00038,allée de l'Iliade,38,,LW0313,1567383.01070000,5187100.22490000,1.29169067,45.87113604
87085_2549_00039,allée de l'Iliade,39,,LW0396,1567440.14910000,5187093.67720000,1.29242828,45.87108816
87085_2549_00040,allée de l'Iliade,40,,LW0314,1567386.94750000,5187099.99900000,1.29174143,45.87113476
87085_2549_00041,allée de l'Iliade,41,,LW0395,1567441.78070000,5187089.80370000,1.29245036,45.87105363
87085_2549_00042,allée de l'Iliade,42,,LW0315,1567392.72440000,5187099.35230000,1.29181600,45.87113006
87085_2549_00043,allée de l'Iliade,43,,LW0394,1567438.87520000,5187082.78340000,1.29241488,45.87098992
87085_2549_00044,allée de l'Iliade,44,,LW0316,1567400.68570000,5187095.82510000,1.29191949,45.87109987
87085_2549_00046,allée de l'Iliade,46,,LW0317,1567413.16080000,5187090.33910000,1.29208166,45.87105293
87085_3804_00001,allée de L'Odyssée,1,,LW0349,1567451.25780000,5186964.70890000,1.29260694,45.86993015
87085_3804_00003,allée de L'Odyssée,3,,LW0350,1567455.70670000,5186974.78420000,1.29266145,45.87002164
87085_3804_00004,allée de L'Odyssée,4,,LW0485,1567455.95590000,5186925.46230000,1.29267827,45.86957801
87085_3804_00005,allée de L'Odyssée,5,,LW0351,1567460.59960000,5186985.69450000,1.29272144,45.87012073
87085_3804_00006,allée de L'Odyssée,6,,LW0484,1567464.68400000,5186927.59010000,1.29279008,45.86959883
87085_3804_00007,allée de L'Odyssée,7,,LW0352,1567465.37980000,5186996.52670000,1.29278001,45.87021910
87085_3804_00008,allée de L'Odyssée,8,,LW0483,1567467.70680000,5186934.32690000,1.29282715,45.86966002
87085_3804_00009,allée de L'Odyssée,9,,LW0353,1567470.32390000,5187007.85530000,1.29284055,45.87032196
87085_3804_00010,allée de L'Odyssée,10,,LW0482,1567465.55980000,5186941.68900000,1.29279747,45.86972583
87085_3804_00011,allée de L'Odyssée,11,,LW0354,1567475.10080000,5187018.80430000,1.29289904,45.87042137
87085_3804_00012,allée de L'Odyssée,12,,LW0481,1567458.21370000,5186944.88530000,1.29270199,45.86975317
87085_3804_00014,allée de L'Odyssée,14,,LW0480,1567474.75270000,5186982.16900000,1.29290467,45.87009175
87085_3804_00015,allée de L'Odyssée,15,,LW0355,1567478.74610000,5187026.98280000,1.29294373,45.87049565
87085_3804_00016,allée de L'Odyssée,16,,LW0479,1567485.00620000,5186977.82660000,1.29303791,45.87005466
87085_3804_00017,allée de L'Odyssée,17,,LW0356,1567471.22390000,5187051.64560000,1.29284005,45.87071605
87085_3804_00018,allée de L'Odyssée,18,,LW0478,1567502.12830000,5186970.40590000,1.29326044,45.86999121
87085_3804_00019,allée de L'Odyssée,19,,LW0357,1567464.99520000,5187054.48640000,1.29275906,45.87074041
87085_3804_00020,allée de L'Odyssée,20,,LW0477,1567507.96470000,5186956.91680000,1.29333932,45.86987099
87085_3804_00022,allée de L'Odyssée,22,,LW0476,1567513.73900000,5186954.34190000,1.29341439,45.86984894
87085_3804_00024,allée de L'Odyssée,24,,LW0475,1567520.36750000,5186951.58380000,1.29350051,45.86982541
87085_3804_00026,allée de L'Odyssée,26,,LW0474,1567525.17910000,5186952.90380000,1.29356210,45.86983821
87085_3804_00028,allée de L'Odyssée,28,,LW0473,1567527.44330000,5186958.56410000,1.29358970,45.86988956
87085_3804_00030,allée de L'Odyssée,30,,LW0472,1567530.45540000,5186965.48470000,1.29362658,45.86995240
87085_3804_00032,allée de L'Odyssée,32,,LW0471,1567523.20340000,5186970.28640000,1.29353187,45.86999420
87085_3804_00034,allée de L'Odyssée,34,,LW0470,1567512.68000000,5186974.98280000,1.29339506,45.87003442
87085_3804_00036,allée de L'Odyssée,36,,LW0469,1567499.85280000,5186980.72660000,1.29322829,45.87008361
87085_3804_00038,allée de L'Odyssée,38,,LW0468,1567488.49700000,5186985.75840000,1.29308067,45.87012669
87085_3804_00040,allée de L'Odyssée,40,,LW0467,1567478.74930000,5186990.09770000,1.29295395,45.87016384
87085_3804_00042,allée de L'Odyssée,42,,LW0466,1567483.37960000,5187016.61630000,1.29300625,45.87040329
87085_3804_00044,allée de L'Odyssée,44,,LW0465,1567486.69090000,5187024.29140000,1.29304678,45.87047297
87085_3804_00046,allée de L'Odyssée,46,,LW0464,1567505.68460000,5187026.18940000,1.29329084,45.87049370
87085_3804_00048,allée de L'Odyssée,48,,LW0463,1567509.13530000,5187034.23430000,1.29333306,45.87056674
87085_3804_00050,allée de L'Odyssée,50,,LW0462,1567510.21610000,5187040.23300000,1.29334532,45.87062091
87085_3804_00052,allée de L'Odyssée,52,,LW0461,1567504.83020000,5187042.57190000,1.29327532,45.87064091
87085_3804_00054,allée de L'Odyssée,54,,LW0460,1567498.72200000,5187045.09300000,1.29319597,45.87066241
87085_3804_00056,allée de L'Odyssée,56,,LW0459,1567490.14980000,5187050.43410000,1.29308410,45.87070880
87085_3804_00058,allée de L'Odyssée,58,,LW0417,1567485.20380000,5187065.49940000,1.29301625,45.87084337
87085_3804_00060,allée de L'Odyssée,60,,LW0416,1567479.53800000,5187068.02240000,1.29294259,45.87086498
87085_3804_00062,allée de L'Odyssée,62,,LW0415,1567472.77250000,5187070.97500000,1.29285466,45.87089023
87085_3804_00064,allée de L'Odyssée,64,,LW0414,1567461.64920000,5187075.94330000,1.29271004,45.87093278
87085_0604_00010,allée de la Biodiversité,10,,SN0053,1566151.75200000,5186614.68620000,1.27597000,45.86653000
87085_0810_00004,allée de la Camargue,4,,EW0150,1566053.13830000,5181392.50660000,1.27615626,45.81953369
87085_0810_00005,allée de la Camargue,5,,EW0152,1566025.46880000,5181388.71870000,1.27580133,45.81949423
87085_1328_00002,allée de la Cornude,2,,MV0058,1566569.03740000,5189638.26320000,1.28050299,45.89380962
87085_1328_00004,allée de la Cornude,4,,MV0058,1566547.87070000,5189627.01840000,1.28023343,45.89370435
87085_1328_00008,allée de la Cornude,8,,MV0037,1566512.72880000,5189612.44550000,1.27978476,45.89356643
87085_1328_00010,allée de la Cornude,10,,MV0038,1566489.40300000,5189602.36510000,1.27948707,45.89347122
87085_1328_00016,allée de la Cornude,16,,MV0005,1566443.34340000,5189583.15010000,1.27889905,45.89328942
87085_1328_00018,allée de la Cornude,18,,MV0040,1566405.36940000,5189568.99650000,1.27841378,45.89315472
87085_1328_00020,allée de la Cornude,20,,MV0039,1566382.94000000,5189564.17860000,1.27812617,45.89310701
87085_1327_00001,allée de la Cornue,1,,NL0024,1562289.62350000,5180881.98340000,1.22788322,45.81419812
87085_1327_00002,allée de la Cornue,2,,NM0072,1562345.92100000,5180846.46260000,1.22861760,45.81388986
87085_1327_00003,allée de la Cornue,3,,NL0024,1562344.55330000,5180949.88030000,1.22857042,45.81481989
87085_1327_00005,allée de la Cornue,5,,NL0024,1562323.31130000,5181001.17350000,1.22828247,45.81527705
87085_1327_00006,allée de la Cornue,6,,NM0066,1562357.74420000,5180899.85270000,1.22875442,45.81437250
87085_1327_00010,allée de la Cornue,10,,NM0081,1562386.18520000,5180961.25240000,1.22910273,45.81493051
87085_1327_00010_a,allée de la Cornue,10,a,NM0081,1562389.56720000,5180976.70860000,1.22914182,45.81507023
87085_1327_00010_b,allée de la Cornue,10,b,NM0081,1562383.11720000,5180955.54640000,1.22906490,45.81487857
87085_1327_00012_c,allée de la Cornue,12,c,NM0081,1562443.08620000,5180965.51980000,1.22983351,45.81498028
87085_1327_00012_d,allée de la Cornue,12,d,NM0081,1562432.13940000,5180938.17580000,1.22970050,45.81473212
87085_1327_00024,allée de la Cornue,24,,NM0007,1562391.39770000,5181068.70560000,1.22913905,45.81589816
87085_1400_00003,allée de la Croisette,3,,EW0147,1566068.33710000,5181436.50190000,1.27633955,45.81993242
87085_1400_00005,allée de la Croisette,5,,EW0146,1566057.53220000,5181436.75610000,1.27620047,45.81993260
87085_1400_00007,allée de la Croisette,7,,EW0145,1566047.06130000,5181437.17380000,1.27606563,45.81993432
87085_2884_00012,allée de la Garde,12,,HN0112,1565000.94980000,5179464.40500000,1.26316030,45.80198353
87085_2884_00013,allée de la Garde,13,,HN0113,1564956.43170000,5179445.03490000,1.26259316,45.80180054
87085_2884_00014,allée de la Garde,14,,HN0114,1564909.31530000,5179424.41460000,1.26199297,45.80160580
87085_2884_00015,allée de la Garde,15,,HN0115,1564860.56700000,5179403.06280000,1.26137199,45.80140416
87085_2884_00016,allée de la Garde,16,,HN0116,1564821.89040000,5179383.14670000,1.26088015,45.80121740
87085_2884_00017,allée de la Garde,17,,HN0117,1564781.24980000,5179355.39390000,1.26036526,45.80095976
87085_2884_00018,allée de la Garde,18,,HN0204,1564730.92800000,5179315.06870000,1.25972939,45.80058712
87085_2884_00019,allée de la Garde,19,,HN0119,1564679.53960000,5179298.35070000,1.25907318,45.80042663
87085_2884_00021,allée de la Garde,21,,HN0121,1564511.62240000,5179307.32870000,1.25691105,45.80047435
87085_2884_00022,allée de la Garde,22,,HN0122,1564439.13700000,5179343.27120000,1.25596868,45.80078340
87085_2884_00023,allée de la Garde,23,,HN0123,1564392.99080000,5179406.16560000,1.25535746,45.80134008
87085_2884_00035,allée de la Garde,35,,HN0140,1564372.04090000,5179422.69570000,1.25508336,45.80148465
87085_2884_00036,allée de la Garde,36,,HN0141,1564368.17360000,5179358.60450000,1.25505169,45.80090735
87085_2884_00037,allée de la Garde,37,,HN0142,1564344.58870000,5179310.09090000,1.25476203,45.80046629
87085_2884_00038,allée de la Garde,38,,HN0143,1564335.23580000,5179269.26240000,1.25465325,45.80009717
87085_2884_00040,allée de la Garde,40,,HN0145,1564338.11330000,5179217.74040000,1.25470478,45.79963426
87085_2884_00041,allée de la Garde,41,,HN0146,1564351.96590000,5179182.91720000,1.25489275,45.79932374
87085_2884_00042,allée de la Garde,42,,HN0147,1564366.19870000,5179160.11800000,1.25508222,45.79912145
87085_2884_00045,allée de la Garde,45,,HN0150,1564407.82320000,5179122.58660000,1.25562812,45.79879204
87085_2884_00047,allée de la Garde,47,,HN0294,1564514.98390000,5179096.46500000,1.25701364,45.79857816
87085_2884_00049,allée de la Garde,49,,HN0156,1564559.85140000,5179091.94900000,1.25759193,45.79854637
87085_2884_00051,allée de la Garde,51,,HN0158,1564636.41250000,5179078.59320000,1.25858032,45.79844129
87085_2884_00053,allée de la Garde,53,,HN0160,1564690.89510000,5179052.83930000,1.25928824,45.79822034
87085_2884_00055,allée de la Garde,55,,HN0162,1564740.37580000,5179029.76940000,1.25993107,45.79802253
87085_2884_00057,allée de la Garde,57,,HN0164,1564800.78040000,5179000.76000000,1.26071606,45.79777345
87085_2884_00060,allée de la Garde,60,,HN0167,1564858.92960000,5178994.41170000,1.26146567,45.79772776
87085_2884_00061,allée de la Garde,61,,HN0168,1564904.14830000,5179016.11430000,1.26204111,45.79793187
87085_2884_00063,allée de la Garde,63,,HN0171,1564939.17380000,5179090.17040000,1.26247078,45.79860493
87085_2884_00065,allée de la Garde,65,,HN0173,1564912.42280000,5179227.11260000,1.26208831,45.79983156
87085_2884_00067,allée de la Garde,67,,HN0175,1564897.17630000,5179295.40850000,1.26187305,45.80044293
87085_2884_00068,allée de la Garde,68,,HN0176,1564963.89920000,5179432.54040000,1.26269271,45.80168961
87085_2884_00069,allée de la Garde,69,,HN0177,1564887.30280000,5179380.23970000,1.26172226,45.80120410
87085_2884_00070,allée de la Garde,70,,HN0178,1564871.91650000,5179335.32980000,1.26153698,45.80079709
87085_2884_00071,allée de la Garde,71,,HN0179,1564882.73990000,5179286.75200000,1.26168982,45.80036222
87085_2884_00072,allée de la Garde,72,,HN0180,1564897.77580000,5179225.28690000,1.26190045,45.79981226
87085_2884_00073,allée de la Garde,73,,HN0181,1564908.64130000,5179175.18410000,1.26205425,45.79936369
87085_2884_00074,allée de la Garde,74,,HN0182,1564919.57140000,5179122.72000000,1.26220955,45.79889388
87085_2884_00075,allée de la Garde,75,,HN0185,1564874.33220000,5179014.30400000,1.26165817,45.79790973
87085_2884_00076,allée de la Garde,76,,HN0186,1564772.71240000,5179029.73450000,1.26034695,45.79802858
87085_2884_00077,allée de la Garde,77,,HN0189,1564724.09880000,5179054.78290000,1.25971471,45.79824435
87085_2884_00078,allée de la Garde,78,,HN0190,1564674.52460000,5179078.41590000,1.25907051,45.79844719
87085_2884_00079,allée de la Garde,79,,HN0193,1564622.56330000,5179099.08180000,1.25839644,45.79862288
87085_2884_00080,allée de la Garde,80,,HN0195,1564528.80220000,5179109.68080000,1.25718763,45.79869977
87085_2884_00081,allée de la Garde,81,,HN0196,1564427.12980000,5179130.11850000,1.25587429,45.79886359
87085_2884_00082,allée de la Garde,82,,HN0197,1564368.03670000,5179182.49150000,1.25509955,45.79932308
87085_2884_00083,allée de la Garde,83,,HN0198,1564433.12460000,5179327.58590000,1.25589577,45.80064112
87085_2884_00084,allée de la Garde,84,,HN0199,1564496.82160000,5179294.97250000,1.25672417,45.80036029
87085_2884_00085,allée de la Garde,85,,HN0200,1564578.76620000,5179285.04510000,1.25778086,45.80028711
87085_2884_00086,allée de la Garde,86,,HN0201,1564669.68510000,5179281.20670000,1.25895126,45.80027047
87085_2884_00087,allée de la Garde,87,,HN0202,1564739.97100000,5179307.17630000,1.25984791,45.80051790
87085_2331_00004,allée de la Grande Terre,4,,RY0050,1559789.75030000,5186108.68330000,1.19420002,45.86070954
87085_2331_00006,allée de la Grande Terre,6,,RY0029,1559782.54750000,5186125.05420000,1.19410251,45.86085533
87085_2331_00008,allée de la Grande Terre,8,,RY0030,1559774.01910000,5186142.78350000,1.19398753,45.86101308
87085_2331_00024,allée de la Grande Terre,24,,RY0033,1559710.51900000,5186169.66520000,1.19316212,45.86124193
87085_3305_00001,allée de la Marne,1,,BV0139,1564711.14940000,5185779.03800000,1.25765612,45.85873046
87085_3305_00003,allée de la Marne,3,,BV0140,1564700.26880000,5185779.18400000,1.25751600,45.85872963
87085_3305_00005,allée de la Marne,5,,BV0141,1564690.14670000,5185779.55710000,1.25738558,45.85873099
87085_3305_00007,allée de la Marne,7,,BV0142,1564678.36500000,5185778.24070000,1.25723426,45.85871683
87085_3305_00009,allée de la Marne,9,,BV0146,1564668.09130000,5185797.95230000,1.25709644,45.85889213
87085_3305_00011,allée de la Marne,11,,BV0147,1564655.67790000,5185800.97000000,1.25693577,45.85891683
87085_3305_00013,allée de la Marne,13,,BV0148,1564638.96310000,5185801.75110000,1.25672035,45.85892056
87085_3305_00015,allée de la Marne,15,,BV0149,1564630.86630000,5185802.07870000,1.25661602,45.85892192
87085_4077_00001,allée de la Petite Vergne,1,,PH0041,1560964.53560000,5183027.41750000,1.21021684,45.83323080
87085_4077_00003,allée de la Petite Vergne,3,,PH0040,1560972.03580000,5183048.64000000,1.21030722,45.83342322
87085_4077_00007,allée de la Petite Vergne,7,,PH0137,1560974.94620000,5183112.19300000,1.21032600,45.83399600
87085_4077_00009,allée de la Petite Vergne,9,,PH0138,1560956.74280000,5183118.80770000,1.21009012,45.83405132
87085_4077_00011,allée de la Petite Vergne,11,,PH0139,1560954.62610000,5183126.00430000,1.21006080,45.83411563
87085_4077_00011_b,allée de la Petite Vergne,11,b,PH0140,1560956.31950000,5183132.14270000,1.21008082,45.83417119
87085_4077_00015,allée de la Petite Vergne,15,,PH0141,1560975.21070000,5183129.33810000,1.21032474,45.83414978
87085_4077_00019,allée de la Petite Vergne,19,,PH0023,1561019.10580000,5183182.22070000,1.21087432,45.83463436
87085_4077_00021,allée de la Petite Vergne,21,,PH0024,1561027.53200000,5183202.19560000,1.21097698,45.83481574
87085_5302_00005,allée de la Vigie,5,,PR0100,1560272.90370000,5183975.48580000,1.20104098,45.84161891
87085_5302_00006,allée de la Vigie,6,,PR0104,1560254.78570000,5183987.42230000,1.20080432,45.84172261
87085_5302_00007,allée de la Vigie,7,,PR0101,1560282.33290000,5183957.09270000,1.20116768,45.84145538
87085_5302_00008,allée de la Vigie,8,,PR0103,1560264.52850000,5183968.60520000,1.20093519,45.84155532
87085_5302_00010,allée de la Vigie,10,,PR0102,1560274.05330000,5183948.94770000,1.20106349,45.84138043
87085_3206_00005,allée de Magenta,5,,SC0082,1558339.92010000,5188043.25590000,1.17496301,45.87781440
87085_3206_00017,allée de Magenta,17,,SC0165,1558304.10300000,5188003.20160000,1.17451356,45.87744672
87085_3206_00019,allée de Magenta,19,,SC0219,1558302.94750000,5188010.33960000,1.17449657,45.87751069
87085_3206_00027,allée de Magenta,27,,SC0151,1558287.06690000,5188053.24070000,1.17427939,45.87789332
87085_3206_00028,allée de Magenta,28,,SC0223,1558232.67890000,5188078.97659999,1.17357134,45.87811361
87085_3206_00029,allée de Magenta,29,,SC0152,1558279.06580000,5188039.20010000,1.17418049,45.87776537
87085_3206_00035,allée de Magenta,35,,SC0180,1558232.89060000,5188068.39320000,1.17357719,45.87801845
87085_3206_00041,allée de Magenta,41,,SC0179,1558197.47530000,5188090.25230000,1.17311463,45.87820777
87085_3320_00003,allée de Martigues,3,,EW0189,1565850.96450000,5181409.32000000,1.27355049,45.81964554
87085_3320_00004,allée de Martigues,4,,EW0230,1565835.43090000,5181398.71410000,1.27335359,45.81954711
87085_3320_00005,allée de Martigues,5,,EW0188,1565837.75990000,5181392.75440000,1.27338522,45.81949395
87085_3320_00006,allée de Martigues,6,,EW0231,1565829.12530000,5181391.35850000,1.27327452,45.81947971
87085_3320_00008,allée de Martigues,8,,EW0232,1565824.09290000,5181379.77240000,1.27321301,45.81937450
87085_3320_00010,allée de Martigues,10,,EW0233,1565819.96400000,5181368.97240000,1.27316290,45.81927654
87085_3320_00012,allée de Martigues,12,,EW0234,1565815.77210000,5181358.38020000,1.27311193,45.81918044
87085_3320_00014,allée de Martigues,14,,EW0235,1565814.69000000,5181352.03760000,1.27309977,45.81912317
87085_3576_00003,allée de Montevert,3,,PK0014,1559730.83770000,5183629.86760000,1.19416524,45.83839957
87085_3576_00004,allée de Montevert,4,,PL0066,1559732.49390000,5183639.46220000,1.19418376,45.83848621
87085_3576_00005,allée de Montevert,5,,PK0013,1559702.65120000,5183638.26640000,1.19380004,45.83846937
87085_3576_00006,allée de Montevert,6,,PL0053,1559673.24660000,5183657.25580000,1.19341607,45.83863419
87085_3576_00007,allée de Montevert,7,,PK0012,1559645.74850000,5183655.51820000,1.19306268,45.83861294
87085_3576_00009,allée de Montevert,9,,PK0011,1559622.18190000,5183661.97020000,1.19275750,45.83866617
87085_3576_00010,allée de Montevert,10,,PL0055,1559597.47160000,5183677.95690000,1.19243482,45.83880493
87085_3576_00011,allée de Montevert,11,,PK0063,1559586.62190000,5183671.70680000,1.19229701,45.83874650
87085_3576_00014,allée de Montevert,14,,PL0056,1559599.36480000,5183743.95120000,1.19243990,45.83939897
87085_3576_00015,allée de Montevert,15,,PK0064,1559564.39690000,5183678.69180000,1.19200894,45.83880479
87085_3576_00017,allée de Montevert,17,,PK0065,1559538.36180000,5183685.25350000,1.19167196,45.83885850
87085_3576_00019,allée de Montevert,19,,PK0008,1559512.16800000,5183687.89930000,1.19133408,45.83887695
87085_3576_00028,allée de Montevert,28,,PL0242,1559492.13750000,5183898.53890000,1.19101471,45.84076764
87085_3576_00057,allée de Montevert,57,,PK0003,1559331.69120000,5183999.00260000,1.18892033,45.84163855
87085_3576_00065,allée de Montevert,65,,PK0061,1559298.21780000,5184044.53910000,1.18847618,45.84204132
87085_3576_00067,allée de Montevert,67,,PK0062,1559287.45150000,5184055.48250000,1.18833441,45.84213756
87085_3576_00069,allée de Montevert,69,,PK0058,1559275.69930000,5184066.86600000,1.18817982,45.84223755
87085_3576_00071,allée de Montevert,71,,PK0057,1559259.37930000,5184082.54390000,1.18796518,45.84237524
87085_3576_00073,allée de Montevert,73,,PK0001,1559248.69460000,5184093.20930000,1.18782454,45.84246899
87085_3707_00001,allée de Muriol,1,,NW0310,1560660.06170000,5183736.53380000,1.20609315,45.83954800
87085_3707_00003,allée de Muriol,3,,NW0309,1560644.97380000,5183732.13350000,1.20590025,45.83950536
87085_3707_00005,allée de Muriol,5,,NW0308,1560627.96530000,5183727.09980000,1.20568281,45.83945663
87085_3707_00007,allée de Muriol,7,,NW0307,1560614.76560000,5183722.76750000,1.20551418,45.83941498
87085_3707_00008,allée de Muriol,8,,NW0302,1560606.44210000,5183745.34850000,1.20540051,45.83961642
87085_3707_00009,allée de Muriol,9,,NW0306,1560596.13610000,5183717.18570000,1.20527604,45.83936100
87085_3709_00003,allée de Mycènes,3,,LW0458,1567611.45450000,5187035.11730000,1.29465043,45.87059440
87085_3709_00005,allée de Mycènes,5,,LW0457,1567606.77030000,5187024.49510000,1.29459304,45.87049794
87085_3709_00006,allée de Mycènes,6,,LW0441,1567596.04960000,5187021.59680000,1.29445578,45.87046980
87085_3709_00007,allée de Mycènes,7,,LW0456,1567601.75550000,5187012.88310000,1.29453166,45.87039252
87085_3709_00008,allée de Mycènes,8,,LW0442,1567591.43850000,5187011.05320000,1.29439931,45.87037407
87085_3709_00009,allée de Mycènes,9,,LW0455,1567595.39860000,5186998.37730000,1.29445380,45.87026081
87085_3709_00010,allée de Mycènes,10,,LW0443,1567565.21530000,5187011.88400000,1.29406139,45.87037649
87085_3709_00011,allée de Mycènes,11,,LW0454,1567591.41820000,5186989.37010000,1.29440503,45.87017901
87085_3709_00012,allée de Mycènes,12,,LW0444,1567555.79620000,5187021.42510000,1.29393747,45.87046050
87085_3709_00014,allée de Mycènes,14,,LW0445,1567545.92740000,5187024.47380000,1.29380954,45.87048603
87085_3709_00015,allée de Mycènes,15,,LW0490,1567586.94600000,5186979.06150000,1.29435028,45.87008542
87085_3709_00016,allée de Mycènes,16,,LW0446,1567543.11950000,5187018.19060000,1.29377512,45.87042896
87085_3709_00017,allée de Mycènes,17,,LW0452,1567583.53020000,5186976.48210000,1.29430701,45.87006156
87085_3709_00018,allée de Mycènes,18,,LW0447,1567539.88050000,5187010.91830000,1.29373541,45.87036292
87085_3709_00019,allée de Mycènes,19,,LW0451,1567574.10940000,5186980.48250000,1.29418459,45.87009573
87085_3709_00021,allée de Mycènes,21,,LW0450,1567568.99970000,5187000.91340000,1.29411315,45.87027853
87085_3709_00023,allée de Mycènes,23,,LW0449,1567559.37990000,5187004.78680000,1.29398821,45.87031152
87085_3709_00025,allée de Mycènes,25,,LW0448,1567547.70440000,5187004.80140000,1.29383785,45.87030940
87085_3740_00004,allée de Navarre,4,,BV0214,1564712.94090000,5185678.32650000,1.25770756,45.85782485
87085_4620_00004,allée de Roquebrune,4,,EW0222,1565775.51390000,5181400.62790000,1.27258219,45.81955263
87085_4620_00006,allée de Roquebrune,6,,EW0223,1565763.00940000,5181391.30030000,1.27242392,45.81946628
87085_0013_00004,allée des Acacias,4,,LV0022,1567403.36990000,5187461.86170000,1.29185295,45.87439311
87085_0013_00005,allée des Acacias,5,,LV0021,1567376.36600000,5187448.14820000,1.29150898,45.87426454
87085_0013_00006,allée des Acacias,6,,LV0022,1567394.48600000,5187463.10150000,1.29173820,45.87440255
87085_0013_00007,allée des Acacias,7,,LV0021,1567364.34090000,5187442.92110000,1.29135556,45.87421520
87085_0013_00008,allée des Acacias,8,,LV0022,1567384.84750000,5187460.91530000,1.29161468,45.87438103
87085_0013_00009,allée des Acacias,9,,LV0021,1567355.59510000,5187437.68950000,1.29124437,45.87416645
87085_0013_00010,allée des Acacias,10,,LV0022,1567372.23210000,5187455.81510000,1.29145362,45.87433271
87085_0013_00011,allée des Acacias,11,,LV0021,1567347.73630000,5187432.72750000,1.29114454,45.87412030
87085_0013_00012,allée des Acacias,12,,LV0021,1567355.95120000,5187459.41120000,1.29124296,45.87436192
87085_0013_00014,allée des Acacias,14,,LV0021,1567344.85260000,5187454.65350000,1.29110134,45.87431698
87085_0013_00016,allée des Acacias,16,,LV0021,1567343.12970000,5187451.52220000,1.29108002,45.87428848
87085_0013_00018,allée des Acacias,18,,LV0021,1567345.97320000,5187445.00070000,1.29111844,45.87423036
87085_4835_00004,allée de Saintonge,4,,BV0407,1564424.23920000,5185462.33280000,1.25405167,45.85582499
87085_4835_00006,allée de Saintonge,6,,BV0615,1564418.14830000,5185448.62330000,1.25397713,45.85570047
87085_4825_00002,allée de Saint Tropez,2,,EW0220,1565751.49110000,5181411.89300000,1.27226998,45.81964928
87085_4825_00004,allée de Saint Tropez,4,,EW0219,1565746.01820000,5181404.51760000,1.27220163,45.81958187
87085_0071_00003,allée des Albatros,3,,TY0075,1561628.97520000,5182627.82230000,1.21888222,45.82977026
87085_0071_00005,allée des Albatros,5,,TY0076,1561641.66600000,5182635.64150000,1.21904328,45.82984315
87085_0071_00006,allée des Albatros,6,,TY0058,1561649.65050000,5182629.54960000,1.21914777,45.82978995
87085_0071_00007,allée des Albatros,7,,TY0074,1561624.03080000,5182666.38490000,1.21880750,45.83011615
87085_0071_00008,allée des Albatros,8,,TY0057,1561664.31950000,5182638.29520000,1.21933401,45.82987158
87085_0071_00010,allée des Albatros,10,,TY0056,1561675.42370000,5182645.28470000,1.21947489,45.82993668
87085_0071_00012,allée des Albatros,12,,TY0082,1561683.69900000,5182650.78610000,1.21957979,45.82998784
87085_0071_00014,allée des Albatros,14,,TY0081,1561689.14670000,5182663.54020000,1.21964622,45.83010366
87085_0071_00015,allée des Albatros,15,,TY0078,1561635.18060000,5182673.44400000,1.21894894,45.83018189
87085_0071_00017,allée des Albatros,17,,TY0077,1561663.96200000,5182649.94190000,1.21932606,45.82997627
87085_0071_00019,allée des Albatros,19,,TY0079,1561673.78000000,5182667.91400000,1.21944723,45.83013991
87085_0071_00021,allée des Albatros,21,,TY0080,1561684.41190000,5182670.76080000,1.21958322,45.83016766
87085_0141_00010,allée des Alouettes,10,,LN0004,1567910.34950000,5188626.64270000,1.29806143,45.88496869
87085_0141_00019,allée des Alouettes,19,,LM0065,1567875.23000000,5188635.37380000,1.29760666,45.88504048
87085_0141_00021,allée des Alouettes,21,,LM0066,1567886.13490000,5188636.01300000,1.29774695,45.88504832
87085_0141_00023,allée des Alouettes,23,,LM0067,1567896.19150000,5188635.84140000,1.29787654,45.88504871
87085_0141_00025,allée des Alouettes,25,,LM0121,1567907.42420000,5188635.45800000,1.29802133,45.88504742
87085_0141_00033,allée des Alouettes,33,,LM0118,1567988.03910000,5188636.99370000,1.29916374,45.88507938
87085_0145_00003,allée des Alpes,3,,BV0405,1564393.62700000,5185484.14030000,1.25365142,45.85601513
87085_0145_00010,allée des Alpes,10,,BV0416,1564332.37410000,5185483.95690000,1.25286290,45.85600139
87085_0145_00011,allée des Alpes,11,,BV0422,1564328.84200000,5185478.63240000,1.25281894,45.85595280
87085_0145_00012,allée des Alpes,12,,BV0417,1564324.68140000,5185483.71910000,1.25276394,45.85599773
87085_0145_00013,allée des Alpes,13,,BV0421,1564309.08800000,5185477.08530000,1.25256506,45.85593498
87085_0293_00001,allée des Aubépines,1,,LV0110,1567310.49190000,5187814.80690000,1.29055927,45.87755015
87085_0293_00003,allée des Aubépines,3,,LV0111,1567321.26660000,5187821.15510000,1.29069629,45.87760933
87085_0293_00005,allée des Aubépines,5,,LV0113,1567329.05520000,5187825.52150000,1.29079539,45.87765011
87085_0293_00006,allée des Aubépines,6,,LV0133,1567326.93230000,5187809.68130000,1.29077243,45.87750721
87085_0293_00007,allée des Aubépines,7,,LV0114,1567345.48790000,5187822.70010000,1.29100781,45.87762791
87085_0293_00008,allée des Aubépines,8,,LV0129,1567342.41520000,5187806.73550000,1.29097265,45.87748370
87085_0293_00009,allée des Aubépines,9,,LV0115,1567357.31210000,5187824.77590000,1.29115952,45.87764886
87085_0293_00010,allée des Aubépines,10,,LV0127,1567348.70220000,5187807.96650000,1.29105328,45.87749599
87085_0293_00011,allée des Aubépines,11,,LV0116,1567372.04150000,5187822.01100000,1.29134998,45.87762683
87085_0293_00012,allée des Aubépines,12,,LV0126,1567362.70830000,5187812.70830000,1.29123235,45.87754135
87085_0293_00015,allée des Aubépines,15,,LV0118,1567380.41220000,5187819.40080000,1.29145851,45.87760497
87085_0293_00016,allée des Aubépines,16,,LV0124,1567378.13190000,5187775.58130000,1.29144125,45.87721034
87085_0293_00017,allée des Aubépines,17,,LV0119,1567387.99070000,5187806.85650000,1.29155958,45.87749359
87085_0293_00018,allée des Aubépines,18,,LV0123,1567390.70660000,5187783.39480000,1.29160104,45.87728306
87085_0293_00019,allée des Aubépines,19,,LV0120,1567401.74540000,5187804.22590000,1.29173745,45.87747258
87085_0293_00020,allée des Aubépines,20,,LV0121,1567393.77170000,5187788.87270000,1.29163900,45.87733293
87085_0556_00001,allée des Bergeronnettes,1,,LN0208,1567754.24940000,5188656.21150000,1.29604259,45.88520465
87085_0556_00002,allée des Bergeronnettes,2,,LN0219,1567746.68110000,5188655.45160000,1.29594532,45.88519636
87085_0556_00003,allée des Bergeronnettes,3,,LN0209,1567758.80750000,5188648.59010000,1.29610340,45.88513697
87085_0556_00004,allée des Bergeronnettes,4,,LN0218,1567752.43360000,5188645.93540000,1.29602204,45.88511186
87085_0556_00005,allée des Bergeronnettes,5,,LN0210,1567764.33030000,5188639.35280000,1.29617709,45.88505493
87085_0556_00006,allée des Bergeronnettes,6,,LN0217,1567758.51480000,5188635.82290000,1.29610315,45.88502206
87085_0556_00008,allée des Bergeronnettes,8,,LN0216,1567759.28700000,5188620.64010000,1.29611728,45.88488563
87085_0556_00010,allée des Bergeronnettes,10,,LN0215,1567764.38210000,5188610.63230000,1.29618567,45.88479659
87085_0556_00012,allée des Bergeronnettes,12,,LN0213,1567767.63560000,5188604.25020000,1.29622934,45.88473980
87085_0556_00014,allée des Bergeronnettes,14,,LN0212,1567769.22210000,5188597.56980000,1.29625161,45.88468001
87085_0556_00016,allée des Bergeronnettes,16,,LN0211,1567779.37460000,5188603.76650000,1.29638068,45.88473771
87085_0677_00002,allée des Bouleaux,2,,LV0018,1567290.20640000,5187300.49480000,1.29044021,45.87291967
87085_0677_00004,allée des Bouleaux,4,,LV0018,1567299.85890000,5187294.59330000,1.29056615,45.87286845
87085_0677_00005,allée des Bouleaux,5,,LV0018,1567331.74180000,5187296.93360000,1.29097609,45.87289566
87085_0677_00006,allée des Bouleaux,6,,LV0018,1567308.68540000,5187289.31840000,1.29068127,45.87282270
87085_0677_00007,allée des Bouleaux,7,,LV0018,1567336.14210000,5187304.43490000,1.29103068,45.87296399
87085_0677_00008,allée des Bouleaux,8,,LV0018,1567316.66110000,5187284.61050000,1.29078528,45.87278189
87085_0677_00009,allée des Bouleaux,9,,LV0018,1567341.77250000,5187305.78820000,1.29110281,45.87297725
87085_0677_00010,allée des Bouleaux,10,,LV0018,1567323.95730000,5187279.90020000,1.29088055,45.87274093
87085_0677_00011,allée des Bouleaux,11,,LV0018,1567349.86190000,5187299.72510000,1.29120867,45.87292427
87085_0677_00012,allée des Bouleaux,12,,LV0018,1567331.52270000,5187275.19910000,1.29097927,45.87270010
87085_0677_00014,allée des Bouleaux,14,,LV0018,1567335.30390000,5187277.20890000,1.29102741,45.87271891
87085_0677_00016,allée des Bouleaux,16,,LV0018,1567338.76880000,5187283.15140000,1.29107039,45.87277304
87085_0677_00018,allée des Bouleaux,18,,LV0018,1567345.94790000,5187294.41560000,1.29115973,45.87287575
87085_0686_00001,allée des Bouvreuils,1,,LN0178,1567815.10510000,5188541.60930000,1.29685804,45.88418544
87085_0686_00002,allée des Bouvreuils,2,,LN0190,1567817.87640000,5188551.78590000,1.29689093,45.88427752
87085_0686_00003,allée des Bouvreuils,3,,LN0179,1567809.83070000,5188550.28720000,1.29678771,45.88426249
87085_0686_00004,allée des Bouvreuils,4,,LN0189,1567813.21740000,5188559.54400000,1.29682878,45.88434641
87085_0686_00005,allée des Bouvreuils,5,,LN0180,1567792.60180000,5188547.17930000,1.29656664,45.88423122
87085_0686_00006,allée des Bouvreuils,6,,LN0188,1567807.17470000,5188569.58540000,1.29674818,45.88443558
87085_0686_00007,allée des Bouvreuils,7,,LN0182,1567788.58950000,5188550.34110000,1.29651409,45.88425889
87085_0686_00008,allée des Bouvreuils,8,,LN0187,1567800.24720000,5188570.41170000,1.29665872,45.88444168
87085_0686_00009,allée des Bouvreuils,9,,LN0184,1567781.52460000,5188554.59410000,1.29642192,45.88429579
87085_0686_00010,allée des Bouvreuils,10,,LN0186,1567792.17470000,5188565.50830000,1.29655609,45.88439602
87085_0686_00011,allée des Bouvreuils,11,,LN0185,1567784.92360000,5188561.30870000,1.29646385,45.88435684
87085_0784_00004,allée des Bucoliques,4,,LW0271,1567612.37940000,5186800.08920000,1.29472715,45.86848035
87085_0784_00005,allée des Bucoliques,5,,LW0267,1567608.46680000,5186817.94830000,1.29467184,45.86864025
87085_0784_00008,allée des Bucoliques,8,,LW0270,1567623.01250000,5186782.68420000,1.29486887,45.86832583
87085_0784_00009,allée des Bucoliques,9,,LW0268,1567622.48450000,5186805.96970000,1.29485565,45.86853519
87085_0784_00015,allée des Bucoliques,15,,LW0269,1567633.29060000,5186793.19960000,1.29499832,45.86842240
87085_0784_00015_bis,allée des Bucoliques,15,bis,LW0269,1567637.94730000,5186780.28790000,1.29506184,45.86830715
87085_0800_00001,allée des Calanques,1,,EW0201,1565861.61560000,5181437.19130000,1.27367974,45.81989834
87085_0800_00003,allée des Calanques,3,,EW0200,1565869.82540000,5181442.79660000,1.27378381,45.81995036
87085_0800_00005,allée des Calanques,5,,EW0199,1565880.70150000,5181450.28500000,1.27392165,45.82001985
87085_0800_00007,allée des Calanques,7,,EW0198,1565888.33580000,5181455.18400000,1.27401850,45.82006540
87085_0800_00009,allée des Calanques,9,,EW0197,1565894.57780000,5181464.64250000,1.27409617,45.82015171
87085_0860_00001,allée des Capucines,1,,BT0008,1564113.38360000,5185140.82060000,1.25014070,45.85287144
87085_0860_00003,allée des Capucines,3,,BT0009,1564117.84820000,5185151.73790000,1.25019509,45.85297053
87085_0860_00004,allée des Capucines,4,,BT0014,1564127.15830000,5185162.26770000,1.25031196,45.85306709
87085_0860_00005,allée des Capucines,5,,BT0010,1564121.92440000,5185161.99930000,1.25024466,45.85306364
87085_0860_00006,allée des Capucines,6,,BT0013,1564131.96550000,5185174.08990000,1.25037050,45.85317439
87085_0860_00007,allée des Capucines,7,,BT0011,1564127.33930000,5185174.86560000,1.25031073,45.85318045
87085_0860_00008,allée des Capucines,8,,BT0012,1564134.86300000,5185181.04590000,1.25040583,45.85323753
87085_0959_00004,allée des Champs de Beauvais,4,,RV0049,1560609.50640000,5186179.50670000,1.20473371,45.86151335
87085_0959_00004_b,allée des Champs de Beauvais,4,b,RV0048,1560569.50130000,5186192.68290000,1.20421482,45.86162376
87085_0959_00005,allée des Champs de Beauvais,5,,RV0039,1560610.71610000,5186100.56960000,1.20477220,45.86080353
87085_0959_00006,allée des Champs de Beauvais,6,,RV0044,1560614.92390000,5186110.85020000,1.20482339,45.86089686
87085_0959_00008,allée des Champs de Beauvais,8,,RV0043,1560554.06330000,5186099.69850000,1.20404305,45.86078420
87085_0959_00009,allée des Champs de Beauvais,9,,RV0040,1560556.60230000,5186093.21500000,1.20407762,45.86072639
87085_0959_00010,allée des Champs de Beauvais,10,,RV0009,1560500.83600000,5186119.67940000,1.20335195,45.86095314
87085_0959_00011,allée des Champs de Beauvais,11,,RV0011,1560523.79050000,5186101.31650000,1.20365282,45.86079261
87085_0959_00012,allée des Champs de Beauvais,12,,RV0008,1560467.02420000,5186132.62230000,1.20291287,45.86106270
87085_0959_00013,allée des Champs de Beauvais,13,,RV0034,1560476.07300000,5186118.91640000,1.20303335,45.86094125
87085_0959_00014,allée des Champs de Beauvais,14,,RV0007,1560439.43310000,5186142.95880000,1.20255463,45.86115008
87085_0959_00015,allée des Champs de Beauvais,15,,RV0002,1560434.64820000,5186134.15400000,1.20249558,45.86106990
87085_0959_00016,allée des Champs de Beauvais,16,,RV0035,1560420.86180000,5186149.48050000,1.20231363,45.86120497
87085_0959_00017,allée des Champs de Beauvais,17,,RV0001,1560394.60390000,5186145.30470000,1.20197678,45.86116208
87085_0959_00020,allée des Champs de Beauvais,20,,RV0045,1560346.49160000,5186148.82460000,1.20135631,45.86118397
87085_1047_00001,allée des Châtaigniers,1,,LV0204,1567402.94150000,5187235.43980000,1.29190998,45.87235623
87085_1047_00002,allée des Châtaigniers,2,,LV0203,1567417.18820000,5187220.34440000,1.29209762,45.87222318
87085_1047_00003,allée des Châtaigniers,3,,LV0204,1567398.15130000,5187246.62870000,1.29184520,45.87245595
87085_1047_00004,allée des Châtaigniers,4,,LV0203,1567413.52070000,5187234.06270000,1.29204660,45.87234588
87085_1047_00005,allée des Châtaigniers,5,,LV0204,1567384.90940000,5187258.05050000,1.29167152,45.87255614
87085_1047_00006,allée des Châtaigniers,6,,LV0203,1567409.60480000,5187243.53950000,1.29199355,45.87243037
87085_1047_00007,allée des Châtaigniers,7,,LV0204,1567380.50100000,5187267.77480000,1.29161206,45.87264277
87085_1047_00008,allée des Châtaigniers,8,,LV0203,1567406.10050000,5187251.17530000,1.29194632,45.87249839
87085_1047_00009,allée des Châtaigniers,9,,LV0204,1567388.37290000,5187272.27090000,1.29171219,45.87268473
87085_1047_00010,allée des Châtaigniers,10,,LV0203,1567426.93520000,5187275.61230000,1.29220787,45.87272223
87085_1047_00011,allée des Châtaigniers,11,,LV0204,1567397.60080000,5187273.63260000,1.29183065,45.87269876
87085_1047_00012,allée des Châtaigniers,12,,LV0203,1567423.31450000,5187283.92570000,1.29215895,45.87279632
87085_1047_00014,allée des Châtaigniers,14,,LV0203,1567417.35610000,5187298.00210000,1.29207833,45.87292179
87085_1047_00015,allée des Châtaigniers,15,,LV0204,1567409.02360000,5187278.37880000,1.29197645,45.87274366
87085_1047_00016,allée des Châtaigniers,16,,LV0203,1567413.11970000,5187307.69610000,1.29202110,45.87300818
87085_1047_00017,allée des Châtaigniers,17,,LV0204,1567402.39460000,5187309.72659999,1.29188242,45.87302438
87085_1047_00018,allée des Châtaigniers,18,,LV0203,1567427.90280000,5187326.52410000,1.29220627,45.87318040
87085_1047_00019,allée des Châtaigniers,19,,LV0204,1567398.68120000,5187318.70210001,1.29183212,45.87310440
87085_1047_00020,allée des Châtaigniers,20,,LV0203,1567421.92540000,5187333.84740000,1.29212727,45.87324513
87085_1047_00021,allée des Châtaigniers,21,,LV0204,1567395.29740000,5187326.51070000,1.29178638,45.87317399
87085_1047_00022,allée des Châtaigniers,22,,LV0203,1567415.94020000,5187340.80960000,1.29204827,45.87330660
87085_1047_00023,allée des Châtaigniers,23,,LV0204,1567394.72840000,5187331.64430000,1.29177764,45.87322006
87085_1047_00025,allée des Châtaigniers,25,,LV0204,1567403.02140000,5187338.61520000,1.29188251,45.87328437
87085_1047_00027,allée des Châtaigniers,27,,LV0204,1567409.69220000,5187344.41230000,1.29196682,45.87333780
87085_1081_00003,allée des Chênes,3,,LV0201,1567506.93650000,5187258.20130000,1.29324293,45.87258104
87085_1081_00005,allée des Chênes,5,,LV0201,1567495.29410000,5187257.82670000,1.29309311,45.87257542
87085_1081_00006,allée des Chênes,6,,LV0203,1567467.65590000,5187260.70810000,1.29273639,45.87259601
87085_1081_00007,allée des Chênes,7,,LV0201,1567481.40520000,5187257.41960000,1.29291436,45.87256908
87085_1081_00008,allée des Chênes,8,,LV0203,1567460.42340000,5187244.12290000,1.29264783,45.87244542
87085_1081_00009,allée des Chênes,9,,LV0201,1567499.23580000,5187219.84340000,1.29315435,45.87223450
87085_1081_00010,allée des Chênes,10,,LV0203,1567455.64070000,5187235.70910000,1.29258856,45.87236881
87085_1081_00011,allée des Chênes,11,,LV0201,1567511.86030000,5187218.60310000,1.29331727,45.87222578
87085_1081_00012,allée des Chênes,12,,LV0202,1567464.96630000,5187228.95630000,1.29271052,45.87230987
87085_1081_00014,allée des Chênes,14,,LV0202,1567475.54970000,5187222.92650000,1.29284847,45.87225767
87085_1081_00015,allée des Chênes,15,,LV0201,1567512.20190000,5187208.96740000,1.29332433,45.87213916
87085_1081_00016,allée des Chênes,16,,LV0202,1567491.04410000,5187214.10230000,1.29305044,45.87218127
87085_1081_00017,allée des Chênes,17,,LV0201,1567511.68440000,5187200.46420000,1.29332001,45.87206257
87085_1318_00003,allée des Cormorans,3,,TY0046,1561578.01080000,5182555.41340000,1.21824727,45.82910865
87085_1318_00004,allée des Cormorans,4,,TY0039,1561575.65540000,5182543.53090000,1.21822039,45.82900128
87085_1466_00001,allée des Cyprès,1,,LO0224,1568207.83070000,5187813.73140000,1.30211648,45.87771316
87085_1466_00002,allée des Cyprès,2,,LO0226,1568208.61200000,5187826.50780000,1.30212304,45.87782824
87085_1466_00003,allée des Cyprès,3,,LO0223,1568201.50760000,5187821.21460000,1.30203299,45.87777926
87085_1466_00005,allée des Cyprès,5,,LO0222,1568194.94680000,5187828.83200000,1.30194640,45.87784653
87085_1466_00007,allée des Cyprès,7,,LO0221,1568185.83020000,5187839.62820000,1.30182602,45.87794190
87085_1466_00009,allée des Cyprès,9,,LO0220,1568171.01890000,5187857.28330000,1.30163042,45.87809787
87085_1466_00010,allée des Cyprès,10,,LO0197,1568169.61490000,5187901.88020000,1.30160008,45.87849878
87085_1466_00011,allée des Cyprès,11,,LO0219,1568164.42270000,5187870.32470000,1.30154188,45.87821392
87085_1466_00012,allée des Cyprès,12,,LO0196,1568167.06070000,5187908.01230000,1.30156550,45.87855345
87085_1466_00014,allée des Cyprès,14,,LO0199,1568163.68520000,5187912.61620000,1.30152076,45.87859422
87085_1466_00015,allée des Cyprès,15,,LO0218,1568162.75020000,5187879.15320000,1.30151791,45.87829302
87085_1466_00016,allée des Cyprès,16,,LO0200,1568158.48560000,5187916.29650000,1.30145279,45.87862633
87085_1466_00017,allée des Cyprès,17,,LO0217,1568162.31410000,5187886.22570000,1.30151035,45.87835656
87085_1466_00018,allée des Cyprès,18,,LO0202,1568141.20170000,5187919.63010000,1.30122926,45.87865300
87085_1466_00019,allée des Cyprès,19,,LO0216,1568161.80490000,5187894.76750000,1.30150145,45.87843330
87085_1466_00020,allée des Cyprès,20,,LO0201,1568130.59060000,5187926.78400000,1.30109063,45.87871532
87085_1466_00021,allée des Cyprès,21,,LO0215,1568155.53710000,5187907.87680000,1.30141712,45.87855002
87085_1466_00022,allée des Cyprès,22,,LO0203,1568128.68330000,5187933.66490000,1.30106418,45.87877685
87085_1466_00024,allée des Cyprès,24,,LO0204,1568123.84170000,5187933.59030000,1.30100184,45.87877525
87085_1466_00025,allée des Cyprès,25,,LO0214,1568133.77740000,5187911.12150000,1.30113598,45.87857504
87085_1466_00026,allée des Cyprès,26,,LO0205,1568116.24100000,5187933.76620000,1.30090390,45.87877538
87085_1466_00027,allée des Cyprès,27,,LO0213,1568126.81710000,5187911.33130000,1.30104628,45.87857559
87085_1466_00028,allée des Cyprès,28,,LO0206,1568109.93550000,5187933.87310000,1.30082266,45.87877513
87085_1466_00029,allée des Cyprès,29,,LO0212,1568121.14300000,5187911.32870000,1.30097320,45.87857448
87085_1466_00030,allée des Cyprès,30,,LO0207,1568108.12150000,5187932.03590000,1.30079980,45.87875825
87085_1466_00031,allée des Cyprès,31,,LO0211,1568113.46010000,5187911.41010000,1.30087423,45.87857373
87085_1466_00032,allée des Cyprès,32,,LO0208,1568108.07750000,5187926.63080000,1.30080072,45.87870962
87085_1466_00033,allée des Cyprès,33,,LO0210,1568108.07960000,5187912.89190000,1.30080452,45.87858603
87085_1466_00034,allée des Cyprès,34,,LO0209,1568108.01960000,5187919.87450000,1.30080183,45.87864883
87085_1467_00002,allée des Cytises,2,,NI0287,1561782.53290000,5181107.91160000,1.22129501,45.81612877
87085_1467_00004,allée des Cytises,4,,NI0287,1561787.19970000,5181123.55250000,1.22135055,45.81627041
87085_1467_00005,allée des Cytises,5,,NI0287,1561793.81570000,5181143.33220000,1.22142998,45.81644966
87085_1467_00006,allée des Cytises,6,,NI0287,1561803.66030000,5181123.21580000,1.22156241,45.81627068
87085_1467_00007,allée des Cytises,7,,NI0287,1561804.39470000,5181151.90550000,1.22156361,45.81652891
87085_1467_00008,allée des Cytises,8,,NI0287,1561810.99880000,5181132.94540000,1.22165402,45.81635968
87085_1467_00009,allée des Cytises,9,,NI0287,1561816.85890000,5181157.60590000,1.22172232,45.81658269
87085_1467_00010,allée des Cytises,10,,NI0287,1561820.99650000,5181143.44320000,1.22177962,45.81645612
87085_1467_00011,allée des Cytises,11,,NI0287,1561824.41600000,5181166.91360000,1.22181687,45.81666794
87085_1467_00012,allée des Cytises,12,,NI0287,1561830.89260000,5181147.84230000,1.22190567,45.81649768
87085_1467_00014,allée des Cytises,14,,NI0287,1561844.16220000,5181156.52380000,1.22207388,45.81657844
87085_1467_00015,allée des Cytises,15,,NI0287,1561834.35030000,5181174.65220000,1.22194245,45.81673955
87085_1467_00016,allée des Cytises,16,,NI0287,1561847.50730000,5181163.57430000,1.22211489,45.81664254
87085_1467_00017,allée des Cytises,17,,NI0287,1561839.36090000,5181175.01960000,1.22200680,45.81674386
87085_1692_00001,allée des Eglantiers,1,,LV0070,1567386.38220000,5187606.01460000,1.29159436,45.87568658
87085_1692_00003,allée des Eglantiers,3,,LV0069,1567402.83320000,5187629.32490000,1.29179978,45.87589945
87085_1692_00005,allée des Eglantiers,5,,LV0075,1567392.84500000,5187642.69970000,1.29166745,45.87601783
87085_1692_00006,allée des Eglantiers,6,,LV0068,1567410.00310000,5187623.20240000,1.29189381,45.87584575
87085_1692_00007,allée des Eglantiers,7,,LV0077,1567396.01300000,5187650.26130000,1.29170616,45.87608646
87085_1692_00008,allée des Eglantiers,8,,LV0067,1567424.39170000,5187632.27910000,1.29207661,45.87593018
87085_1692_00009,allée des Eglantiers,9,,LV0078,1567410.86380000,5187652.97450000,1.29189667,45.87611374
87085_1692_00010,allée des Eglantiers,10,,LV0065,1567427.99060000,5187637.42800000,1.29212154,45.87597719
87085_1692_00012,allée des Eglantiers,12,,LV0064,1567431.29770000,5187653.40070000,1.29215972,45.87612151
87085_1736_00001,allée des Erables,1,,LV0209,1567455.65070000,5187507.14560000,1.29251374,45.87481056
87085_1736_00002,allée des Erables,2,,LV0022,1567446.45940000,5187502.73100000,1.29239659,45.87476907
87085_1736_00003,allée des Erables,3,,LV0209,1567459.09820000,5187491.40710000,1.29256248,45.87466964
87085_1736_00004,allée des Erables,4,,LV0022,1567443.12950000,5187488.26380000,1.29235770,45.87463829
87085_1736_00005,allée des Erables,5,,LV0209,1567458.32650000,5187482.65390000,1.29255496,45.87459075
87085_1736_00006,allée des Erables,6,,LV0022,1567439.17930000,5187482.66330000,1.29230838,45.87458715
87085_1736_00007,allée des Erables,7,,LV0209,1567457.23800000,5187470.54350000,1.29254429,45.87448160
87085_1736_00008,allée des Erables,8,,LV0022,1567434.44690000,5187474.16290000,1.29224978,45.87450977
87085_1736_00009,allée des Erables,9,,LV0209,1567439.52500000,5187464.09750000,1.29231795,45.87442020
87085_1736_00010,allée des Erables,10,,LV0022,1567428.28010000,5187459.31380000,1.29217446,45.87437500
87085_1736_00011,allée des Erables,11,,LV0209,1567435.47480000,5187453.69960000,1.29226867,45.87432588
87085_1736_00012,allée des Erables,12,,LV0021,1567420.40610000,5187440.82300000,1.29207816,45.87420714
87085_1736_00014,allée des Erables,14,,LV0021,1567416.28610000,5187431.34120000,1.29202772,45.87412105
87085_1736_00015,allée des Erables,15,,LV0209,1567431.25870000,5187444.11360000,1.29221702,45.87423884
87085_1736_00016,allée des Erables,16,,LV0021,1567411.88700000,5187421.72600000,1.29197373,45.87403371
87085_1736_00017,allée des Erables,17,,LV0209,1567427.13670000,5187434.80120000,1.29216650,45.87415427
87085_1736_00018,allée des Erables,18,,LV0021,1567406.19790000,5187409.25000000,1.29190391,45.87392038
87085_1736_00019,allée des Erables,19,,LV0209,1567428.26850000,5187418.85080000,1.29218549,45.87401101
87085_1736_00020,allée des Erables,20,,LV0021,1567406.55050000,5187402.29630000,1.29191037,45.87385790
87085_1736_00021,allée des Erables,21,,LV0209,1567424.94990000,5187408.44870000,1.29214562,45.87391679
87085_1736_00023,allée des Erables,23,,LV0209,1567425.94440000,5187394.99690000,1.29216214,45.87379598
87085_1736_00025,allée des Erables,25,,LV0021,1567416.59970000,5187399.37980000,1.29204059,45.87383360
87085_4876_00022,allée de Séto,22,,EM0416,1565454.04540000,5183077.01450000,1.26797724,45.83456996
87085_4876_00024,allée de Séto,24,,EK0063,1565472.62860000,5183115.34520000,1.26820566,45.83491841
87085_4876_00026,allée de Séto,26,,EK0069,1565486.91610000,5183149.31780000,1.26838000,45.83522700
87085_4876_00034,allée de Séto,34,,EK0069,1565566.15770000,5183251.25800000,1.26937128,45.83615931
87085_1857_00001,allée des Fauvettes,1,,LM0041,1567800.49860000,5188693.22870000,1.29662812,45.88554654
87085_1857_00002,allée des Fauvettes,2,,LM0047,1567820.74630000,5188685.31860000,1.29689111,45.88547928
87085_1857_00003,allée des Fauvettes,3,,LM0042,1567797.69290000,5188698.02230000,1.29659066,45.88558912
87085_1857_00004,allée des Fauvettes,4,,LM0046,1567816.50350000,5188704.28640000,1.29683123,45.88564909
87085_1857_00005,allée des Fauvettes,5,,LM0043,1567797.80750000,5188705.63550000,1.29659004,45.88565763
87085_1857_00006,allée des Fauvettes,6,,LM0045,1567813.84480000,5188708.84640000,1.29679573,45.88568960
87085_1857_00007,allée des Fauvettes,7,,LM0044,1567803.22920000,5188708.77540000,1.29665901,45.88568692
87085_1944_00001,allée des Fleurs,1,,NK0010,1561970.93960000,5181793.24770000,1.22352211,45.82233155
87085_1944_00002,allée des Fleurs,2,,NK0006,1561974.61460000,5181783.48730000,1.22357219,45.82224449
87085_1944_00003,allée des Fleurs,3,,NK0008,1561988.30340000,5181799.00780000,1.22374386,45.82238685
87085_1944_00004,allée des Fleurs,4,,NK0007,1561992.05180000,5181789.45790000,1.22379483,45.82230170
87085_1946_00002,allée des Floraisons,2,,NK0299,1561987.23100000,5181751.77020000,1.22374362,45.82196171
87085_1946_00004,allée des Floraisons,4,,NK0299,1562008.08020000,5181759.07270000,1.22400977,45.82203158
87085_2092_00006,allée des Frênes,6,,LV0018,1567324.34870000,5187332.68620000,1.29087100,45.87321585
87085_2092_00008,allée des Frênes,8,,LV0018,1567329.03170000,5187344.27730000,1.29092810,45.87332102
87085_2092_00009,allée des Frênes,9,,LV0021,1567351.28840000,5187385.45470000,1.29120335,45.87369573
87085_2092_00010,allée des Frênes,10,,LV0018,1567336.03460000,5187354.78660000,1.29101538,45.87341691
87085_2092_00011,allée des Frênes,11,,LV0021,1567356.92040000,5187395.07300000,1.29127322,45.87378334
87085_2092_00012,allée des Frênes,12,,LV0018,1567345.85100000,5187362.59030000,1.29113964,45.87348900
87085_2092_00014,allée des Frênes,14,,LV0018,1567352.91330000,5187371.29810000,1.29122818,45.87356870
87085_2092_00016,allée des Frênes,16,,LV0018,1567367.51750000,5187372.72920000,1.29141586,45.87358439
87085_2092_00018,allée des Frênes,18,,LV0018,1567375.27430000,5187384.26540000,1.29151257,45.87368966
87085_2092_00020,allée des Frênes,20,,LV0021,1567381.08810000,5187388.75120000,1.29158620,45.87373114
87085_2092_00022,allée des Frênes,22,,LV0021,1567369.96560000,5187393.38000000,1.29144168,45.87377063
87085_2092_00024,allée des Frênes,24,,LV0021,1567361.77300000,5187398.35040000,1.29133481,45.87381376
87085_2740_00004,allée des Frères Tharaud,4,,BT0422,1564525.84250000,5185358.34740000,1.25538903,45.85490962
87085_2740_00010,allée des Frères Tharaud,10,,BT0422,1564508.06850000,5185356.83510000,1.25516064,45.85489251
87085_2740_00028,allée des Frères Tharaud,28,,BT0422,1564454.57910000,5185353.12910000,1.25447308,45.85484863
87085_2740_00034,allée des Frères Tharaud,34,,BT0422,1564437.18640000,5185351.43070000,1.25424965,45.85482992
87085_2206_00003,allée des Genêts,3,,LV0036,1567379.20800000,5187549.56730000,1.29151756,45.87517742
87085_2206_00004,allée des Genêts,4,,LV0049,1567374.70240000,5187558.50869999,1.29145706,45.87525698
87085_2206_00005,allée des Genêts,5,,LV0037,1567375.36280000,5187532.40200000,1.29147278,45.87502226
87085_2206_00006,allée des Genêts,6,,LV0044,1567350.91360000,5187558.58870000,1.29115067,45.87525311
87085_2206_00007,allée des Genêts,7,,LV0039,1567368.88650000,5187525.87060000,1.29139118,45.87496226
87085_2206_00008,allée des Genêts,8,,LV0042,1567347.48580000,5187551.18350000,1.29110858,45.87518583
87085_2206_00009,allée des Genêts,9,,LV0040,1567359.01320000,5187532.79890000,1.29126211,45.87502268
87085_2206_00010,allée des Genêts,10,,LV0041,1567348.11080000,5187539.29500000,1.29111991,45.87507901
87085_2207_00002,allée des Genévriers,2,,LO0233,1568189.24250000,5187860.48400000,1.30186424,45.87813016
87085_2207_00004,allée des Genévriers,4,,LO0234,1568192.31180000,5187868.11420000,1.30190168,45.87819939
87085_2207_00005,allée des Genévriers,5,,LO0197,1568196.47770000,5187901.54280000,1.30194615,45.87850090
87085_2207_00006,allée des Genévriers,6,,LO0235,1568197.32550000,5187880.25900000,1.30196291,45.87830960
87085_2207_00008,allée des Genévriers,8,,LO0239,1568212.49330000,5187913.56200000,1.30214912,45.87861209
87085_2207_00009,allée des Genévriers,9,,LO0195,1568203.85990000,5187920.19810000,1.30203611,45.87867013
87085_2207_00010,allée des Genévriers,10,,LO0238,1568221.06540000,5187914.85410000,1.30225917,45.87862536
87085_2207_00011,allée des Genévriers,11,,LO0194,1568204.02000000,5187925.38990000,1.30203674,45.87871687
87085_2207_00012,allée des Genévriers,12,,LO0240,1568226.82990000,5187914.74250000,1.30233344,45.87862546
87085_2207_00014,allée des Genévriers,14,,LO0243,1568228.59910000,5187918.84910000,1.30235510,45.87866274
87085_2207_00015,allée des Genévriers,15,,LO0193,1568202.81920000,5187932.07430000,1.30201944,45.87877677
87085_2207_00016,allée des Genévriers,16,,LO0244,1568228.64770000,5187926.18860000,1.30235371,45.87872878
87085_2207_00017,allée des Genévriers,17,,LO0192,1568200.59420000,5187937.66390000,1.30198925,45.87882662
87085_2207_00018,allée des Genévriers,18,,LO0245,1568228.83370000,5187932.64800000,1.30235433,45.87878692
87085_2207_00019,allée des Genévriers,19,,LO0191,1568193.86770000,5187945.87790000,1.30190036,45.87889922
87085_2207_00020,allée des Genévriers,20,,LO0246,1568229.10450000,5187939.99620000,1.30235580,45.87885307
87085_2207_00022,allée des Genévriers,22,,LO0247,1568225.19900000,5187943.83150000,1.30230445,45.87888682
87085_2207_00023,allée des Genévriers,23,,LO0190,1568174.64460000,5187963.44090000,1.30164795,45.87905353
87085_2207_00024,allée des Genévriers,24,,LO0248,1568219.99420000,5187946.48710000,1.30223669,45.87890971
87085_2207_00025,allée des Genévriers,25,,LO0189,1568167.40220000,5187969.84630000,1.30155292,45.87910976
87085_2207_00026,allée des Genévriers,26,,LO0249,1568212.59450000,5187950.00560000,1.30214042,45.87893995
87085_2207_00027,allée des Genévriers,27,,LO0188,1568161.75060000,5187974.98760000,1.30147871,45.87915492
87085_2207_00028,allée des Genévriers,28,,LO0250,1568205.38410000,5187953.54510000,1.30204658,45.87897040
87085_2207_00029,allée des Genévriers,29,,LO0187,1568155.23430000,5187980.91540000,1.30139316,45.87920700
87085_2207_00030,allée des Genévriers,30,,LO0251,1568198.16110000,5187956.93990000,1.30195262,45.87899956
87085_2207_00031,allée des Genévriers,31,,LO0186,1568149.03340000,5187986.65710000,1.30131172,45.87925746
87085_2207_00032,allée des Genévriers,32,,LO0252,1568189.56990000,5187961.59130000,1.30184069,45.87903975
87085_2207_00033,allée des Genévriers,33,,LO0185,1568143.59100000,5187991.55070000,1.30124028,45.87930043
87085_2207_00034,allée des Genévriers,34,,LO0253,1568184.60230000,5187966.06890000,1.30177548,45.87907908
87085_2207_00035,allée des Genévriers,35,,LO0184,1568139.18690000,5187995.48010000,1.30118248,45.87933494
87085_2207_00036,allée des Genévriers,36,,LO0255,1568161.58560000,5187990.81440000,1.30147224,45.87929726
87085_2207_00037,allée des Genévriers,37,,LO0183,1568137.62300000,5187999.41180000,1.30116125,45.87937000
87085_2207_00038,allée des Genévriers,38,,LO0254,1568163.69780000,5187994.92480000,1.30149832,45.87933464
87085_2207_00039,allée des Genévriers,39,,LO0182,1568141.19200000,5188003.40840000,1.30120612,45.87940664
87085_2207_00040,allée des Genévriers,40,,LO0256,1568167.71540000,5187999.44460000,1.30154882,45.87937607
87085_2207_00041,allée des Genévriers,41,,LO0181,1568146.70080000,5188009.40190000,1.30127543,45.87946161
87085_2207_00042,allée des Genévriers,42,,LO0257,1568167.63300000,5188001.62490000,1.30154716,45.87939567
87085_2207_00043,allée des Genévriers,43,,LO0180,1568151.20070000,5188014.40280000,1.30133201,45.87950746
87085_2207_00044,allée des Genévriers,44,,LO0258,1568163.09600000,5188005.73200000,1.30148760,45.87943175
87085_2207_00046,allée des Genévriers,46,,LO0259,1568158.37240000,5188009.92180000,1.30142561,45.87946853
87085_2207_00048,allée des Genévriers,48,,LO0260,1568158.03690000,5188023.57670000,1.30141754,45.87959130
87085_2241_00001,allée des Georgiques,1,,LW0512,1567532.35610000,5186746.89310000,1.29371137,45.86798640
87085_2241_00002,allée des Georgiques,2,,LW0113,1567527.78030000,5186739.47480000,1.29365449,45.86791878
87085_2241_00003,allée des Georgiques,3,,LW0097,1567540.24590000,5186743.33140000,1.29381394,45.86795588
87085_2241_00004,allée des Georgiques,4,,LW0112,1567539.36180000,5186733.48660000,1.29380528,45.86786715
87085_2241_00005,allée des Georgiques,5,,LW0098,1567553.51170000,5186739.89500000,1.29398571,45.86792752
87085_2241_00006,allée des Georgiques,6,,LW0111,1567548.29450000,5186730.96160000,1.29392100,45.86784616
87085_2241_00007,allée des Georgiques,7,,LW0099,1567573.11540000,5186752.57580000,1.29423465,45.86804537
87085_2241_00008,allée des Georgiques,8,,LW0110,1567556.82690000,5186731.26930000,1.29403078,45.86785057
87085_2241_00009,allée des Georgiques,9,,LW0100,1567578.28720000,5186755.82270000,1.29430035,45.86807558
87085_2241_00010,allée des Georgiques,10,,LW0109,1567564.36050000,5186731.98130000,1.29412759,45.86785842
87085_2241_00011,allée des Georgiques,11,,LW0101,1567581.24360000,5186755.34850000,1.29433855,45.86807188
87085_2241_00012,allée des Georgiques,12,,LW0108,1567570.97770000,5186732.62870000,1.29421262,45.86786552
87085_2241_00014,allée des Georgiques,14,,LW0107,1567579.84030000,5186733.58840000,1.29432648,45.86787586
87085_2241_00015,allée des Georgiques,15,,LW0102,1567584.70810000,5186749.85290000,1.29438468,45.86802311
87085_2241_00016,allée des Georgiques,16,,LW0104,1567587.70040000,5186736.02220000,1.29442702,45.86789927
87085_2241_00018,allée des Georgiques,18,,LW0103,1567587.17210000,5186741.35590000,1.29441875,45.86794715
87085_2245_00001,allée des Géraniums,1,,BT0343,1564187.45450000,5185139.44120000,1.25109462,45.85287367
87085_2245_00002,allée des Géraniums,2,,BT0322,1564179.97620000,5185132.96300000,1.25100018,45.85281392
87085_2245_00003,allée des Géraniums,3,,BT0319,1564184.09230000,5185131.31250000,1.25105364,45.85279988
87085_2245_00004,allée des Géraniums,4,,BT0321,1564175.34440000,5185121.22050000,1.25094388,45.85270737
87085_2245_00005,allée des Géraniums,5,,BT0320,1564179.16770000,5185118.69340000,1.25099381,45.85268539
87085_2334_00001,allée des Gravelles,1,,ML0036,1565993.40620000,5188643.03050000,1.27336526,45.88474490
87085_2334_00005,allée des Gravelles,5,,ML0013,1566014.09750000,5188675.15720000,1.27362280,45.88503793
87085_2334_00006,allée des Gravelles,6,,ML0018,1566042.86290000,5188694.27260000,1.27398799,45.88521550
87085_2334_00007,allée des Gravelles,7,,ML0012,1566032.38820000,5188702.73160000,1.27385070,45.88528955
87085_2334_00008,allée des Gravelles,8,,ML0019,1566051.31310000,5188707.24070000,1.27409321,45.88533380
87085_2334_00009,allée des Gravelles,9,,ML0127,1566045.31080000,5188722.47550000,1.27401164,45.88546967
87085_2334_00010,allée des Gravelles,10,,ML0020,1566059.34440000,5188719.55890000,1.27419322,45.88544617
87085_2334_00011,allée des Gravelles,11,,ML0227,1566070.75250000,5188762.03710000,1.27432831,45.88583051
87085_2334_00012,allée des Gravelles,12,,ML0040,1566078.80260000,5188749.20600000,1.27443559,45.88571666
87085_2334_00015,allée des Gravelles,15,,ML0105,1566090.70080000,5188801.28720000,1.27457431,45.88618748
87085_2334_00016,allée des Gravelles,16,,ML0066,1566098.97040000,5188787.45210000,1.27468469,45.88606463
87085_2334_00018,allée des Gravelles,18,,ML0120,1566114.86510000,5188827.08620000,1.27487837,45.88642426
87085_2334_00019,allée des Gravelles,19,,ML0104,1566109.52140000,5188848.38370000,1.27480360,45.88661480
87085_2334_00023,allée des Gravelles,23,,ML0088,1566124.34360000,5188878.11150000,1.27498623,45.88688511
87085_2334_00024,allée des Gravelles,24,,ML0073,1566133.82260000,5188868.44510000,1.27511103,45.88680000
87085_2334_00027,allée des Gravelles,27,,ML0067,1566161.24940000,5188941.09260000,1.27544405,45.88745885
87085_2334_00030,allée des Gravelles,30,,ML0083,1566163.25750000,5188918.23590000,1.27547629,45.88725363
87085_2337_00009,allée des Grinjolles,9,,ML0081,1566312.62920000,5188845.66630000,1.27742061,45.88662991
87085_2337_00012,allée des Grinjolles,12,,MN0115,1566275.44050000,5188902.10790000,1.27692584,45.88713040
87085_2337_00024,allée des Grinjolles,24,,MN0118,1566122.72420000,5189025.30520000,1.27492430,45.88820889
87085_2337_00027,allée des Grinjolles,27,,ML0147,1566066.65500000,5189026.01150000,1.27420185,45.88820431
87085_2337_00033,allée des Grinjolles,33,,MM0027,1566010.00370000,5189059.80750000,1.27346266,45.88849728
87085_2337_00034,allée des Grinjolles,34,,MM0144,1565998.89900000,5189078.48660000,1.27331439,45.88866314
87085_2337_00039,allée des Grinjolles,39,,MM0113,1565958.90440000,5189089.62820000,1.27279609,45.88875557
87085_2338_00001,allée des Grives,1,,LN0297,1568253.22030000,5188584.79050000,1.30234426,45.88440823
87085_2338_00015,allée des Grives,15,,LN0329,1568197.07560000,5188559.33760000,1.30177320,45.88441830
87085_2338_00018,allée des Grives,18,,LN0323,1568161.35670000,5188606.48640000,1.30130015,45.88483558
87085_2338_00021,allée des Grives,21,,LN0327,1568110.71850000,5188530.42280000,1.30066880,45.88414160
87085_2338_00023,allée des Grives,23,,LN0327,1568103.74350000,5188514.76440000,1.30058300,45.88399900
87085_2423_00004,allée des Hautes Pilateries,4,,KY0086,1568124.11010000,5192326.05460000,1.29979750,45.91828820
87085_2423_00005,allée des Hautes Pilateries,5,,KY0140,1568080.48090000,5192313.23800000,1.29923872,45.91816453
87085_2423_00006,allée des Hautes Pilateries,6,,KY0088,1568089.00200000,5192350.88980000,1.29933818,45.91850486
87085_2423_00009,allée des Hautes Pilateries,9,,KY0074,1568029.25310000,5192306.79250000,1.29858024,45.91809670
87085_2423_00010,allée des Hautes Pilateries,10,,KY0083,1568066.36250000,5192320.25400000,1.29905482,45.91822493
87085_1846_00001,allée des Hauts de Faugeras,1,,LW0507,1567704.80650000,5186852.98350000,1.29590275,45.86897396
87085_1846_00001_b,allée des Hauts de Faugeras,1,b,LW0508,1567692.58010000,5186839.35790000,1.29574907,45.86884904
87085_1846_00002,allée des Hauts de Faugeras,2,,LW0281,1567704.48870000,5186868.42440000,1.29589441,45.86911280
87085_1846_00003,allée des Hauts de Faugeras,3,,LW0284,1567682.92790000,5186828.63270000,1.29562773,45.86875070
87085_1846_00004,allée des Hauts de Faugeras,4,,LW0282,1567692.42120000,5186855.05980000,1.29574269,45.86899026
87085_1846_00005,allée des Hauts de Faugeras,5,,LW0289,1567670.41720000,5186817.08310000,1.29546981,45.86864440
87085_1846_00006,allée des Hauts de Faugeras,6,,LW0283,1567679.10800000,5186840.10000000,1.29557538,45.86885312
87085_1846_00008,allée des Hauts de Faugeras,8,,LW0288,1567665.26070000,5186824.72700000,1.29540131,45.86871217
87085_2501_00001,allée des Hêtres,1,,LV0203,1567469.46750000,5187273.50580000,1.29275618,45.87271149
87085_2501_00002,allée des Hêtres,2,,LV0200,1567478.19750000,5187274.93580000,1.29286821,45.87272603
87085_2501_00003,allée des Hêtres,3,,LV0203,1567471.64300000,5187289.11220000,1.29277989,45.87285229
87085_2501_00004,allée des Hêtres,4,,LV0200,1567479.49640000,5187284.52050000,1.29288229,45.87281250
87085_2501_00005,allée des Hêtres,5,,LV0203,1567473.08040000,5187299.34860000,1.29279558,45.87294465
87085_2501_00006,allée des Hêtres,6,,LV0200,1567480.98220000,5187295.06870000,1.29289852,45.87290768
87085_2501_00007,allée des Hêtres,7,,LV0203,1567474.82730000,5187311.27070000,1.29281478,45.87305224
87085_2501_00008,allée des Hêtres,8,,LV0200,1567483.28810000,5187311.75030000,1.29292361,45.87305818
87085_2501_00009,allée des Hêtres,9,,LV0203,1567475.26760000,5187334.81180000,1.29281395,45.87326409
87085_2501_00010,allée des Hêtres,10,,LV0200,1567484.72250000,5187322.18110000,1.29293920,45.87315229
87085_2501_00011,allée des Hêtres,11,,LV0203,1567469.98530000,5187343.20340000,1.29274361,45.87333856
87085_2501_00012,allée des Hêtres,12,,LV0200,1567485.05220000,5187330.23620000,1.29294122,45.87322482
87085_2501_00014,allée des Hêtres,14,,LV0200,1567495.93890000,5187346.32030000,1.29307698,45.87337160
87085_2501_00015,allée des Hêtres,15,,LV0203,1567462.94900000,5187351.74240000,1.29265064,45.87341401
87085_2501_00016,allée des Hêtres,16,,LV0200,1567489.89630000,5187353.52970000,1.29299718,45.87343529
87085_2501_00018,allée des Hêtres,18,,LV0200,1567484.30480000,5187360.20050000,1.29292333,45.87349422
87085_2501_00020,allée des Hêtres,20,,LV0200,1567478.00660000,5187364.30130000,1.29284108,45.87352989
87085_2501_00022,allée des Hêtres,22,,LV0200,1567469.79850000,5187357.55620000,1.29273724,45.87346763
87085_2503_00001,allée des Hirondelles,1,,LN0197,1567808.20760000,5188652.77050000,1.29673857,45.88518408
87085_2503_00002,allée des Hirondelles,2,,LN0207,1567789.50190000,5188670.23050000,1.29649281,45.88533754
87085_2503_00003,allée des Hirondelles,3,,LN0198,1567815.41120000,5188641.99550000,1.29683432,45.88508854
87085_2503_00004,allée des Hirondelles,4,,LN0206,1567796.23510000,5188659.18220000,1.29658259,45.88523945
87085_2503_00005,allée des Hirondelles,5,,LN0199,1567820.45940000,5188633.48810000,1.29690169,45.88501298
87085_2503_00006,allée des Hirondelles,6,,LN0205,1567800.62700000,5188651.71270000,1.29664121,45.88517310
87085_2503_00007,allée des Hirondelles,7,,LN0202,1567826.45810000,5188627.17570000,1.29698070,45.88495735
87085_2503_00009,allée des Hirondelles,9,,LN0203,1567818.65680000,5188622.19960000,1.29688158,45.88491108
87085_2503_00011,allée des Hirondelles,11,,LN0204,1567810.69680000,5188617.33610000,1.29678039,45.88486580
87085_2548_00001,allée des Ifs,1,,LT0083,1568149.67110000,5187396.91280000,1.30148193,45.87395245
87085_2548_00003,allée des Ifs,3,,LT0084,1568153.81360000,5187389.88700000,1.30153721,45.87389004
87085_2548_00004,allée des Ifs,4,,LT0027,1568148.76700000,5187377.34310000,1.30147567,45.87377624
87085_2548_00005,allée des Ifs,5,,LT0085,1568156.33120000,5187383.50730000,1.30157139,45.87383314
87085_2548_00006,allée des Ifs,6,,LT0026,1568149.88740000,5187369.47700000,1.30149225,45.87370569
87085_2548_00007,allée des Ifs,7,,LT0086,1568158.32520000,5187374.98710000,1.30159941,45.87375688
87085_2548_00008,allée des Ifs,8,,LT0025,1568149.34260000,5187360.71100000,1.30148765,45.87362673
87085_2548_00009,allée des Ifs,9,,LT0087,1568158.97790000,5187367.56560000,1.30160985,45.87369024
87085_2548_00010,allée des Ifs,10,,LT0024,1568147.30120000,5187353.12020000,1.30146344,45.87355805
87085_2548_00011,allée des Ifs,11,,LT0088,1568158.22730000,5187358.59460000,1.30160265,45.87360940
87085_2548_00014,allée des Ifs,14,,LT0022,1568119.71010000,5187325.25030000,1.30111578,45.87330205
87085_2548_00015,allée des Ifs,15,,LT0089,1568156.32800000,5187351.64940000,1.30158009,45.87354655
87085_2548_00016,allée des Ifs,16,,LT0021,1568112.41050000,5187327.10770000,1.30102126,45.87331736
87085_2548_00017,allée des Ifs,17,,LT0090,1568153.31390000,5187344.93360000,1.30154312,45.87348556
87085_2548_00018,allée des Ifs,18,,LT0020,1568104.23520000,5187329.35420000,1.30091536,45.87333600
87085_2548_00019,allée des Ifs,19,,LT0091,1568149.11350000,5187337.48830000,1.30149107,45.87341778
87085_2548_00020,allée des Ifs,20,,LT0019,1568097.02240000,5187331.36320000,1.30082192,45.87335269
87085_2548_00021,allée des Ifs,21,,LT0092,1568144.96370000,5187330.95250000,1.30143943,45.87335819
87085_2548_00022,allée des Ifs,22,,LT0018,1568091.68170000,5187332.97480000,1.30075270,45.87336616
87085_2548_00023,allée des Ifs,23,,LT0093,1568140.70430000,5187324.79610000,1.30138627,45.87330199
87085_2548_00024,allée des Ifs,24,,LT0017,1568088.84650000,5187328.64860000,1.30071738,45.87332670
87085_2548_00025,allée des Ifs,25,,LT0094,1568135.94600000,5187320.16410000,1.30132626,45.87325941
87085_2548_00026,allée des Ifs,26,,LT0016,1568087.03920000,5187321.57840000,1.30069605,45.87326275
87085_2548_00027,allée des Ifs,27,,LT0095,1568129.14970000,5187316.90160000,1.30123963,45.87322876
87085_2548_00028,allée des Ifs,28,,LT0015,1568085.33230000,5187315.05230000,1.30067586,45.87320372
87085_2548_00029,allée des Ifs,29,,LT0096,1568120.92680000,5187316.40380000,1.30113387,45.87322270
87085_2548_00030,allée des Ifs,30,,LT0014,1568083.85960000,5187308.07560000,1.30065881,45.87314067
87085_2548_00031,allée des Ifs,31,,LT0097,1568113.51420000,5187317.64700000,1.30103807,45.87323247
87085_2749_00001,allée des Jonquilles,1,,NK0299,1562042.68780000,5181800.10970000,1.22444326,45.82240767
87085_2749_00002,allée des Jonquilles,2,,NK0299,1562057.92780000,5181785.74280000,1.22464346,45.82228149
87085_2749_00003,allée des Jonquilles,3,,NK0299,1562036.97280000,5181798.28410000,1.22437025,45.82239010
87085_2749_00004,allée des Jonquilles,4,,NK0299,1562047.23860000,5181820.35040001,1.22449600,45.82259066
87085_2749_00005,allée des Jonquilles,5,,NK0299,1562030.78150000,5181796.45850000,1.22429112,45.82237244
87085_2749_00006,allée des Jonquilles,6,,NK0299,1562031.78690000,5181836.33130000,1.22429261,45.82273132
87085_2749_00007,allée des Jonquilles,7,,NK0299,1562025.46340000,5181795.02970000,1.22422310,45.82235852
87085_2749_00008,allée des Jonquilles,8,,NK0299,1562026.12480000,5181834.84960000,1.22422019,45.82271685
87085_2749_00009,allée des Jonquilles,9,,NK0299,1562035.22650000,5181821.38230000,1.22434116,45.82259753
87085_2749_00010,allée des Jonquilles,10,,NK0299,1562019.66900000,5181832.78580000,1.22413772,45.82269699
87085_2749_00011,allée des Jonquilles,11,,NK0299,1562029.35270000,5181819.79479999,1.22426604,45.82258207
87085_2749_00012,allée des Jonquilles,12,,NK0299,1562014.69480000,5181831.14540000,1.22407419,45.82268124
87085_2749_00014,allée des Jonquilles,14,,NK0299,1562008.13310000,5181829.02870001,1.22399038,45.82266088
87085_2749_00015,allée des Jonquilles,15,,NK0299,1562023.32020000,5181818.12790001,1.22418890,45.82256587
87085_2749_00017,allée des Jonquilles,17,,NK0299,1562017.68460000,5181816.61980000,1.22411683,45.82255117
87085_4899_00005,allée de Skylab,5,,SX0019,1567556.17720000,5186169.17020000,1.29417746,45.86279400
87085_4899_00006,allée de Skylab,6,,SX0017,1567582.77960000,5186167.55560000,1.29452043,45.86278460
87085_4899_00008,allée de Skylab,8,,SX0015,1567599.73060000,5186185.39820000,1.29473376,45.86294838
87085_4899_00010,allée de Skylab,10,,SX0014,1567592.72330000,5186209.10670000,1.29463700,45.86316030
87085_4899_00011,allée de Skylab,11,,SX0074,1567576.54710000,5186215.89830000,1.29442685,45.86321828
87085_3134_00001,allée des Loriots,1,,LN0024,1567874.83520000,5188600.34160000,1.29761122,45.88472526
87085_3134_00002,allée des Loriots,2,,LN0033,1567856.34930000,5188573.17730000,1.29738059,45.88447735
87085_3134_00003,allée des Loriots,3,,LN0025,1567876.18670000,5188607.75040000,1.29762659,45.88479217
87085_3134_00004,allée des Loriots,4,,LN0032,1567864.19880000,5188577.97240000,1.29748038,45.88452199
87085_3134_00005,allée des Loriots,5,,LN0026,1567883.44780000,5188612.00790000,1.29771895,45.88483186
87085_3134_00006,allée des Loriots,6,,LN0031,1567875.32150000,5188584.85890000,1.29762175,45.88458608
87085_3134_00007,allée des Loriots,7,,LN0027,1567889.72610000,5188612.11750000,1.29779979,45.88483406
87085_3134_00008,allée des Loriots,8,,LN0030,1567884.48730000,5188590.50420000,1.29773826,45.88463863
87085_3134_00010,allée des Loriots,10,,LN0029,1567893.66040000,5188596.10290000,1.29785487,45.88469075
87085_3134_00012,allée des Loriots,12,,LN0028,1567894.54470000,5188604.19680000,1.29786404,45.88476373
87085_3197_00001,allée des Lucioles,1,,RC0018,1560473.61400000,5184422.15860000,1.20349452,45.84567769
87085_3197_00007,allée des Lucioles,7,,RC0019,1560452.82810000,5184382.64770000,1.20323845,45.84531805
87085_3197_00011,allée des Lucioles,11,,RC0020,1560439.57060000,5184357.68140000,1.20307506,45.84509078
87085_3309_00001,allée des Marronniers,1,,LV0021,1567281.58510000,5187319.88490000,1.29032382,45.87309244
87085_3309_00002,allée des Marronniers,2,,LV0021,1567290.67190000,5187323.68480000,1.29043979,45.87312837
87085_3309_00003,allée des Marronniers,3,,LV0021,1567281.30710000,5187331.50650000,1.29031703,45.87319692
87085_3309_00004,allée des Marronniers,4,,LV0021,1567296.39680000,5187336.64820000,1.29050994,45.87324609
87085_3309_00005,allée des Marronniers,5,,LV0021,1567277.51810000,5187341.83890000,1.29026538,45.87328914
87085_3309_00006,allée des Marronniers,6,,LV0021,1567296.09000000,5187349.18920000,1.29050252,45.87335885
87085_3309_00007,allée des Marronniers,7,,LV0021,1567277.13610000,5187350.71930000,1.29025800,45.87336895
87085_3309_00009,allée des Marronniers,9,,LV0021,1567281.56610000,5187352.51000000,1.29031456,45.87338591
87085_3309_00011,allée des Marronniers,11,,LV0021,1567292.11250000,5187352.94750000,1.29045026,45.87339189
87085_3455_00004,allée des Maures,4,,EW0227,1565806.79710000,5181397.03460000,1.27298567,45.81952641
87085_3455_00006,allée des Maures,6,,EW0226,1565799.43110000,5181388.03790000,1.27289341,45.81944404
87085_3455_00008,allée des Maures,8,,EW0225,1565790.62090000,5181380.16990000,1.27278226,45.81937155
87085_3455_00010,allée des Maures,10,,EW0224,1565782.13180000,5181373.75090000,1.27267484,45.81931215
87085_3486_00001,allée des Merles,1,,LM0048,1567841.66160000,5188682.57510000,1.29716127,45.88545862
87085_3486_00002,allée des Merles,2,,LM0062,1567833.84970000,5188669.93900000,1.29706413,45.88534345
87085_3486_00003,allée des Merles,3,,LM0049,1567851.77460000,5188695.99030000,1.29728784,45.88558125
87085_3486_00004,allée des Merles,4,,LM0061,1567844.18870000,5188676.04140000,1.29719563,45.88540034
87085_3486_00005,allée des Merles,5,,LM0050,1567862.23430000,5188702.15330000,1.29742088,45.88563870
87085_3486_00006,allée des Merles,6,,LM0060,1567859.46270000,5188677.28000000,1.29739203,45.88541442
87085_3486_00007,allée des Merles,7,,LM0051,1567866.69730000,5188704.63350000,1.29747768,45.88566187
87085_3486_00008,allée des Merles,8,,LM0059,1567869.76120000,5188678.98390000,1.29752421,45.88543172
87085_3486_00009,allée des Merles,9,,LM0053,1567873.82560000,5188698.59000000,1.29757117,45.88560887
87085_3486_00010,allée des Merles,10,,LM0057,1567876.36530000,5188683.23750000,1.29760811,45.88547126
87085_3486_00012,allée des Merles,12,,LM0055,1567877.12590000,5188693.01700000,1.29761521,45.88555938
87085_3491_00001,allée des Mésanges,1,,LN0042,1567964.75580000,5188458.54270000,1.29880849,45.88346698
87085_3491_00002,allée des Mésanges,2,,LN0071,1567968.60780000,5188441.95050000,1.29886267,45.88331846
87085_3491_00003,allée des Mésanges,3,,LN0043,1567959.19810000,5188469.05040000,1.29873401,45.88356043
87085_3491_00004,allée des Mésanges,4,,LN0070,1567971.87130000,5188453.09100000,1.29890164,45.88341931
87085_3491_00005,allée des Mésanges,5,,LN0044,1567954.11580000,5188477.40590000,1.29866625,45.88363462
87085_3491_00006,allée des Mésanges,6,,LN0068,1567971.96280000,5188469.20350000,1.29889838,45.88356426
87085_3491_00007,allée des Mésanges,7,,LN0045,1567946.83170000,5188489.45520000,1.29856911,45.88374161
87085_3491_00008,allée des Mésanges,8,,LN0066,1567972.02380000,5188473.35570000,1.29889803,45.88360163
87085_3491_00009,allée des Mésanges,9,,LN0046,1567941.39550000,5188498.39620000,1.29849663,45.88382100
87085_3491_00010,allée des Mésanges,10,,LN0065,1567967.96900000,5188480.25440000,1.29884390,45.88366291
87085_3491_00011,allée des Mésanges,11,,LN0047,1567935.80480000,5188507.67350000,1.29842206,45.88390338
87085_3491_00012,allée des Mésanges,12,,LN0064,1567962.44120000,5188489.71610000,1.29877010,45.88374696
87085_3491_00014,allée des Mésanges,14,,LN0063,1567951.70290000,5188497.54450000,1.29862963,45.88381532
87085_3491_00015,allée des Mésanges,15,,LN0048,1567930.70900000,5188515.92010000,1.29835416,45.88397658
87085_3491_00016,allée des Mésanges,16,,LN0062,1567946.04380000,5188507.01340000,1.29855413,45.88389941
87085_3491_00017,allée des Mésanges,17,,LN0049,1567923.67810000,5188527.46240000,1.29826042,45.88407906
87085_3491_00018,allée des Mésanges,18,,LN0061,1567940.69540000,5188515.87800000,1.29848280,45.88397812
87085_3491_00019,allée des Mésanges,19,,LN0050,1567908.95460000,5188531.31200000,1.29806971,45.88411086
87085_3491_00020,allée des Mésanges,20,,LN0060,1567934.69500000,5188525.82110000,1.29840277,45.88406641
87085_3491_00021,allée des Mésanges,21,,LN0051,1567902.61520000,5188541.65230000,1.29798521,45.88420266
87085_3491_00022,allée des Mésanges,22,,LN0059,1567935.01400000,5188541.73920000,1.29840250,45.88420967
87085_3491_00023,allée des Mésanges,23,,LN0052,1567903.92770000,5188548.70060000,1.29800017,45.88426631
87085_3491_00024,allée des Mésanges,24,,LN0058,1567929.17850000,5188551.25170000,1.29832472,45.88429412
87085_3491_00025,allée des Mésanges,25,,LN0053,1567913.73680000,5188554.78200000,1.29812485,45.88432291
87085_3491_00026,allée des Mésanges,26,,LN0056,1567925.36190000,5188557.50720000,1.29827384,45.88434966
87085_3491_00028,allée des Mésanges,28,,LN0054,1567918.50380000,5188557.71030000,1.29818544,45.88435016
87085_3712_00002,allée des Myrtilles,2,,LV0088,1567338.28760000,5187704.66790000,1.29094770,45.87656474
87085_3712_00003,allée des Myrtilles,3,,LV0144,1567365.58260000,5187701.72830000,1.29130004,45.87654357
87085_3712_00004,allée des Myrtilles,4,,LV0087,1567349.53250000,5187688.07090000,1.29109710,45.87641761
87085_3712_00005,allée des Myrtilles,5,,LV0146,1567367.95710000,5187730.34560000,1.29132271,45.87680146
87085_3712_00006,allée des Myrtilles,6,,LV0085,1567355.57420000,5187683.66870000,1.29117613,45.87637918
87085_3712_00007,allée des Myrtilles,7,,LV0148,1567378.59430000,5187732.78120000,1.29145903,45.87682542
87085_3712_00008,allée des Myrtilles,8,,LV0084,1567368.63650000,5187681.82660000,1.29134487,45.87636513
87085_3712_00009,allée des Myrtilles,9,,LV0149,1567391.06820000,5187731.08790000,1.29162015,45.87681260
87085_3712_00010,allée des Myrtilles,10,,LV0083,1567369.63250000,5187693.57900000,1.29135445,45.87647104
87085_3712_00012,allée des Myrtilles,12,,LV0081,1567386.98840000,5187699.43850000,1.29157635,45.87652710
87085_3712_00014,allée des Myrtilles,14,,LV0081,1567390.86140000,5187704.73670000,1.29162477,45.87657551
87085_3712_00016,allée des Myrtilles,16,,LV0079,1567390.91000000,5187724.44200000,1.29161995,45.87675278
87085_3725_00001,allée des Narcisses,1,,BV0376,1564234.62600000,5185410.70750000,1.25162520,45.85532317
87085_3725_00002,allée des Narcisses,2,,BV0378,1564227.17300000,5185409.39140000,1.25152963,45.85530986
87085_3725_00003,allée des Narcisses,3,,BV0375,1564224.96200000,5185397.41020000,1.25150455,45.85520165
87085_3725_00004,allée des Narcisses,4,,BV0379,1564221.02520000,5185400.98510000,1.25145286,45.85523303
87085_3725_00006,allée des Narcisses,6,,BV0380,1564214.24160000,5185389.77270000,1.25136870,45.85513083
87085_3797_00001,allée des Noisetiers,1,,LV0095,1567265.35430000,5187795.30340000,1.28998334,45.87736598
87085_3797_00002,allée des Noisetiers,2,,LV0109,1567285.76530000,5187815.66980000,1.29024058,45.87755313
87085_3797_00003,allée des Noisetiers,3,,LV0096,1567265.85500000,5187782.28020000,1.28999339,45.87724893
87085_3797_00004,allée des Noisetiers,4,,LV0108,1567274.35490000,5187817.97980000,1.29009298,45.87757171
87085_3797_00005,allée des Noisetiers,5,,LV0098,1567259.84340000,5187781.08920000,1.28991629,45.87723705
87085_3797_00006,allée des Noisetiers,6,,LV0107,1567264.31320000,5187815.65270000,1.28996430,45.87754884
87085_3797_00007,allée des Noisetiers,7,,LV0099,1567244.39970000,5187783.78360000,1.28971665,45.87725831
87085_3797_00008,allée des Noisetiers,8,,LV0105,1567251.38090000,5187807.88010000,1.28979989,45.87747642
87085_3797_00009,allée des Noisetiers,9,,LV0100,1567237.44720000,5187784.33070000,1.28962696,45.87726188
87085_3797_00010,allée des Noisetiers,10,,LV0104,1567238.25450000,5187804.87160000,1.28963167,45.87744682
87085_3797_00011,allée des Noisetiers,11,,LV0101,1567228.96400000,5187793.10830000,1.28951527,45.87733921
87085_3797_00012,allée des Noisetiers,12,,LV0103,1567226.93930000,5187801.11750000,1.28948698,45.87741086
87085_3888_00007,allée des Passadours,7,,KW0115,1566590.39560000,5193189.01060000,1.27979004,45.92575468
87085_3888_00009,allée des Passadours,9,,KW0118,1566643.42650000,5193211.36660000,1.28046739,45.92596609
87085_3888_00012,allée des Passadours,12,,KW0107,1566629.10240000,5193193.99500000,1.28028759,45.92580704
87085_3975_00001,allée des Pensées,1,,BT0323,1564148.47500000,5185126.50910000,1.25059649,45.85274964
87085_3975_00002,allée des Pensées,2,,BT0326,1564142.20410000,5185124.17360000,1.25051642,45.85272739
87085_3975_00003,allée des Pensées,3,,BT0324,1564144.94660000,5185118.27940000,1.25055339,45.85267491
87085_3975_00004,allée des Pensées,4,,BT0325,1564137.18890000,5185111.61930000,1.25045541,45.85261346
87085_4063_00002,allée des Petites-Coussades,2,,SD0010,1556781.08460000,5188060.01590000,1.15488235,45.87764204
87085_4063_00004,allée des Petites-Coussades,4,,SD0010,1556811.64520000,5188029.75869999,1.15528495,45.87737624
87085_4063_00009,allée des Petites-Coussades,9,,SD0016,1556919.14770000,5187940.97090000,1.15669590,45.87659996
87085_4063_00013,allée des Petites-Coussades,13,,SD0014,1556886.48500000,5187908.90110000,1.15628482,45.87630468
87085_4063_00015,allée des Petites-Coussades,15,,SD0013,1556855.12240000,5187879.50130000,1.15588969,45.87603369
87085_4063_00017,allée des Petites-Coussades,17,,SD0011,1556830.94920000,5187856.98570000,1.15558510,45.87582612
87085_4063_00019,allée des Petites-Coussades,19,,SD0012,1556860.51210000,5187824.94900000,1.15597537,45.87554410
87085_4094_00001,allée des Peupliers,1,,LV0154,1567511.67610000,5187439.27440000,1.29325399,45.87421082
87085_4094_00002,allée des Peupliers,2,,LV0207,1567514.47570000,5187457.55870000,1.29328500,45.87437583
87085_4094_00003,allée des Peupliers,3,,LV0154,1567515.85170000,5187431.29330000,1.29330997,45.87413983
87085_4094_00004,allée des Peupliers,4,,LV0207,1567506.57340000,5187451.04690000,1.29318503,45.87431573
87085_4094_00005,allée des Peupliers,5,,LV0154,1567521.38410000,5187420.36830000,1.29338423,45.87404262
87085_4094_00006,allée des Peupliers,6,,LV0207,1567497.89110000,5187441.42060000,1.29307587,45.87422746
87085_4094_00007,allée des Peupliers,7,,LV0154,1567514.34160000,5187425.77950000,1.29329204,45.87408993
87085_4094_00008,allée des Peupliers,8,,LV0207,1567489.51350000,5187429.39630000,1.29297130,45.87411768
87085_4094_00009,allée des Peupliers,9,,LV0154,1567508.10380000,5187422.75370000,1.29321255,45.87406151
87085_4094_00010,allée des Peupliers,10,,LV0207,1567477.40220000,5187416.90200000,1.29281878,45.87400295
87085_4094_00011,allée des Peupliers,11,,LV0154,1567500.91380000,5187419.13770000,1.29312095,45.87402760
87085_4094_00012,allée des Peupliers,12,,LV0207,1567468.41920000,5187416.48560000,1.29270321,45.87399748
87085_4094_00014,allée des Peupliers,14,,LV0154,1567470.04780000,5187409.18070000,1.29272620,45.87393208
87085_4094_00015,allée des Peupliers,15,,LV0154,1567491.60820000,5187417.51370000,1.29300156,45.87401120
87085_4094_00017,allée des Peupliers,17,,LV0154,1567485.02570000,5187403.52270000,1.29292065,45.87388407
87085_4094_00019,allée des Peupliers,19,,LV0154,1567475.86320000,5187398.87770000,1.29280394,45.87384052
87085_4187_00001,allée des Pinsons,1,,LN0099,1568025.34020000,5188307.17560000,1.29963047,45.88211698
87085_4187_00002,allée des Pinsons,2,,LN0125,1568020.31260000,5188298.79960000,1.29956802,45.88204066
87085_4187_00003,allée des Pinsons,3,,LN0100,1568030.11260000,5188296.28940000,1.29969493,45.88201997
87085_4187_00004,allée des Pinsons,4,,LN0124,1568025.72300000,5188285.81780000,1.29964127,45.88192492
87085_4187_00005,allée des Pinsons,5,,LN0101,1568033.71120000,5188288.01820000,1.29974356,45.88194625
87085_4187_00006,allée des Pinsons,6,,LN0123,1568029.61170000,5188276.83660000,1.29969383,45.88184488
87085_4187_00007,allée des Pinsons,7,,LN0102,1568038.75080000,5188276.64220000,1.29981160,45.88184489
87085_4187_00008,allée des Pinsons,8,,LN0122,1568035.36670000,5188265.35910000,1.29977111,45.88174274
87085_4187_00009,allée des Pinsons,9,,LN0103,1568058.25010000,5188244.85420000,1.30007149,45.88156268
87085_4187_00010,allée des Pinsons,10,,LN0121,1568035.01520000,5188251.63710000,1.29977036,45.88161923
87085_4187_00011,allée des Pinsons,11,,LN0104,1568066.80970000,5188248.70350000,1.30018068,45.88159895
87085_4187_00012,allée des Pinsons,12,,LN0120,1568036.78700000,5188242.32120000,1.29979574,45.88153577
87085_4187_00014,allée des Pinsons,14,,LN0119,1568040.87340000,5188233.24410000,1.29985087,45.88145490
87085_4187_00015,allée des Pinsons,15,,LN0105,1568078.12370000,5188252.89730000,1.30032525,45.88163885
87085_4187_00016,allée des Pinsons,16,,LN0118,1568045.57550000,5188223.01590000,1.29991425,45.88136379
87085_4187_00017,allée des Pinsons,17,,LN0106,1568081.32700000,5188250.12380000,1.30036727,45.88161451
87085_4187_00018,allée des Pinsons,18,,LN0116,1568048.57480000,5188216.49380000,1.29995467,45.88130570
87085_4187_00019,allée des Pinsons,19,,LN0107,1568085.64120000,5188240.08860000,1.30042560,45.88152507
87085_4187_00020,allée des Pinsons,20,,LN0114,1568057.52530000,5188215.08360000,1.30007034,45.88129473
87085_4187_00021,allée des Pinsons,21,,LN0108,1568089.13430000,5188232.10990000,1.30047278,45.88145396
87085_4187_00022,allée des Pinsons,22,,LN0113,1568067.22180000,5188219.19070000,1.30019410,45.88133354
87085_4187_00024,allée des Pinsons,24,,LN0112,1568077.09810000,5188223.40380000,1.30032015,45.88137334
87085_4187_00026,allée des Pinsons,26,,LN0110,1568085.06850000,5188226.75670000,1.30042189,45.88140503
87085_4214_00002,allée des Platanes,2,,LV0021,1567317.93120000,5187371.80600000,1.29077754,45.87356652
87085_4214_00004,allée des Platanes,4,,LV0021,1567314.66110000,5187379.06580000,1.29073342,45.87363119
87085_4214_00005,allée des Platanes,5,,LV0021,1567303.16030000,5187383.78880000,1.29058400,45.87367146
87085_4214_00006,allée des Platanes,6,,LV0021,1567310.79660000,5187387.98810000,1.29068119,45.87371071
87085_4214_00007,allée des Platanes,7,,LV0021,1567297.92310000,5187396.51840000,1.29051304,45.87378496
87085_4214_00008,allée des Platanes,8,,LV0021,1567306.02910000,5187398.65280000,1.29061684,45.87380572
87085_4214_00009,allée des Platanes,9,,LV0021,1567290.22010000,5187406.60480000,1.29041105,45.87387420
87085_4214_00010,allée des Platanes,10,,LV0021,1567306.55830000,5187411.71690000,1.29062004,45.87392334
87085_4214_00011,allée des Platanes,11,,LV0021,1567287.60560000,5187415.21560000,1.29037500,45.87395116
87085_4214_00012,allée des Platanes,12,,LV0021,1567303.46100000,5187420.42000000,1.29057775,45.87400103
87085_4214_00014,allée des Platanes,14,,LV0021,1567299.46200000,5187420.06050000,1.29052635,45.87399703
87085_4214_00016,allée des Platanes,16,,LV0021,1567291.42540000,5187417.40720000,1.29042359,45.87397161
87085_4335_00001,allée des Primevères,1,,BT0017,1564169.47570000,5185157.18180000,1.25085816,45.85302970
87085_4335_00002,allée des Primevères,2,,BT0023,1564180.67060000,5185170.80000000,1.25099843,45.85315442
87085_4335_00003,allée des Primevères,3,,BT0018,1564172.06160000,5185163.76680000,1.25088959,45.85308945
87085_4335_00004,allée des Primevères,4,,BT0022,1564184.46300000,5185179.90760000,1.25104467,45.85323709
87085_4335_00005,allée des Primevères,5,,BT0019,1564176.05150000,5185173.75370000,1.25093813,45.85318008
87085_4335_00007,allée des Primevères,7,,BT0020,1564182.12420000,5185185.89740000,1.25101287,45.85329051
87085_4335_00009,allée des Primevères,9,,BT0021,1564184.88060000,5185192.94990000,1.25104636,45.85335450
87085_4590_00005,allée des Roches Rouges,5,,EW0215,1565779.75090000,5181472.49990000,1.27261665,45.82019999
87085_4597_00001,allée des Roitelets,1,,LN0076,1567993.83420000,5188396.61830000,1.29920006,45.88291552
87085_4597_00002,allée des Roitelets,2,,LN0085,1567997.83600000,5188389.37400000,1.29925360,45.88285112
87085_4597_00003,allée des Roitelets,3,,LN0077,1568003.73760000,5188400.88680000,1.29932645,45.88295582
87085_4597_00004,allée des Roitelets,4,,LN0084,1568015.99830000,5188386.14000000,1.29948843,45.88282552
87085_4597_00005,allée des Roitelets,5,,LN0078,1568014.80680000,5188405.65990000,1.29946771,45.88300088
87085_4597_00006,allée des Roitelets,6,,LN0083,1568023.35440000,5188389.46340000,1.29958226,45.88285683
87085_4597_00007,allée des Roitelets,7,,LN0080,1568021.97210000,5188406.96380000,1.29955964,45.88301399
87085_4597_00008,allée des Roitelets,8,,LN0082,1568025.09000000,5188398.14420000,1.29960223,45.88293525
87085_4626_00001,allée des Rouges-Gorges,1,,LN0089,1568028.44500000,5188323.12730000,1.29966607,45.88226107
87085_4626_00003,allée des Rouges-Gorges,3,,LN0090,1568038.33370000,5188327.45060000,1.29979225,45.88230186
87085_4626_00005,allée des Rouges-Gorges,5,,LN0092,1568046.05050000,5188330.91320000,1.29989069,45.88233449
87085_4626_00007,allée des Rouges-Gorges,7,,LN0093,1568052.92600000,5188329.07090000,1.29997976,45.88231924
87085_4626_00009,allée des Rouges-Gorges,9,,LN0095,1568056.64090000,5188320.65840000,1.30002992,45.88224427
87085_4626_00011,allée des Rouges-Gorges,11,,LN0096,1568052.31290000,5188312.57660000,1.29997640,45.88217074
87085_4626_00015,allée des Rouges-Gorges,15,,LN0097,1568057.76800000,5188299.57960000,1.30005023,45.88205487
87085_4626_00017,allée des Rouges-Gorges,17,,LN0098,1568063.64210000,5188291.80190000,1.30012803,45.88198604
87085_4629_00001,allée des Rouvres,1,,NK0004,1562021.33010000,5181719.07450000,1.22419172,45.82167443
87085_4629_00002,allée des Rouvres,2,,NK0004,1562019.09570000,5181678.60280000,1.22417458,45.82130992
87085_4629_00003,allée des Rouvres,3,,NK0004,1562004.76340000,5181732.07070000,1.22397484,45.82178802
87085_4629_00004,allée des Rouvres,4,,NK0004,1562023.22780000,5181663.23000000,1.22423215,45.82117247
87085_4629_00006,allée des Rouvres,6,,NK0004,1562034.33330000,5181676.74570000,1.22437116,45.82129627
87085_4629_00008,allée des Rouvres,8,,NK0004,1562061.75440000,5181681.47670000,1.22472259,45.82134433
87085_4629_00010,allée des Rouvres,10,,NK0004,1562060.22210000,5181695.52850000,1.22469885,45.82147043
87085_4629_00012,allée des Rouvres,12,,NK0004,1562048.29650000,5181725.52430000,1.22453681,45.82173786
87085_4629_00014,allée des Rouvres,14,,NK0004,1562062.96630000,5181728.43820000,1.22472472,45.82176702
87085_4629_00016,allée des Rouvres,16,,NK0004,1562063.17670000,5181739.45570000,1.22472426,45.82186617
87085_4858_00002,allée des Saules,2,,LO0141,1568180.97500000,5188115.42610000,1.30168774,45.88042194
87085_4858_00003,allée des Saules,3,,LO0167,1568172.07570000,5188130.11170000,1.30156909,45.88055234
87085_4858_00005,allée des Saules,5,,LO0166,1568171.85030000,5188136.21880000,1.30156450,45.88060724
87085_4858_00006,allée des Saules,6,,LO0142,1568180.64870000,5188137.08620000,1.30167759,45.88061673
87085_4858_00007,allée des Saules,7,,LO0165,1568171.89670000,5188141.44370000,1.30156367,45.88065425
87085_4858_00008,allée des Saules,8,,LO0143,1568177.43050000,5188153.95170000,1.30163151,45.88076783
87085_4858_00009,allée des Saules,9,,LO0164,1568170.09680000,5188149.27350000,1.30153833,45.88072434
87085_4858_00010,allée des Saules,10,,LO0144,1568164.56010000,5188167.31790000,1.30146207,45.88088559
87085_4858_00012,allée des Saules,12,,LO0145,1568147.69450000,5188171.42870000,1.30124371,45.88091934
87085_4858_00014,allée des Saules,14,,LO0146,1568134.53810000,5188170.41130000,1.30107454,45.88090766
87085_4858_00016,allée des Saules,16,,LO0147,1568124.61120000,5188167.58560000,1.30094746,45.88088034
87085_4858_00017,allée des Saules,17,,LO0162,1568113.59470000,5188149.04780000,1.30081066,45.88071146
87085_4858_00018,allée des Saules,18,,LO0148,1568114.12060000,5188163.59020000,1.30081344,45.88084238
87085_4858_00019,allée des Saules,19,,LO0161,1568113.31280000,5188141.99920000,1.30080896,45.88064800
87085_4858_00020,allée des Saules,20,,LO0149,1568106.53200000,5188160.51700000,1.30071654,45.88081328
87085_4858_00021,allée des Saules,21,,LO0160,1568113.15290000,5188135.28530000,1.30080875,45.88058758
87085_4858_00022,allée des Saules,22,,LO0150,1568098.22510000,5188157.05610000,1.30061050,45.88078055
87085_4858_00023,allée des Saules,23,,LO0159,1568111.44140000,5188131.27020000,1.30078781,45.88055113
87085_4858_00024,allée des Saules,24,,LO0151,1568092.27270000,5188154.59150000,1.30053451,45.88075724
87085_4858_00025,allée des Saules,25,,LO0158,1568106.06970000,5188131.31400000,1.30071861,45.88055049
87085_4858_00026,allée des Saules,26,,LO0152,1568091.07480000,5188151.91720000,1.30051982,45.88073295
87085_4858_00027,allée des Saules,27,,LO0157,1568098.35050000,5188131.71260000,1.30061908,45.88055260
87085_4858_00028,allée des Saules,28,,LO0153,1568090.96630000,5188147.78150000,1.30051956,45.88069573
87085_4858_00029,allée des Saules,29,,LO0156,1568092.64750000,5188131.81660000,1.30054560,45.88055244
87085_4858_00030,allée des Saules,30,,LO0154,1568090.84040000,5188138.54430000,1.30052047,45.88061261
87085_4858_00031,allée des Saules,31,,LO0155,1568090.70220000,5188133.73370000,1.30052002,45.88056931
87085_4973_00003,allée des Sureaux,3,,LV0056,1567467.08590000,5187581.97350000,1.29264035,45.87548588
87085_4973_00005,allée des Sureaux,5,,LV0057,1567454.84900000,5187588.29020000,1.29248101,45.87554035
87085_4973_00007,allée des Sureaux,7,,LV0059,1567445.96160000,5187594.17230000,1.29236493,45.87559155
87085_4973_00009,allée des Sureaux,9,,LV0060,1567450.75750000,5187601.22190000,1.29242474,45.87565589
87085_4973_00011,allée des Sureaux,11,,LV0061,1567457.64130000,5187610.71770000,1.29251078,45.87574264
87085_4973_00015,allée des Sureaux,15,,LV0062,1567469.11100000,5187606.99650000,1.29265952,45.87571137
87085_5066_00001,allée des Tourterelles,1,,LM0019,1567709.45250000,5188696.40290000,1.29545449,45.88555757
87085_5066_00002,allée des Tourterelles,2,,LM0040,1567746.66380000,5188695.31040000,1.29593411,45.88555491
87085_5066_00003,allée des Tourterelles,3,,LM0020,1567700.98310000,5188691.52870000,1.29534674,45.88551209
87085_5066_00004,allée des Tourterelles,4,,LM0039,1567750.01230000,5188691.66910000,1.29597824,45.88552280
87085_5066_00005,allée des Tourterelles,5,,LM0021,1567692.36900000,5188687.18020000,1.29523698,45.88547132
87085_5066_00006,allée des Tourterelles,6,,LM0038,1567760.80220000,5188693.81710000,1.29611663,45.88554419
87085_5066_00007,allée des Tourterelles,7,,LM0022,1567684.45360000,5188699.18750000,1.29513171,45.88557781
87085_5066_00008,allée des Tourterelles,8,,LM0037,1567764.41720000,5188703.84620000,1.29616043,45.88563511
87085_5066_00009,allée des Tourterelles,9,,LM0023,1567688.10310000,5188705.22450000,1.29517706,45.88563282
87085_5066_00010,allée des Tourterelles,10,,LM0036,1567761.24750000,5188709.28650000,1.29611811,45.88568344
87085_5066_00011,allée des Tourterelles,11,,LM0024,1567693.69170000,5188708.43760000,1.29524816,45.88566280
87085_5066_00012,allée des Tourterelles,12,,LM0035,1567751.57200000,5188708.04240000,1.29599382,45.88567038
87085_5066_00014,allée des Tourterelles,14,,LM0034,1567745.79290000,5188704.64600000,1.29592032,45.88563872
87085_5066_00015,allée des Tourterelles,15,,LM0025,1567698.08740000,5188725.36650000,1.29530011,45.88581593
87085_5066_00016,allée des Tourterelles,16,,LM0033,1567722.85110000,5188699.66660000,1.29562618,45.88558951
87085_5066_00017,allée des Tourterelles,17,,LM0027,1567700.38910000,5188729.09480000,1.29532873,45.88584991
87085_5066_00018,allée des Tourterelles,18,,LM0032,1567716.31470000,5188710.82180000,1.29553891,45.88568860
87085_5066_00020,allée des Tourterelles,20,,LM0031,1567710.23610000,5188721.08800000,1.29545778,45.88577978
87085_5066_00022,allée des Tourterelles,22,,LM0029,1567706.44480000,5188727.42160000,1.29540720,45.88583602
87085_5224_00002,allée des Vergnes,2,,LV0140,1567324.40890000,5187740.38990000,1.29075908,45.87688341
87085_5224_00003,allée des Vergnes,3,,LV0138,1567324.28380000,5187749.58170000,1.29075493,45.87696607
87085_5224_00004,allée des Vergnes,4,,LV0141,1567341.15670000,5187737.63820000,1.29097553,45.87686189
87085_5224_00005,allée des Vergnes,5,,LV0132,1567335.61170000,5187766.48170000,1.29089615,45.87712028
87085_5224_00006,allée des Vergnes,6,,LV0143,1567348.34680000,5187739.34630000,1.29106766,45.87687864
87085_5224_00007,allée des Vergnes,7,,LV0130,1567346.34510000,5187768.98420000,1.29103369,45.87714486
87085_5224_00008,allée des Vergnes,8,,LV0147,1567350.81400000,5187754.02760000,1.29109538,45.87701118
87085_5224_00009,allée des Vergnes,9,,LV0125,1567362.55480000,5187767.59460000,1.29124284,45.87713549
87085_5308_00002,allée des Vignes,2,,KW0043,1566380.72690000,5193121.87110000,1.27710609,45.92510995
87085_5395_00027,allée de Veyrac,27,,PP0212,1560389.70710000,5184730.13610000,1.20232503,45.84843105
87085_5367_00001,allée de Wattignies,1,,BE0519,1564038.31630000,5184082.21690000,1.24947391,45.84333388
87085_5367_00002,allée de Wattignies,2,,BE0519,1564033.92360000,5184102.62580000,1.24941159,45.84351660
87085_5367_00003,allée de Wattignies,3,,BE0519,1564040.75610000,5184067.78780000,1.24950939,45.84320456
87085_5367_00004,allée de Wattignies,4,,BE0519,1564031.19580000,5184117.19530000,1.24937236,45.84364712
87085_5367_00005,allée de Wattignies,5,,BE0519,1564023.08640000,5184062.35320000,1.24928350,45.84315218
87085_5367_00006,allée de Wattignies,6,,BE0519,1564023.38990000,5184125.73700000,1.24926947,45.84372241
87085_5367_00007,allée de Wattignies,7,,BE0519,1564018.95240000,5184079.01240000,1.24922558,45.84330122
87085_5367_00009,allée de Wattignies,9,,BE0519,1564015.77510000,5184092.16370000,1.24918096,45.84341890
87085_5367_00011,allée de Wattignies,11,,BE0519,1564012.23320000,5184109.50310000,1.24913047,45.84357417
87085_5367_00015,allée de Wattignies,15,,BE0519,1564003.20410000,5184121.69190000,1.24901080,45.84368203
87085_1559_00001,allée Didier Daurat,1,,EX0563,1565991.01680000,5181002.92860000,1.27546557,45.81601709
87085_1559_00002,allée Didier Daurat,2,,EX0563,1565990.71500000,5180986.29320000,1.27546632,45.81586738
87085_1559_00003,allée Didier Daurat,3,,EX0563,1565995.44400000,5181015.37100000,1.27551906,45.81612988
87085_1559_00004,allée Didier Daurat,4,,EX0563,1566001.61430000,5180996.68640000,1.27560364,45.81596300
87085_1559_00005,allée Didier Daurat,5,,EX0563,1565999.71970000,5181029.64490000,1.27557009,45.81625911
87085_1559_00006,allée Didier Daurat,6,,EX0563,1566003.98700000,5181022.45580000,1.27562699,45.81619527
87085_1559_00007,allée Didier Daurat,7,,EX0563,1566003.65040000,5181042.42400000,1.27561709,45.81637483
87085_1559_00008,allée Didier Daurat,8,,EX0563,1566007.92860000,5181036.56590000,1.27567376,45.81632297
87085_1559_00009,allée Didier Daurat,9,,EX0556,1566006.36650000,5181049.05710000,1.27565019,45.81643503
87085_1559_00011,allée Didier Daurat,11,,EX0563,1566012.69120000,5181049.33840000,1.27573148,45.81643880
87085_0425_00002,allée du Béarn,2,,BV0234,1564672.80630000,5185661.77160000,1.25719551,45.85766803
87085_0425_00004,allée du Béarn,4,,BV0233,1564672.48900000,5185652.22940000,1.25719412,45.85758213
87085_0425_00006,allée du Béarn,6,,BV0232,1564671.88950000,5185640.06780000,1.25718983,45.85747262
87085_0425_00008,allée du Béarn,8,,BV0231,1564671.20420000,5185627.68090000,1.25718449,45.85736105
87085_0539_00001,allée du Belvédère,1,,NY0041,1560931.47160000,5183432.30260000,1.20967422,45.83686624
87085_0539_00002,allée du Belvédère,2,,NY0041,1560927.69840000,5183440.83970000,1.20962319,45.83694228
87085_0539_00003,allée du Belvédère,3,,NY0039,1560950.12450000,5183409.46080000,1.20992088,45.83666454
87085_0539_00004,allée du Belvédère,4,,NY0041,1560921.11690000,5183423.19770000,1.20954359,45.83678225
87085_0539_00005,allée du Belvédère,5,,NY0038,1560954.90860000,5183404.85740000,1.20998378,45.83662410
87085_0539_00006,allée du Belvédère,6,,NY0041,1560916.68650000,5183414.67940000,1.20948904,45.83670473
87085_0539_00007,allée du Belvédère,7,,NY0037,1560950.57630000,5183394.04780000,1.20993115,45.83652599
87085_0539_00008,allée du Belvédère,8,,NY0023,1560938.20070000,5183389.00170000,1.20977334,45.83647809
87085_0539_00009,allée du Belvédère,9,,NY0036,1560942.00080000,5183372.63870000,1.20982698,45.83633167
87085_0539_00010,allée du Belvédère,10,,NY0024,1560931.66190000,5183372.15500000,1.20969407,45.83632523
87085_0539_00011,allée du Belvédère,11,,NY0035,1560935.36810000,5183355.42310000,1.20974661,45.83617547
87085_0539_00012,allée du Belvédère,12,,NY0025,1560924.50830000,5183355.23850000,1.20960690,45.83617161
87085_0539_00014,allée du Belvédère,14,,NY0026,1560893.28210000,5183369.36770000,1.20920096,45.83629239
87085_0539_00015,allée du Belvédère,15,,NY0034,1560927.34760000,5183336.23800000,1.20964894,45.83600126
87085_0539_00016,allée du Belvédère,16,,NY0027,1560888.20820000,5183364.33610000,1.20913712,45.83624610
87085_0539_00017,allée du Belvédère,17,,NY0033,1560923.12230000,5183332.41420000,1.20959567,45.83596601
87085_0539_00018,allée du Belvédère,18,,NY0028,1560884.33540000,5183351.61760000,1.20909096,45.83613091
87085_0539_00019,allée du Belvédère,19,,NY0032,1560909.43620000,5183333.55160000,1.20941921,45.83597348
87085_0539_00021,allée du Belvédère,21,,NY0031,1560892.01990000,5183337.68990000,1.20919388,45.83600718
87085_0539_00023,allée du Belvédère,23,,NY0030,1560869.35900000,5183339.02190000,1.20890187,45.83601458
87085_0539_00025,allée du Belvédère,25,,NY0029,1560851.10360000,5183344.81300000,1.20866526,45.83606298
87085_0649_00003,allée du Bois Raynaud,3,,PL0140,1559356.33050000,5184239.16220000,1.18916716,45.84380392
87085_0649_00005,allée du Bois Raynaud,5,,PL0141,1559380.02060000,5184230.56960000,1.18947459,45.84373148
87085_0649_00006,allée du Bois Raynaud,6,,PL0147,1559371.94900000,5184211.91530000,1.18937616,45.84356202
87085_0649_00007,allée du Bois Raynaud,7,,PL0151,1559377.58190000,5184196.26970000,1.18945324,45.84342244
87085_0649_00008,allée du Bois Raynaud,8,,PL0148,1559369.42450000,5184196.57590000,1.18934815,45.84342352
87085_0649_00009,allée du Bois Raynaud,9,,PL0152,1559386.75210000,5184172.91530000,1.18957810,45.84321423
87085_0649_00010,allée du Bois Raynaud,10,,PL0149,1559372.40970000,5184179.99180000,1.18939143,45.84327495
87085_0649_00011,allée du Bois Raynaud,11,,PL0153,1559392.89040000,5184160.38550000,1.18966077,45.84310277
87085_0649_00012,allée du Bois Raynaud,12,,PL0150,1559383.31630000,5184163.58320000,1.18953661,45.84312958
87085_0649_00015,allée du Bois Raynaud,15,,PL0154,1559383.17400000,5184146.06450000,1.18953990,45.84297196
87085_0649_00017,allée du Bois Raynaud,17,,PL0155,1559366.06120000,5184137.08360000,1.18932228,45.84288768
87085_1204_00001,allée du Clos Fleuri,1,,NK0030,1561954.70810000,5181864.25680000,1.22329289,45.82296706
87085_1204_00002,allée du Clos Fleuri,2,,NK0012,1561957.53170000,5181853.67220000,1.22333226,45.82287241
87085_1204_00003,allée du Clos Fleuri,3,,NK0031,1561965.25430000,5181874.16310000,1.22342574,45.82305829
87085_1204_00004,allée du Clos Fleuri,4,,NK0013,1561977.05190000,5181860.13040000,1.22358155,45.82293442
87085_1204_00005,allée du Clos Fleuri,5,,NK0028,1561973.96260000,5181876.94390000,1.22353698,45.82308505
87085_1204_00006,allée du Clos Fleuri,6,,NK0014,1561992.29200000,5181865.20610000,1.22377618,45.82298314
87085_1204_00007,allée du Clos Fleuri,7,,NK0027,1561986.96150000,5181880.46540000,1.22370322,45.82311933
87085_1204_00008,allée du Clos Fleuri,8,,NK0015,1562007.17220000,5181869.71930000,1.22396634,45.82302672
87085_1204_00010,allée du Clos Fleuri,10,,NK0016,1562022.06020000,5181874.28460000,1.22415658,45.82307078
87085_1204_00011,allée du Clos Fleuri,11,,NK0025,1562018.88490000,5181884.78820000,1.22411271,45.82316462
87085_1204_00012,allée du Clos Fleuri,12,,NK0017,1562038.75770000,5181879.10590000,1.22437003,45.82311749
87085_1204_00014,allée du Clos Fleuri,14,,NK0018,1562054.76190000,5181877.96870000,1.22457627,45.82311048
87085_1204_00015,allée du Clos Fleuri,15,,NK0024,1562035.24590000,5181893.82580000,1.22432062,45.82324920
87085_1204_00016,allée du Clos Fleuri,16,,NK0019,1562057.80630000,5181882.44170000,1.22461416,45.82315132
87085_1204_00017,allée du Clos Fleuri,17,,NK0022,1562049.73740000,5181891.56000000,1.22450772,45.82323173
87085_1204_00019,allée du Clos Fleuri,19,,NK0021,1562056.00850000,5181888.05880000,1.22458941,45.82320149
87085_1259_00002,allée du Colibri,2,,KZ0112,1568047.98690000,5191925.90540000,1.29892655,45.91467400
87085_1259_00003,allée du Colibri,3,,KZ0116,1568037.08080000,5191893.24480000,1.29879499,45.91437810
87085_1259_00006,allée du Colibri,6,,KZ0099,1568023.65080000,5191895.29950000,1.29862134,45.91439401
87085_1259_00007,allée du Colibri,7,,KZ0225,1568001.24410000,5191842.29730000,1.29834717,45.91391291
87085_1259_00009,allée du Colibri,9,,KZ0227,1567992.95710000,5191827.04420000,1.29824457,45.91377411
87085_1259_00015,allée du Colibri,15,,KZ0119,1567954.45350000,5191858.60290000,1.29773966,45.91405060
87085_1262_00001,allée du Colisée,1,,LW0251,1567506.31240000,5186724.61320000,1.29338215,45.86778096
87085_1262_00003,allée du Colisée,3,,LW0115,1567507.97600000,5186707.16930000,1.29340839,45.86762436
87085_1262_00004,allée du Colisée,4,,LW0127,1567498.64620000,5186710.84330000,1.29328724,45.86765561
87085_1262_00005,allée du Colisée,5,,LW0116,1567508.89600000,5186698.63510000,1.29342259,45.86754776
87085_1262_00006,allée du Colisée,6,,LW0126,1567499.45260000,5186703.06480000,1.29329977,45.86758579
87085_1262_00007,allée du Colisée,7,,LW0117,1567512.39680000,5186692.05010000,1.29346949,45.86748920
87085_1262_00008,allée du Colisée,8,,LW0125,1567500.48980000,5186692.33700000,1.29331608,45.86748949
87085_1262_00009,allée du Colisée,9,,LW0118,1567518.89760000,5186686.63100000,1.29355469,45.86744171
87085_1262_00010,allée du Colisée,10,,LW0124,1567501.85320000,5186680.10160000,1.29333702,45.86737969
87085_1262_00011,allée du Colisée,11,,LW0119,1567521.75050000,5186679.99440000,1.29359326,45.86738256
87085_1262_00012,allée du Colisée,12,,LW0123,1567504.76770000,5186673.19730000,1.29337645,45.86731814
87085_1262_00014,allée du Colisée,14,,LW0122,1567510.73880000,5186668.20670000,1.29345472,45.86727440
87085_1262_00016,allée du Colisée,16,,LW0120,1567517.41510000,5186671.51220000,1.29353977,45.86730542
87085_1391_00001,allée du Coyol,1,,TX0050,1562342.43110000,5184828.14160000,1.22743261,45.84970641
87085_1391_00002,allée du Coyol,2,,TX0065,1562367.61790000,5184806.34820000,1.22776306,45.84951541
87085_1391_00003,allée du Coyol,3,,TX0051,1562317.05100000,5184829.98650000,1.22710537,45.84971792
87085_1391_00004,allée du Coyol,4,,TX0064,1562368.78000000,5184833.54880000,1.22777023,45.84976032
87085_1391_00005,allée du Coyol,5,,TX0052,1562295.50930000,5184831.66180000,1.22682760,45.84972868
87085_1391_00006,allée du Coyol,6,,TX0063,1562369.41720000,5184851.92440000,1.22777317,45.84992575
87085_1391_00007,allée du Coyol,7,,TX0053,1562273.85480000,5184833.19860000,1.22654842,45.84973816
87085_1391_00009,allée du Coyol,9,,TX0054,1562257.30140000,5184834.58880000,1.22633494,45.84974735
87085_1391_00010,allée du Coyol,10,,TX0062,1562362.94410000,5184858.50360000,1.22768796,45.84998364
87085_1391_00011,allée du Coyol,11,,TX0072,1562239.95530000,5184833.75660000,1.22611189,45.84973639
87085_1391_00012,allée du Coyol,12,,TX0061,1562342.89540000,5184838.01660000,1.22743575,45.84979533
87085_1391_00014,allée du Coyol,14,,TX0060,1562316.01310000,5184839.76990000,1.22708921,45.84980572
87085_1391_00016,allée du Coyol,16,,TX0059,1562294.96150000,5184841.58080000,1.22681771,45.84981779
87085_1391_00018,allée du Coyol,18,,TX0058,1562272.89220000,5184843.15540000,1.22653317,45.84982754
87085_1391_00020,allée du Coyol,20,,TX0057,1562251.98970000,5184845.87030000,1.22626333,45.84984777
87085_1391_00022,allée du Coyol,22,,TX0056,1562240.56500000,5184844.49520000,1.22611666,45.84983311
87085_1587_00004,allée du Dognon,4,,KW0003,1566189.77510000,5193145.47460000,1.27463813,45.92528509
87085_2144_00002,allée du Gamagnac,2,,MD0084,1565353.74840000,5187738.84100000,1.26537974,45.87648616
87085_2144_00006,allée du Gamagnac,6,,MD0077,1565375.98980000,5187804.87560000,1.26564766,45.87708454
87085_2144_00008,allée du Gamagnac,8,,MD0076,1565383.52190000,5187823.93550000,1.26573932,45.87725747
87085_2144_00010,allée du Gamagnac,10,,MD0075,1565395.86690000,5187849.08910000,1.26589126,45.87748616
87085_2144_00012,allée du Gamagnac,12,,MD0074,1565407.32730000,5187871.20720000,1.26603265,45.87768737
87085_2144_00016,allée du Gamagnac,16,,MD0186,1565434.18100000,5187938.01650000,1.26635977,45.87829361
87085_2144_00018,allée du Gamagnac,18,,MD0049,1565420.55280000,5187944.96460000,1.26618230,45.87835345
87085_2144_00020,allée du Gamagnac,20,,MD0050,1565413.14670000,5187908.39710000,1.26609717,45.87802305
87085_2396_00001,allée du Hameau,1,,NY0013,1560807.94520000,5183491.05540000,1.20806750,45.83736976
87085_2396_00002,allée du Hameau,2,,NY0011,1560776.14910000,5183464.52280000,1.20766598,45.83712465
87085_2396_00003,allée du Hameau,3,,NY0012,1560789.43610000,5183471.73730000,1.20783489,45.83719224
87085_2396_00004,allée du Hameau,4,,NY0010,1560788.25110000,5183453.19440000,1.20782501,45.83702520
87085_2396_00005,allée du Hameau,5,,NY0016,1560818.92630000,5183436.42780000,1.20822464,45.83688058
87085_2396_00006,allée du Hameau,6,,NY0016,1560805.22830000,5183441.43130000,1.20804690,45.83692282
87085_2396_00008,allée du Hameau,8,,NY0016,1560813.14040000,5183420.43530000,1.20815481,45.83673555
87085_1599_00001,allée Duke Ellington,1,,ST0093,1567053.65910000,5185386.35040000,1.28792391,45.85565503
87085_1599_00002,allée Duke Ellington,2,,ST0087,1567062.33500000,5185393.12540000,1.28803373,45.85571766
87085_1599_00004,allée Duke Ellington,4,,ST0111,1567066.88720000,5185500.29679999,1.28806267,45.85668261
87085_1599_00006,allée Duke Ellington,6,,ST0084,1567031.06120000,5185438.79880000,1.28761847,45.85612247
87085_1599_00009,allée Duke Ellington,9,,ST0107,1566992.51700000,5185475.85610000,1.28711198,45.85644837
87085_1599_00012,allée Duke Ellington,12,,ST0112,1566983.98710000,5185513.69960000,1.28699169,45.85678714
87085_1599_00020,allée Duke Ellington,20,,ST0116,1566944.75260000,5185591.09720000,1.28646513,45.85747579
87085_3220_00002,allée du Maine,2,,BV0239,1564640.35920000,5185662.34980000,1.25677762,45.85766685
87085_3220_00004,allée du Maine,4,,BV0238,1564639.76620000,5185652.16480000,1.25677285,45.85757511
87085_3220_00006,allée du Maine,6,,BV0237,1564639.30100000,5185641.22890000,1.25676994,45.85747664
87085_3220_00008,allée du Maine,8,,BV0236,1564638.66760000,5185628.44170000,1.25676539,45.85736149
87085_3321_00003,allée du Martiguet,3,,OY0014,1559950.89550000,5182820.49910000,1.19723312,45.83116380
87085_3321_00004,allée du Martiguet,4,,OX0017,1559962.25680000,5182839.27900000,1.19737384,45.83133505
87085_3321_00005,allée du Martiguet,5,,OY0013,1559943.74050000,5182812.56130000,1.19714336,45.83109094
87085_3321_00005_bis,allée du Martiguet,5,bis,OY0013,1559940.08920000,5182805.65570000,1.19709838,45.83102808
87085_3321_00006,allée du Martiguet,6,,OX0018,1559942.83710000,5182821.85500000,1.19712903,45.83117436
87085_3321_00007,allée du Martiguet,7,,OY0011,1559932.18050000,5182793.20760000,1.19700024,45.83091449
87085_3321_00008,allée du Martiguet,8,,OX0019,1559926.52140000,5182801.72400000,1.19692494,45.83098995
87085_3321_00009,allée du Martiguet,9,,OY0112,1559928.31410000,5182776.51120000,1.19695535,45.83076351
87085_3321_00010,allée du Martiguet,10,,OX0052,1559914.92090000,5182801.83380000,1.19677563,45.83098857
87085_3321_00011,allée du Martiguet,11,,OY0112,1559945.40100000,5182776.25200000,1.19717530,45.83076466
87085_3321_00012,allée du Martiguet,12,,OX0020,1559907.82100000,5182801.87600000,1.19668426,45.83098751
87085_3321_00013,allée du Martiguet,13,,OY0112,1559918.33120000,5182762.39170000,1.19683101,45.83063447
87085_3321_00015,allée du Martiguet,15,,OY0008,1559903.90050000,5182778.51480000,1.19664062,45.83077656
87085_3321_00016,allée du Martiguet,16,,OX0023,1559896.41010000,5182813.03010000,1.19653417,45.83108552
87085_3321_00017,allée du Martiguet,17,,OY0112,1559914.36780000,5182778.18900000,1.19677541,45.83077577
87085_3321_00018,allée du Martiguet,18,,OX0041,1559888.73910000,5182818.74860000,1.19643380,45.83113540
87085_3321_00020,allée du Martiguet,20,,OX0056,1559876.97270000,5182826.99240000,1.19627999,45.83120716
87085_3321_00022,allée du Martiguet,22,,OX0056,1559865.86290000,5182832.87470000,1.19613531,45.83125781
87085_3321_00023,allée du Martiguet,23,,OY0115,1559902.89760000,5182797.89320000,1.19662207,45.83095068
87085_3321_00025,allée du Martiguet,25,,OY0095,1559881.07690000,5182806.21800000,1.19633885,45.83102112
87085_3321_00027,allée du Martiguet,27,,OY0099,1559889.88200000,5182809.68820000,1.19645115,45.83105413
87085_3321_00031,allée du Martiguet,31,,OY0004,1559860.07140000,5182828.15840000,1.19606216,45.83121420
87085_3321_00035,allée du Martiguet,35,,OY0127,1559817.05350000,5182822.73960000,1.19551020,45.83115670
87085_3321_00037,allée du Martiguet,37,,OY0002,1559791.74400000,5182810.48370000,1.19518808,45.83104128
87085_3321_00039,allée du Martiguet,39,,OY0001,1559766.47070000,5182798.07800000,1.19486648,45.83092454
87085_3341_00057,allée du Mas Bilier,57,,PP0027,1560447.65190000,5184762.30480000,1.20306156,45.84873218
87085_3397_00006,allée du Mas Vergne,6,,RP0008,1561798.37290000,5184930.49490000,1.22039985,45.85051797
87085_3397_00008,allée du Mas Vergne,8,,RP0007,1561807.86480000,5184921.43190000,1.22052464,45.85043836
87085_3474_00001,allée du Mauzelet,1,,MD0087,1565405.67970000,5187658.93760000,1.26607096,45.87577756
87085_3474_00002,allée du Mauzelet,2,,MD0093,1565405.36660000,5187642.32700000,1.26607158,45.87562808
87085_3474_00003,allée du Mauzelet,3,,MD0088,1565422.07580000,5187675.09560000,1.26627759,45.87592612
87085_3474_00004,allée du Mauzelet,4,,MD0092,1565418.74680000,5187655.64880000,1.26624016,45.87575054
87085_3474_00005,allée du Mauzelet,5,,MD0089,1565439.28370000,5187692.14880000,1.26649442,45.87608290
87085_3474_00006,allée du Mauzelet,6,,MD0091,1565432.73110000,5187669.84820000,1.26641628,45.87588101
87085_3474_00007,allée du Mauzelet,7,,MD0067,1565467.32470000,5187720.20730000,1.26684768,45.87634079
87085_3474_00008,allée du Mauzelet,8,,MD0090,1565448.98210000,5187685.54720000,1.26662117,45.87602541
87085_3474_00009,allée du Mauzelet,9,,MD0068,1565483.81180000,5187741.08380000,1.26705417,45.87653181
87085_3474_00010,allée du Mauzelet,10,,MD0065,1565463.14720000,5187700.05650000,1.26679953,45.87615870
87085_3474_00011,allée du Mauzelet,11,,MD0069,1565490.34680000,5187773.19930000,1.26712933,45.87682199
87085_3474_00012,allée du Mauzelet,12,,MD0064,1565476.80660000,5187713.78820000,1.26697160,45.87628490
87085_3474_00014,allée du Mauzelet,14,,MD0063,1565490.67150000,5187729.67840000,1.26714571,45.87643056
87085_3474_00015,allée du Mauzelet,15,,MD0070,1565478.75740000,5187800.10120000,1.26697253,45.87706172
87085_3474_00016,allée du Mauzelet,16,,MD0062,1565498.40970000,5187745.73230000,1.26724087,45.87657649
87085_3474_00017,allée du Mauzelet,17,,MD0071,1565457.61260000,5187821.43670000,1.26669423,45.87724950
87085_3474_00018,allée du Mauzelet,18,,MD0061,1565502.74570000,5187765.09680000,1.26729128,45.87675153
87085_3474_00019,allée du Mauzelet,19,,MD0072,1565443.50720000,5187845.85480000,1.26650572,45.87746639
87085_3474_00020,allée du Mauzelet,20,,MD0060,1565501.04880000,5187786.59960000,1.26726340,45.87694463
87085_3474_00022,allée du Mauzelet,22,,MD0059,1565508.85170000,5187818.16210000,1.26735505,45.87723008
87085_3474_00024,allée du Mauzelet,24,,MD0058,1565529.39670000,5187841.05580000,1.26761323,45.87744004
87085_3474_00026,allée du Mauzelet,26,,MD0057,1565511.85600000,5187853.94970000,1.26738371,45.87755259
87085_3474_00028,allée du Mauzelet,28,,MD0056,1565502.05760000,5187827.64370000,1.26726489,45.87731404
87085_3474_00030,allée du Mauzelet,30,,MD0055,1565465.20290000,5187840.21470000,1.26678672,45.87741991
87085_3474_00032,allée du Mauzelet,32,,MD0054,1565457.33530000,5187861.28460000,1.26667949,45.87760790
87085_3474_00034,allée du Mauzelet,34,,MD0053,1565453.50720000,5187886.38630000,1.26662315,45.87783296
87085_3474_00036,allée du Mauzelet,36,,MD0052,1565441.20950000,5187909.20140000,1.26645837,45.87803578
87085_3626_00001,allée du Moulin-Blanc,1,,PC0056,1560370.90320000,5182320.09750000,1.20278310,45.82674787
87085_3626_00003,allée du Moulin-Blanc,3,,PC0057,1560380.99010000,5182339.66030000,1.20290721,45.82692589
87085_3626_00004,allée du Moulin-Blanc,4,,PC0071,1560420.28830000,5182383.41080000,1.20340016,45.82732742
87085_3626_00005,allée du Moulin-Blanc,5,,PC0058,1560393.00560000,5182362.58710000,1.20305516,45.82713457
87085_3626_00006,allée du Moulin-Blanc,6,,PC0070,1560437.74170000,5182396.52410000,1.20362093,45.82744892
87085_3626_00007,allée du Moulin-Blanc,7,,PC0059,1560405.02560000,5182382.76790000,1.20320396,45.82731854
87085_3626_00008,allée du Moulin-Blanc,8,,PC0069,1560451.36920000,5182406.55260000,1.20379337,45.82754190
87085_3626_00009,allée du Moulin-Blanc,9,,PC0060,1560430.84650000,5182405.34310000,1.20352965,45.82752686
87085_3626_00010,allée du Moulin-Blanc,10,,PC0068,1560458.66490000,5182414.09640000,1.20388505,45.82761124
87085_3626_00011,allée du Moulin-Blanc,11,,PC0061,1560449.21810000,5182420.85330000,1.20376154,45.82767011
87085_3626_00012,allée du Moulin-Blanc,12,,PC0067,1560459.96490000,5182424.56820000,1.20389874,45.82770570
87085_3626_00013,allée du Moulin-Blanc,13,,PC0062,1560429.55630000,5182444.75190000,1.20350161,45.82788109
87085_3626_00014,allée du Moulin-Blanc,14,,PC0066,1560457.09710000,5182435.57570000,1.20385865,45.82780414
87085_3626_00015,allée du Moulin-Blanc,15,,PC0063,1560436.27010000,5182458.66180000,1.20358396,45.82800758
87085_3626_00016,allée du Moulin-Blanc,16,,PC0065,1560450.87990000,5182447.16460000,1.20377528,45.82790712
87085_3626_00018,allée du Moulin-Blanc,18,,PC0064,1560448.57140000,5182461.94290000,1.20374129,45.82803959
87085_3671_00002,allée du Moulin Pinard,2,,SN0012,1565671.23800000,5186281.91890000,1.26987625,45.86344245
87085_3671_00016,allée du Moulin Pinard,16,,SM0006,1565646.70420000,5186486.53690000,1.26950311,45.86527832
87085_3671_00018,allée du Moulin Pinard,18,,SM0008,1565664.43930000,5186520.08790000,1.26972208,45.86558359
87085_3671_00020,allée du Moulin Pinard,20,,SM0009,1565690.84720000,5186537.21030000,1.27005733,45.86574278
87085_3671_00021,allée du Moulin Pinard,21,,SM0038,1565621.36870000,5186538.89540000,1.26916223,45.86574436
87085_3671_00022,allée du Moulin Pinard,22,,SM0010,1565685.61950000,5186540.40500000,1.26998912,45.86577050
87085_3671_00024,allée du Moulin Pinard,24,,SM0011,1565643.49630000,5186528.92690000,1.26944994,45.86565901
87085_3671_00025,allée du Moulin Pinard,25,,SM0003,1565580.15060000,5186604.20750000,1.26861321,45.86632382
87085_3673_00001,allée du Moulin Rabaud,1,,TX0101,1562713.50080000,5184684.66060000,1.23225000,45.84849000
87085_3673_00002,allée du Moulin Rabaud,2,,OC0019,1562719.18000000,5184677.06200000,1.23232544,45.84842270
87085_3673_00004,allée du Moulin Rabaud,4,,OC0008,1562720.42130000,5184709.08700000,1.23233227,45.84871103
87085_3673_00005,allée du Moulin Rabaud,5,,TX0101,1562726.03420000,5184725.53280000,1.23239982,45.84886009
87085_3673_00007,allée du Moulin Rabaud,7,,TX0101,1562751.20210000,5184720.79120000,1.23272514,45.84882246
87085_3673_00009,allée du Moulin Rabaud,9,,TX0114,1562781.33630000,5184806.73320000,1.23308849,45.84960157
87085_3673_00011,allée du Moulin Rabaud,11,,TX0115,1562767.98590000,5184812.53910000,1.23291498,45.84965113
87085_3673_00015,allée du Moulin Rabaud,15,,TX0113,1562762.93600000,5184817.18020000,1.23284865,45.84969187
87085_3673_00019,allée du Moulin Rabaud,19,,TX0116,1562783.17700000,5184813.46970000,1.23311026,45.84966254
87085_3673_00023,allée du Moulin Rabaud,23,,TX0096,1562814.71410000,5184856.12060000,1.23350404,45.85005250
87085_3673_00029,allée du Moulin Rabaud,29,,TX0098,1562842.33120000,5184883.33860000,1.23385177,45.85030285
87085_3673_00031,allée du Moulin Rabaud,31,,TX0100,1562858.28260000,5184898.95400000,1.23405265,45.85044650
87085_3673_00033,allée du Moulin Rabaud,33,,TX0106,1562881.13340000,5184921.17390000,1.23434045,45.85065093
87085_3673_00037,allée du Moulin Rabaud,37,,TX0104,1562917.76190000,5184967.05590000,1.23479887,45.85107097
87085_3673_00086,allée du Moulin Rabaud,86,,OC0022,1562950.03280000,5184995.72430000,1.23520610,45.85133529
87085_3673_00088,allée du Moulin Rabaud,88,,OC0022,1562956.04780000,5185003.60280000,1.23528129,45.85140736
87085_3695_00020,allée du Muguet,20,,BV0507,1563962.48960000,5185316.47080000,1.24814847,45.85442166
87085_3695_00022,allée du Muguet,22,,BV0508,1563955.55210000,5185326.58670000,1.24805630,45.85451129
87085_3695_00024,allée du Muguet,24,,BV0511,1563948.93830000,5185334.61350000,1.24796888,45.85458219
87085_1603_00001,allée Dunoyer de Ségonzac,1,,KZ0038,1567771.46830000,5191802.55500000,1.29539690,45.91351120
87085_1603_00002,allée Dunoyer de Ségonzac,2,,KZ0017,1567762.73930000,5191801.94610000,1.29528457,45.91350405
87085_1603_00003,allée Dunoyer de Ségonzac,3,,KZ0037,1567772.81570000,5191790.05430000,1.29541771,45.91339901
87085_1603_00004,allée Dunoyer de Ségonzac,4,,KZ0018,1567765.75390000,5191777.04290000,1.29533029,45.91328061
87085_1603_00005,allée Dunoyer de Ségonzac,5,,KZ0036,1567778.42140000,5191763.99000000,1.29549714,45.91316563
87085_1603_00006,allée Dunoyer de Ségonzac,6,,KZ0019,1567768.85780000,5191752.66840000,1.29537702,45.91306194
87085_1603_00007,allée Dunoyer de Ségonzac,7,,KZ0035,1567779.83610000,5191752.29840000,1.29551860,45.91306073
87085_1603_00008,allée Dunoyer de Ségonzac,8,,KZ0020,1567771.03200000,5191729.62030000,1.29541139,45.91285503
87085_1603_00009,allée Dunoyer de Ségonzac,9,,KZ0034,1567779.42290000,5191726.63570000,1.29552035,45.91282980
87085_1603_00010,allée Dunoyer de Ségonzac,10,,KZ0021,1567766.93050000,5191696.73690000,1.29536761,45.91255843
87085_1603_00011,allée Dunoyer de Ségonzac,11,,KZ0033,1567778.42310000,5191701.67720000,1.29551435,45.91260509
87085_1603_00012,allée Dunoyer de Ségonzac,12,,KZ0022,1567764.84290000,5191683.95520000,1.29534423,45.91244305
87085_1603_00014,allée Dunoyer de Ségonzac,14,,KZ0023,1567758.20130000,5191653.59360000,1.29526701,45.91216865
87085_1603_00015,allée Dunoyer de Ségonzac,15,,KZ0032,1567775.48230000,5191683.49860000,1.29548147,45.91244100
87085_1603_00016,allée Dunoyer de Ségonzac,16,,KZ0024,1567748.92390000,5191637.68980000,1.29515184,45.91202380
87085_1603_00017,allée Dunoyer de Ségonzac,17,,KZ0031,1567770.50500000,5191660.38650000,1.29542370,45.91223213
87085_1603_00018,allée Dunoyer de Ségonzac,18,,KZ0025,1567743.91980000,5191627.92570000,1.29509005,45.91193501
87085_1603_00019,allée Dunoyer de Ségonzac,19,,KZ0030,1567765.41420000,5191638.05470000,1.29536425,45.91203026
87085_1603_00021,allée Dunoyer de Ségonzac,21,,KZ0027,1567764.24540000,5191621.01510000,1.29535389,45.91187676
87085_1603_00023,allée Dunoyer de Ségonzac,23,,KZ0026,1567753.02980000,5191621.99710000,1.29520909,45.91188343
87085_4296_00020,allée du Poudrier,20,,CP0060,1567383.63940000,5184315.96580000,1.29246755,45.84608997
87085_4296_00026,allée du Poudrier,26,,CP0060,1567447.46410000,5184341.83000000,1.29328195,45.84633494
87085_4296_00077,allée du Poudrier,77,,CP0015,1567377.94660000,5184180.11440000,1.29243176,45.84486680
87085_4403_00001,allée du Puy Réjaud,1,,OR0168,1562428.52960000,5184636.95220000,1.22859564,45.84800380
87085_4403_00002,allée du Puy Réjaud,2,,OR0039,1562441.69910000,5184633.08450000,1.22876627,45.84797164
87085_4403_00005,allée du Puy Réjaud,5,,OR0017,1562442.33430000,5184669.27350000,1.22876408,45.84829731
87085_4403_00006,allée du Puy Réjaud,6,,OR0037,1562465.21910000,5184644.50500000,1.22906575,45.84807908
87085_4403_00007,allée du Puy Réjaud,7,,OR0192,1562456.62070000,5184670.04100000,1.22894776,45.84830707
87085_4403_00008,allée du Puy Réjaud,8,,OR0036,1562471.10650000,5184647.14940000,1.22914078,45.84810405
87085_4403_00010,allée du Puy Réjaud,10,,OR0035,1562479.89760000,5184650.52980000,1.22925297,45.84813621
87085_4403_00012,allée du Puy Réjaud,12,,OR0034,1562506.44180000,5184662.15240000,1.22959132,45.84824607
87085_4403_00015,allée du Puy Réjaud,15,,OR0020,1562464.77480000,5184653.67940000,1.22905740,45.84816152
87085_4403_00016,allée du Puy Réjaud,16,,OR0033,1562537.65680000,5184676.61870000,1.22998898,45.84838245
87085_4403_00016_bis,allée du Puy Réjaud,16,bis,OR0173,1562546.71490000,5184682.94990000,1.23010400,45.84844100
87085_4403_00017,allée du Puy Réjaud,17,,OR0021,1562471.45870000,5184656.77930000,1.22914255,45.84819074
87085_4403_00019,allée du Puy Réjaud,19,,OR0022,1562477.70110000,5184659.33080000,1.22922217,45.84821494
87085_4403_00021,allée du Puy Réjaud,21,,OR0023,1562485.31220000,5184662.86010000,1.22931913,45.84824821
87085_4403_00023,allée du Puy Réjaud,23,,OR0024,1562502.18060000,5184669.93110000,1.22953424,45.84831519
87085_4403_00027,allée du Puy Réjaud,27,,OR0028,1562532.79880000,5184685.89760000,1.22992379,45.84846494
87085_4403_00027_bis,allée du Puy Réjaud,27,bis,OR0030,1562545.07550000,5184692.35340000,1.23007997,45.84852547
87085_4403_00029,allée du Puy Réjaud,29,,OR0030,1562552.51170000,5184697.83540000,1.23017413,45.84857627
87085_4425_00002,allée du Quercy,2,,BV0561,1564309.11270000,5185607.02470000,1.25252867,45.85710386
87085_4425_00004,allée du Quercy,4,,BV0562,1564299.41070000,5185597.74800000,1.25240639,45.85701850
87085_4425_00005,allée du Quercy,5,,BV0557,1564290.50130000,5185581.20480000,1.25229636,45.85686792
87085_4425_00006,allée du Quercy,6,,BV0563,1564292.20100000,5185589.85160000,1.25231580,45.85694604
87085_4425_00008,allée du Quercy,8,,BV0564,1564285.28690000,5185582.92380000,1.25222874,45.85688236
87085_4425_00009,allée du Quercy,9,,BV0549,1564284.71750000,5185545.31130000,1.25223204,45.85654390
87085_4425_00010,allée du Quercy,10,,BV0565,1564268.95360000,5185573.70410000,1.25202107,45.85679620
87085_4425_00011,allée du Quercy,11,,BV0548,1564275.26890000,5185553.09020000,1.25210820,45.85661201
87085_4425_00012,allée du Quercy,12,,BV0546,1564260.94570000,5185567.52340000,1.25191972,45.85673902
87085_4425_00014,allée du Quercy,14,,BV0547,1564268.49580000,5185560.22250000,1.25201899,45.85667483
87085_4871_00002,allée du Sequoia,2,,NI0185,1561440.39890000,5181051.02590000,1.21690998,45.81554823
87085_4871_00004,allée du Sequoia,4,,NI0278,1561463.86150000,5181041.49150000,1.21721456,45.81546719
87085_4871_00006,allée du Sequoia,6,,NI0280,1561482.28740000,5181035.90240000,1.21745321,45.81542062
87085_4871_00008,allée du Sequoia,8,,NI0188,1561499.46820000,5181043.39730000,1.21767207,45.81549150
87085_4871_00010,allée du Sequoia,10,,NI0189,1561516.74620000,5181054.28690000,1.21789121,45.81559294
87085_4871_00012,allée du Sequoia,12,,NI0190,1561529.90490000,5181061.35280000,1.21805845,45.81565915
87085_5117_00001,allée du Tulipier,1,,NI0191,1561561.01440000,5180954.68670000,1.21848936,45.81470589
87085_5117_00003,allée du Tulipier,3,,NI0192,1561552.82420000,5180968.90340000,1.21837990,45.81483213
87085_5117_00004,allée du Tulipier,4,,NI0195,1561576.22560000,5180974.52260000,1.21867933,45.81488739
87085_5117_00005,allée du Tulipier,5,,NI0193,1561556.31040000,5180984.12260000,1.21842037,45.81496974
87085_5117_00006,allée du Tulipier,6,,NI0194,1561569.99900000,5180986.08100000,1.21859590,45.81499011
87085_5205_00001,allée du Verdon,1,,EW0217,1565772.76130000,5181441.68420000,1.27253532,45.81992142
87085_5205_00003,allée du Verdon,3,,EW0216,1565782.00260000,5181448.34060000,1.27265236,45.81998310
87085_5205_00005,allée du Verdon,5,,EW0215,1565791.23530000,5181454.50960000,1.27276942,45.82004040
87085_5205_00007,allée du Verdon,7,,EW0214,1565799.95540000,5181460.60590000,1.27287991,45.82009694
87085_5205_00009,allée du Verdon,9,,EW0213,1565810.09720000,5181467.47030000,1.27300848,45.82016067
87085_5205_00011,allée du Verdon,11,,EW0212,1565817.84170000,5181473.27940000,1.27310650,45.82021444
87085_5205_00013,allée du Verdon,13,,EW0211,1565829.82430000,5181481.61400000,1.27325834,45.82029175
87085_1658_00010,allée Edmé Bouchardon,10,,RR0041,1562012.47760000,5185117.80180000,1.22310212,45.85224590
87085_1658_00011,allée Edmé Bouchardon,11,,RR0021,1562019.14210000,5185149.38350000,1.22317884,45.85253133
87085_1658_00014,allée Edmé Bouchardon,14,,RR0039,1562050.92510000,5185166.45900000,1.22358308,45.85269131
87085_1658_00015,allée Edmé Bouchardon,15,,RR0022,1562033.95270000,5185167.76140000,1.22336422,45.85269962
87085_1658_00017,allée Edmé Bouchardon,17,,RR0023,1562050.19090000,5185187.13240000,1.22356770,45.85287713
87085_1658_00018,allée Edmé Bouchardon,18,,RR0028,1562117.70880000,5185236.11690000,1.22442280,45.85333131
87085_1658_00019,allée Edmé Bouchardon,19,,RR0024,1562068.20160000,5185203.43670000,1.22379487,45.85302740
87085_1658_00020,allée Edmé Bouchardon,20,,RR0027,1562126.27270000,5185264.42260000,1.22452492,45.85358765
87085_1658_00021,allée Edmé Bouchardon,21,,RR0025,1562088.65040000,5185219.37270000,1.22405353,45.85317486
87085_1658_00023,allée Edmé Bouchardon,23,,RR0026,1562102.24250000,5185236.24800000,1.22422366,45.85332939
87085_1663_00001,allée Edmond Malinvaud,1,,LI0058,1568051.00190000,5189689.99090000,1.29958100,45.89456100
87085_1663_00006,allée Edmond Malinvaud,6,,LI0082,1568034.34400000,5189733.61690000,1.29935400,45.89495000
87085_1663_00010,allée Edmond Malinvaud,10,,LI0059,1568027.53520000,1568027.53520000,1.29925600,45.89527200
87085_3250_00001,allée Edouard Manet,1,,SP0281,1565884.57570000,5185233.84440000,1.27291579,45.85405606
87085_3250_00003,allée Edouard Manet,3,,SP0281,1565885.33200000,5185257.99310000,1.27291879,45.85427344
87085_3250_00003_bis,allée Edouard Manet,3,bis,SP0151,1565786.40230000,5185299.16090000,1.27163370,45.85462446
87085_3250_00005,allée Edouard Manet,5,,SP0117,1565827.79540000,5185340.89570000,1.27215493,45.85500797
87085_3250_00007,allée Edouard Manet,7,,SP0118,1565828.04340000,5185366.51410000,1.27215096,45.85523847
87085_1686_00001,allée Edwige Feuillère,1,,PN0044,1559448.10610000,5184379.15040000,1.19030745,45.84508194
87085_1686_00003,allée Edwige Feuillère,3,,PN0045,1559433.52810000,5184397.60360000,1.19011442,45.84524495
87085_1686_00004,allée Edwige Feuillère,4,,PN0053,1559452.28550000,5184392.57320000,1.19035732,45.84520354
87085_1686_00005,allée Edwige Feuillère,5,,PN0046,1559420.46010000,5184414.82950000,1.18994117,45.84539724
87085_1686_00006,allée Edwige Feuillère,6,,PN0052,1559438.19870000,5184410.72620000,1.19017069,45.84536395
87085_1686_00007,allée Edwige Feuillère,7,,PN0047,1559396.09910000,5184423.58090000,1.18962506,45.84547098
87085_1686_00008,allée Edwige Feuillère,8,,PN0051,1559423.83370000,5184428.96300000,1.18998046,45.84552506
87085_1686_00009,allée Edwige Feuillère,9,,PN0048,1559394.23660000,5184431.09720000,1.18959888,45.84553821
87085_1686_00010,allée Edwige Feuillère,10,,PN0050,1559413.94040000,5184441.61140000,1.18984942,45.84563682
87085_1686_00012,allée Edwige Feuillère,12,,PN0049,1559405.22180000,5184439.75020000,1.18973775,45.84561829
87085_1713_00004,allée Emile Clapeyron,4,,HP0234,1565178.82040000,5180579.20270000,1.26513563,45.81204671
87085_1713_00005,allée Emile Clapeyron,5,,HP0266,1565175.27120000,5180597.34830000,1.26508488,45.81220925
87085_1713_00006,allée Emile Clapeyron,6,,HP0236,1565193.50490000,5180563.07520000,1.26532904,45.81190451
87085_1713_00007,allée Emile Clapeyron,7,,HP0216,1565186.30390000,5180585.37710000,1.26523016,45.81210372
87085_1713_00008,allée Emile Clapeyron,8,,HP0191,1565204.88170000,5180548.41820000,1.26547950,45.81177489
87085_1713_00009,allée Emile Clapeyron,9,,HP0263,1565193.10410000,5180576.95050000,1.26532000,45.81202925
87085_1713_00011,allée Emile Clapeyron,11,,HP0185,1565202.08550000,5180567.31760000,1.26543823,45.81194436
87085_1713_00017,allée Emile Clapeyron,17,,HP0189,1565213.33300000,5180556.88420000,1.26558584,45.81185270
87085_1713_00019,allée Emile Clapeyron,19,,HP0238,1565219.95700000,5180539.98050000,1.26567579,45.81170194
87085_1717_00001,allée Emile Kahn,1,,OI0012,1562605.75220000,5184104.06870000,1.23102922,45.84324568
87085_1717_00002,allée Emile Kahn,2,,OI0016,1562617.51890000,5184168.70980000,1.23116219,45.84382951
87085_1717_00003,allée Emile Kahn,3,,OI0013,1562607.54870000,5184205.98580000,1.23102321,45.84416284
87085_1737_00002,allée Erasme,2,,HY0402,1564497.49160000,5181375.65140000,1.25614680,45.81907739
87085_1737_00004,allée Erasme,4,,HY0402,1564482.67080000,5181375.42200000,1.25595619,45.81907240
87085_1737_00006,allée Erasme,6,,HY0402,1564467.54140000,5181375.35500000,1.25576156,45.81906882
87085_1737_00008,allée Erasme,8,,HY0402,1564446.77340000,5181375.41400000,1.25549436,45.81906526
87085_1737_00010,allée Erasme,10,,HY0402,1564430.16680000,5181376.12000000,1.25528051,45.81906834
87085_1737_00012,allée Erasme,12,,HY0402,1564411.16630000,5181376.04160000,1.25503608,45.81906389
87085_1748_00001,allée Ernest Hemingway,1,,KY0248,1568108.91460000,5192300.40760000,1.29960871,45.91805457
87085_1748_00003,allée Ernest Hemingway,3,,KY0249,1568106.77320000,5192275.92560000,1.29958785,45.91783393
87085_1748_00004,allée Ernest Hemingway,4,,KY0266,1568075.39090000,5192242.33380000,1.29919263,45.91752572
87085_1748_00005,allée Ernest Hemingway,5,,KY0250,1568104.61970000,5192249.95220000,1.29956724,45.91759987
87085_1748_00006,allée Ernest Hemingway,6,,KY0265,1568051.42650000,5192232.60790000,1.29888645,45.91743363
87085_1748_00008,allée Ernest Hemingway,8,,KY0264,1568023.34860000,5192217.12290000,1.29852883,45.91728894
87085_1748_00009,allée Ernest Hemingway,9,,KY0251,1568057.41830000,5192222.97560000,1.29896632,45.91734813
87085_1748_00010,allée Ernest Hemingway,10,,KY0263,1567995.87990000,5192201.55760000,1.29817910,45.91714364
87085_1748_00011,allée Ernest Hemingway,11,,KY0252,1568037.54140000,5192211.76250000,1.29871323,45.91724344
87085_1748_00012,allée Ernest Hemingway,12,,KY0262,1567978.35960000,5192193.98890000,1.29795537,45.91707218
87085_1748_00013,allée Ernest Hemingway,13,,KY0253,1568018.48490000,5192201.01190000,1.29847058,45.91714307
87085_1748_00014,allée Ernest Hemingway,14,,KY0261,1567963.19970000,5192189.42620000,1.29776125,45.91702823
87085_1748_00015,allée Ernest Hemingway,15,,KY0254,1567998.10960000,5192189.62450000,1.29821112,45.91703672
87085_1748_00016,allée Ernest Hemingway,16,,KY0260,1567949.27900000,5192185.53840000,1.29758290,45.91699058
87085_1748_00017,allée Ernest Hemingway,17,,KY0278,1567975.44530000,5192183.43450000,1.29792072,45.91697668
87085_1748_00018,allée Ernest Hemingway,18,,KY0259,1567932.99670000,5192180.80670000,1.29737436,45.91694488
87085_1748_00019,allée Ernest Hemingway,19,,KY0277,1567952.42330000,5192177.06900000,1.29762576,45.91691499
87085_1748_00021,allée Ernest Hemingway,21,,KY0257,1567929.69450000,5192170.42910000,1.29733466,45.91685089
87085_1748_00023,allée Ernest Hemingway,23,,KY0258,1567913.25830000,5192165.81590000,1.29712410,45.91680623
87085_1780_00001,allée Etienne Baluze,1,,BT0442,1564803.39740000,5185249.34490000,1.25899287,45.85398372
87085_1780_00002,allée Etienne Baluze,2,,BT0433,1564824.45790000,5185267.60930000,1.25925885,45.85415216
87085_1780_00003,allée Etienne Baluze,3,,BT0442,1564782.88790000,5185243.16400000,1.25873058,45.85392409
87085_1780_00004,allée Etienne Baluze,4,,BT0433,1564802.36070000,5185260.86580000,1.25897628,45.85408715
87085_1780_00006,allée Etienne Baluze,6,,BT0430,1564756.50340000,5185247.20980000,1.25838978,45.85395529
87085_1780_00008,allée Etienne Baluze,8,,BT0430,1564737.08270000,5185241.15280000,1.25814148,45.85389698
87085_1780_00010,allée Etienne Baluze,10,,BT0430,1564719.25060000,5185236.13760000,1.25791333,45.85384836
87085_1780_00012,allée Etienne Baluze,12,,BT0430,1564699.11650000,5185236.76800000,1.25765395,45.85385007
87085_2112_00001,allée Eugène Fromentin,1,,CR0332,1566626.40030000,5183707.92190000,1.28288931,45.84047375
87085_2112_00002,allée Eugène Fromentin,2,,CR0332,1566630.83520000,5183732.90720000,1.28293945,45.84069937
87085_2112_00003,allée Eugène Fromentin,3,,CR0332,1566606.01850000,5183705.05230000,1.28262778,45.84044398
87085_2112_00005,allée Eugène Fromentin,5,,CR0332,1566585.48610000,5183702.12950000,1.28236433,45.84041371
87085_1818_00001,allée Eugène Sénamaud,1,,RR0029,1562107.11630000,5185211.54210000,1.22429350,45.85310812
87085_1818_00002,allée Eugène Sénamaud,2,,RR0038,1562097.93180000,5185177.47390000,1.22418504,45.85279982
87085_1818_00003,allée Eugène Sénamaud,3,,RR0030,1562107.22710000,5185179.81640000,1.22430403,45.85282276
87085_1818_00004,allée Eugène Sénamaud,4,,RR0037,1562100.06490000,5185147.72670000,1.22422104,45.85253266
87085_1818_00005,allée Eugène Sénamaud,5,,RR0031,1562109.35540000,5185148.96560000,1.22434028,45.85254567
87085_1818_00006,allée Eugène Sénamaud,6,,RR0036,1562101.79050000,5185119.59270000,1.22425133,45.85227993
87085_1818_00007,allée Eugène Sénamaud,7,,RR0033,1562111.22630000,5185120.38940000,1.22437257,45.85228899
87085_1818_00008,allée Eugène Sénamaud,8,,RR0035,1562098.48060000,5185094.20080000,1.22421601,45.85205085
87085_1818_00009,allée Eugène Sénamaud,9,,RR0034,1562112.80240000,5185097.07020000,1.22439955,45.85207953
87085_1836_00002,allée Fabre d'Eglantine,2,,LS0034,1567954.76910000,5187612.02430000,1.29891276,45.87585009
87085_1836_00004,allée Fabre d'Eglantine,4,,LS0034,1567955.32460000,5187634.80830000,1.29891365,45.87605516
87085_1836_00006,allée Fabre d'Eglantine,6,,LS0065,1567975.56090000,5187671.61300000,1.29916414,45.87639013
87085_1836_00008,allée Fabre d'Eglantine,8,,LS0065,1567975.49270000,5187701.03000000,1.29915517,45.87665474
87085_1836_00010,allée Fabre d'Eglantine,10,,LS0035,1567954.45490000,5187719.57550000,1.29887913,45.87681752
87085_1836_00012,allée Fabre d'Eglantine,12,,LS0035,1567954.88170000,5187739.60430000,1.29887911,45.87699778
87085_1836_00014,allée Fabre d'Eglantine,14,,LS0065,1567953.39480000,5187755.10170000,1.29885570,45.87713690
87085_1836_00016,allée Fabre d'Eglantine,16,,LS0013,1567952.50860000,5187791.53090000,1.29883426,45.87746443
87085_1836_00017,allée Fabre d'Eglantine,17,,LS0095,1567936.33850000,5187784.36460000,1.29862798,45.87739686
87085_1836_00018,allée Fabre d'Eglantine,18,,LS0065,1567983.74350000,5187827.61170000,1.29922662,45.87779501
87085_1836_00019,allée Fabre d'Eglantine,19,,LS0074,1567754.13440000,5187877.17640000,1.29625579,45.87819672
87085_1836_00020,allée Fabre d'Eglantine,20,,LS0065,1568009.39200000,5187832.30130000,1.29955566,45.87784212
87085_1836_00021,allée Fabre d'Eglantine,21,,LS0074,1567779.35020000,5187917.18080000,1.29656953,45.87856144
87085_1836_00023,allée Fabre d'Eglantine,23,,LS0074,1567752.92980000,5187923.17180000,1.29622761,45.87861025
87085_1836_00025,allée Fabre d'Eglantine,25,,LS0074,1567716.99240000,5187954.42150000,1.29575614,45.87888444
87085_1836_00026,allée Fabre d'Eglantine,26,,LS0064,1567934.03870000,5187859.46990000,1.29857770,45.87807204
87085_1836_00027,allée Fabre d'Eglantine,27,,LS0074,1567685.26270000,5187963.06630000,1.29534510,45.87895610
87085_1836_00028,allée Fabre d'Eglantine,28,,LS0011,1567904.66990000,5187869.25950000,1.29819675,45.87815446
87085_1836_00029,allée Fabre d'Eglantine,29,,LS0074,1567666.29620000,5187992.41270000,1.29509273,45.87921643
87085_1836_00030,allée Fabre d'Eglantine,30,,LS0063,1567890.08590000,5187887.08640000,1.29800402,45.87831202
87085_1836_00031,allée Fabre d'Eglantine,31,,LS0074,1567617.56950000,5187954.18750000,1.29447570,45.87886319
87085_1836_00032,allée Fabre d'Eglantine,32,,LS0063,1567884.54860000,5187917.22700000,1.29792440,45.87858209
87085_1836_00033,allée Fabre d'Eglantine,33,,LS0074,1567654.13070000,5187925.99430000,1.29495436,45.87861662
87085_1836_00034,allée Fabre d'Eglantine,34,,LS0063,1567873.34940000,5187936.89700000,1.29777475,45.87875688
87085_1836_00035,allée Fabre d'Eglantine,35,,LS0074,1567641.87760000,5187886.98510000,1.29480731,45.87826334
87085_1836_00036,allée Fabre d'Eglantine,36,,LS0070,1567793.37760000,5187937.18290000,1.29674469,45.87874407
87085_1836_00037,allée Fabre d'Eglantine,37,,LS0074,1567603.41030000,5187909.22230000,1.29430574,45.87845597
87085_1836_00039,allée Fabre d'Eglantine,39,,LS0074,1567595.26230000,5187863.60940000,1.29421339,45.87804408
87085_1836_00040,allée Fabre d'Eglantine,40,,LS0091,1567764.34840000,5187981.98170000,1.29635847,45.87914148
87085_1836_00042,allée Fabre d'Eglantine,42,,LS0091,1567712.94160000,5187986.40270000,1.29569516,45.87917135
87085_1836_00044,allée Fabre d'Eglantine,44,,LS0091,1567685.69020000,5188005.75110000,1.29533884,45.87934015
87085_1836_00048,allée Fabre d'Eglantine,48,,LS0091,1567701.32210000,5188055.33890000,1.29552650,45.87978924
87085_1793_00003,allée Falconnet,3,,RS0102,1561737.81980000,5185401.47200000,1.21948482,45.85474246
87085_1793_00004,allée Falconnet,4,,RS0089,1561759.85290000,5185385.82470000,1.21977297,45.85460613
87085_1793_00005,allée Falconnet,5,,RS0100,1561762.75060000,5185395.87100000,1.21980738,45.85469709
87085_1793_00006,allée Falconnet,6,,RS0090,1561787.44070000,5185377.35910000,1.22013056,45.85453553
87085_1793_00007,allée Falconnet,7,,RS0098,1561785.48070000,5185388.44950000,1.22010213,45.85463490
87085_1793_00008,allée Falconnet,8,,RS0091,1561815.46370000,5185362.17530000,1.22049568,45.85440458
87085_1793_00009,allée Falconnet,9,,RS0096,1561808.34620000,5185381.45620000,1.22039850,45.85457659
87085_1793_00010,allée Falconnet,10,,RS0092,1561821.77400000,5185369.41670000,1.22057483,45.85447099
87085_2051_00001,allée François Faucher,1,,MD0150,1565285.74590000,5187952.12370000,1.26444409,45.87839143
87085_2051_00003,allée François Faucher,3,,MD0149,1565307.49400000,5187946.65200000,1.26472573,45.87834647
87085_2051_00004,allée François Faucher,4,,MD0130,1565310.05070000,5187935.39760000,1.26476181,45.87824574
87085_2051_00005,allée François Faucher,5,,MD0148,1565338.90150000,5187938.54070000,1.26513250,45.87827966
87085_2051_00006,allée François Faucher,6,,MD0131,1565328.87950000,5187930.66570000,1.26500564,45.87820686
87085_2051_00007,allée François Faucher,7,,MD0147,1565355.05420000,5187934.29970000,1.26534173,45.87824468
87085_2051_00008,allée François Faucher,8,,MD0132,1565354.59750000,5187922.20270000,1.26533924,45.87813577
87085_2051_00009,allée François Faucher,9,,MD0146,1565364.07000000,5187930.19040000,1.26545900,45.87820948
87085_2051_00011,allée François Faucher,11,,MD0145,1565366.23070000,5187916.27780000,1.26549073,45.87808475
87085_2051_00012,allée François Faucher,12,,MD0133,1565343.44180000,5187880.30880000,1.26520732,45.87775673
87085_2051_00014,allée François Faucher,14,,MD0134,1565332.78280000,5187869.45230000,1.26507309,45.87765698
87085_2051_00015,allée François Faucher,15,,MD0144,1565366.37890000,5187897.67320000,1.26549785,45.87791742
87085_2051_00017,allée François Faucher,17,,MD0143,1565361.81010000,5187880.37340000,1.26544387,45.87776091
87085_2051_00019,allée François Faucher,19,,MD0142,1565354.01530000,5187867.14520000,1.26534719,45.87764038
87085_2051_00021,allée François Faucher,21,,MD0141,1565346.78600000,5187845.75770000,1.26526008,45.87744657
87085_2063_00001,allée François Reichenbach,1,,MD0192,1565420.72460000,5188156.22300000,1.26612528,45.88025387
87085_2063_00002,allée François Reichenbach,2,,MD0204,1565409.12520000,5188154.77040000,1.26597629,45.88023853
87085_2063_00004,allée François Reichenbach,4,,MD0201,1565409.50320000,5188144.63460000,1.26598400,45.88014742
87085_2063_00006,allée François Reichenbach,6,,MD0200,1565414.72890000,5188126.74650000,1.26605632,45.87998753
87085_2063_00008,allée François Reichenbach,8,,MD0199,1565418.15200000,5188106.96100000,1.26610596,45.87981022
87085_2063_00010,allée François Reichenbach,10,,MD0198,1565419.57740000,5188084.64240000,1.26613057,45.87960973
87085_2061_00015,allée François Richard,15,,CN0048,1566316.86330000,5184591.03220000,1.27865975,45.84835777
87085_2123_00001,allée Gabriel Lippmann,1,,NZ0175,1565054.63460000,5186331.27910000,1.26192318,45.86376569
87085_2123_00003,allée Gabriel Lippmann,3,,NZ0176,1565067.11040000,5186346.27610000,1.26207961,45.86390305
87085_2123_00004,allée Gabriel Lippmann,4,,NZ0177,1565073.75750000,5186341.22090000,1.26216661,45.86385888
87085_2123_00005,allée Gabriel Lippmann,5,,NZ0170,1565072.30590000,5186369.31550000,1.26214003,45.86411132
87085_2123_00006,allée Gabriel Lippmann,6,,NZ0180,1565106.96860000,5186333.34520000,1.26259644,45.86379455
87085_2123_00007,allée Gabriel Lippmann,7,,NZ0167,1565080.86690000,5186375.78000000,1.26224844,45.86417115
87085_2123_00008,allée Gabriel Lippmann,8,,NZ0183,1565117.68260000,5186327.49860000,1.26273604,45.86374406
87085_2123_00009,allée Gabriel Lippmann,9,,NZ0166,1565092.50700000,5186375.04690000,1.26239852,45.86416684
87085_2123_00011,allée Gabriel Lippmann,11,,NZ0165,1565094.25970000,5186364.92360000,1.26242394,45.86407612
87085_2123_00015,allée Gabriel Lippmann,15,,NZ0185,1565118.40320000,5186345.96990000,1.26274013,45.86391036
87085_2123_00017,allée Gabriel Lippmann,17,,NZ0184,1565123.12020000,5186332.04110000,1.26280477,45.86378599
87085_2142_00001,allée Galvani,1,,SK0009,1565019.70050000,5186908.98330000,1.26131098,45.86895561
87085_2142_00003,allée Galvani,3,,SK0009,1565019.31710000,5186912.87230000,1.26130495,45.86899051
87085_2142_00005,allée Galvani,5,,SK0009,1565018.83720000,5186917.65230000,1.26129742,45.86903342
87085_2142_00007,allée Galvani,7,,SK0009,1565017.96940000,5186923.79580000,1.26128452,45.86908851
87085_2142_00009,allée Galvani,9,,SK0009,1565017.13150000,5186931.69330000,1.26127151,45.86915939
87085_2142_00011,allée Galvani,11,,SK0009,1565016.40110000,5186938.64530000,1.26126015,45.86922178
87085_2142_00013,allée Galvani,13,,SK0009,1565015.79120000,5186945.16690000,1.26125046,45.86928033
87085_2142_00015,allée Galvani,15,,SK0009,1565015.08590000,5186950.96320000,1.26123975,45.86933233
87085_2142_00017,allée Galvani,17,,SK0009,1565014.42020000,5186958.54320000,1.26122905,45.86940039
87085_2142_00019,allée Galvani,19,,SK0009,1565013.47510000,5186966.86660000,1.26121454,45.86947507
87085_2189_00004,allée Général Brosset,4,,NH0278,1561594.44180000,5181576.88360000,1.21874034,45.82030959
87085_2189_00005,allée Général Brosset,5,,NH0278,1561574.15910000,5181584.44620000,1.21847722,45.82037354
87085_2189_00006,allée Général Brosset,6,,NH0278,1561588.24430000,5181588.03070000,1.21865740,45.82040862
87085_2189_00007,allée Général Brosset,7,,NH0278,1561549.88620000,5181578.91020000,1.21816653,45.82031886
87085_2189_00008,allée Général Brosset,8,,NH0278,1561576.64300000,5181594.22820000,1.21850636,45.82046203
87085_2189_00010,allée Général Brosset,10,,NH0278,1561567.76760000,5181594.48530000,1.21839210,45.82046256
87085_2189_00011,allée Général Brosset,11,,NH0278,1561497.57840000,5181560.10100000,1.21749897,45.82013913
87085_2189_00012,allée Général Brosset,12,,NH0278,1561544.75760000,5181585.05510000,1.21809877,45.82037310
87085_2189_00014,allée Général Brosset,14,,NH0278,1561530.27560000,5181578.14490000,1.21791444,45.82030802
87085_2189_00015,allée Général Brosset,15,,NH0278,1561482.35220000,5181552.64190000,1.21730523,45.82006896
87085_2189_00018,allée Général Brosset,18,,NH0278,1561477.44160000,5181562.85390000,1.21723911,45.82015984
87085_2196_00001,allée Général Lhermite,1,,SZ0044,1566694.86640000,5180802.18550000,1.28457609,45.81434802
87085_2196_00002,allée Général Lhermite,2,,SZ0085,1566699.71850000,5180814.71260000,1.28463504,45.81446165
87085_2196_00003,allée Général Lhermite,3,,SZ0048,1566685.73060000,5180822.10170000,1.28445304,45.81452541
87085_2196_00004,allée Général Lhermite,4,,SZ0084,1566691.45050000,5180846.95350000,1.28451974,45.81475008
87085_2196_00005,allée Général Lhermite,5,,SZ0087,1566665.65890000,5180866.20820000,1.28418260,45.81491829
87085_2196_00006,allée Général Lhermite,6,,SZ0083,1566731.89380000,5180870.08010000,1.28503361,45.81496595
87085_2196_00007,allée Général Lhermite,7,,SZ0061,1566640.93340000,5180865.52900000,1.28386471,45.81490738
87085_2196_00008,allée Général Lhermite,8,,SZ0082,1566755.24700000,5180880.50850000,1.28533115,45.81506429
87085_2196_00009,allée Général Lhermite,9,,SZ0062,1566619.99200000,5180862.74000000,1.28359608,45.81487824
87085_2196_00010,allée Général Lhermite,10,,SZ0081,1566774.17560000,5180893.62300000,1.28557103,45.81518593
87085_2196_00011,allée Général Lhermite,11,,SZ0063,1566600.89670000,5180866.04220000,1.28334951,45.81490424
87085_2196_00012,allée Général Lhermite,12,,SZ0080,1566792.10710000,5180906.30550000,1.28579820,45.81530349
87085_2196_00013,allée Général Lhermite,13,,SZ0064,1566580.45290000,5180878.34400000,1.28308310,45.81501094
87085_2196_00014,allée Général Lhermite,14,,SZ0079,1566749.58200000,5180888.68350000,1.28525601,45.81513673
87085_2196_00015,allée Général Lhermite,15,,SZ0065,1566560.08980000,5180901.64720000,1.28281467,45.81521662
87085_2196_00016,allée Général Lhermite,16,,SZ0078,1566719.40210000,5180877.10310000,1.28487097,45.81502671
87085_2196_00017,allée Général Lhermite,17,,SZ0056,1566591.94270000,5180882.70020000,1.28322970,45.81505235
87085_2196_00018,allée Général Lhermite,18,,SZ0077,1566692.07140000,5180873.90800000,1.28452026,45.81499267
87085_2196_00019,allée Général Lhermite,19,,SZ0057,1566615.20870000,5180873.26950000,1.28353163,45.81497203
87085_2196_00021,allée Général Lhermite,21,,SZ0058,1566636.46270000,5180875.37190000,1.28380447,45.81499506
87085_2196_00023,allée Général Lhermite,23,,SZ0075,1566662.89950000,5180878.00320000,1.28414384,45.81502386
87085_2209_00002,allée Georges Bernanos,2,,OA0128,1565236.49130000,5179409.09560000,1.26620520,45.80153215
87085_2209_00004,allée Georges Bernanos,4,,OA0129,1565239.36940000,5179425.18590000,1.26623771,45.80167746
87085_2209_00006,allée Georges Bernanos,6,,OA0130,1565235.88020000,5179444.44330000,1.26618744,45.80185001
87085_2209_00008,allée Georges Bernanos,8,,OA0131,1565231.01760000,5179466.20110000,1.26611881,45.80204478
87085_2209_00010,allée Georges Bernanos,10,,OA0132,1565228.01440000,5179480.91010000,1.26607607,45.80217651
87085_2209_00011,allée Georges Bernanos,11,,OA0062,1565207.15160000,5179510.48070000,1.26579946,45.80243843
87085_2209_00012,allée Georges Bernanos,12,,OA0133,1565224.47690000,5179497.48400000,1.26602593,45.80232491
87085_2209_00014,allée Georges Bernanos,14,,OA0134,1565221.06320000,5179512.69620000,1.26597776,45.80246109
87085_2237_00001,allée Georges Vérynaud,1,,EX0530,1566274.99560000,5180638.69340000,1.27922015,45.81279581
87085_2237_00009,allée Georges Vérynaud,9,,EX0198,1566224.72410000,5180605.12840000,1.27858279,45.81248410
87085_2244_00001,allée Gérard Philipe,1,,LP0045,1567816.29460000,5188150.42950000,1.29698111,45.88066676
87085_2244_00010,allée Gérard Philipe,10,,LP0042,1567757.02780000,5188222.81960000,1.29619782,45.88130655
87085_2244_00012,allée Gérard Philipe,12,,LP0042,1567749.87760000,5188238.28720000,1.29610146,45.88144432
87085_5032_00001,allée Géricault,1,,RS0031,1561733.81790000,5185474.27230000,1.21941235,45.85539653
87085_5032_00003,allée Géricault,3,,RS0032,1561736.22620000,5185504.14840000,1.21943475,45.85566576
87085_5032_00004,allée Géricault,4,,RS0035,1561746.37780000,5185495.38330000,1.21956796,45.85558895
87085_5032_00005,allée Géricault,5,,RS0033,1561738.83610000,5185531.97600000,1.21946034,45.85591661
87085_2243_00001,allée Germaine May,1,,EY0267,1566422.71610000,5181454.98750000,1.28089375,45.82016762
87085_2243_00003,allée Germaine May,3,,EY0267,1566421.83220000,5181449.66200000,1.28088385,45.82011954
87085_2243_00005,allée Germaine May,5,,EY0267,1566420.34850000,5181442.08980000,1.28086687,45.82005113
87085_2243_00006,allée Germaine May,6,,EY0269,1566432.81390000,5181395.17910000,1.28104027,45.81963156
87085_2243_00007,allée Germaine May,7,,EY0267,1566419.36360000,5181437.11330000,1.28085558,45.82000617
87085_2243_00008,allée Germaine May,8,,EY0269,1566431.31780000,5181400.64250000,1.28101951,45.81968042
87085_2243_00010,allée Germaine May,10,,EY0269,1566430.63250000,5181402.89970000,1.28101006,45.81970059
87085_2243_00012,allée Germaine May,12,,EY0269,1566429.25010000,5181407.76960000,1.28099093,45.81974413
87085_2243_00014,allée Germaine May,14,,EY0269,1566427.86190000,5181411.92860000,1.28097191,45.81978127
87085_2243_00016,allée Germaine May,16,,EY0269,1566426.47950000,5181416.79850000,1.28095277,45.81982481
87085_2243_00018,allée Germaine May,18,,EY0269,1566425.66930000,5181419.17520000,1.28094169,45.81984603
87085_2243_00020,allée Germaine May,20,,EY0269,1566424.28400000,5181423.68960000,1.28092261,45.81988638
87085_2243_00022,allée Germaine May,22,,EY0269,1566426.60250000,5181433.26590000,1.28094978,45.81997297
87085_2243_00024,allée Germaine May,24,,EY0269,1566426.20810000,5181441.68660000,1.28094237,45.82004864
87085_2243_00026,allée Germaine May,26,,EY0269,1566427.80870000,5181449.97250000,1.28096066,45.82012349
87085_2243_00030,allée Germaine May,30,,EY0263,1566427.42310000,5181465.34460000,1.28095143,45.82026170
87085_2243_00032,allée Germaine May,32,,EY0263,1566413.20620000,5181468.17490000,1.28076773,45.82028440
87085_2242_00001,allée Germaine Tillion,1,,MP0008,1567173.85170000,5189663.04930000,1.28828784,45.89414979
87085_2242_00003,allée Germaine Tillion,3,,MP0008,1567178.69360000,5189650.74620000,1.28835362,45.89404005
87085_2242_00005,allée Germaine Tillion,5,,MP0008,1567178.37610000,5189644.63430000,1.28835122,45.89398501
87085_2242_00006,allée Germaine Tillion,6,,MP0008,1567171.07360000,5189646.22180001,1.28825671,45.89399788
87085_2242_00007,allée Germaine Tillion,7,,MP0008,1567178.53490000,5189635.42680000,1.28835582,45.89390222
87085_2242_00008,allée Germaine Tillion,8,,MP0008,1567167.81920000,5189632.56930000,1.28821856,45.89387444
87085_2242_00009,allée Germaine Tillion,9,,MP0008,1567176.15360000,5189623.83800000,1.28832835,45.89379751
87085_2242_00010,allée Germaine Tillion,10,,MP0008,1567165.75540000,5189622.17120000,1.28819485,45.89378050
87085_2242_00011,allée Germaine Tillion,11,,MP0008,1567174.08980000,5189612.64610000,1.28830486,45.89369643
87085_2242_00012,allée Germaine Tillion,12,,MP0008,1567163.53290000,5189610.74120000,1.28816939,45.89367725
87085_2242_00014,allée Germaine Tillion,14,,MP0008,1567161.62790000,5189600.50180000,1.28814768,45.89358478
87085_2242_00015,allée Germaine Tillion,15,,MP0008,1567171.94670000,5189601.85110000,1.28828024,45.89359891
87085_2242_00017,allée Germaine Tillion,17,,MP0008,1567169.80360000,5189590.65920000,1.28825573,45.89349782
87085_2242_00019,allée Germaine Tillion,19,,MP0008,1567167.26360000,5189577.95920000,1.28822653,45.89338308
87085_2247_00002,allée Germain Pilon,2,,RS0020,1561634.91680000,5185400.33060000,1.21816043,45.85471149
87085_2247_00003,allée Germain Pilon,3,,RS0013,1561612.84770000,5185417.43650000,1.21787139,45.85486092
87085_2247_00004,allée Germain Pilon,4,,RS0019,1561622.64250000,5185420.36950000,1.21799664,45.85488928
87085_2247_00005,allée Germain Pilon,5,,RS0014,1561600.08850000,5185438.62430000,1.21770103,45.85504895
87085_2247_00006,allée Germain Pilon,6,,RS0018,1561610.37330000,5185441.46320000,1.21783261,45.85507655
87085_2247_00007,allée Germain Pilon,7,,RS0015,1561581.36180000,5185454.06980000,1.21745550,45.85518411
87085_2247_00008,allée Germain Pilon,8,,RS0017,1561599.20960000,5185461.35580000,1.21768317,45.85525325
87085_2247_00010,allée Germain Pilon,10,,RS0016,1561586.58950000,5185471.02060000,1.21751791,45.85533765
87085_2251_00001,allée Gilbert Bécaud,1,,SC0181,1557721.87180000,5187956.95790000,1.16702895,45.87691044
87085_2251_00002,allée Gilbert Bécaud,2,,SC0103,1557721.22250000,5187937.37800000,1.16702640,45.87673418
87085_2251_00004,allée Gilbert Bécaud,4,,SC0105,1557742.54620000,5187979.42740000,1.16728855,45.87711684
87085_2251_00006,allée Gilbert Bécaud,6,,SC0106,1557759.78400000,5188019.22090000,1.16749875,45.87747836
87085_2251_00008,allée Gilbert Bécaud,8,,SC0107,1557761.04200000,5188059.14420000,1.16750312,45.87783774
87085_2253_00001,allée Gilbert Bugeac,1,,LC0003,1567988.08720000,5190944.00660000,1.29842497,45.90582973
87085_2253_00002,allée Gilbert Bugeac,2,,LC0003,1567994.75450000,5190951.70590000,1.29850876,45.90590027
87085_2253_00003,allée Gilbert Bugeac,3,,LC0003,1567976.49840000,5190943.05410000,1.29827590,45.90581893
87085_2253_00004,allée Gilbert Bugeac,4,,LC0003,1567978.56200000,5190950.35650000,1.29830048,45.90588502
87085_2253_00005,allée Gilbert Bugeac,5,,LC0003,1567966.17960000,5190942.26030000,1.29814316,45.90580981
87085_2253_00006,allée Gilbert Bugeac,6,,LC0003,1567972.52950000,5190949.80090000,1.29822290,45.90587886
87085_2253_00007,allée Gilbert Bugeac,7,,LC0003,1567954.27330000,5190941.30780000,1.29799000,45.90579895
87085_2253_00008,allée Gilbert Bugeac,8,,LC0003,1567964.67140000,5190949.24530000,1.29812180,45.90587235
87085_2253_00009,allée Gilbert Bugeac,9,,LC0003,1567943.55770000,5190940.51400000,1.29785214,45.90578975
87085_2253_00010,allée Gilbert Bugeac,10,,LC0003,1567951.33640000,5190948.37220000,1.29795021,45.90586194
87085_2253_00011,allée Gilbert Bugeac,11,,LC0003,1567932.12770000,5190939.64090000,1.29770510,45.90577970
87085_2253_00012,allée Gilbert Bugeac,12,,LC0003,1567945.06580000,5190947.81650000,1.29786956,45.90585573
87085_2253_00014,allée Gilbert Bugeac,14,,LC0003,1567930.77830000,5190946.46720000,1.29768583,45.90584085
87085_2253_00015,allée Gilbert Bugeac,15,,LC0003,1567921.09460000,5190939.00590000,1.29756310,45.90577187
87085_2253_00016,allée Gilbert Bugeac,16,,LC0003,1567923.23770000,5190945.83220000,1.29758884,45.90583368
87085_2254_00003,allée Gisèle Halimi,3,,LL0115,1567747.34520000,5189147.21110000,1.29581800,45.88962000
87085_2254_00004,allée Gisèle Halimi,4,,LL0118,1567732.26400000,5189141.01990001,1.29562600,45.88956200
87085_2254_00007,allée Gisèle Halimi,7,,LL0117,1567778.45760000,5189102.24160000,1.29623150,45.88922160
87085_2386_00006,allée Guy Monnerot,6,,MP0329,1567202.68630000,5189617.45850000,1.28867193,45.89374525
87085_2386_00010,allée Guy Monnerot,10,,MP0014,1567242.21510000,5189622.53850000,1.28917977,45.89379859
87085_2386_00011,allée Guy Monnerot,11,,MP0025,1567265.08630000,5189612.26380000,1.28947726,45.89371058
87085_2386_00012,allée Guy Monnerot,12,,MP0013,1567259.15880000,5189610.38950000,1.28940141,45.89369258
87085_2386_00016,allée Guy Monnerot,16,,MP0011,1567282.65380000,5189588.58779999,1.28971012,45.89350100
87085_2386_00021,allée Guy Monnerot,21,,MP0029,1567325.76180000,5189552.97300000,1.29027532,45.89318895
87085_2386_00022,allée Guy Monnerot,22,,MP0198,1567321.38510000,5189548.90390000,1.29022007,45.89315150
87085_2435_00001,allée Hélène Boucher,1,,BS0766,1565378.72380000,5184711.74870000,1.26654999,45.84926063
87085_2435_00003,allée Hélène Boucher,3,,BS0766,1565391.49560000,5184729.20560000,1.26670951,45.84942017
87085_2437_00002,allée Henri André Lafaye,2,,LH0053,1567765.13220000,5189808.44180000,1.29586517,45.89557176
87085_2437_00003,allée Henri André Lafaye,3,,LH0047,1567761.56430000,5189794.28570000,1.29582311,45.89544373
87085_2437_00004,allée Henri André Lafaye,4,,LH0052,1567739.05470000,5189803.71420000,1.29553051,45.89552421
87085_2437_00005,allée Henri André Lafaye,5,,LH0048,1567744.14100000,5189786.43020000,1.29560081,45.89536971
87085_2437_00007,allée Henri André Lafaye,7,,LH0049,1567728.48450000,5189785.16900000,1.29539945,45.89535535
87085_2488_00010,allée Henri Moissan,10,,BW0010,1564813.63720000,5186057.83970000,1.25889714,45.86125860
87085_2488_00012,allée Henri Moissan,12,,BW0039,1564840.91090000,5186067.69180000,1.25924552,45.86135259
87085_2488_00014,allée Henri Moissan,14,,BW0208,1564856.61020000,5186073.11300000,1.25944612,45.86140444
87085_2488_00015,allée Henri Moissan,15,,NZ0305,1564868.59780000,5186085.37190000,1.25959702,45.86151707
87085_2488_00016,allée Henri Moissan,16,,BW0213,1564871.13490000,5186078.49970000,1.25963162,45.86145575
87085_5510_00001,allée Henry de Monfreid,1,,PO0234,1559903.94810000,5184714.57190000,1.19607689,45.84819223
87085_5510_00002,allée Henry de Monfreid,2,,PO0238,1559899.50310000,5184705.15270000,1.19602242,45.84810659
87085_5510_00003,allée Henry de Monfreid,3,,PO0233,1559922.15150000,5184708.85690000,1.19631287,45.84814453
87085_5510_00004,allée Henry de Monfreid,4,,PO0239,1559919.18810000,5184699.43770000,1.19627747,45.84805920
87085_5510_00005,allée Henry de Monfreid,5,,PO0232,1559938.76740000,5184703.45940000,1.19652832,45.84809936
87085_5510_00006,allée Henry de Monfreid,6,,PO0240,1559938.13230000,5184693.72270001,1.19652298,45.84801165
87085_2504_00002,allée Hernani,2,,LT0360,1567732.73420000,5187407.34180000,1.29610964,45.87396614
87085_2504_00003,allée Hernani,3,,LT0352,1567748.92170000,5187444.46630000,1.29630788,45.87430322
87085_2504_00004,allée Hernani,4,,LT0361,1567740.78880000,5187414.48950000,1.29621140,45.87403199
87085_2504_00005,allée Hernani,5,,LT0351,1567743.91860000,5187450.20420000,1.29624187,45.87435387
87085_2504_00006,allée Hernani,6,,LT0362,1567750.24460000,5187422.87630000,1.29633087,45.87410926
87085_2504_00007,allée Hernani,7,,LT0350,1567748.61820000,5187456.37490000,1.29630069,45.87441029
87085_2504_00008,allée Hernani,8,,LT0363,1567760.75260000,5187432.21290000,1.29646362,45.87419527
87085_2504_00009,allée Hernani,9,,LT0349,1567754.75970000,5187461.83160000,1.29637828,45.87446055
87085_2504_00010,allée Hernani,10,,LT0364,1567769.00380000,5187439.52680000,1.29656787,45.87426265
87085_2504_00011,allée Hernani,11,,LT0346,1567762.16540000,5187468.19520000,1.29647190,45.87451922
87085_2504_00014,allée Hernani,14,,LT0348,1567775.60000000,5187457.02720000,1.29664799,45.87442135
87085_2504_00015,allée Hernani,15,,LT0347,1567769.94520000,5187463.49480000,1.29657339,45.87447844
87085_2502_00001,allée Hertz,1,,SK0009,1564990.56500000,5186905.88970000,1.26093667,45.86892205
87085_2502_00003,allée Hertz,3,,SK0009,1564990.15810000,5186910.32700000,1.26093018,45.86896189
87085_2502_00005,allée Hertz,5,,SK0009,1564989.34290000,5186917.62230000,1.26091763,45.86902735
87085_2502_00007,allée Hertz,7,,SK0009,1564988.43900000,5186926.30900000,1.26090355,45.86910532
87085_2502_00009,allée Hertz,9,,SK0009,1564987.87030000,5186933.91870000,1.26089409,45.86917366
87085_2502_00011,allée Hertz,11,,SK0009,1564987.15330000,5186940.37440000,1.26088304,45.86923159
87085_2502_00013,allée Hertz,13,,SK0009,1564986.64760000,5186945.45930000,1.26087510,45.86927723
87085_2502_00015,allée Hertz,15,,SK0009,1564985.86930000,5186952.07970000,1.26086322,45.86933664
87085_2502_00017,allée Hertz,17,,SK0009,1564985.28750000,5186957.44560000,1.26085421,45.86938479
87085_2502_00019,allée Hertz,19,,SK0009,1564984.47560000,5186964.85830000,1.26084167,45.86945131
87085_2582_00001,allée Jacqueline Cochran,1,,SH0215,1558556.24530000,5186802.08540000,1.17811471,45.86669422
87085_2582_00003,allée Jacqueline Cochran,3,,SH0163,1558556.41110000,5186789.89960000,1.17812043,45.86658464
87085_2582_00004,allée Jacqueline Cochran,4,,SH0082,1558549.18170000,5186788.94520000,1.17802762,45.86657456
87085_2582_00008,allée Jacqueline Cochran,8,,SH0201,1558549.09820000,5186758.39180000,1.17803555,45.86629971
87085_2582_00011,allée Jacqueline Cochran,11,,SH0152,1558539.56200000,5186711.33960000,1.17792662,45.86587449
87085_2586_00002,allée Jacques Callot,2,,KZ0073,1567881.33370000,5191721.34020000,1.29683516,45.91280177
87085_2586_00003,allée Jacques Callot,3,,KZ0087,1567891.19150000,5191729.90050000,1.29695984,45.91288068
87085_2586_00004,allée Jacques Callot,4,,KZ0074,1567908.40590000,5191712.57390000,1.29718646,45.91272812
87085_2586_00005,allée Jacques Callot,5,,KZ0086,1567912.44890000,5191722.49150000,1.29723583,45.91281812
87085_2586_00007,allée Jacques Callot,7,,KZ0085,1567945.06670000,5191710.15930000,1.29765959,45.91271345
87085_2586_00008,allée Jacques Callot,8,,KZ0075,1567962.82340000,5191705.61540000,1.29788967,45.91267599
87085_2586_00009,allée Jacques Callot,9,,KZ0084,1567956.68340000,5191763.04890000,1.29779472,45.91319146
87085_2586_00010,allée Jacques Callot,10,,KZ0076,1567967.79400000,5191728.83660000,1.29794733,45.91288584
87085_2586_00011,allée Jacques Callot,11,,KZ0083,1567931.44790000,5191780.01840000,1.29746483,45.91333926
87085_2586_00012,allée Jacques Callot,12,,KZ0077,1567971.64740000,5191747.34590000,1.29799189,45.91305308
87085_2586_00014,allée Jacques Callot,14,,KZ0078,1567969.41400000,5191763.32150000,1.29795871,45.91319636
87085_2586_00016,allée Jacques Callot,16,,KZ0079,1567965.24090000,5191768.38630000,1.29790354,45.91324112
87085_2586_00018,allée Jacques Callot,18,,KZ0080,1567955.38170000,5191775.63240000,1.29777448,45.91330441
87085_2586_00020,allée Jacques Callot,20,,KZ0081,1567944.21250000,5191791.55450000,1.29762615,45.91344549
87085_2586_00022,allée Jacques Callot,22,,KZ0082,1567936.46500000,5191792.50590000,1.29752605,45.91345256
87085_2594_00001,allée Jacques Montagne,1,,NK0219,1562445.80680000,5181433.84480000,1.22973458,45.81919366
87085_2594_00004,allée Jacques Montagne,4,,NK0215,1562438.71760000,5181443.19700000,1.22964070,45.81927637
87085_2594_00005,allée Jacques Montagne,5,,NK0207,1562415.35860000,5181439.78400000,1.22934115,45.81924100
87085_2594_00007,allée Jacques Montagne,7,,NK0208,1562418.94770000,5181452.60830000,1.22938366,45.81935708
87085_2594_00009,allée Jacques Montagne,9,,NK0209,1562423.94650000,5181470.24120000,1.22944293,45.81951669
87085_2594_00011,allée Jacques Montagne,11,,NK0210,1562429.34260000,5181474.32000000,1.22951118,45.81955446
87085_2657_00002,allée Jean-Albert Demars,2,,PO0063,1559766.55100000,5184186.74880000,1.19446237,45.84341623
87085_2657_00003,allée Jean-Albert Demars,3,,PO0070,1559735.78560000,5184197.14770000,1.19406336,45.84350350
87085_2657_00005,allée Jean-Albert Demars,5,,PO0069,1559737.61190000,5184219.50130000,1.19408034,45.84370495
87085_2657_00006,allée Jean-Albert Demars,6,,PO0065,1559752.10910000,5184215.46290000,1.19426811,45.84367158
87085_2657_00007,allée Jean-Albert Demars,7,,PO0068,1559740.33400000,5184225.79940000,1.19411353,45.84376216
87085_2657_00008,allée Jean-Albert Demars,8,,PO0067,1559745.56320000,5184224.28110000,1.19418128,45.84374957
87085_2643_00001,allée Jean-Baptiste Rampignon,1,,TC0153,1567091.78010000,5181044.47960000,1.28961521,45.81660442
87085_2643_00002,allée Jean-Baptiste Rampignon,2,,TC0167,1567080.43330000,5181037.45150000,1.28947118,45.81653900
87085_2643_00004,allée Jean-Baptiste Rampignon,4,,TC0166,1567097.92900000,5181031.61750000,1.28969787,45.81648990
87085_2643_00005,allée Jean-Baptiste Rampignon,5,,TC0155,1567121.75440000,5181063.64030000,1.28999554,45.81678257
87085_2643_00006,allée Jean-Baptiste Rampignon,6,,TC0165,1567115.98790000,5181025.30670000,1.28993194,45.81643662
87085_2643_00007,allée Jean-Baptiste Rampignon,7,,TC0156,1567123.53330000,5181058.62510000,1.29001981,45.81673780
87085_2643_00008,allée Jean-Baptiste Rampignon,8,,TC0164,1567132.32310000,5181019.96700000,1.29014357,45.81639174
87085_2643_00009,allée Jean-Baptiste Rampignon,9,,TC0257,1567124.30240000,5181033.45000000,1.29003666,45.81651148
87085_2643_00010,allée Jean-Baptiste Rampignon,10,,TC0163,1567152.02640000,5181011.52430000,1.29039938,45.81631960
87085_2643_00011,allée Jean-Baptiste Rampignon,11,,TC0158,1567142.98370000,5181027.32930000,1.29027868,45.81646003
87085_2643_00012,allée Jean-Baptiste Rampignon,12,,TC0162,1567163.96850000,5181007.38510000,1.29055416,45.81628467
87085_2643_00015,allée Jean-Baptiste Rampignon,15,,TC0159,1567162.27530000,5181025.96900000,1.29052724,45.81645152
87085_2643_00017,allée Jean-Baptiste Rampignon,17,,TC0161,1567169.27020000,5181014.69500000,1.29062035,45.81635145
87085_1257_00001,allée Jean Cocteau,1,,CR0332,1566610.17090000,5183747.00950000,1.28266958,45.84082222
87085_2664_00001,allée Jean d'Albis,1,,EX0452,1565964.43440000,5180946.23850000,1.27513939,45.81550194
87085_2664_00002,allée Jean d'Albis,2,,EX0445,1565937.13110000,5180907.02190000,1.27479907,45.81514385
87085_2664_00003,allée Jean d'Albis,3,,EX0451,1565975.86760000,5180958.66120000,1.27528301,45.81561592
87085_2664_00004,allée Jean d'Albis,4,,EX0446,1565927.89600000,5180890.98520000,1.27468473,45.81499778
87085_2664_00005,allée Jean d'Albis,5,,EX0450,1565977.27370000,5180948.31630000,1.27530398,45.81552314
87085_2664_00006,allée Jean d'Albis,6,,EX0447,1565937.51660000,5180878.89840000,1.27481187,45.81489093
87085_2664_00007,allée Jean d'Albis,7,,EX0449,1565960.31670000,5180936.99100000,1.27508899,45.81541795
87085_2664_00008,allée Jean d'Albis,8,,EX0455,1565948.25740000,5180864.69670000,1.27495400,45.81476527
87085_2664_00009,allée Jean d'Albis,9,,EX0448,1565947.67260000,5180907.17450000,1.27493464,45.81514727
87085_2664_00011,allée Jean d'Albis,11,,EX0456,1565955.58040000,5180871.49000000,1.27504631,45.81482781
87085_2662_00001,allée Jean Fouquet,1,,RS0136,1561794.80760000,5185186.85840000,1.22028020,45.85282337
87085_2662_00002,allée Jean Fouquet,2,,RS0143,1561779.92870000,5185187.45550000,1.22008849,45.85282575
87085_2662_00003,allée Jean Fouquet,3,,RS0137,1561782.89890000,5185178.63780000,1.22012926,45.85274703
87085_2662_00004,allée Jean Fouquet,4,,RS0144,1561765.69810000,5185204.49100000,1.21990040,45.85297613
87085_2662_00005,allée Jean Fouquet,5,,RS0138,1561772.12460000,5185178.35070000,1.21999065,45.85274228
87085_2662_00006,allée Jean Fouquet,6,,RS0142,1561761.26830000,5185209.51530000,1.21984193,45.85302043
87085_2662_00007,allée Jean Fouquet,7,,RS0139,1561759.46480000,5185174.13090000,1.21982889,45.85270177
87085_2662_00009,allée Jean Fouquet,9,,RS0140,1561757.55990000,5185180.88700000,1.21980243,45.85276216
87085_2662_00011,allée Jean Fouquet,11,,RS0141,1561759.89410000,5185200.14070000,1.21982693,45.85293583
87085_2678_00004,allée Jean Le Poulain,4,,OI0145,1562849.95090000,5183987.87640000,1.23420545,45.84224922
87085_2678_00006,allée Jean Le Poulain,6,,OI0144,1562846.51500000,5183974.97510000,1.23416491,45.84213249
87085_2678_00007,allée Jean Le Poulain,7,,OI0138,1562850.12650000,5183959.18530000,1.23421589,45.84199117
87085_2678_00009,allée Jean Le Poulain,9,,OI0137,1562845.39250000,5183956.25120000,1.23415580,45.84196383
87085_2678_00011,allée Jean Le Poulain,11,,OI0136,1562836.57940000,5183959.91240000,1.23404133,45.84199501
87085_2687_00001,allée Jean-Marie Paroutaud,1,,NK0092,1561993.80650000,5181141.04960000,1.22400345,45.81646928
87085_2687_00002,allée Jean-Marie Paroutaud,2,,NK0091,1562003.38600000,5181122.66450000,1.22413197,45.81630582
87085_2687_00003,allée Jean-Marie Paroutaud,3,,NK0093,1562004.02400000,5181145.62210000,1.22413359,45.81651246
87085_2687_00004,allée Jean-Marie Paroutaud,4,,NK0097,1562020.31930000,5181116.45500000,1.22435159,45.81625336
87085_2687_00005,allée Jean-Marie Paroutaud,5,,NK0093,1562016.70070000,5181151.48860000,1.22429499,45.81656778
87085_2687_00006,allée Jean-Marie Paroutaud,6,,NK0097,1562031.06270000,5181124.34710000,1.22448753,45.81632651
87085_2687_00007,allée Jean-Marie Paroutaud,7,,NK0093,1562028.04390000,5181156.89590000,1.22443936,45.81661869
87085_2687_00008,allée Jean-Marie Paroutaud,8,,NK0097,1562041.23590000,5181132.21380000,1.22461615,45.81639931
87085_2687_00009,allée Jean-Marie Paroutaud,9,,NK0093,1562040.42640000,5181162.24490000,1.22459713,45.81666929
87085_2687_00010,allée Jean-Marie Paroutaud,10,,NK0097,1562049.79150000,5181142.39780000,1.22472330,45.81649264
87085_2687_00011,allée Jean-Marie Paroutaud,11,,NK0093,1562056.84810000,5181168.63550000,1.22480655,45.81673007
87085_2687_00012,allée Jean-Marie Paroutaud,12,,NK0097,1562057.57880000,5181152.20600000,1.22482067,45.81658243
87085_2687_00014,allée Jean-Marie Paroutaud,14,,NK0093,1562060.71720000,5181164.68930000,1.22485746,45.81669535
87085_2690_00002,allée Jean Moulin,2,,BO0356,1564196.04750000,5184418.88000000,1.25140892,45.84639352
87085_2690_00004,allée Jean Moulin,4,,BO0356,1564184.43940000,5184440.18100000,1.25125348,45.84658284
87085_2690_00006,allée Jean Moulin,6,,BO0356,1564171.14320000,5184461.30760000,1.25107636,45.84677026
87085_2732_00001,allée Jeanne Nicot,1,,SZ0008,1566615.08670000,5181012.66970000,1.28349140,45.81622600
87085_2732_00002,allée Jeanne Nicot,2,,SZ0008,1566601.61570000,5181041.12590000,1.28331021,45.81647937
87085_2732_00003,allée Jeanne Nicot,3,,SZ0008,1566625.90120000,5180991.97560000,1.28363627,45.81604194
87085_2732_00004,allée Jeanne Nicot,4,,SZ0008,1566590.26850000,5181060.91520000,1.28315874,45.81665519
87085_2732_00005,allée Jeanne Nicot,5,,SZ0008,1566635.98450000,5180971.39200000,1.28377169,45.81585873
87085_2732_00006,allée Jeanne Nicot,6,,SZ0008,1566568.89790000,5181072.81880000,1.28288051,45.81675813
87085_2732_00007,allée Jeanne Nicot,7,,SZ0008,1566645.94960000,5180949.13570000,1.28390606,45.81566046
87085_2732_00008,allée Jeanne Nicot,8,,SZ0008,1566564.42620000,5181024.63470000,1.28283634,45.81632381
87085_2732_00009,allée Jeanne Nicot,9,,SZ0008,1566587.86590000,5180996.78290000,1.28314562,45.81607781
87085_2732_00010,allée Jeanne Nicot,10,,SZ0008,1566556.61410000,5181028.67310000,1.28273472,45.81635862
87085_2732_00011,allée Jeanne Nicot,11,,SZ0008,1566592.69160000,5180985.65600000,1.28321079,45.81597865
87085_2732_00012,allée Jeanne Nicot,12,,SZ0008,1566551.77390000,5181038.02190000,1.28266986,45.81644178
87085_2732_00013,allée Jeanne Nicot,13,,SZ0008,1566596.92120000,5180978.40430000,1.28326721,45.81591424
87085_2732_00014,allée Jeanne Nicot,14,,SZ0008,1566543.22970000,5181042.06620000,1.28255882,45.81647651
87085_2732_00015,allée Jeanne Nicot,15,,SZ0008,1566598.66600000,5180974.31070000,1.28329079,45.81587775
87085_2732_00016,allée Jeanne Nicot,16,,SZ0008,1566540.55710000,5181047.84090000,1.28252283,45.81652794
87085_2732_00017,allée Jeanne Nicot,17,,SZ0008,1566603.08000000,5180964.02390000,1.28335043,45.81578607
87085_2732_00018,allée Jeanne Nicot,18,,SZ0008,1566535.30370000,5181057.82060000,1.28245248,45.81661669
87085_2732_00019,allée Jeanne Nicot,19,,SZ0008,1566604.41250000,5180960.66590000,1.28336850,45.81575612
87085_2732_00020,allée Jeanne Nicot,20,,SZ0008,1566524.31790000,5181044.62580000,1.28231481,45.81649586
87085_2732_00021,allée Jeanne Nicot,21,,SZ0008,1566608.71600000,5180949.64790000,1.28342692,45.81565784
87085_2732_00022,allée Jeanne Nicot,22,,SZ0008,1566530.21330000,5181036.41910000,1.28239293,45.81642318
87085_2732_00023,allée Jeanne Nicot,23,,SZ0008,1566542.81850000,5180975.42770000,1.28257202,45.81587697
87085_2732_00024,allée Jeanne Nicot,24,,SZ0008,1566531.65030000,5181033.06010000,1.28241235,45.81639324
87085_2732_00025,allée Jeanne Nicot,25,,SZ0008,1566542.44760000,5180964.13390000,1.28257038,45.81577530
87085_2732_00026,allée Jeanne Nicot,26,,SZ0008,1566538.06790000,5181024.74450000,1.28249722,45.81631969
87085_2732_00027,allée Jeanne Nicot,27,,SZ0008,1566541.52570000,5180953.68140000,1.28256142,45.81568110
87085_2732_00028,allée Jeanne Nicot,28,,SZ0008,1566546.90890000,5181018.60580000,1.28261266,45.81626618
87085_2732_00029,allée Jeanne Nicot,29,,SZ0008,1566545.50860000,5180946.11780000,1.28261476,45.81561383
87085_2732_00030,allée Jeanne Nicot,30,,SZ0008,1566492.79830000,5180988.92130000,1.28192477,45.81598865
87085_2732_00031,allée Jeanne Nicot,31,,SZ0008,1566532.75910000,5180956.12370000,1.28244796,45.81570137
87085_2732_00032,allée Jeanne Nicot,32,,SZ0008,1566487.03050000,5180999.95120000,1.28184751,45.81608675
87085_2732_00033,allée Jeanne Nicot,33,,SZ0008,1566533.68560000,5180967.13400000,1.28245683,45.81580059
87085_2732_00034,allée Jeanne Nicot,34,,SZ0008,1566485.28050000,5181003.41730000,1.28182403,45.81611759
87085_2732_00036,allée Jeanne Nicot,36,,SZ0008,1566475.70310000,5181009.03900000,1.28169926,45.81616630
87085_2732_00038,allée Jeanne Nicot,38,,SZ0008,1566469.93110000,5181019.54600000,1.28162209,45.81625970
87085_2732_00040,allée Jeanne Nicot,40,,SZ0008,1566455.81850000,5181007.73650000,1.28144381,45.81615073
87085_2732_00042,allée Jeanne Nicot,42,,SZ0008,1566463.52260000,5181003.28060000,1.28154416,45.81611214
87085_2732_00044,allée Jeanne Nicot,44,,SZ0008,1566469.49120000,5180991.20310000,1.28162430,45.81600465
87085_2732_00046,allée Jeanne Nicot,46,,SZ0008,1566473.10000000,5180984.79310000,1.28167250,45.81594769
87085_2732_00048,allée Jeanne Nicot,48,,SZ0008,1566481.11790000,5180980.33470000,1.28177689,45.81590914
87085_2732_00050,allée Jeanne Nicot,50,,SZ0008,1566487.61130000,5180971.49590000,1.28186288,45.81583089
87085_2703_00003,allée Jean Perrin,3,,NZ0260,1564934.21010000,5186549.05390000,1.26031137,45.86570105
87085_2703_00006,allée Jean Perrin,6,,NZ0259,1564951.61640000,5186565.16020000,1.26053097,45.86584935
87085_2713_00001,allée Jean Robic,1,,NZ0326,1565214.15890000,5186449.06020000,1.26394412,45.86485650
87085_2713_00002,allée Jean Robic,2,,NZ0326,1565215.50340000,5186443.93770000,1.26396287,45.86481069
87085_2713_00003,allée Jean Robic,3,,NZ0326,1565220.31890000,5186450.13630000,1.26402314,45.86486739
87085_2713_00004,allée Jean Robic,4,,NZ0326,1565221.57880000,5186445.27450000,1.26404072,45.86482390
87085_2713_00005,allée Jean Robic,5,,NZ0326,1565227.26350000,5186451.81260000,1.26411209,45.86488383
87085_2713_00006,allée Jean Robic,6,,NZ0326,1565228.78470000,5186447.12190000,1.26413299,45.86484194
87085_2713_00007,allée Jean Robic,7,,NZ0326,1565234.55740000,5186453.83260000,1.26420543,45.86490343
87085_2713_00008,allée Jean Robic,8,,NZ0326,1565235.73210000,5186449.14460000,1.26422188,45.86486149
87085_2713_00009,allée Jean Robic,9,,NZ0326,1565240.63200000,5186455.08260000,1.26428330,45.86491587
87085_2713_00010,allée Jean Robic,10,,NZ0326,1565241.98150000,5186450.56660000,1.26430194,45.86487551
87085_2713_00011,allée Jean Robic,11,,NZ0326,1565247.84080000,5186457.27660000,1.26437551,45.86493702
87085_2713_00012,allée Jean Robic,12,,NZ0326,1565249.01410000,5186452.41530000,1.26439198,45.86489352
87085_2713_00014,allée Jean Robic,14,,NZ0326,1565255.87270000,5186454.17890000,1.26447979,45.86491073
87085_2713_00015,allée Jean Robic,15,,NZ0326,1565254.70080000,5186459.21330000,1.26446329,45.86495579
87085_2717_00001,allée Jean Ségurel,1,,MD0089,1565436.62770000,5187715.52820000,1.26645366,45.87629269
87085_2717_00003,allée Jean Ségurel,3,,MD0081,1565421.90670000,5187729.81660000,1.26626006,45.87641834
87085_2717_00004,allée Jean Ségurel,4,,MD0080,1565425.02720000,5187742.91730000,1.26629658,45.87653680
87085_2717_00005,allée Jean Ségurel,5,,MD0082,1565407.72110000,5187744.09870000,1.26607337,45.87654403
87085_2717_00007,allée Jean Ségurel,7,,MD0083,1565389.03240000,5187762.86210000,1.26582742,45.87670916
87085_2720_00026,allée Jean Traversat,26,,SO0079,1566320.46050000,5185737.77650000,1.27838694,45.85867414
87085_2744_00002,allée Jocelyn,2,,LT0255,1567608.86560000,5187202.01850000,1.29457106,45.87209528
87085_2744_00003,allée Jocelyn,3,,LT0295,1567632.22590000,5187191.57730000,1.29487477,45.87200586
87085_2744_00004,allée Jocelyn,4,,LT0254,1567614.30410000,5187195.73460000,1.29464283,45.87203980
87085_2744_00005,allée Jocelyn,5,,LT0294,1567640.55960000,5187182.26000000,1.29498466,45.87192365
87085_2744_00006,allée Jocelyn,6,,LT0253,1567622.49780000,5187186.42850000,1.29475091,45.87195766
87085_2744_00007,allée Jocelyn,7,,LT0293,1567648.01130000,5187173.92990000,1.29508292,45.87185015
87085_2744_00008,allée Jocelyn,8,,LT0252,1567630.72660000,5187177.09450000,1.29485946,45.87187528
87085_2744_00009,allée Jocelyn,9,,LT0325,1567655.05860000,5187164.71060000,1.29517621,45.87176857
87085_2744_00010,allée Jocelyn,10,,LT0251,1567632.80360000,5187162.12030000,1.29489033,45.87174098
87085_2744_00011,allée Jocelyn,11,,LT0326,1567651.87860000,5187160.48620000,1.29513642,45.87172996
87085_2744_00012,allée Jocelyn,12,,LT0250,1567639.69330000,5187154.30950000,1.29498121,45.87167205
87085_2744_00015,allée Jocelyn,15,,LT0327,1567645.96410000,5187155.12170000,1.29506174,45.87168056
87085_2762_00001,allée Joule,1,,SK0009,1565076.99170000,5186914.71180000,1.26204710,45.86901839
87085_2762_00003,allée Joule,3,,SK0009,1565076.73550000,5186921.02320000,1.26204203,45.86907511
87085_2762_00005,allée Joule,5,,SK0009,1565075.76630000,5186928.53800000,1.26202744,45.86914252
87085_2762_00007,allée Joule,7,,SK0009,1565075.01880000,5186935.77600000,1.26201578,45.86920748
87085_2762_00009,allée Joule,9,,SK0009,1565074.32650000,5186943.31930000,1.26200475,45.86927520
87085_2762_00011,allée Joule,11,,SK0009,1565073.48830000,5186951.33470000,1.26199170,45.86934714
87085_2762_00013,allée Joule,13,,SK0009,1565072.81510000,5186957.95490000,1.26198117,45.86940656
87085_2762_00015,allée Joule,15,,SK0009,1565072.08900000,5186963.10920000,1.26197037,45.86945278
87085_2762_00017,allée Joule,17,,SK0009,1565071.57940000,5186967.36410000,1.26196261,45.86949096
87085_2762_00019,allée Joule,19,,SK0009,1565071.05840000,5186973.19280000,1.26195427,45.86954329
87085_2798_00024,allée Jules Romains,24,,HN0124,1564384.44890000,5179486.30330000,1.25522502,45.80205929
87085_2798_00025,allée Jules Romains,25,,HN0125,1564390.45270000,5179549.50940000,1.25528443,45.80262905
87085_2798_00026,allée Jules Romains,26,,HN0126,1564397.04250000,5179612.23080000,1.25535151,45.80319456
87085_2798_00027,allée Jules Romains,27,,HN0127,1564403.69660000,5179682.54150000,1.25541728,45.80382836
87085_2798_00028,allée Jules Romains,28,,HN0128,1564389.23380000,5179758.84650000,1.25520976,45.80451192
87085_2798_00029,allée Jules Romains,29,,HN0129,1564365.93550000,5179815.06220000,1.25489425,45.80501302
87085_2798_00030,allée Jules Romains,30,,HN0130,1564340.00510000,5179800.73830000,1.25456477,45.80487906
87085_2798_00031,allée Jules Romains,31,,HN0134,1564371.49260000,5179754.29630000,1.25498286,45.80446749
87085_2798_00032,allée Jules Romains,32,,HN0287,1564386.14860000,5179680.15260000,1.25519226,45.80380341
87085_2798_00033,allée Jules Romains,33,,HN0138,1564376.66470000,5179581.77370000,1.25509800,45.80291657
87085_2798_00034,allée Jules Romains,34,,HN0139,1564371.18950000,5179524.54280000,1.25504371,45.80240066
87085_2811_00040,allée Juliette Gréco,40,,OA0159,1565314.43710000,5179377.94510000,1.26721641,45.80126720
87085_2811_00044,allée Juliette Gréco,44,,OA0158,1565326.29050000,5179359.10670000,1.26737413,45.80110005
87085_2811_00065,allée Juliette Gréco,65,,OA0151,1565333.48710000,5179368.20850000,1.26746414,45.80118334
87085_2811_00067,allée Juliette Gréco,67,,OA0151,1565337.93210000,5179359.10680000,1.26752386,45.80110233
87085_2811_00069,allée Juliette Gréco,69,,OA0151,1565341.53050000,5179352.54500000,1.26757198,45.80104401
87085_2811_00095,allée Juliette Gréco,95,,TM0001,1565366.71890000,5179250.52150000,1.26792447,45.80013117
87085_2883_00001,allée la Franciade,1,,LW0203,1567349.05840000,5186813.81960000,1.29133258,45.86855309
87085_2883_00003,allée la Franciade,3,,LW0204,1567331.70560000,5186827.03320000,1.29110548,45.86866860
87085_2883_00004,allée la Franciade,4,,LW0217,1567316.02070000,5186853.51010000,1.29089618,45.86890375
87085_2883_00005,allée la Franciade,5,,LW0205,1567317.96050000,5186840.64310000,1.29092472,45.86878838
87085_2883_00006,allée la Franciade,6,,LW0216,1567299.22940000,5186864.69280000,1.29067687,45.86900111
87085_2883_00007,allée la Franciade,7,,LW0206,1567300.59290000,5186853.50790000,1.29069752,45.86890075
87085_2883_00008,allée la Franciade,8,,LW0215,1567280.34110000,5186875.79040000,1.29043058,45.86909729
87085_2883_00009,allée la Franciade,9,,LW0207,1567279.12250000,5186865.96240000,1.29041760,45.86900864
87085_2883_00010,allée la Franciade,10,,LW0214,1567263.16250000,5186885.45620000,1.29020669,45.86918092
87085_2883_00011,allée la Franciade,11,,LW0208,1567263.44110000,5186875.07890000,1.29021315,45.86908763
87085_2883_00012,allée la Franciade,12,,LW0213,1567243.99860000,5186896.13370000,1.28995697,45.86927327
87085_2883_00014,allée la Franciade,14,,LW0212,1567229.85910000,5186904.56280000,1.28977256,45.86934636
87085_2883_00015,allée la Franciade,15,,LW0209,1567245.65540000,5186884.84300000,1.28998142,45.86917202
87085_2883_00016,allée la Franciade,16,,LW0211,1567212.26080000,5186925.65580000,1.28954011,45.86953271
87085_2883_00017,allée la Franciade,17,,LW0210,1567222.41150000,5186897.96690000,1.28967848,45.86928559
87085_2888_00001,allée la Henriade,1,,LW0157,1567351.22480000,5186666.23200000,1.29140125,45.86722586
87085_2888_00003,allée la Henriade,3,,LW0158,1567352.30410000,5186650.48560000,1.29141950,45.86708442
87085_2888_00005,allée la Henriade,5,,LW0159,1567350.24740000,5186635.11890000,1.29139726,45.86694579
87085_2888_00006,allée la Henriade,6,,LW0162,1567332.62390000,5186622.32450000,1.29117386,45.86682730
87085_2888_00007,allée la Henriade,7,,LW0160,1567345.27970000,5186623.44580000,1.29133652,45.86683983
87085_2888_00008,allée la Henriade,8,,LW0162,1567323.20290000,5186612.24440000,1.29105534,45.86673480
87085_2888_00009,allée la Henriade,9,,LW0161,1567339.63790000,5186589.78600000,1.29127317,45.86653595
87085_2888_00010,allée la Henriade,10,,LW0148,1567314.37180000,5186598.99730000,1.29094529,45.86661393
87085_2888_00011,allée la Henriade,11,,LW0149,1567356.69150000,5186567.12530000,1.29149902,45.86633539
87085_2888_00012,allée la Henriade,12,,LW0147,1567335.46000000,5186580.25830000,1.29122201,45.86644943
87085_2888_00014,allée la Henriade,14,,LW0146,1567346.44880000,5186566.29500000,1.29136736,45.86632595
87085_2936_00001,allée La Quintinie,1,,HY0402,1564436.62240000,5181360.19800000,1.25536805,45.81892638
87085_2936_00003,allée La Quintinie,3,,HY0402,1564436.62950000,5181345.64160000,1.25537224,45.81879544
87085_2936_00005,allée La Quintinie,5,,HY0402,1564436.68920000,5181324.71270000,1.25537891,45.81860718
87085_2942_00003,allée Largillière,3,,OM0045,1562131.89830000,5182496.51390000,1.22539138,45.82869007
87085_2942_00007,allée Largillière,7,,OM0042,1562125.57850000,5182551.81240000,1.22529420,45.82918624
87085_2942_00008,allée Largillière,8,,OM0003,1562146.16250000,5182482.35350000,1.22557898,45.82856555
87085_2942_00010,allée Largillière,10,,OM0003,1562142.86350000,5182502.89140000,1.22553064,45.82874964
87085_2942_00012,allée Largillière,12,,OM0041,1562139.68080000,5182534.09970000,1.22548074,45.82902974
87085_2942_00014,allée Largillière,14,,OM0041,1562135.74430000,5182559.31190000,1.22542286,45.82925574
87085_2942_00016,allée Largillière,16,,OM0041,1562131.79840000,5182583.36460000,1.22536519,45.82947132
87085_2987_00001,allée Le Gréco,1,,OH0244,1562645.17830000,5184268.49590000,1.23148967,45.84473266
87085_2987_00003,allée Le Gréco,3,,OH0244,1562648.43170000,5184282.01870000,1.23152768,45.84485496
87085_2987_00005,allée Le Gréco,5,,OH0244,1562654.20440000,5184298.10180000,1.23159739,45.84500079
87085_2987_00007,allée Le Gréco,7,,OH0244,1562660.73780000,5184314.95030000,1.23167667,45.84515365
87085_2987_00009,allée Le Gréco,9,,OH0244,1562668.60450000,5184328.73990000,1.23177398,45.84527927
87085_2987_00011,allée Le Gréco,11,,OH0244,1562679.98400000,5184344.57720000,1.23191593,45.84542401
87085_2987_00013,allée Le Gréco,13,,OH0244,1562692.53430000,5184355.12850000,1.23207445,45.84552143
87085_2987_00015,allée Le Gréco,15,,OH0244,1562704.25780000,5184366.94340000,1.23222197,45.84563005
87085_2987_00017,allée Le Gréco,17,,OH0244,1562717.17890000,5184378.66250000,1.23238494,45.84573805
87085_2987_00019,allée Le Gréco,19,,OH0244,1562731.28190000,5184388.79880000,1.23256357,45.84583205
87085_2987_00021,allée Le Gréco,21,,OH0244,1562748.22240000,5184396.76600000,1.23277934,45.84590710
87085_2987_00023,allée Le Gréco,23,,OH0244,1562763.71590000,5184407.77410000,1.23297563,45.84600921
87085_2987_00025,allée Le Gréco,25,,OH0244,1562779.09380000,5184418.63580000,1.23317046,45.84610999
87085_2987_00027,allée Le Gréco,27,,OH0244,1562792.32880000,5184431.00460000,1.23333728,45.84622389
87085_2987_00029,allée Le Gréco,29,,OH0244,1562805.18730000,5184445.43040000,1.23349868,45.84635623
87085_2987_00031,allée Le Gréco,31,,OH0244,1562814.39830000,5184458.00120000,1.23361365,45.84647115
87085_3022_00001,allée Léon Delhoume,1,,VA0164,1566790.32060000,5184868.84400000,1.28467720,45.85094876
87085_3022_00002,allée Léon Delhoume,2,,VA0164,1566816.84610000,5184832.99040000,1.28502860,45.85063137
87085_3022_00003,allée Léon Delhoume,3,,VA0164,1566801.51480000,5184854.50020000,1.28482528,45.85082190
87085_3022_00004,allée Léon Delhoume,4,,VA0164,1566836.02250000,5184848.17530000,1.28527125,45.85077169
87085_3022_00006,allée Léon Delhoume,6,,VA0165,1566847.42040000,5184857.07700000,1.28541550,45.85085397
87085_3176_00002,allée Leprince-Ringuet,2,,EY0213,1566306.47990000,5181041.92720000,1.27951310,45.81642929
87085_3176_00004,allée Leprince-Ringuet,4,,EY0213,1566300.33040000,5181054.33200000,1.27943053,45.81653968
87085_3176_00007,allée Leprince-Ringuet,7,,EY0301,1566289.35860000,5181073.24340000,1.27928413,45.81670767
87085_3176_00008,allée Leprince-Ringuet,8,,EY0273,1566308.19730000,5181130.14710000,1.27951067,45.81722322
87085_3176_00009,allée Leprince-Ringuet,9,,EY0300,1566272.16060000,5181090.70590000,1.27905802,45.81686141
87085_3176_00010,allée Leprince-Ringuet,10,,EY0273,1566304.10110000,5181130.86990000,1.27945777,45.81722892
87085_3176_00011,allée Leprince-Ringuet,11,,EY0300,1566263.69390000,5181093.77510000,1.27894824,45.81688738
87085_3176_00015,allée Leprince-Ringuet,15,,EY0300,1566256.70890000,5181096.31510000,1.27885767,45.81690887
87085_3176_00017,allée Leprince-Ringuet,17,,EY0300,1566244.22050000,5181100.44260000,1.27869586,45.81694357
87085_3176_00019,allée Leprince-Ringuet,19,,EY0300,1566234.69550000,5181103.30010000,1.27857253,45.81696742
87085_3176_00021,allée Leprince-Ringuet,21,,EY0300,1566267.02760000,5181105.74740000,1.27898780,45.81699572
87085_3176_00023,allée Leprince-Ringuet,23,,EY0298,1566278.81480000,5181128.15770000,1.27913321,45.81719961
87085_3068_00002,allée les Filamis,2,,NC0099,1567691.71050000,5192488.45020000,1.29417968,45.91966586
87085_3068_00002_b,allée les Filamis,2,b,NC0100,1567710.97220000,5192476.80850000,1.29443116,45.91956485
87085_3068_00004,allée les Filamis,4,,NC0098,1567742.38810000,5192463.28390000,1.29483980,45.91944924
87085_3068_00006,allée les Filamis,6,,NC0097,1567712.43020000,5192406.25270000,1.29446943,45.91893044
87085_3068_00007,allée les Filamis,7,,KX0253,1567722.06220000,5192484.38700000,1.29457200,45.91963516
87085_3068_00008,allée les Filamis,8,,NC0101,1567690.77530000,5192396.43080000,1.29419304,45.91883791
87085_3068_00009,allée les Filamis,9,,KX0252,1567751.72340000,5192471.25390000,1.29495793,45.91952273
87085_3068_00010,allée les Filamis,10,,NC0102,1567665.16130000,5192385.06260000,1.29386604,45.91873071
87085_3068_00011,allée les Filamis,11,,KX0251,1567784.05580000,5192457.16020000,1.29537854,45.91940218
87085_3068_00015,allée les Filamis,15,,KX0136,1567797.05340000,5192451.28050000,1.29554768,45.91935179
87085_3068_00016,allée les Filamis,16,,NC0074,1567660.56440000,5192369.83980000,1.29381100,45.91859289
87085_3068_00017,allée les Filamis,17,,KX0135,1567811.27830000,5192444.10120000,1.29573301,45.91928994
87085_3068_00020,allée les Filamis,20,,NC0105,1567692.44000000,5192379.39130000,1.29421920,45.91868490
87085_3068_00021,allée les Filamis,21,,KX0288,1567839.83860000,5192414.79130000,1.29610920,45.91903178
87085_3068_00022,allée les Filamis,22,,NC0104,1567711.52060000,5192388.97020000,1.29446250,45.91877480
87085_3068_00023,allée les Filamis,23,,KX0317,1567851.63420000,5192391.74740000,1.29626758,45.91882676
87085_3068_00028,allée les Filamis,28,,NC0072,1567766.23350000,5192418.02130000,1.29515963,45.91904667
87085_3068_00030,allée les Filamis,30,,NC0071,1567799.85790000,5192434.96300000,1.29558833,45.91920554
87085_3066_00003,allée Les Méditations,3,,LT0259,1567597.52460000,5187262.32060000,1.29440838,45.87263555
87085_3066_00004,allée Les Méditations,4,,LT0275,1567614.71340000,5187273.95990000,1.29462653,45.87274357
87085_3066_00005,allée Les Méditations,5,,LT0260,1567589.91070000,5187263.67570000,1.29430996,45.87264627
87085_3066_00006,allée Les Méditations,6,,LT0276,1567615.39840000,5187279.49400000,1.29463382,45.87279348
87085_3066_00007,allée Les Méditations,7,,LT0261,1567585.32890000,5187269.36660000,1.29424938,45.87269658
87085_3066_00008,allée Les Méditations,8,,LT0277,1567617.30540000,5187294.16760000,1.29465434,45.87292585
87085_3066_00009,allée Les Méditations,9,,LT0262,1567585.85600000,5187278.40430000,1.29425368,45.87277799
87085_3066_00010,allée Les Méditations,10,,LT0278,1567618.08040000,5187302.33060000,1.29466206,45.87299943
87085_3066_00011,allée Les Méditations,11,,LT0263,1567588.03190000,5187284.05630000,1.29428014,45.87282925
87085_3066_00012,allée Les Méditations,12,,LT0279,1567618.88460000,5187309.85360000,1.29467035,45.87306726
87085_3066_00014,allée Les Méditations,14,,LT0280,1567620.08810000,5187318.89320000,1.29468335,45.87314880
87085_3066_00015,allée Les Méditations,15,,LT0264,1567591.62920000,5187285.04650000,1.29432619,45.87283885
87085_3066_00016,allée Les Méditations,16,,LT0281,1567621.48150000,5187330.67120000,1.29469805,45.87325502
87085_3066_00017,allée Les Méditations,17,,LT0265,1567600.91840000,5187283.67920000,1.29444620,45.87282834
87085_3066_00018,allée Les Méditations,18,,LT0282,1567622.82040000,5187341.57960000,1.29471228,45.87335341
87085_3066_00019,allée Les Méditations,19,,LT0266,1567603.35520000,5187329.30160000,1.29446499,45.87323921
87085_3066_00020,allée Les Méditations,20,,LT0283,1567623.04570000,5187348.31350000,1.29471333,45.87341403
87085_3066_00021,allée Les Méditations,21,,LT0267,1567595.66500000,5187330.14890000,1.29436573,45.87324535
87085_3066_00022,allée Les Méditations,22,,LT0273,1567613.64370000,5187350.57660000,1.29459162,45.87343257
87085_3066_00023,allée Les Méditations,23,,LT0268,1567593.25780000,5187334.91900000,1.29433341,45.87328780
87085_3066_00024,allée Les Méditations,24,,LT0272,1567606.41680000,5187351.41040000,1.29449832,45.87343868
87085_3066_00026,allée Les Méditations,26,,LT0271,1567597.91350000,5187352.42230000,1.29438854,45.87344615
87085_3066_00028,allée Les Méditations,28,,LT0270,1567594.10530000,5187349.07280000,1.29434042,45.87341528
87085_3066_00030,allée Les Méditations,30,,LT0269,1567593.79560000,5187343.18320000,1.29433806,45.87336224
87085_3062_00001,allée Le Titien,1,,OH0237,1562819.04910000,5184320.91110000,1.23371265,45.84523888
87085_3062_00003,allée Le Titien,3,,OH0236,1562777.58810000,5184338.59330000,1.23317394,45.84538967
87085_0615_00002,allée Louis Blériot,2,,BS0443,1565523.77340000,5184806.98850000,1.26839048,45.85014576
87085_0615_00004,allée Louis Blériot,4,,BS0443,1565510.31200000,5184798.49880000,1.26821957,45.85006675
87085_0615_00006,allée Louis Blériot,6,,BS0443,1565496.09380000,5184790.04350000,1.26803891,45.84998791
87085_0615_00008,allée Louis Blériot,8,,BS0443,1565484.05050000,5184782.44620000,1.26788601,45.84991721
87085_0615_00010,allée Louis Blériot,10,,BS0443,1565470.44620000,5184773.85330000,1.26771329,45.84983725
87085_0615_00012,allée Louis Blériot,12,,BS0443,1565457.98880000,5184764.80200000,1.26755547,45.84975339
87085_0615_00014,allée Louis Blériot,14,,BS0443,1565443.93040000,5184756.83300000,1.26737673,45.84967896
87085_3159_00001,allée Louis Chareyre,1,,MD0139,1565347.10830000,5187800.25060000,1.26527700,45.87703728
87085_3159_00002,allée Louis Chareyre,2,,MD0140,1565348.89720000,5187808.84730000,1.26529763,45.87711496
87085_3159_00003,allée Louis Chareyre,3,,MD0138,1565331.79510000,5187811.10460000,1.26507674,45.87713191
87085_3159_00005,allée Louis Chareyre,5,,MD0137,1565313.61500000,5187816.37780000,1.26484112,45.87717579
87085_3159_00006,allée Louis Chareyre,6,,MD0135,1565326.09240000,5187833.55210000,1.26499699,45.87733272
87085_3159_00008,allée Louis Chareyre,8,,MD0136,1565316.17320000,5187828.36830000,1.26487070,45.87728415
87085_3158_00002,allée Louis-Charles et Henri Geay,2,,LL0093,1567942.91640000,5188917.16080000,1.29840096,45.88758834
87085_3158_00006,allée Louis-Charles et Henri Geay,6,,LL0086,1567898.46640000,5188971.55920000,1.29781300,45.88806914
87085_3163_00002,allée Louis de Funès,2,,OI0035,1562907.85210000,5184098.45020000,1.23491913,45.84325544
87085_3163_00003,allée Louis de Funès,3,,OI0043,1562896.13320000,5184109.55370000,1.23476513,45.84335299
87085_3163_00004,allée Louis de Funès,4,,OI0036,1562907.64170000,5184113.77700000,1.23491205,45.84339327
87085_3163_00005,allée Louis de Funès,5,,OI0042,1562895.66490000,5184124.40530000,1.23475487,45.84348649
87085_3163_00006,allée Louis de Funès,6,,OI0037,1562911.38470000,5184129.69620000,1.23495569,45.84353722
87085_3163_00007,allée Louis de Funès,7,,OI0041,1562895.37060000,5184140.31460000,1.23474654,45.84362954
87085_3163_00008,allée Louis de Funès,8,,OI0038,1562911.26450000,5184138.86470000,1.23495152,45.84361967
87085_3163_00009,allée Louis de Funès,9,,OI0040,1562898.17670000,5184147.76090000,1.23478053,45.84369709
87085_3163_00010,allée Louis de Funès,10,,OI0039,1562903.95330000,5184143.53430000,1.23485609,45.84366022
87085_3175_00002,allée Louis Jouvet,2,,BT0117,1564650.22640000,5185233.08150000,1.25702561,45.85380728
87085_3175_00006,allée Louis Jouvet,6,,BT0117,1564640.00470000,5185233.08020000,1.25689402,45.85380526
87085_3175_00010,allée Louis Jouvet,10,,BT0117,1564630.83060000,5185232.88100000,1.25677597,45.85380166
87085_3175_00035,allée Louis Jouvet,35,,BT0139,1564599.09360000,5185222.35380000,1.25637038,45.85370071
87085_3175_00039,allée Louis Jouvet,39,,BT0139,1564591.08610000,5185222.52160000,1.25626725,45.85370064
87085_3175_00042,allée Louis Jouvet,42,,BT0115,1564539.38360000,5185229.42380000,1.25559971,45.85375255
87085_3175_00043,allée Louis Jouvet,43,,BT0139,1564583.38660000,5185222.68690000,1.25616808,45.85370061
87085_3175_00046,allée Louis Jouvet,46,,BT0115,1564531.54650000,5185226.41520000,1.25549967,45.85372394
87085_3175_00047,allée Louis Jouvet,47,,BT0139,1564573.72200000,5185222.56830000,1.25604370,45.85369764
87085_3175_00050,allée Louis Jouvet,50,,BT0115,1564520.56380000,5185222.67130000,1.25535934,45.85368810
87085_3175_00060,allée Louis Jouvet,60,,BT0414,1564497.84140000,5185214.14950000,1.25506923,45.85360696
87085_4005_00001,allée Louis Pergaud,1,,BO0356,1564169.77650000,5184268.71820000,1.25111321,45.84503754
87085_4005_00003,allée Louis Pergaud,3,,BO0356,1564193.83780000,5184269.01850000,1.25142283,45.84504500
87085_4005_00005,allée Louis Pergaud,5,,BO0356,1564218.00780000,5184268.34590000,1.25173412,45.84504372
87085_3181_00002,allée Louis Perrier,2,,MY0092,1567787.49590000,5190783.76950000,1.29588441,45.90434972
87085_3181_00003,allée Louis Perrier,3,,MY0090,1567800.13650000,5190789.07610000,1.29604582,45.90439989
87085_3181_00004,allée Louis Perrier,4,,MY0093,1567824.91840000,5190761.14730000,1.29637284,45.90415342
87085_3181_00005,allée Louis Perrier,5,,MY0091,1567820.47530000,5190783.06920000,1.29630955,45.90434977
87085_3181_00006,allée Louis Perrier,6,,MY0095,1567820.61560000,5190741.62340000,1.29632278,45.90397696
87085_3181_00008,allée Louis Perrier,8,,MY0097,1567816.00770000,5190722.08850000,1.29626879,45.90380035
87085_3181_00010,allée Louis Perrier,10,,MY0098,1567803.88990000,5190697.92060000,1.29611932,45.90358061
87085_3181_00012,allée Louis Perrier,12,,MY0100,1567805.19520000,5190686.46670000,1.29613929,45.90347783
87085_3181_00014,allée Louis Perrier,14,,MY0102,1567811.36070000,5190683.18130000,1.29621964,45.90344946
87085_3182_00001,allée Louis Renault,1,,NZ0112,1564977.43130000,5186496.07570000,1.26088279,45.86523297
87085_3182_00002,allée Louis Renault,2,,NZ0119,1564971.72350000,5186489.88010000,1.26081104,45.86517612
87085_3182_00003,allée Louis Renault,3,,NZ0113,1564989.74680000,5186483.30980000,1.26104496,45.86512055
87085_3182_00004,allée Louis Renault,4,,NZ0118,1564980.36920000,5186468.39370000,1.26092841,45.86498453
87085_3182_00005,allée Louis Renault,5,,NZ0115,1565004.31840000,5186470.37050000,1.26123622,45.86500702
87085_3182_00006,allée Louis Renault,6,,NZ0117,1564985.19100000,5186457.73250000,1.26099349,45.86488958
87085_3182_00007,allée Louis Renault,7,,NZ0116,1564996.80120000,5186459.91850000,1.26114237,45.86491152
87085_3261_00001,allée Mansart,1,,OD0023,1563489.61000000,5185008.65700000,1.24214831,45.85155898
87085_3261_00003,allée Mansart,3,,OD0024,1563492.24640000,5185017.95590000,1.24217961,45.85164315
87085_3261_00005,allée Mansart,5,,OD0025,1563495.70600000,5185031.08490000,1.24222041,45.85176194
87085_3261_00006,allée Mansart,6,,OD0094,1563512.33880000,5185042.63130000,1.24243124,45.85186911
87085_3261_00007,allée Mansart,7,,OD0026,1563498.25940000,5185040.05010000,1.24225073,45.85184309
87085_3261_00009,allée Mansart,9,,OD0027,1563501.98460000,5185053.42520000,1.24229489,45.85196415
87085_3261_00010,allée Mansart,10,,OD0092,1563521.31540000,5185074.40470000,1.24253777,45.85215671
87085_3261_00011,allée Mansart,11,,OD0028,1563505.16910000,5185063.93170000,1.24233290,45.85205929
87085_3261_00014,allée Mansart,14,,OD0079,1563528.05440000,5185098.66850000,1.24261763,45.85237631
87085_3261_00015,allée Mansart,15,,OD0029,1563496.72510000,5185096.20640000,1.24221503,45.85234794
87085_3261_00016,allée Mansart,16,,OD0080,1563563.73760000,5185101.77170000,1.24307610,45.85241131
87085_3261_00017,allée Mansart,17,,OD0031,1563466.73740000,5185102.87990000,1.24182710,45.85240202
87085_3261_00018,allée Mansart,18,,OD0081,1563578.61500000,5185111.02430000,1.24326499,45.85249749
87085_3261_00019,allée Mansart,19,,OD0033,1563480.75700000,5185112.77490000,1.24200476,45.85249382
87085_3261_00020,allée Mansart,20,,OD0082,1563593.42090000,5185111.68600000,1.24345540,45.85250638
87085_3261_00021,allée Mansart,21,,OD0034,1563499.16370000,5185106.37920000,1.24224353,45.85243994
87085_3261_00022,allée Mansart,22,,OD0075,1563593.00910000,5185119.85420000,1.24344778,45.85257978
87085_3261_00024,allée Mansart,24,,OD0076,1563575.25270000,5185123.72280000,1.24321810,45.85261106
87085_3261_00025,allée Mansart,25,,OD0260,1563522.72040000,5185134.08310000,1.24253890,45.85269383
87085_3261_00025_bis,allée Mansart,25,bis,OD0261,1563525.82270000,5185145.66620000,1.24257555,45.85279864
87085_3261_00026,allée Mansart,26,,OD0078,1563544.25600000,5185113.52470000,1.24282197,45.85251317
87085_3261_00027,allée Mansart,27,,OD0262,1563525.05430000,5185162.87600000,1.24256077,45.85295330
87085_3261_00027_bis,allée Mansart,27,bis,OD0263,1563518.51690000,5185173.75530000,1.24247352,45.85304986
87085_3261_00028,allée Mansart,28,,OD0077,1563534.85400000,5185144.13850000,1.24269225,45.85278669
87085_3261_00029,allée Mansart,29,,OD0264,1563515.50440000,5185188.57180000,1.24243053,45.85318255
87085_3261_00029_bis,allée Mansart,29,bis,OD0265,1563518.30580000,5185201.70590000,1.24246286,45.85330125
87085_3261_00031,allée Mansart,31,,OD0266,1563524.08160000,5185214.05440000,1.24253371,45.85341348
87085_3261_00031_bis,allée Mansart,31,bis,OD0267,1563528.25600000,5185226.84980000,1.24258381,45.85352941
87085_3261_00033,allée Mansart,33,,OD0045,1563533.99510000,5185237.93820000,1.24265454,45.85363030
87085_3261_00034,allée Mansart,34,,OD0046,1563538.87800000,5185230.21550000,1.24271960,45.85356180
87085_3264_00001,allée Marcel Jouhandeau,1,,OA0115,1565238.25730000,5179334.80520000,1.26624872,45.80086421
87085_3264_00003,allée Marcel Jouhandeau,3,,OA0114,1565222.17200000,5179316.50580000,1.26604696,45.80069645
87085_3264_00004,allée Marcel Jouhandeau,4,,OA0071,1565199.64100000,5179319.14590000,1.26575645,45.80071578
87085_3264_00005,allée Marcel Jouhandeau,5,,OA0113,1565218.54310000,5179292.30780000,1.26600707,45.80047806
87085_3264_00006,allée Marcel Jouhandeau,6,,OA0082,1565176.27100000,5179325.02700000,1.26545423,45.80076411
87085_3264_00007,allée Marcel Jouhandeau,7,,OA0112,1565219.02910000,5179276.40510000,1.26601777,45.80033510
87085_3264_00008,allée Marcel Jouhandeau,8,,OA0083,1565173.34650000,5179318.22350000,1.26541853,45.80070233
87085_3264_00009,allée Marcel Jouhandeau,9,,OA0111,1565212.26070000,5179269.96210000,1.26593253,45.80027581
87085_3264_00010,allée Marcel Jouhandeau,10,,OA0087,1565173.76160000,5179307.06740000,1.26542699,45.80060206
87085_3264_00012,allée Marcel Jouhandeau,12,,OA0088,1565178.68070000,5179291.42590000,1.26549464,45.80046232
87085_3264_00014,allée Marcel Jouhandeau,14,,OA0089,1565188.10730000,5179278.13570000,1.26561960,45.80034461
87085_3264_00016,allée Marcel Jouhandeau,16,,OA0090,1565198.31330000,5179269.30670000,1.26575333,45.80026719
87085_3269_00006,allée Marcel Proust,6,,LP0051,1567948.14570000,5188204.40350000,1.29866447,45.88117765
87085_3269_00007,allée Marcel Proust,7,,LP0039,1567914.76970000,5188190.28320000,1.29823848,45.88104421
87085_3269_00009,allée Marcel Proust,9,,LP0042,1567892.25630000,5188198.64070000,1.29794621,45.88111506
87085_3269_00011,allée Marcel Proust,11,,LP0042,1567874.39570000,5188216.43440000,1.29771127,45.88127169
87085_3269_00015_bis,allée Marcel Proust,15,bis,LP0042,1567860.99840000,5188246.31630000,1.29753048,45.88153792
87085_3269_00017,allée Marcel Proust,17,,LP0042,1567834.43980000,5188294.03980000,1.29717526,45.88196212
87085_3269_00027,allée Marcel Proust,27,,LP0061,1567757.24990000,5188395.68500000,1.29615304,45.88286163
87085_3269_00032,allée Marcel Proust,32,,LP0050,1567796.04420000,5188357.26090000,1.29666331,45.88252345
87085_3276_00002,allée Maréchal Fayolle,2,,OL0020,1561914.80970000,5182955.89280000,1.22246605,45.83277886
87085_3276_00004,allée Maréchal Fayolle,4,,OL0020,1561893.49890000,5183007.72650000,1.22217692,45.83324085
87085_3276_00005,allée Maréchal Fayolle,5,,OL0100,1561836.50890000,5183004.37100000,1.22144450,45.83319922
87085_3276_00007,allée Maréchal Fayolle,7,,OL0100,1561871.33050000,5183026.27000000,1.22188631,45.83340321
87085_3278_00001,allée Maréchal Franchet d'Esperey,1,,OL0076,1561787.10870000,5182749.11060000,1.22088218,45.83089310
87085_3278_00002,allée Maréchal Franchet d'Esperey,2,,OL0093,1561750.18260000,5182799.36220000,1.22039256,45.83133772
87085_3278_00003,allée Maréchal Franchet d'Esperey,3,,OL0072,1561727.56390000,5182723.76160000,1.22012325,45.83065311
87085_3278_00004,allée Maréchal Franchet d'Esperey,4,,OL0015,1561772.45620000,5182846.35970000,1.22066567,45.83176496
87085_3278_00005,allée Maréchal Franchet d'Esperey,5,,OL0090,1561726.61120000,5182761.29920000,1.22010019,45.83099058
87085_3278_00011,allée Maréchal Franchet d'Esperey,11,,OL0012,1561723.40950000,5182865.52630000,1.22002901,45.83192751
87085_3287_00003,allée Maréchal Lyautey,3,,OL0020,1561974.46280000,5183053.62590000,1.22320563,45.83367000
87085_3293_00001,allée Marguerite Genès,1,,OA0094,1565108.61990000,5179233.50700000,1.26460981,45.79992757
87085_3293_00002,allée Marguerite Genès,2,,OA0005,1565107.13910000,5179245.91010000,1.26458729,45.80003885
87085_3293_00003,allée Marguerite Genès,3,,OA0263,1565109.32540000,5179205.02900000,1.26462686,45.79967153
87085_3293_00004,allée Marguerite Genès,4,,OA0004,1565099.05320000,5179237.30620000,1.26448571,45.79995987
87085_3293_00005,allée Marguerite Genès,5,,OA0265,1565109.56990000,5179196.34220000,1.26463244,45.79959343
87085_3293_00006,allée Marguerite Genès,6,,OA0003,1565090.83340000,5179219.40280000,1.26438501,45.79979720
87085_3293_00008,allée Marguerite Genès,8,,OA0002,1565091.36620000,5179201.97990000,1.26439675,45.79964058
87085_3293_00010,allée Marguerite Genès,10,,OA0001,1565099.85610000,5179194.00000000,1.26450817,45.79957046
87085_1659_00002,allée Mariotte,2,,HP0203,1565180.80780000,5180656.11650000,1.26513964,45.81273899
87085_1659_00003,allée Mariotte,3,,HP0174,1565166.15930000,5180627.14270000,1.26495932,45.81247548
87085_1659_00004,allée Mariotte,4,,HP0202,1565161.71950000,5180638.87990000,1.26489892,45.81258019
87085_1659_00005,allée Mariotte,5,,HP0152,1565144.30510000,5180598.18230000,1.26468631,45.81221068
87085_1659_00006,allée Mariotte,6,,HP0162,1565148.62030000,5180627.86110000,1.26473350,45.81247850
87085_1659_00008,allée Mariotte,8,,HP0163,1565139.89380000,5180614.51190000,1.26462498,45.81235671
87085_1659_00009,allée Mariotte,9,,HP0158,1565131.99350000,5180573.77900000,1.26453477,45.81198874
87085_1659_00010,allée Mariotte,10,,HP0249,1565130.44830000,5180595.63990000,1.26450877,45.81218509
87085_1659_00011,allée Mariotte,11,,HP0039,1565126.55520000,5180562.90410000,1.26446786,45.81188985
87085_1659_00012,allée Mariotte,12,,HP0017,1565124.49700000,5180583.64080000,1.26443558,45.81207599
87085_1659_00014,allée Mariotte,14,,HP0199,1565120.23100000,5180575.43340000,1.26438300,45.81200132
87085_1659_00015,allée Mariotte,15,,HP0205,1565120.91190000,5180552.38570000,1.26439822,45.81179412
87085_1659_00016,allée Mariotte,16,,HP0148,1565112.18820000,5180560.38580000,1.26428376,45.81186438
87085_1659_00018,allée Mariotte,18,,HP0197,1565103.98250000,5180543.95120000,1.26418281,45.81171493
87085_1659_00019,allée Mariotte,19,,HP0246,1565114.87880000,5180539.99080000,1.26432409,45.81168144
87085_1659_00020,allée Mariotte,20,,HP0222,1565097.34430000,5180531.10770000,1.26410102,45.81159809
87085_1659_00022,allée Mariotte,22,,HP0011,1565092.64640000,5180521.91230000,1.26404316,45.81151445
87085_1659_00024,allée Mariotte,24,,HP0010,1565088.91680000,5180514.57320000,1.26399725,45.81144770
87085_3317_00007,allée Martial Roby,7,,KW0030,1566517.95250000,5193092.56780000,1.27888310,45.92487305
87085_3317_00009,allée Martial Roby,9,,KW0029,1566521.41520000,5193108.04520000,1.27892342,45.92501295
87085_3442_00001,allée Mathieu Morel,1,,OR0057,1562709.44860000,5184565.06710000,1.23223218,45.84741331
87085_3442_00002,allée Mathieu Morel,2,,OR0057,1562648.74350000,5184500.17580000,1.23146934,45.84681745
87085_3442_00003,allée Mathieu Morel,3,,OR0057,1562709.20560000,5184558.89710000,1.23223081,45.84735776
87085_3442_00004,allée Mathieu Morel,4,,OR0058,1562612.99940000,5184468.83480000,1.23101821,45.84652839
87085_3442_00005,allée Mathieu Morel,5,,OR0057,1562708.98130000,5184555.04140000,1.23222903,45.84732303
87085_3442_00006,allée Mathieu Morel,6,,OR0058,1562599.56170000,5184452.93530000,1.23084979,45.84638268
87085_3442_00007,allée Mathieu Morel,7,,OR0057,1562708.93900000,5184549.83410000,1.23222997,45.84727618
87085_3442_00009,allée Mathieu Morel,9,,OR0057,1562706.76260000,5184543.10120000,1.23220388,45.84721518
87085_3442_00011,allée Mathieu Morel,11,,OR0057,1562690.38950000,5184522.01800000,1.23199915,45.84702225
87085_3442_00013,allée Mathieu Morel,13,,OR0057,1562633.09480000,5184449.57680000,1.23128238,45.84635917
87085_3442_00017,allée Mathieu Morel,17,,OR0058,1562609.35700000,5184447.84110000,1.23097733,45.84633881
87085_3442_00019,allée Mathieu Morel,19,,OR0058,1562600.40370000,5184437.88430000,1.23086493,45.84624745
87085_3457_00002,allée Maurice Barrès,2,,HN0102,1564970.34420000,5179863.22100000,1.26265476,45.80556512
87085_3457_00003,allée Maurice Barrès,3,,HN0103,1564917.01920000,5179892.91300000,1.26196054,45.80582175
87085_3457_00004,allée Maurice Barrès,4,,HN0104,1564890.16770000,5179882.56490000,1.26161807,45.80572339
87085_3457_00005,allée Maurice Barrès,5,,HN0105,1564904.61960000,5179862.23040000,1.26180967,45.80554331
87085_3457_00007,allée Maurice Barrès,7,,HN0107,1564984.48270000,5179834.90820000,1.26284456,45.80531321
87085_3511_00001,allée Michel Serres,1,,LC0003,1568025.34700000,5190901.99730000,1.29891665,45.90545899
87085_3511_00002,allée Michel Serres,2,,LC0003,1568030.57250000,5190894.72130000,1.29898598,45.90539454
87085_3511_00003,allée Michel Serres,3,,LC0003,1568032.55690000,5190902.65880000,1.29900937,45.90546633
87085_3511_00004,allée Michel Serres,4,,LC0003,1568040.62670000,5190895.44890000,1.29911534,45.90540302
87085_3511_00005,allée Michel Serres,5,,LC0003,1568048.56420000,5190903.58480000,1.29921538,45.90547773
87085_3511_00006,allée Michel Serres,6,,LC0003,1568048.63040000,5190896.24269999,1.29921825,45.90541170
87085_3511_00007,allée Michel Serres,7,,LC0003,1568054.78190000,5190904.37859999,1.29929528,45.90548607
87085_3511_00008,allée Michel Serres,8,,LC0003,1568065.43150000,5190897.69790001,1.29943434,45.90542802
87085_3511_00009,allée Michel Serres,9,,LC0003,1568067.01890000,5190904.97390000,1.29945279,45.90549377
87085_3511_00010,allée Michel Serres,10,,LC0002,1568082.56330000,5190897.69790000,1.29965510,45.90543130
87085_3511_00012,allée Michel Serres,12,,LC0002,1568098.27300000,5190899.31850000,1.29985710,45.90544890
87085_3511_00014,allée Michel Serres,14,,LC0002,1568108.88940000,5190900.37680000,1.29999360,45.90546050
87085_3511_00015,allée Michel Serres,15,,LC0002,1568090.69930000,5190910.86090000,1.29975630,45.90555130
87085_3511_00016,allée Michel Serres,16,,LC0002,1568119.67120000,5190901.07129999,1.30013230,45.90546880
87085_3511_00017,allée Michel Serres,17,,LC0002,1568096.98320000,5190911.62160000,1.29983710,45.90555930
87085_3511_00019,allée Michel Serres,19,,LC0002,1568107.03740000,5190912.61380000,1.29996640,45.90557020
87085_3511_00021,allée Michel Serres,21,,LC0002,1568109.61710000,5190912.87840000,1.29999950,45.90557310
87085_3511_00023,allée Michel Serres,23,,LC0002,1568119.37360000,5190913.90370000,1.30012500,45.90558410
87085_3511_00025,allée Michel Serres,25,,LC0002,1568125.98820000,5190914.32699999,1.30021010,45.90558920
87085_4163_00003,allée Mignard,3,,RS0022,1561676.33230000,5185456.46300000,1.21867743,45.85522476
87085_4163_00004,allée Mignard,4,,RS0029,1561680.91930000,5185474.96960000,1.21873115,45.85539216
87085_4163_00005,allée Mignard,5,,RS0023,1561668.34110000,5185480.61140000,1.21856760,45.85544038
87085_4163_00006,allée Mignard,6,,RS0028,1561679.70560000,5185498.58390000,1.21870872,45.85560433
87085_4163_00007,allée Mignard,7,,RS0024,1561661.16080000,5185502.25270000,1.21846893,45.85563360
87085_4163_00008,allée Mignard,8,,RS0027,1561674.75700000,5185511.18650000,1.21864139,45.85571670
87085_4163_00009,allée Mignard,9,,RS0025,1561660.89950000,5185512.94630000,1.21846248,45.85572975
87085_4163_00010,allée Mignard,10,,RS0026,1561669.00590000,5185515.81220000,1.21856602,45.85575716
87085_3535_00001,allée Mireille,1,,EW0149,1566065.93810000,5181412.41390000,1.27631539,45.81971526
87085_3535_00002,allée Mireille,2,,EW0148,1566077.05810000,5181416.04020000,1.27645745,45.81975005
87085_3535_00003,allée Mireille,3,,EW0150,1566053.13690000,5181412.51800000,1.27615067,45.81971371
87085_3535_00004,allée Mireille,4,,EW0147,1566068.66030000,5181416.23850000,1.27634935,45.81975020
87085_3535_00005,allée Mireille,5,,EW0151,1566042.50370000,5181413.43580000,1.27601361,45.81971989
87085_3535_00006,allée Mireille,6,,EW0146,1566057.14410000,5181416.60220000,1.27620108,45.81975123
87085_3535_00008,allée Mireille,8,,EW0145,1566045.62700000,5181416.85590000,1.27605284,45.81975127
87085_3537_00001,allée Mistinguett,1,,LY0192,1566916.35970000,5187659.45780000,1.28552630,45.87607647
87085_3537_00002,allée Mistinguett,2,,LY0183,1566909.45010000,5187666.06010000,1.28543548,45.87613452
87085_3537_00003,allée Mistinguett,3,,LY0191,1566899.74180000,5187637.07370000,1.28531849,45.87587189
87085_3537_00004,allée Mistinguett,4,,LY0184,1566896.20320000,5187648.46270000,1.28526976,45.87597366
87085_3537_00005,allée Mistinguett,5,,LY0190,1566890.69590000,5187623.55690000,1.28520574,45.87574855
87085_3537_00006,allée Mistinguett,6,,LY0185,1566886.40030000,5187633.73300000,1.28514760,45.87583926
87085_3537_00007,allée Mistinguett,7,,LY0189,1566883.81360000,5187600.40370000,1.28512353,45.87553894
87085_3537_00008,allée Mistinguett,8,,LY0186,1566868.63220000,5187616.82180000,1.28492346,45.87568369
87085_3537_00009,allée Mistinguett,9,,LY0188,1566867.97130000,5187593.93550000,1.28492130,45.87547768
87085_3537_00010,allée Mistinguett,10,,LY0187,1566860.94390000,5187604.13390000,1.28482796,45.87556806
87085_3703_00001,allée Murillo,1,,RS0049,1561892.91030000,5185402.64350000,1.22148105,45.85478417
87085_3703_00002,allée Murillo,2,,RS0076,1561899.66670000,5185395.07020000,1.22157020,45.85471740
87085_3703_00003,allée Murillo,3,,RS0050,1561910.08330000,5185450.22220000,1.22168845,45.85521561
87085_3703_00004,allée Murillo,4,,RS0075,1561919.36380000,5185417.14570000,1.22181743,45.85491994
87085_3703_00005,allée Murillo,5,,RS0051,1561896.83920000,5185468.64610000,1.22151265,45.85537868
87085_3703_00007,allée Murillo,7,,RS0052,1561883.25430000,5185486.72640000,1.22133256,45.85553860
87085_3703_00008,allée Murillo,8,,RS0187,1561924.16900000,5185437.64860000,1.22187340,45.85510534
87085_3703_00010,allée Murillo,10,,RS0063,1561912.31560000,5185464.79540000,1.22171300,45.85534716
87085_3703_00011,allée Murillo,11,,RS0054,1561868.31200000,5185523.74180000,1.22112956,45.85586856
87085_3703_00012,allée Murillo,12,,RS0062,1561896.60080000,5185485.27240000,1.22150480,45.85552820
87085_3703_00014,allée Murillo,14,,RS0061,1561882.99860000,5185508.95620000,1.22132288,45.85573851
87085_3703_00015,allée Murillo,15,,RS0055,1561861.25500000,5185548.53360000,1.22103158,45.85609016
87085_3703_00016,allée Murillo,16,,RS0060,1561876.89590000,5185530.45450000,1.22123813,45.85593067
87085_3703_00017,allée Murillo,17,,RS0056,1561857.57520000,5185561.09800000,1.22098059,45.85620244
87085_3703_00018,allée Murillo,18,,RS0059,1561878.72110000,5185555.74930000,1.22125436,45.85615858
87085_3703_00020,allée Murillo,20,,RS0058,1561871.40920000,5185569.87180000,1.22115616,45.85628415
87085_3662_00004,allée Pauline Roland,4,,BW0106,1565147.51050000,5186289.13870000,1.26313087,45.86340485
87085_3662_00006,allée Pauline Roland,6,,BW0105,1565166.00660000,5186305.05810000,1.26336455,45.86355168
87085_3662_00008,allée Pauline Roland,8,,BW0104,1565184.96230000,5186317.34620000,1.26360517,45.86366594
87085_3662_00010,allée Pauline Roland,10,,BW0103,1565207.44220000,5186325.02000000,1.26389246,45.86373937
87085_3662_00012,allée Pauline Roland,12,,BW0102,1565228.94820000,5186330.77340000,1.26416775,45.86379535
87085_3662_00014,allée Pauline Roland,14,,BW0101,1565250.99420000,5186336.64650000,1.26444996,45.86385250
87085_3662_00016,allée Pauline Roland,16,,BW0100,1565278.10150000,5186342.40830000,1.26479737,45.86390965
87085_3938_00001,allée Paul Portier,1,,NZ0244,1565061.75740000,5186534.21520000,1.26195787,45.86559262
87085_3938_00002,allée Paul Portier,2,,NZ0243,1565064.06670000,5186524.81890000,1.26199024,45.86550855
87085_3938_00003,allée Paul Portier,3,,NZ0146,1565072.79930000,5186548.37730000,1.26209607,45.86572218
87085_3938_00004,allée Paul Portier,4,,NZ0149,1565075.05010000,5186537.91870000,1.26212799,45.86562854
87085_3938_00005,allée Paul Portier,5,,NZ0147,1565085.31800000,5186563.14010000,1.26225311,45.86585744
87085_3938_00006,allée Paul Portier,6,,NZ0148,1565086.41860000,5186551.95530000,1.26227043,45.86575704
87085_3938_00007,allée Paul Portier,7,,NZ0145,1565068.18170000,5186595.90420000,1.26202325,45.86614880
87085_3938_00009,allée Paul Portier,9,,NZ0143,1565065.43080000,5186607.14590000,1.26198467,45.86624939
87085_3938_00010,allée Paul Portier,10,,NZ0152,1565103.91430000,5186518.43200000,1.26250512,45.86545891
87085_3938_00011,allée Paul Portier,11,,NZ0144,1565074.82940000,5186612.74500000,1.26210412,45.86630160
87085_3938_00012,allée Paul Portier,12,,NZ0155,1565113.70600000,5186509.92760000,1.26263359,45.86538433
87085_3938_00014,allée Paul Portier,14,,NZ0195,1565124.71780000,5186510.08200000,1.26277534,45.86538788
87085_3938_00016,allée Paul Portier,16,,NZ0246,1565122.26760000,5186517.52080000,1.26274170,45.86545432
87085_3938_00018,allée Paul Portier,18,,NZ0249,1565109.67120000,5186547.38990000,1.26257111,45.86572054
87085_3938_00020,allée Paul Portier,20,,NZ0252,1565102.28320000,5186575.50410000,1.26246809,45.86597199
87085_3938_00022,allée Paul Portier,22,,NZ0254,1565098.75810000,5186589.75990000,1.26241869,45.86609954
87085_3938_00026,allée Paul Portier,26,,NZ0257,1565092.33970000,5186613.72790000,1.26232931,45.86631388
87085_3938_00028,allée Paul Portier,28,,NZ0204,1565087.20810000,5186616.05730000,1.26226258,45.86633383
87085_3939_00002,allée Paul Roiffé,2,,NH0177,1561862.75570000,5181682.76580000,1.22216194,45.82131599
87085_3939_00003,allée Paul Roiffé,3,,NH0186,1561886.32050000,5181712.88220000,1.22245648,45.82159164
87085_3939_00004,allée Paul Roiffé,4,,NH0178,1561879.45530000,5181695.63350000,1.22237310,45.82143510
87085_3939_00005,allée Paul Roiffé,5,,NH0185,1561902.73920000,5181726.27230000,1.22266387,45.82171538
87085_3939_00006,allée Paul Roiffé,6,,NH0181,1561897.84370000,5181709.56150000,1.22260568,45.82156408
87085_3939_00008,allée Paul Roiffé,8,,NH0182,1561914.28590000,5181724.05220000,1.22281307,45.82169773
87085_3939_00016,allée Paul Roiffé,16,,NH0184,1561928.57800000,5181738.70870000,1.22299274,45.82183244
87085_3941_00001,allée Paul Sabatier,1,,NZ0064,1564948.31830000,5186216.86050000,1.26058646,45.86271555
87085_3941_00003,allée Paul Sabatier,3,,NZ0063,1564958.82480000,5186208.31770000,1.26072414,45.86264077
87085_3941_00004,allée Paul Sabatier,4,,NZ0034,1564962.07520000,5186195.48460000,1.26076960,45.86252597
87085_3941_00005,allée Paul Sabatier,5,,NZ0062,1564969.96800000,5186199.57510000,1.26087007,45.86256432
87085_3941_00006,allée Paul Sabatier,6,,NZ0035,1564963.52070000,5186173.44610000,1.26079441,45.86232800
87085_3941_00007,allée Paul Sabatier,7,,NZ0061,1564982.14200000,5186189.70920000,1.26102959,45.86247796
87085_3941_00008,allée Paul Sabatier,8,,NZ0036,1564971.65830000,5186167.07530000,1.26090097,45.86227229
87085_3941_00009,allée Paul Sabatier,9,,NZ0060,1564991.67910000,5186182.37890000,1.26115445,45.86241389
87085_3941_00010,allée Paul Sabatier,10,,NZ0037,1564980.78800000,5186160.23390000,1.26102044,45.86221255
87085_3941_00011,allée Paul Sabatier,11,,NZ0040,1564997.39730000,5186174.22390000,1.26123036,45.86234166
87085_3941_00012,allée Paul Sabatier,12,,NZ0038,1564986.47060000,5186161.21800000,1.26109333,45.86222251
87085_3941_00014,allée Paul Sabatier,14,,NZ0039,1564991.85180000,5186167.54630000,1.26116084,45.86228050
87085_3956_00004,allée Paul Vatine,4,,PR0168,1560247.86270000,5184202.40850000,1.20065270,45.84365509
87085_3956_00005,allée Paul Vatine,5,,PR0168,1560225.38620000,5184161.71470000,1.20037524,45.84328447
87085_3956_00006,allée Paul Vatine,6,,PR0168,1560244.37890000,5184193.95110000,1.20061032,45.84357831
87085_3956_00008,allée Paul Vatine,8,,PR0168,1560231.88010000,5184171.28610000,1.20045604,45.84337189
87085_3972_00001,allée Pénélope,1,,LW0322,1567327.51090000,5187138.50290000,1.29096539,45.87146966
87085_3972_00002,allée Pénélope,2,,LW0323,1567323.34990000,5187130.34240000,1.29091406,45.87139545
87085_3972_00003,allée Pénélope,3,,LW0321,1567342.38020000,5187137.31010000,1.29115720,45.87146180
87085_3972_00004,allée Pénélope,4,,LW0324,1567334.84300000,5187119.88490000,1.29106495,45.87130359
87085_3972_00005,allée Pénélope,5,,LW0320,1567348.68500000,5187134.54940000,1.29123915,45.87143818
87085_3972_00006,allée Pénélope,6,,LW0325,1567341.82180000,5187116.78390000,1.29115568,45.87127705
87085_3972_00007,allée Pénélope,7,,LW0319,1567354.29310000,5187124.45040000,1.29131416,45.87134842
87085_3972_00008,allée Pénélope,8,,LW0318,1567351.77430000,5187118.58120000,1.29128335,45.87129513
87085_4004_00002,allée Père Poumeau,2,,PR0096,1559952.92400000,5184421.50100000,1.19679272,45.84556591
87085_4004_00004,allée Père Poumeau,4,,PR0096,1559963.48000000,5184424.25120000,1.19692779,45.84559280
87085_4004_00005,allée Père Poumeau,5,,PR0096,1559973.36650000,5184431.86850000,1.19705283,45.84566334
87085_4004_00006,allée Père Poumeau,6,,PR0096,1559972.60400000,5184425.29120000,1.19704493,45.84560401
87085_4004_00007,allée Père Poumeau,7,,PR0096,1559978.75900000,5184434.86330000,1.19712136,45.84569137
87085_4004_00008,allée Père Poumeau,8,,PR0096,1559977.07840000,5184427.48300000,1.19710188,45.84562464
87085_4004_00009,allée Père Poumeau,9,,PR0096,1559983.54460000,5184437.96410000,1.19718205,45.84572024
87085_4004_00010,allée Père Poumeau,10,,PR0096,1559981.75860000,5184430.07840000,1.19716136,45.84564894
87085_4004_00011,allée Père Poumeau,11,,PR0096,1559991.72260000,5184447.21590000,1.19728462,45.84580513
87085_4004_00012,allée Père Poumeau,12,,PR0096,1559986.54590000,5184433.38200000,1.19722202,45.84567963
87085_4004_00013,allée Père Poumeau,13,,PR0096,1559994.79300000,5184451.14110000,1.19732300,45.84584106
87085_4004_00014,allée Père Poumeau,14,,PR0096,1559992.27010000,5184439.81770000,1.19729382,45.84573869
87085_4004_00016,allée Père Poumeau,16,,PR0096,1559994.63490000,5184444.15370000,1.19732300,45.84577818
87085_4004_00018,allée Père Poumeau,18,,PR0096,1559997.81330000,5184448.88830000,1.19736253,45.84582141
87085_4004_00020,allée Père Poumeau,20,,PR0096,1560000.29830000,5184455.55290000,1.19739257,45.84588187
87085_4004_00022,allée Père Poumeau,22,,PR0096,1560001.82640000,5184469.11270000,1.19740829,45.84600416
87085_4097_00001,allée Philippe de Champaigne,1,,OM0056,1562347.46810000,5182494.98890000,1.22816567,45.82871953
87085_4097_00003,allée Philippe de Champaigne,3,,OM0056,1562314.43250000,5182478.24520000,1.22774537,45.82856230
87085_4097_00005,allée Philippe de Champaigne,5,,OM0056,1562297.76840000,5182487.11250000,1.22752841,45.82863873
87085_4113_00002,allée Pierre Blanchar,2,,NW0263,1560437.61470000,5183610.86110000,1.20326676,45.83837241
87085_4113_00003,allée Pierre Blanchar,3,,NW0265,1560428.99740000,5183615.95910000,1.20315438,45.83841652
87085_4113_00005,allée Pierre Blanchar,5,,NW0266,1560415.14210000,5183641.47200000,1.20296866,45.83864320
87085_4113_00006,allée Pierre Blanchar,6,,NW0259,1560473.61210000,5183607.76240000,1.20373094,45.83835184
87085_4113_00007,allée Pierre Blanchar,7,,NW0270,1560393.78010000,5183631.34930000,1.20269667,45.83854781
87085_4113_00008,allée Pierre Blanchar,8,,NW0258,1560468.16010000,5183615.81950000,1.20365843,45.83842321
87085_4113_00009,allée Pierre Blanchar,9,,NW0271,1560395.42260000,5183641.04510000,1.20271499,45.83863536
87085_4113_00010,allée Pierre Blanchar,10,,NW0257,1560455.96950000,5183623.57100000,1.20349929,45.83849046
87085_4113_00011,allée Pierre Blanchar,11,,NW0272,1560405.78580000,5183657.09670000,1.20284370,45.83878185
87085_4113_00015,allée Pierre Blanchar,15,,NW0273,1560415.71680000,5183666.06010000,1.20296891,45.83886450
87085_4113_00017,allée Pierre Blanchar,17,,NW0274,1560419.65750000,5183646.67710000,1.20302526,45.83869094
87085_4113_00019,allée Pierre Blanchar,19,,NW0275,1560434.59610000,5183637.74490000,1.20322011,45.83861362
87085_4156_00001,allée Pierre et Louis Planteligne,1,,LH0003,1567995.31500000,5190338.17890000,1.29868488,45.90038133
87085_4156_00002,allée Pierre et Louis Planteligne,2,,LH0015,1567987.66260000,5190304.45210000,1.29859557,45.90007647
87085_4156_00003,allée Pierre et Louis Planteligne,3,,LH0004,1568010.90270000,5190329.39770000,1.29888813,45.90030534
87085_4156_00004,allée Pierre et Louis Planteligne,4,,LH0014,1568016.32610000,5190293.72940000,1.29896783,45.89998552
87085_4156_00005,allée Pierre et Louis Planteligne,5,,LH0005,1568028.96260000,5190317.84660000,1.29912400,45.90020490
87085_4156_00006,allée Pierre et Louis Planteligne,6,,LH0013,1568048.59830000,5190262.88870000,1.29939211,45.89971429
87085_4156_00007,allée Pierre et Louis Planteligne,7,,LH0006,1568044.21440000,5190308.95270000,1.29932296,45.90012782
87085_4156_00009,allée Pierre et Louis Planteligne,9,,LH0007,1568055.95500000,5190297.96680000,1.29947725,45.90003125
87085_4156_00011,allée Pierre et Louis Planteligne,11,,LH0008,1568057.69050000,5190283.80880000,1.29950351,45.89990423
87085_4156_00013,allée Pierre et Louis Planteligne,13,,LH0009,1568068.59260000,5190260.43150000,1.29965040,45.89969603
87085_4156_00015,allée Pierre et Louis Planteligne,15,,LH0011,1568061.51840000,5190253.97100000,1.29956103,45.89963655
87085_4167_00002,allée Pierre Papillaud,2,,MD0157,1565289.81440000,5188048.05690000,1.26446957,45.87925520
87085_4167_00003,allée Pierre Papillaud,3,,MD0176,1565324.89160000,5188066.50910000,1.26491616,45.87942806
87085_4167_00004,allée Pierre Papillaud,4,,MD0158,1565309.02900000,5188052.22870000,1.26471587,45.87929650
87085_4167_00006,allée Pierre Papillaud,6,,MD0159,1565329.33990000,5188056.75250000,1.26497619,45.87934117
87085_4167_00007,allée Pierre Papillaud,7,,MD0177,1565350.66470000,5188089.51200000,1.26524165,45.87964004
87085_4167_00008,allée Pierre Papillaud,8,,MD0160,1565347.51160000,5188060.87100000,1.26520907,45.87938178
87085_4167_00009,allée Pierre Papillaud,9,,MD0178,1565350.27100000,5188112.85290000,1.26523003,45.87984993
87085_4167_00012,allée Pierre Papillaud,12,,MD0161,1565363.65350000,5188027.80170000,1.26542625,45.87908747
87085_4167_00013,allée Pierre Papillaud,13,,MD0169,1565355.24110000,5188128.85670000,1.26528955,45.87999486
87085_4167_00014,allée Pierre Papillaud,14,,MD0162,1565364.36790000,5188012.90570000,1.26543963,45.87895361
87085_4167_00015,allée Pierre Papillaud,15,,MD0168,1565360.31630000,5188104.88010000,1.26536164,45.87978017
87085_4167_00016,allée Pierre Papillaud,16,,MD0163,1565379.83800000,5188011.59370000,1.26563924,45.87894484
87085_4167_00017,allée Pierre Papillaud,17,,MD0167,1565365.04040000,5188084.34660000,1.26542825,45.87959639
87085_4167_00018,allée Pierre Papillaud,18,,MD0164,1565378.38050000,5188024.86990000,1.26561675,45.87906398
87085_4167_00020,allée Pierre Papillaud,20,,MD0165,1565373.80730000,5188045.86230000,1.26555196,45.87925192
87085_4167_00022,allée Pierre Papillaud,22,,MD0166,1565369.81780000,5188063.63780000,1.26549559,45.87941104
87085_4177_00001,allée Pierrette Fleutiaux,1,,LC0003,1568019.49310000,5190953.92180000,1.29882692,45.90592496
87085_4177_00002,allée Pierrette Fleutiaux,2,,LC0003,1568019.75760000,5190946.48040000,1.29883238,45.90585807
87085_4177_00003,allée Pierrette Fleutiaux,3,,LC0003,1568025.74390000,5190954.51710000,1.29890731,45.90593151
87085_4177_00004,allée Pierrette Fleutiaux,4,,LC0003,1568029.94410000,5190947.10880000,1.29896347,45.90586568
87085_4177_00005,allée Pierrette Fleutiaux,5,,LC0003,1568041.45360000,5190955.77390000,1.29910939,45.90594584
87085_4177_00006,allée Pierrette Fleutiaux,6,,LC0003,1568042.37950000,5190948.26639999,1.29912339,45.90587848
87085_4177_00007,allée Pierrette Fleutiaux,7,,LC0003,1568047.86980000,5190956.30310000,1.29919192,45.90595183
87085_4177_00008,allée Pierrette Fleutiaux,8,,LC0003,1568052.46680000,5190948.96090000,1.29925318,45.90588667
87085_4177_00009,allée Pierrette Fleutiaux,9,,LC0003,1568059.80910000,5190957.26220001,1.29934550,45.90596275
87085_4177_00010,allée Pierrette Fleutiaux,10,,LC0003,1568070.45850000,5190950.60130000,1.29948460,45.90590490
87085_4177_00011,allée Pierrette Fleutiaux,11,,LC0003,1568065.96070000,5190957.75830000,1.29942463,45.90596840
87085_4177_00015,allée Pierrette Fleutiaux,15,,LC0003,1568081.10810000,5190958.81660000,1.29961953,45.90598083
87085_4177_00017,allée Pierrette Fleutiaux,17,,LC0003,1568085.78460000,5190959.38540000,1.29967963,45.90598684
87085_4177_00019,allée Pierrette Fleutiaux,19,,LC0003,1568100.02580000,5190960.40410000,1.29986286,45.90599874
87085_4177_00021,allée Pierrette Fleutiaux,21,,LC0003,1568105.97890000,5190960.93330000,1.29993942,45.90600464
87085_4177_00023,allée Pierrette Fleutiaux,23,,LC0003,1568117.02530000,5190961.85930000,1.30008151,45.90601510
87085_4177_00024,allée Pierrette Fleutiaux,24,,LC0002,1568133.87930000,5190954.33189999,1.30030080,45.90595060
87085_4177_00026,allée Pierrette Fleutiaux,26,,LC0002,1568138.95930000,5190954.91400000,1.30036610,45.90595680
87085_4212_00001,allée Plantagenet,1,,HY0402,1564506.09770000,5181360.75130000,1.25626172,45.81894505
87085_4212_00003,allée Plantagenet,3,,HY0402,1564506.03910000,5181338.62600000,1.25626720,45.81874601
87085_4332_00001,allée Priam,1,,LW0339,1567369.10090000,5187020.76300000,1.29153350,45.87041854
87085_4332_00002,allée Priam,2,,LW0341,1567387.05780000,5187025.93850000,1.29176330,45.87046857
87085_4332_00003,allée Priam,3,,LW0338,1567370.93850000,5187036.07700000,1.29155293,45.87055666
87085_4332_00004,allée Priam,4,,LW0342,1567396.75660000,5187021.65460000,1.29188938,45.87043190
87085_4332_00005,allée Priam,5,,LW0337,1567372.65150000,5187040.14520000,1.29157386,45.87059358
87085_4332_00006,allée Priam,6,,LW0343,1567402.63540000,5187014.06930000,1.29196718,45.87036480
87085_4332_00007,allée Priam,7,,LW0336,1567379.50320000,5187044.44270000,1.29166091,45.87063356
87085_4332_00008,allée Priam,8,,LW0344,1567409.92690000,5187011.01150000,1.29206192,45.87033870
87085_4332_00009,allée Priam,9,,LW0335,1567387.69860000,5187040.81050000,1.29176745,45.87060247
87085_4332_00010,allée Priam,10,,LW0345,1567418.38980000,5187015.83070000,1.29216957,45.87038368
87085_4332_00011,allée Priam,11,,LW0334,1567395.51050000,5187031.45730000,1.29187063,45.87051984
87085_4332_00012,allée Priam,12,,LW0346,1567421.99360000,5187023.61090000,1.29221383,45.87045437
87085_4332_00014,allée Priam,14,,LW0347,1567418.29590000,5187027.71670000,1.29216508,45.87049059
87085_4332_00016,allée Priam,16,,LW0348,1567409.81080000,5187031.46520000,1.29205478,45.87052267
87085_3485_00001,allée Prosper Mérimée,1,,BO0356,1564169.92500000,5184320.16340000,1.25110058,45.84550035
87085_3485_00003,allée Prosper Mérimée,3,,BO0356,1564195.72140000,5184320.32560000,1.25143257,45.84550691
87085_3485_00005,allée Prosper Mérimée,5,,BO0356,1564219.71040000,5184319.24680000,1.25174165,45.84550194
87085_4366_00002,allée Proviseur Storck,2,,OZ0072,1560209.49900000,5182366.02130000,1.20069297,45.82712819
87085_4366_00004,allée Proviseur Storck,4,,OZ0073,1560201.54240000,5182345.39410000,1.20059658,45.82694102
87085_4366_00006,allée Proviseur Storck,6,,OZ0074,1560194.70860000,5182327.50000000,1.20051386,45.82677866
87085_4366_00008,allée Proviseur Storck,8,,OZ0092,1560187.94110000,5182310.31060000,1.20043178,45.82662266
87085_4366_00012,allée Proviseur Storck,12,,OZ0077,1560179.08180000,5182288.59030000,1.20032410,45.82642548
87085_4414_00007,allée Pythagore,7,,HO0004,1564560.58140000,5180668.97150000,1.25715745,45.81273280
87085_4414_00014,allée Pythagore,14,,HW0093,1564465.41720000,5180717.22500000,1.25591967,45.81314813
87085_4414_00016,allée Pythagore,16,,HW0094,1564454.49830000,5180740.27910000,1.25577272,45.81335336
87085_4414_00017,allée Pythagore,17,,HW0091,1564476.41990000,5180700.73290000,1.25606586,45.81300194
87085_4414_00018,allée Pythagore,18,,HW0096,1564437.29230000,5180780.83580000,1.25553995,45.81371480
87085_4414_00019,allée Pythagore,19,,HW0092,1564455.76370000,5180686.89500000,1.25580403,45.81287339
87085_4414_00020,allée Pythagore,20,,HW0097,1564443.36430000,5180816.95420000,1.25560788,45.81404091
87085_4414_00021,allée Pythagore,21,,HW0090,1564456.17560000,5180713.06290000,1.25580196,45.81310887
87085_4414_00022,allée Pythagore,22,,HW0098,1564461.18760000,5180819.84880000,1.25583635,45.81407046
87085_4414_00023,allée Pythagore,23,,HW0089,1564448.09950000,5180730.23730000,1.25569323,45.81326177
87085_4414_00024,allée Pythagore,24,,HO0297,1564470.63740000,5180828.48150000,1.25595548,45.81414998
87085_4414_00025,allée Pythagore,25,,HW0088,1564441.00080000,5180747.06510000,1.25559717,45.81341175
87085_4414_00026,allée Pythagore,26,,HO0357,1564468.30910000,5180842.02820000,1.25592200,45.81427100
87085_4414_00027,allée Pythagore,27,,HW0087,1564433.80420000,5180765.72740000,1.25549933,45.81357821
87085_4414_00028,allée Pythagore,28,,HO0356,1564465.59710000,5180858.10170000,1.25588200,45.81441500
87085_4414_00029,allée Pythagore,29,,HW0086,1564425.47230000,5180785.46730000,1.25538659,45.81375414
87085_4414_00031,allée Pythagore,31,,HW0085,1564419.53920000,5180803.42820000,1.25530520,45.81391454
87085_4414_00033,allée Pythagore,33,,HW0084,1564397.76030000,5180825.36810000,1.25501885,45.81410761
87085_4414_00035,allée Pythagore,35,,HW0083,1564383.12980000,5180828.51680000,1.25482975,45.81413305
87085_4414_00037,allée Pythagore,37,,HW0082,1564399.30470000,5180831.72650000,1.25503692,45.81416511
87085_4414_00039,allée Pythagore,39,,HW0081,1564420.84690000,5180829.70150000,1.25531462,45.81415114
87085_4414_00041,allée Pythagore,41,,HW0080,1564446.22470000,5180826.25100000,1.25564206,45.81412510
87085_4414_00043,allée Pythagore,43,,HW0079,1564457.20540000,5180863.77380000,1.25577274,45.81446481
87085_4455_00005,allée Rameau,5,,HY0453,1563865.78210000,5181589.16890000,1.24795918,45.82087337
87085_4471_00003,allée Raoul Follereau,3,,NH0260,1561862.62140000,5181522.36550000,1.22220629,45.81987308
87085_4471_00004,allée Raoul Follereau,4,,NH0261,1561863.20190000,5181536.98030000,1.22220956,45.82000467
87085_4471_00005,allée Raoul Follereau,5,,NH0258,1561827.49900000,5181514.95430000,1.22175655,45.81979936
87085_4471_00007,allée Raoul Follereau,7,,NH0258,1561832.55710000,5181521.02170000,1.22181988,45.81985496
87085_4471_00009,allée Raoul Follereau,9,,NH0258,1561842.03200000,5181529.37420000,1.22193938,45.81993199
87085_4473_00001,allée Raoul Ponchon,1,,BT0426,1564581.91180000,5185358.46520000,1.25611082,45.85492172
87085_4473_00003,allée Raoul Ponchon,3,,BT0426,1564600.78040000,5185359.91370000,1.25635332,45.85493847
87085_4473_00005,allée Raoul Ponchon,5,,BT0426,1564620.80180000,5185361.47070000,1.25661063,45.85495642
87085_4486_00002,allée Raymond Devos,2,,LY0149,1567002.35420000,5187871.04240000,1.28657517,45.87799645
87085_4486_00004,allée Raymond Devos,4,,LY0149,1567007.66520000,5187867.11100000,1.28664466,45.87796211
87085_4486_00006,allée Raymond Devos,6,,LY0149,1567013.12310000,5187862.18620000,1.28671632,45.87791887
87085_4486_00008,allée Raymond Devos,8,,LY0149,1567018.50560000,5187858.58740000,1.28678664,45.87788753
87085_4486_00010,allée Raymond Devos,10,,LY0149,1567024.08210000,5187853.24340000,1.28685994,45.87784054
87085_4486_00012,allée Raymond Devos,12,,LY0149,1567029.27520000,5187849.14110000,1.28692796,45.87780464
87085_4486_00014,allée Raymond Devos,14,,LY0149,1567034.52990000,5187844.18260000,1.28699701,45.87776105
87085_4486_00016,allée Raymond Devos,16,,LY0149,1567040.74250000,5187840.13540000,1.28707814,45.87772585
87085_4486_00018,allée Raymond Devos,18,,LY0149,1567049.90840000,5187833.16980000,1.28719812,45.87766496
87085_4486_00020,allée Raymond Devos,20,,LY0149,1567053.61450000,5187829.79200000,1.28724679,45.87763530
87085_4486_00027,allée Raymond Devos,27,,LY0149,1567034.55320000,5187802.09970000,1.28700897,45.87738250
87085_4486_00029,allée Raymond Devos,29,,LY0149,1567028.02950000,5187806.04100000,1.28692385,45.87741669
87085_4486_00031,allée Raymond Devos,31,,LY0149,1567019.66130000,5187814.28440000,1.28681380,45.87748923
87085_4486_00033,allée Raymond Devos,33,,LY0149,1567015.39280000,5187817.21340000,1.28675801,45.87751475
87085_4486_00035,allée Raymond Devos,35,,LY0149,1567009.37260000,5187823.86160000,1.28667863,45.87757339
87085_4486_00037,allée Raymond Devos,37,,LY0149,1567005.28700000,5187827.12130000,1.28662511,45.87760192
87085_4486_00039,allée Raymond Devos,39,,LY0149,1566999.45820000,5187833.53650000,1.28654827,45.87765850
87085_4486_00041,allée Raymond Devos,41,,LY0149,1566994.48400000,5187838.01620000,1.28648296,45.87769783
87085_4486_00043,allée Raymond Devos,43,,LY0149,1566983.36670000,5187849.72960000,1.28633653,45.87780105
87085_5580_00001,allée Raymond Kopa,1,,PZ0142,1561933.54430000,5184148.57690000,1.22236453,45.84351140
87085_5580_00003,allée Raymond Kopa,3,,PZ0141,1561922.85510000,5184158.94860000,1.22222397,45.84360256
87085_5580_00004,allée Raymond Kopa,4,,PZ0140,1561933.22680000,5184165.08690000,1.22235570,45.84365986
87085_3116_00003,allée Raymond Loewy,3,,SX0035,1567348.34770000,5185774.93760000,1.29161041,45.85920755
87085_3116_00005,allée Raymond Loewy,5,,SX0079,1567313.47660000,5185770.24770000,1.29116275,45.85915863
87085_3116_00007,allée Raymond Loewy,7,,SX0029,1567268.72610000,5185780.02640000,1.29058389,45.85923796
87085_3116_00009,allée Raymond Loewy,9,,SX0027,1567264.51240000,5185789.99110000,1.29052689,45.85932678
87085_4498_00035,allée Régine Deforges,35,,LR0081,1567557.38780000,5187984.97700000,1.29369210,45.87912856
87085_4526_00004,allée Renée Antoine,4,,NI0398,1561320.11710000,5180897.83610001,1.21540680,45.81414600
87085_4526_00008,allée Renée Antoine,8,,NI0400,1561311.70330000,5180867.51480000,1.21530730,45.81387150
87085_4526_00010,allée Renée Antoine,10,,NI0401,1561306.62330000,5180852.38060000,1.21524630,45.81373430
87085_4526_00011,allée Renée Antoine,11,,NI0395,1561358.85220000,5180801.95090000,1.21593300,45.81329100
87085_4526_00014,allée Renée Antoine,14,,NI0403,1561302.60160000,5180823.69970000,1.21520300,45.81347600
87085_4526_00046,allée Renée Antoine,46,,NI0419,1561472.04120000,5180801.71260000,1.21738900,45.81331200
87085_4564_00003,allée Robert Chapatte,3,,BW0117,1565050.32670000,5186113.28740000,1.26192898,45.86180389
87085_4564_00004,allée Robert Chapatte,4,,BW0113,1565041.47160000,5186115.21370000,1.26181442,45.86181948
87085_4564_00005,allée Robert Chapatte,5,,BW0116,1565028.44770000,5186097.81960000,1.26165162,45.86166045
87085_4564_00006,allée Robert Chapatte,6,,BW0114,1565013.14250000,5186105.56280000,1.26145239,45.86172710
87085_4564_00007,allée Robert Chapatte,7,,BW0115,1564999.43260000,5186089.94690000,1.26128026,45.86158394
87085_4564_00008,allée Robert Chapatte,8,,BW0201,1564983.18000000,5186093.19080000,1.26107009,45.86160992
87085_4564_00009,allée Robert Chapatte,9,,BW0192,1564978.08660000,5186075.54530000,1.26100947,45.86145019
87085_4564_00010,allée Robert Chapatte,10,,BW0200,1564979.84860000,5186086.49920000,1.26102908,45.86154908
87085_4564_00011,allée Robert Chapatte,11,,BW0191,1564965.71940000,5186074.19620000,1.26085062,45.86143563
87085_4563_00001,allée Robert Margerit,1,,NK0124,1562084.48090000,5181279.28150000,1.22513032,45.81773093
87085_4563_00002,allée Robert Margerit,2,,NK0123,1562095.13370000,5181275.75280000,1.22526838,45.81770133
87085_4563_00003,allée Robert Margerit,3,,NK0125,1562082.43280000,5181293.49790000,1.22509989,45.81785841
87085_4563_00005,allée Robert Margerit,5,,NK0126,1562059.63280000,5181303.34730000,1.22480375,45.81794244
87085_4563_00006,allée Robert Margerit,6,,NK0121,1562091.19580000,5181303.04280000,1.22520989,45.81794602
87085_4563_00007,allée Robert Margerit,7,,NK0129,1562056.27520000,5181308.19100000,1.22475916,45.81798533
87085_4563_00008,allée Robert Margerit,8,,NK0120,1562109.30670000,5181322.04390000,1.22543744,45.81812058
87085_4563_00009,allée Robert Margerit,9,,NK0130,1562059.65650000,5181312.52380000,1.22480142,45.81802499
87085_4563_00010,allée Robert Margerit,10,,NK0240,1562114.47160000,5181330.05910000,1.22550159,45.81819372
87085_4563_00011,allée Robert Margerit,11,,NK0131,1562072.03730000,5181315.53310000,1.22495984,45.81805454
87085_4563_00015,allée Robert Margerit,15,,NK0132,1562090.78800000,5181322.14240000,1.22519917,45.81811775
87085_4563_00017,allée Robert Margerit,17,,NK0133,1562105.03570000,5181330.02270000,1.22538021,45.81819150
87085_4594_00001,allée Roger Duban,1,,TZ0110,1566145.12640000,5185497.54840000,1.27619653,45.85647902
87085_4594_00003,allée Roger Duban,3,,TZ0111,1566158.62020000,5185501.35840000,1.27636919,45.85651592
87085_4594_00005,allée Roger Duban,5,,TZ0112,1566175.44770000,5185505.96220000,1.27658454,45.85656061
87085_4600_00002,allée Roland Garros,2,,BS0451,1565434.02570000,5184635.74690000,1.26728315,45.84858778
87085_4600_00004,allée Roland Garros,4,,BS0451,1565419.60710000,5184640.10150000,1.26709633,45.84862413
87085_4600_00006,allée Roland Garros,6,,BS0451,1565398.33210000,5184646.67160000,1.26682063,45.84867907
87085_4600_00008,allée Roland Garros,8,,BS0451,1565380.36870000,5184652.25220000,1.26658784,45.84872575
87085_4600_00010,allée Roland Garros,10,,BS0451,1565362.17920000,5184657.75730000,1.26635215,45.84877171
87085_4628_00003,allée Rosa Bonheur,3,,KZ0038,1567795.75130000,5191816.60120000,1.29570597,45.91364223
87085_4628_00004,allée Rosa Bonheur,4,,KZ0039,1567773.78890000,5191838.81020000,1.29541680,45.91383779
87085_4628_00005,allée Rosa Bonheur,5,,KZ0016,1567764.15280000,5191831.87800000,1.29529453,45.91377357
87085_4628_00006,allée Rosa Bonheur,6,,KZ0040,1567775.09440000,5191862.67620000,1.29542704,45.91405273
87085_4628_00007,allée Rosa Bonheur,7,,KZ0015,1567764.16000000,5191857.13210000,1.29528766,45.91400075
87085_4628_00008,allée Rosa Bonheur,8,,KZ0041,1567776.96200000,5191885.45990000,1.29544483,45.91425804
87085_4628_00009,allée Rosa Bonheur,9,,KZ0014,1567764.80890000,5191866.80250000,1.29529335,45.91408786
87085_4628_00010,allée Rosa Bonheur,10,,KZ0042,1567778.67210000,5191907.64260000,1.29546075,45.91445791
87085_4628_00011,allée Rosa Bonheur,11,,KZ0013,1567768.81100000,5191891.08480000,1.29533823,45.91430707
87085_4628_00012,allée Rosa Bonheur,12,,KZ0043,1567780.77260000,5191927.20750000,1.29548242,45.91463432
87085_4628_00014,allée Rosa Bonheur,14,,KZ0044,1567788.12890000,5191952.35710000,1.29557029,45.91486197
87085_4628_00015,allée Rosa Bonheur,15,,KZ0012,1567770.57680000,5191911.93180000,1.29535524,45.91449494
87085_4628_00016,allée Rosa Bonheur,16,,KZ0045,1567791.12170000,5191962.63220000,1.29560603,45.91495497
87085_4628_00017,allée Rosa Bonheur,17,,KZ0011,1567772.52610000,5191931.42330000,1.29537498,45.91467065
87085_4628_00018,allée Rosa Bonheur,18,,KZ0046,1567799.90670000,5191988.11980000,1.29571221,45.91518594
87085_4628_00019,allée Rosa Bonheur,19,,KZ0010,1567776.56890000,5191950.28790000,1.29542188,45.91484113
87085_4628_00020,allée Rosa Bonheur,20,,KZ0047,1567808.49870000,5192004.55630000,1.29581841,45.91533545
87085_4628_00021,allée Rosa Bonheur,21,,KZ0009,1567782.24920000,5191968.71100000,1.29549000,45.91500795
87085_4628_00022,allée Rosa Bonheur,22,,KZ0048,1567829.69160000,5192014.63370000,1.29608877,45.91543018
87085_4628_00023,allée Rosa Bonheur,23,,KZ0008,1567789.12320000,5191985.62620000,1.29557393,45.91516143
87085_4628_00024,allée Rosa Bonheur,24,,KZ0049,1567824.35870000,5192028.91680000,1.29601610,45.91555764
87085_4628_00025,allée Rosa Bonheur,25,,KZ0007,1567798.66310000,5192004.48210000,1.29569167,45.91533289
87085_4628_00027,allée Rosa Bonheur,27,,KZ0006,1567808.88500000,5192023.96820000,1.29581804,45.91551015
87085_4628_00029,allée Rosa Bonheur,29,,KZ0005,1567815.97110000,5192033.76160000,1.29590666,45.91559961
87085_4635_00001,allée Rossini,1,,NS0090,1563837.23830000,5181297.56660000,1.24767450,45.81824459
87085_4635_00002,allée Rossini,2,,NS0057,1563853.18400000,5181319.88300000,1.24787332,45.81844850
87085_4635_00004,allée Rossini,4,,NS0057,1563864.77770000,5181345.02680000,1.24801536,45.81867698
87085_4635_00006,allée Rossini,6,,NS0057,1563878.08860000,5181373.53640000,1.24817854,45.81893607
87085_4635_00007,allée Rossini,7,,NS0101,1563862.97430000,5181379.88210000,1.24798230,45.81899016
87085_4635_00008,allée Rossini,8,,NS0057,1563891.92800000,5181403.09160000,1.24834823,45.81920467
87085_4687_00002,allée Saint-Alexis,2,,HS0564,1564750.80990000,5182074.54550000,1.25920930,45.82541421
87085_4687_00003,allée Saint-Alexis,3,,HS0501,1564747.89940000,5182043.28250000,1.25908200,45.82525300
87085_4753_00001,allée Saint John Perse,1,,NZ0269,1564848.47110000,5186459.50160000,1.25923258,45.86487862
87085_4753_00005,allée Saint John Perse,5,,NZ0122,1564894.54140000,5186448.59000000,1.25982886,45.86478952
87085_4753_00006,allée Saint John Perse,6,,NZ0080,1564914.30940000,5186411.32840000,1.26009387,45.86445822
87085_4753_00007,allée Saint John Perse,7,,NZ0123,1564910.86950000,5186434.64560000,1.26004302,45.86466729
87085_4753_00008,allée Saint John Perse,8,,NZ0079,1564930.56300000,5186393.21180000,1.26030825,45.86429844
87085_4753_00009,allée Saint John Perse,9,,NZ0124,1564920.98350000,5186426.30630000,1.26017559,45.86459426
87085_4753_00011,allée Saint John Perse,11,,NZ0125,1564933.03920000,5186416.44110000,1.26033360,45.86450789
87085_4753_00015,allée Saint John Perse,15,,NZ0126,1564946.33710000,5186405.62060000,1.26050786,45.86441317
87085_4753_00017,allée Saint John Perse,17,,NZ0127,1564961.99380000,5186392.72660000,1.26071308,45.86430025
87085_4753_00019,allée Saint John Perse,19,,NZ0128,1564975.35300000,5186381.99360000,1.26088811,45.86420633
87085_4753_00021,allée Saint John Perse,21,,NZ0173,1565009.75310000,5186354.00580000,1.26133891,45.86396132
87085_4753_00022,allée Saint John Perse,22,,NZ0047,1565075.50740000,5186279.56290000,1.26220647,45.86330458
87085_4753_00023,allée Saint John Perse,23,,NZ0174,1565023.74700000,5186342.40240000,1.26152236,45.86385969
87085_4753_00024,allée Saint John Perse,24,,NZ0045,1565091.36670000,5186266.39220000,1.26241437,45.86318921
87085_4753_00027,allée Saint John Perse,27,,NZ0178,1565061.29390000,5186311.97370000,1.26201435,45.86359334
87085_4753_00028,allée Saint John Perse,28,,BW0140,1565148.85490000,5186219.81250000,1.26316764,45.86278148
87085_4753_00029,allée Saint John Perse,29,,NZ0179,1565075.38220000,5186300.51980000,1.26219897,45.86349307
87085_4753_00030,allée Saint John Perse,30,,BW0141,1565169.24790000,5186202.82020000,1.26343499,45.86263263
87085_4753_00031,allée Saint John Perse,31,,NZ0181,1565090.53330000,5186287.91060000,1.26239759,45.86338262
87085_4753_00032,allée Saint John Perse,32,,BW0142,1565185.84330000,5186189.60000000,1.26365237,45.86251696
87085_4753_00033,allée Saint John Perse,33,,NZ0182,1565102.83490000,5186277.70560000,1.26255885,45.86329323
87085_4753_00034,allée Saint John Perse,34,,BW0143,1565206.49150000,5186172.73990000,1.26392296,45.86236934
87085_4753_00035,allée Saint John Perse,35,,BW0107,1565136.87700000,5186247.50620000,1.26300565,45.86302825
87085_4753_00037,allée Saint John Perse,37,,BW0144,1565160.65810000,5186228.15320000,1.26331728,45.86285883
87085_4753_00039,allée Saint John Perse,39,,BW0145,1565183.90100000,5186209.08040000,1.26362190,45.86269182
87085_4753_00041,allée Saint John Perse,41,,BW0146,1565203.65210000,5186193.02960000,1.26388071,45.86255130
87085_4753_00043,allée Saint John Perse,43,,BW0147,1565223.25370000,5186176.87840000,1.26413762,45.86240986
87085_4834_00002,allée Salammbo,2,,LW0177,1567434.83470000,5186716.60540000,1.29246396,45.86769514
87085_4834_00004,allée Salammbo,4,,LW0176,1567414.67580000,5186713.39670000,1.29220526,45.86766238
87085_4834_00006,allée Salammbo,6,,LW0175,1567399.50250000,5186704.47660000,1.29201234,45.86757922
87085_4834_00008,allée Salammbo,8,,LW0174,1567384.71380000,5186695.14760000,1.29182449,45.86749244
87085_4834_00009,allée Salammbo,9,,LW0162,1567313.02550000,5186684.74260000,1.29090425,45.86738501
87085_4834_00010,allée Salammbo,10,,LW0173,1567359.23850000,5186687.20130000,1.29149865,45.86741604
87085_4834_00012,allée Salammbo,12,,LW0172,1567340.42880000,5186686.97030000,1.29125650,45.86741034
87085_4834_00014,allée Salammbo,14,,LW0171,1567318.19250000,5186694.15410000,1.29096819,45.86747067
87085_4834_00020,allée Salammbo,20,,LW0168,1567262.72480000,5186802.85390000,1.29022389,45.86843778
87085_4834_00021,allée Salammbo,21,,LW0163,1567268.05100000,5186769.00790000,1.29030184,45.86813434
87085_4834_00022,allée Salammbo,22,,LW0167,1567249.13510000,5186823.05480000,1.29004331,45.86861687
87085_4834_00023,allée Salammbo,23,,LW0164,1567257.69540000,5186793.27280000,1.29016178,45.86835062
87085_4834_00024,allée Salammbo,24,,LW0166,1567234.24530000,5186826.08280000,1.28985074,45.86864124
87085_4834_00025,allée Salammbo,25,,LW0165,1567237.19970000,5186809.11310000,1.28989348,45.86848915
87085_3564_00001,allées de Montbrun,1,,ER0403,1566336.20270000,5182617.80410000,1.27945746,45.83061110
87085_3564_00004,allées de Montbrun,4,,ER0399,1566350.11880000,5182628.12980000,1.27963367,45.83070669
87085_3564_00006,allées de Montbrun,6,,ER0399,1566352.47110000,5182633.77600000,1.27966237,45.83075794
87085_3564_00008,allées de Montbrun,8,,ER0399,1566358.87390000,5182641.55350000,1.27974260,45.83082915
87085_3564_00009,allées de Montbrun,9,,ER0400,1566325.37230000,5182653.45250000,1.27930819,45.83092967
87085_3564_00010,allées de Montbrun,10,,ER0399,1566362.45250000,5182650.98640000,1.27978603,45.83091470
87085_3564_00011,allées de Montbrun,11,,ER0400,1566321.12370000,5182648.49570000,1.27925489,45.83088426
87085_3564_00012,allées de Montbrun,12,,ER0399,1566365.50990000,5182656.75390000,1.27982377,45.83096717
87085_3564_00015,allées de Montbrun,15,,ER0400,1566308.15920000,5182631.67070000,1.27909274,45.83073039
87085_3564_00017,allées de Montbrun,17,,ER0400,1566305.90910000,5182626.59350000,1.27906520,45.83068428
87085_3564_00018,allées de Montbrun,18,,ER0405,1566337.77810000,5182673.29930000,1.27946231,45.83111062
87085_3564_00020,allées de Montbrun,20,,ER0406,1566323.90370000,5182692.52860000,1.27927842,45.83128090
87085_3564_00021,allées de Montbrun,21,,ER0401,1566307.64700000,5182678.29370000,1.27907318,45.83114969
87085_3564_00023,allées de Montbrun,23,,ER0401,1566302.45580000,5182673.33730000,1.27900776,45.83110410
87085_3564_00026,allées de Montbrun,26,,ER0407,1566299.61200000,5182715.67830000,1.27895939,45.83148443
87085_3564_00027,allées de Montbrun,27,,ER0401,1566288.61800000,5182658.74100000,1.27883375,45.83097010
87085_3564_00028,allées de Montbrun,28,,ER0408,1566285.73600000,5182708.80770000,1.27878274,45.83141992
87085_3564_00029,allées de Montbrun,29,,ER0401,1566285.74020000,5182653.79080000,1.27879810,45.83092501
87085_3564_00030,allées de Montbrun,30,,ER0409,1566268.99090000,5182696.09740000,1.27857079,45.83130233
87085_3564_00032,allées de Montbrun,32,,ER0410,1566252.80010000,5182684.46750000,1.27836568,45.83119456
87085_3564_00033,allées de Montbrun,33,,ER0402,1566290.34760000,5182702.91060000,1.27884372,45.83136777
87085_3564_00035,allées de Montbrun,35,,ER0402,1566284.71400000,5182698.73670000,1.27877239,45.83132913
87085_3564_00039,allées de Montbrun,39,,ER0402,1566267.92530000,5182686.46430000,1.27855976,45.83121547
87085_3564_00041,allées de Montbrun,41,,ER0402,1566263.72360000,5182683.22360000,1.27850659,45.83118550
87085_4889_00003,allée Simon Bolivar,3,,KY0207,1568222.35690000,5192196.15420000,1.30109948,45.91713853
87085_4889_00004,allée Simon Bolivar,4,,KY0204,1568189.95270000,5192215.69560000,1.30067647,45.91730810
87085_4889_00005,allée Simon Bolivar,5,,KY0206,1568201.30810000,5192202.57780000,1.30082643,45.91719228
87085_4889_00007,allée Simon Bolivar,7,,KY0205,1568188.35150000,5192211.01950000,1.30065712,45.91726573
87085_4886_00001,allée Simone de Beauvoir,1,,PS0094,1560418.09530000,5183999.20390000,1.20290277,45.84186176
87085_4886_00002,allée Simone de Beauvoir,2,,PS0093,1560430.48830000,5184024.71600000,1.20305486,45.84209377
87085_4886_00003,allée Simone de Beauvoir,3,,PS0095,1560413.28890000,5184014.47860000,1.20283647,45.84199818
87085_4886_00004,allée Simone de Beauvoir,4,,PS0092,1560447.62400000,5184030.14030000,1.20327383,45.84214604
87085_4886_00005,allée Simone de Beauvoir,5,,PS0097,1560411.17140000,5184020.87060000,1.20280736,45.84205525
87085_4886_00006,allée Simone de Beauvoir,6,,PS0091,1560465.72570000,5184037.58950000,1.20350465,45.84221672
87085_4886_00007,allée Simone de Beauvoir,7,,PS0098,1560414.91060000,5184027.23950000,1.20285364,45.84211330
87085_4886_00008,allée Simone de Beauvoir,8,,PS0090,1560483.19060000,5184044.56910000,1.20372741,45.84228305
87085_4886_00009,allée Simone de Beauvoir,9,,PS0104,1560432.45300000,5184032.79570000,1.20307780,45.84216685
87085_4886_00011,allée Simone de Beauvoir,11,,PS0100,1560449.12280000,5184039.30700000,1.20329046,45.84222880
87085_4886_00015,allée Simone de Beauvoir,15,,PS0101,1560468.17660000,5184047.06490000,1.20353344,45.84230245
87085_4886_00017,allée Simone de Beauvoir,17,,PS0102,1560486.27820000,5184054.51410000,1.20376426,45.84237314
87085_5590_00001,allée Suzanne Léger,1,,KY0300,1568039.73180000,5192089.87810000,1.29877502,45.91614744
87085_5590_00003,allée Suzanne Léger,3,,KY0300,1568036.23930000,5192090.83060001,1.29872974,45.91615534
87085_5590_00005,allée Suzanne Léger,5,,KY0300,1568015.83990000,5192096.06940000,1.29846539,45.91619855
87085_5590_00007,allée Suzanne Léger,7,,KY0300,1568011.95050000,5192097.02190000,1.29841500,45.91620637
87085_5590_00009,allée Suzanne Léger,9,,KY0300,1567991.23360000,5192102.41940000,1.29814652,45.91625094
87085_5590_00011,allée Suzanne Léger,11,,KY0300,1567987.66170000,5192103.53070000,1.29810018,45.91626025
87085_5011_00001,allée Teisserenc de Bort,1,,MN0124,1566477.80270000,5188845.08170001,1.27954839,45.88665677
87085_5011_00003,allée Teisserenc de Bort,3,,MN0125,1566506.58940000,5188884.66340000,1.27990818,45.88701843
87085_5011_00004,allée Teisserenc de Bort,4,,MN0052,1566485.81720000,5188826.72910000,1.27965673,45.88649324
87085_5011_00005,allée Teisserenc de Bort,5,,MN0116,1566523.41620000,5188896.41210000,1.28012166,45.88712738
87085_5011_00008,allée Teisserenc de Bort,8,,MN0065,1566509.85450000,5188860.74830000,1.27995689,45.88680393
87085_5013_00001,allée Télémaque,1,,LW0440,1567596.77420000,5187055.43870000,1.29445578,45.87077437
87085_5013_00002,allée Télémaque,2,,LW0421,1567600.79830000,5187063.28750000,1.29450543,45.87084575
87085_5013_00003,allée Télémaque,3,,LW0439,1567586.32790000,5187059.98460000,1.29432000,45.87081325
87085_5013_00004,allée Télémaque,4,,LW0422,1567587.70580000,5187068.89150000,1.29433529,45.87089364
87085_5013_00005,allée Télémaque,5,,LW0438,1567574.88520000,5187064.91370000,1.29417129,45.87085539
87085_5013_00006,allée Télémaque,6,,LW0423,1567576.58700000,5187073.65450000,1.29419079,45.87093435
87085_5013_00007,allée Télémaque,7,,LW0494,1567562.19060000,5187070.65130000,1.29400623,45.87090456
87085_5013_00008,allée Télémaque,8,,LW0424,1567563.08950000,5187079.48940000,1.29401537,45.87098423
87085_5013_00009,allée Télémaque,9,,LW0493,1567553.22870000,5187074.34220000,1.29388980,45.87093603
87085_5013_00010,allée Télémaque,10,,LW0425,1567552.85850000,5187084.03360000,1.29388236,45.87102314
87085_5013_00011,allée Télémaque,11,,LW0435,1567535.58280000,5187081.96510000,1.29366047,45.87100120
87085_5013_00012,allée Télémaque,12,,LW0426,1567542.30310000,5187088.62910000,1.29374517,45.87106245
87085_5013_00014,allée Télémaque,14,,LW0427,1567532.73810000,5187098.29090000,1.29361933,45.87114752
87085_5013_00015,allée Télémaque,15,,LW0434,1567525.93330000,5187080.82580000,1.29353652,45.87098909
87085_5013_00016,allée Télémaque,16,,LW0428,1567526.63980000,5187103.78320000,1.29353928,45.87119575
87085_5013_00017,allée Télémaque,17,,LW0433,1567518.54360000,5187083.76310000,1.29344055,45.87101409
87085_5013_00018,allée Télémaque,18,,LW0391,1567521.18820000,5187097.46200000,1.29347082,45.87113783
87085_5013_00019,allée Télémaque,19,,LW0393,1567510.66990000,5187085.10560000,1.29333878,45.87102465
87085_5013_00021,allée Télémaque,21,,LW0392,1567518.28940000,5187090.99570000,1.29343528,45.87107911
87085_5036_00003,allée Théophile Gramme,3,,SX0034,1567390.70850000,5185490.06240000,1.29223445,45.85665309
87085_5036_00008,allée Théophile Gramme,8,,SX0175,1567428.75160000,5185517.78940000,1.29271657,45.85690985
87085_5036_00014,allée Théophile Gramme,14,,SX0039,1567442.74640000,5185568.02030000,1.29288288,45.85736441
87085_5147_00001,allée Van Dyck,1,,OM0057,1562290.36130000,5182315.02860000,1.22748238,45.82708926
87085_5147_00003,allée Van Dyck,3,,OM0057,1562311.14560000,5182344.85830000,1.22774128,45.82736176
87085_5152_00001,allée Van Loo,1,,OM0062,1562255.91300000,5182397.30040000,1.22701556,45.82782244
87085_5152_00002,allée Van Loo,2,,OM0062,1562305.92280000,5182396.67490000,1.22765924,45.82782683
87085_5152_00004,allée Van Loo,4,,OM0062,1562317.53380000,5182415.38960000,1.22780328,45.82799750
87085_5152_00006,allée Van Loo,6,,OM0062,1562329.60270000,5182426.24400000,1.22795547,45.82809756
87085_5152_00008,allée Van Loo,8,,OM0062,1562341.41890000,5182445.21330000,1.22810208,45.82827056
87085_3786_00001,allée Vauquelin,1,,NZ0081,1564882.59350000,5186410.93350000,1.25968561,45.86444843
87085_3786_00002,allée Vauquelin,2,,NZ0101,1564880.72790000,5186421.52980000,1.25965861,45.86454338
87085_3786_00003,allée Vauquelin,3,,NZ0082,1564873.69660000,5186389.58700000,1.25957706,45.86425466
87085_3786_00004,allée Vauquelin,4,,NZ0100,1564869.54460000,5186407.71500000,1.25951850,45.86441691
87085_3786_00005,allée Vauquelin,5,,NZ0083,1564881.28660000,5186359.36300000,1.25968329,45.86398427
87085_3786_00006,allée Vauquelin,6,,NZ0098,1564863.40550000,5186386.62490000,1.25944539,45.86422599
87085_3786_00007,allée Vauquelin,7,,NZ0084,1564881.22830000,5186348.81170000,1.25968551,45.86388934
87085_3786_00008,allée Vauquelin,8,,NZ0223,1564862.73050000,5186367.74670000,1.25944201,45.86405604
87085_3786_00010,allée Vauquelin,10,,NZ0222,1564861.55580000,5186348.90020000,1.25943219,45.86388627
87085_3786_00012,allée Vauquelin,12,,NZ0087,1564873.15910000,5186344.48290000,1.25958283,45.86384882
87085_5232_00002,allée Véronèse,2,,SP0283,1565938.67840000,5185431.21640000,1.27355720,45.85584209
87085_5232_00004,allée Véronèse,4,,SP0283,1565931.49250000,5185450.80200000,1.27345923,45.85601688
87085_5232_00006,allée Véronèse,6,,SP0283,1565925.00190000,5185468.18710000,1.27337081,45.85617200
87085_5232_00008,allée Véronèse,8,,SP0283,1565919.45730000,5185483.65870000,1.27329511,45.85631010
87085_5232_00010,allée Véronèse,10,,SP0283,1565912.79090000,5185501.67820000,1.27320426,45.85647089
87085_5232_00012,allée Véronèse,12,,SP0283,1565906.84620000,5185517.80390000,1.27312322,45.85661479
87085_5232_00014,allée Véronèse,14,,SP0283,1565899.49150000,5185537.94940000,1.27302291,45.85679458
87085_5259_00001,allée Victor Grignard,1,,NZ0026,1564849.41780000,5186185.12360000,1.25932200,45.86241062
87085_5259_00002,allée Victor Grignard,2,,NZ0024,1564841.56110000,5186186.76410000,1.25922038,45.86242384
87085_5259_00003,allée Victor Grignard,3,,NZ0025,1564846.43420000,5186168.10980000,1.25928837,45.86225699
87085_5259_00004,allée Victor Grignard,4,,NZ0023,1564837.53300000,5186161.83620000,1.25917553,45.86219880
87085_5259_00005,allée Victor Grignard,5,,NZ0028,1564875.08110000,5186156.31930000,1.25966053,45.86215656
87085_5259_00006,allée Victor Grignard,6,,NZ0022,1564830.13670000,5186143.71820000,1.25908540,45.86203437
87085_5259_00007,allée Victor Grignard,7,,NZ0029,1564880.85870000,5186151.62990000,1.25973624,45.86211551
87085_5259_00008,allée Victor Grignard,8,,NZ0021,1564818.53840000,5186128.68830000,1.25894030,45.86189688
87085_5259_00009,allée Victor Grignard,9,,NZ0009,1564880.22930000,5186145.83090000,1.25972976,45.86206322
87085_5259_00010,allée Victor Grignard,10,,NZ0020,1564808.91010000,5186111.75400000,1.25882110,45.86174266
87085_5259_00011,allée Victor Grignard,11,,NZ0010,1564874.86800000,5186137.58240000,1.25966306,45.86198797
87085_5259_00012,allée Victor Grignard,12,,NZ0019,1564803.86180000,5186099.32450000,1.25875960,45.86162985
87085_5259_00013,allée Victor Grignard,13,,NZ0010,1564869.56440000,5186130.77060000,1.25959669,45.86192565
87085_5259_00014,allée Victor Grignard,14,,NZ0018,1564784.22050000,5186081.63970000,1.25851170,45.86146690
87085_5259_00015,allée Victor Grignard,15,,NZ0011,1564860.68470000,5186128.67120000,1.25948295,45.86190502
87085_5259_00016,allée Victor Grignard,16,,NZ0017,1564781.36970000,5186070.47670000,1.25847813,45.86136593
87085_5259_00017,allée Victor Grignard,17,,NZ0012,1564839.07440000,5186140.25490000,1.25920145,45.86200497
87085_5259_00019,allée Victor Grignard,19,,NZ0013,1564823.03140000,5186103.57880000,1.25900521,45.86167189
87085_5259_00021,allée Victor Grignard,21,,NZ0014,1564825.91290000,5186094.26540000,1.25904493,45.86158868
87085_5259_00023,allée Victor Grignard,23,,NZ0015,1564817.08110000,5186088.74620000,1.25893278,45.86153730
87085_5259_00025,allée Victor Grignard,25,,NZ0016,1564795.79050000,5186084.57950000,1.25865983,45.86149563
87085_5312_00001,allée Villagory,1,,TC0277,1567027.82040000,5181042.94920000,1.28879280,45.81657829
87085_5312_00001_bis,allée Villagory,1,bis,TC0293,1567018.16310000,5181054.32630000,1.28866541,45.81667877
87085_5312_00001_ter,allée Villagory,1,ter,TC0283,1567022.66100000,5181062.26379999,1.28872108,45.81675104
87085_5312_00002,allée Villagory,2,,TC0277,1567033.76380000,5181060.51830000,1.28886440,45.81673749
87085_5312_00003,allée Villagory,3,,TC0277,1567031.90000000,5181071.25920000,1.28883746,45.81683375
87085_5312_00004,allée Villagory,4,,TC0279,1567043.27460000,5181072.98980000,1.28898331,45.81685151
87085_5312_00005,allée Villagory,5,,TC0277,1567040.11740000,5181084.00800000,1.28893965,45.81695002
87085_5312_00006,allée Villagory,6,,TC0279,1567050.95230000,5181088.73620000,1.28907773,45.81699465
87085_5312_00007,allée Villagory,7,,TC0277,1567046.61240000,5181102.76310000,1.28901802,45.81711999
87085_5312_00008,allée Villagory,8,,TC0277,1567055.97080000,5181106.70140000,1.28913733,45.81715723
87085_5312_00009,allée Villagory,9,,TC0277,1567050.67550000,5181125.03710000,1.28906414,45.81732115
87085_5312_00010,allée Villagory,10,,TC0277,1567058.20560000,5181123.86870000,1.28916134,45.81731209
87085_5312_00011,allée Villagory,11,,TC0278,1567024.24330000,5181142.23460000,1.28871933,45.81747074
87085_5312_00012,allée Villagory,12,,TC0277,1567055.11450000,5181137.34140000,1.28911785,45.81743269
87085_5312_00013,allée Villagory,13,,TC0277,1567001.79410000,5181141.16540000,1.28843081,45.81745678
87085_5312_00014,allée Villagory,14,,TC0277,1567048.44810000,5181146.92500000,1.28902943,45.81751761
87085_5312_00015,allée Villagory,15,,TC0277,1567000.85210000,5181116.47600000,1.28842552,45.81723450
87085_5312_00016,allée Villagory,16,,TC0277,1567037.98330000,5181150.94670000,1.28889369,45.81755177
87085_5312_00017,allée Villagory,17,,TC0277,1566995.53960000,5181108.64620000,1.28835934,45.81716304
87085_5312_00018,allée Villagory,18,,TC0277,1567019.82380000,5181150.00110000,1.28866033,45.81753975
87085_5312_00020,allée Villagory,20,,TC0277,1567001.39070000,5181149.05760000,1.28842344,45.81752770
87085_5312_00022,allée Villagory,22,,TC0277,1566991.30290000,5181145.64060000,1.28829461,45.81749501
87085_5312_00024,allée Villagory,24,,TC0277,1566986.44730000,5181140.21260000,1.28823364,45.81744524
87085_5312_00026,allée Villagory,26,,TC0277,1566983.05660000,5181126.68090000,1.28819376,45.81732286
87085_5312_00028,allée Villagory,28,,TC0277,1566959.70050000,5181111.99970000,1.28789734,45.81718628
87085_5312_00030,allée Villagory,30,,TC0278,1566950.00430000,5181101.25640000,1.28777557,45.81708776
87085_5312_00032,allée Villagory,32,,TC0278,1566963.64940000,5181108.36940000,1.28794915,45.81715438
87085_5371_00001,allée Weber,1,,SK0009,1564961.85370000,5186903.22320000,1.26056771,45.86889243
87085_5371_00003,allée Weber,3,,SK0009,1564961.25980000,5186908.83380000,1.26055848,45.86894278
87085_5371_00005,allée Weber,5,,SK0009,1564960.69740000,5186915.11780000,1.26054947,45.86899920
87085_5371_00007,allée Weber,7,,SK0009,1564959.80990000,5186923.12840000,1.26053579,45.86907108
87085_5371_00009,allée Weber,9,,SK0009,1564959.33290000,5186928.07470000,1.26052826,45.86911548
87085_5371_00011,allée Weber,11,,SK0009,1564958.58170000,5186933.85750000,1.26051696,45.86916736
87085_5371_00013,allée Weber,13,,SK0009,1564958.17550000,5186940.50110000,1.26050986,45.86922704
87085_5371_00015,allée Weber,15,,SK0009,1564957.49070000,5186947.27140000,1.26049913,45.86928781
87085_5371_00017,allée Weber,17,,SK0009,1564956.63990000,5186954.68210000,1.26048609,45.86935430
87085_5371_00019,allée Weber,19,,SK0009,1564956.01330000,5186961.38260000,1.26047614,45.86941445
87085_5381_00001,allée Xavier Bichat,1,,NL0033,1561907.25340000,5180948.86740000,1.22294515,45.81472313
87085_5381_00002,allée Xavier Bichat,2,,NL0031,1561892.93620000,5180946.93300000,1.22276152,45.81470286
87085_5381_00003,allée Xavier Bichat,3,,NL0033,1561937.51080000,5180957.18700000,1.22333200,45.81480404
87085_5381_00005,allée Xavier Bichat,5,,NL0033,1561944.77070000,5180940.32810000,1.22343023,45.81465385
87085_5381_00007,allée Xavier Bichat,7,,NL0033,1561947.03940000,5180926.39360000,1.22346341,45.81452895
87085_5381_00009,allée Xavier Bichat,9,,NL0033,1561948.55600000,5180912.46500000,1.22348692,45.81440396
87085_5381_00011,allée Xavier Bichat,11,,NL0033,1561972.29760000,5180887.32320000,1.22379955,45.81418256
87085_5381_00015,allée Xavier Bichat,15,,NL0035,1561986.30560000,5180883.19750000,1.22398094,45.81414826
87085_5381_00017,allée Xavier Bichat,17,,NL0035,1561993.86300000,5180872.10340000,1.22408134,45.81404998
87085_5381_00019,allée Xavier Bichat,19,,NL0035,1562008.11870000,5180867.59950000,1.22426602,45.81401233
87085_8383_00003,allée Yves Montand,3,,EN0219,1565233.00130000,5182715.44280000,1.26523398,45.83127412
87085_0035_00001,avenue Adrien Tarrade,1,,CZ0177,1564633.42880000,5183684.55860000,1.25724562,45.83987413
87085_0035_00002,avenue Adrien Tarrade,2,,CY0061,1564619.42520000,5183742.27630000,1.25704913,45.84039058
87085_0035_00004,avenue Adrien Tarrade,4,,CY0059,1564614.78770000,5183729.03500000,1.25699318,45.84027055
87085_0035_00006,avenue Adrien Tarrade,6,,CY0058,1564610.67250000,5183718.52820000,1.25694317,45.84017523
87085_0035_00008,avenue Adrien Tarrade,8,,CY0057,1564606.39680000,5183706.73380000,1.25689147,45.84006829
87085_0035_00009,avenue Adrien Tarrade,9,,CZ0243,1564598.62510000,5183660.02020000,1.25680460,45.83964654
87085_0035_00010,avenue Adrien Tarrade,10,,CY0056,1564603.81170000,5183699.46400000,1.25686024,45.84000238
87085_0035_00011,avenue Adrien Tarrade,11,,CZ0242,1564582.59960000,5183648.40140000,1.25660163,45.83953887
87085_0035_00012,avenue Adrien Tarrade,12,,CY0055,1564601.14090000,5183692.89080000,1.25682772,45.83994273
87085_0035_00013,avenue Adrien Tarrade,13,,CZ0170,1564566.49790000,5183637.20920000,1.25639755,45.83943502
87085_0035_00014,avenue Adrien Tarrade,14,,CY0063,1564584.57940000,5183670.87570000,1.25662077,45.83974143
87085_0035_00015,avenue Adrien Tarrade,15,,CZ0157,1564553.03570000,5183627.47940000,1.25622703,45.83934484
87085_0035_00016,avenue Adrien Tarrade,16,,CY0064,1564574.82780000,5183663.97320000,1.25649721,45.83967742
87085_0035_00017,avenue Adrien Tarrade,17,,CZ0156,1564541.29720000,5183619.22780000,1.25607828,45.83926830
87085_0035_00018,avenue Adrien Tarrade,18,,CY0065,1564564.40710000,5183656.42860000,1.25636522,45.83960750
87085_0035_00019,avenue Adrien Tarrade,19,,CZ0146,1564532.35010000,5183613.37180000,1.25596478,45.83921386
87085_0035_00020,avenue Adrien Tarrade,20,,CY0073,1564553.42080000,5183648.81990000,1.25622597,45.83953689
87085_0035_00021,avenue Adrien Tarrade,21,,CZ0145,1564525.22860000,5183608.21010000,1.25587458,45.83916602
87085_0035_00022,avenue Adrien Tarrade,22,,CY0134,1564545.52900000,5183643.00690000,1.25612604,45.83948304
87085_0035_00023,avenue Adrien Tarrade,23,,CZ0144,1564517.30660000,5183602.48990000,1.25577424,45.83911301
87085_0035_00025,avenue Adrien Tarrade,25,,CZ0143,1564510.20590000,5183597.42800000,1.25568428,45.83906607
87085_0035_00027,avenue Adrien Tarrade,27,,CZ0142,1564502.18300000,5183591.70910000,1.25558264,45.83901305
87085_0035_00028,avenue Adrien Tarrade,28,,CY0080,1564515.33000000,5183621.70630000,1.25574338,45.83928548
87085_0035_00029,avenue Adrien Tarrade,29,,CZ0140,1564496.20970000,5183587.55800000,1.25550693,45.83897453
87085_0035_00030,avenue Adrien Tarrade,30,,CY0081,1564508.28690000,5183616.48400000,1.25565421,45.83923712
87085_0035_00033,avenue Adrien Tarrade,33,,CZ0227,1564475.04150000,5183572.60300000,1.25523871,45.83883583
87085_0035_00034,avenue Adrien Tarrade,34,,CZ0281,1564459.50730000,5183582.05930000,1.25503612,45.83891783
87085_0035_00035,avenue Adrien Tarrade,35,,CZ0227,1564461.74210000,5183563.18960000,1.25507020,45.83874853
87085_0035_00036,avenue Adrien Tarrade,36,,CZ0097,1564445.30590000,5183571.93560000,1.25485620,45.83882396
87085_0035_00037,avenue Adrien Tarrade,37,,CZ0189,1564444.40440000,5183550.48760000,1.25485065,45.83863085
87085_0035_00037_bis,avenue Adrien Tarrade,37,bis,CZ0188,1564437.97270000,5183545.95930000,1.25476915,45.83858885
87085_0035_00039,avenue Adrien Tarrade,39,,CZ0108,1564428.35750000,5183539.65740000,1.25464718,45.83853026
87085_0035_00040,avenue Adrien Tarrade,40,,CZ0098,1564437.68580000,5183566.78180000,1.25475959,45.83877610
87085_0035_00041,avenue Adrien Tarrade,41,,CZ0214,1564417.46620000,5183531.42980000,1.25450933,45.83845410
87085_0035_00042,avenue Adrien Tarrade,42,,CZ0099,1564425.88420000,5183557.75850000,1.25461025,45.83869260
87085_0035_00043,avenue Adrien Tarrade,43,,CZ0213,1564404.51380000,5183522.17570000,1.25434525,45.83836830
87085_0035_00044,avenue Adrien Tarrade,44,,CZ0100,1564419.79010000,5183553.79670000,1.25453293,45.83865576
87085_0035_00045,avenue Adrien Tarrade,45,,CZ0086,1564378.38490000,5183504.18870000,1.25401405,45.83820135
87085_0035_00046,avenue Adrien Tarrade,46,,CZ0101,1564413.97520000,5183549.83660000,1.25445921,45.83861899
87085_0035_00048,avenue Adrien Tarrade,48,,CZ0102,1564408.89780000,5183546.42820000,1.25439483,45.83858733
87085_0035_00050,avenue Adrien Tarrade,50,,CZ0103,1564402.61080000,5183542.04740000,1.25431515,45.83854668
87085_0035_00052,avenue Adrien Tarrade,52,,CZ0104,1564396.20540000,5183537.51970000,1.25423399,45.83850469
87085_0035_00054,avenue Adrien Tarrade,54,,CZ0105,1564389.37460000,5183532.38330000,1.25414753,45.83845714
87085_0035_00056,avenue Adrien Tarrade,56,,CZ0087,1564380.14610000,5183525.92920000,1.25403058,45.83839726
87085_0035_00058,avenue Adrien Tarrade,58,,BN0019,1564355.72050000,5183509.25580000,1.25372093,45.83824246
87085_0035_00060,avenue Adrien Tarrade,60,,BN0019,1564345.32680000,5183501.68330000,1.25358930,45.83817229
87085_0095_00003,avenue Albert Thomas,3,,AZ0711,1563786.78010000,5183068.92660000,1.24652356,45.83416899
87085_0095_00005,avenue Albert Thomas,5,,AZ0732,1563779.27730000,5183074.90540000,1.24642531,45.83422129
87085_0095_00007,avenue Albert Thomas,7,,AZ0725,1563773.15860000,5183079.65050000,1.24634522,45.83426276
87085_0095_00008,avenue Albert Thomas,8,,BC0245,1563794.57150000,5183089.39070000,1.24661802,45.83435462
87085_0095_00009,avenue Albert Thomas,9,,AZ0724,1563766.60680000,5183085.29720000,1.24625931,45.83431226
87085_0095_00011,avenue Albert Thomas,11,,AZ0731,1563761.77880000,5183089.28590000,1.24619605,45.83434718
87085_0095_00013,avenue Albert Thomas,13,,AZ0773,1563754.99370000,5183095.10820000,1.24610708,45.83439821
87085_0095_00014,avenue Albert Thomas,14,,BC0285,1563766.04570000,5183112.76580000,1.24624430,45.83455924
87085_0095_00015,avenue Albert Thomas,15,,AZ0058,1563750.23310000,5183103.61070000,1.24604341,45.83447375
87085_0095_00017,avenue Albert Thomas,17,,AZ1083,1563726.77040000,5183117.82440000,1.24573744,45.83459696
87085_0095_00018,avenue Albert Thomas,18,,BC0260,1563749.85680000,5183126.77430000,1.24603200,45.83468205
87085_0095_00020,avenue Albert Thomas,20,,BC0257,1563744.81360000,5183130.37850000,1.24596608,45.83471347
87085_0095_00027,avenue Albert Thomas,27,,AZ0684,1563690.10490000,5183150.13540000,1.24525643,45.83488035
87085_0095_00028,avenue Albert Thomas,28,,BC0292,1563697.93950000,5183169.32090000,1.24535181,45.83505449
87085_0095_00030,avenue Albert Thomas,30,,BC0243,1563686.70600000,5183178.81380000,1.24520456,45.83513766
87085_0095_00032,avenue Albert Thomas,32,,BC0244,1563679.07480000,5183185.13620000,1.24510456,45.83519302
87085_0095_00034,avenue Albert Thomas,34,,BC0251,1563672.95940000,5183190.57560000,1.24502431,45.83524073
87085_0095_00047,avenue Albert Thomas,47,,AZ1057,1563585.08780000,5183237.04040000,1.24388030,45.83564129
87085_0095_00050,avenue Albert Thomas,50,,BC0240,1563572.44930000,5183276.60710000,1.24370642,45.83599470
87085_0095_00052,avenue Albert Thomas,52,,BC0060,1563562.26480000,5183288.39920000,1.24357201,45.83609876
87085_0095_00054,avenue Albert Thomas,54,,BC0059,1563552.27570000,5183298.66550000,1.24344054,45.83618913
87085_0095_00056,avenue Albert Thomas,56,,BC0290,1563544.08780000,5183307.46140000,1.24333267,45.83626663
87085_0095_00056_bis,avenue Albert Thomas,56,bis,BC0291,1563539.18360000,5183312.25190000,1.24326820,45.83630875
87085_0095_00058,avenue Albert Thomas,58,,BC0057,1563534.12010000,5183317.26180000,1.24320161,45.83635281
87085_0095_00060,avenue Albert Thomas,60,,BC0056,1563518.25550000,5183329.26140000,1.24299404,45.83645760
87085_0095_00066,avenue Albert Thomas,66,,BH0808,1563471.95990000,5183357.05130000,1.24239035,45.83669840
87085_0095_00068,avenue Albert Thomas,68,,BH0912,1563465.37070000,5183361.02490000,1.24230442,45.83673284
87085_0095_00070,avenue Albert Thomas,70,,BH0971,1563458.28610000,5183364.29510000,1.24221232,45.83676085
87085_0095_00072,avenue Albert Thomas,72,,BH0814,1563449.06760000,5183369.63470000,1.24209216,45.83680705
87085_0095_00074,avenue Albert Thomas,74,,BH0944,1563437.86920000,5183375.88530000,1.24194627,45.83686105
87085_0095_00075,avenue Albert Thomas,75,,AZ0699,1563439.94770000,5183350.70830000,1.24198017,45.83663498
87085_0095_00076,avenue Albert Thomas,76,,BH0766,1563429.36300000,5183380.49660000,1.24183549,45.83690084
87085_0095_00077,avenue Albert Thomas,77,,AZ0738,1563420.35230000,5183360.94700000,1.24172508,45.83672319
87085_0095_00078,avenue Albert Thomas,78,,BH0767,1563423.53860000,5183383.59370000,1.24175965,45.83692755
87085_0095_00079,avenue Albert Thomas,79,,AZ0736,1563407.15540000,5183368.30940000,1.24155315,45.83678680
87085_0095_00080,avenue Albert Thomas,80,,BH0952,1563417.21920000,5183386.93750000,1.24167737,45.83695637
87085_0095_00080_bis,avenue Albert Thomas,80,bis,BH0952,1563409.11230000,5183391.60620000,1.24157171,45.83699676
87085_0095_00081,avenue Albert Thomas,81,,AZ0740,1563396.22080000,5183374.10180000,1.24141078,45.83683674
87085_0095_00082,avenue Albert Thomas,82,,BH0816,1563402.73590000,5183395.61960000,1.24148851,45.83703159
87085_0095_00083,avenue Albert Thomas,83,,AZ0734,1563382.67860000,5183381.53610000,1.24123439,45.83690092
87085_0095_00084,avenue Albert Thomas,84,,BH0818,1563392.28740000,5183401.85410000,1.24135227,45.83708560
87085_0095_00085,avenue Albert Thomas,85,,AZ0778,1563372.36260000,5183388.32520000,1.24109970,45.83695994
87085_0095_00086,avenue Albert Thomas,86,,BH0740,1563382.34980000,5183408.15920000,1.24122259,45.83714035
87085_0095_00092,avenue Albert Thomas,92,,BH0778,1563353.58180000,5183431.04480000,1.24084585,45.83734050
87085_0095_00112,avenue Albert Thomas,112,,BH0778,1563273.42050000,5183494.47790000,1.23979617,45.83789518
87085_0095_00123,avenue Albert Thomas,123,,AY0231,1563220.98660000,5183493.51750000,1.23912163,45.83787611
87085_0095_00185,avenue Albert Thomas,185,,AY0229,1562864.56610000,5183667.25210000,1.23448504,45.83936796
87085_0415_00002,avenue Baudin,2,,DY0433,1564750.00510000,5182248.41940000,1.25915004,45.82697816
87085_0415_00004,avenue Baudin,4,,DY0434,1564741.77590000,5182243.94520000,1.25904541,45.82693629
87085_0415_00010,avenue Baudin,10,,DY0435,1564705.98420000,5182226.65440000,1.25858973,45.82677371
87085_0415_00012,avenue Baudin,12,,DY0446,1564700.10440000,5182225.94740000,1.25851428,45.82676619
87085_0415_00014,avenue Baudin,14,,DY0446,1564690.84310000,5182224.10970000,1.25839563,45.82674784
87085_0415_00016,avenue Baudin,16,,DY0448,1564677.32310000,5182221.55180000,1.25822238,45.82672217
87085_0415_00018,avenue Baudin,18,,DY0450,1564672.95040000,5182220.52720000,1.25816641,45.82671209
87085_0415_00020,avenue Baudin,20,,DY0450,1564667.20390000,5182219.61740000,1.25809272,45.82670278
87085_0415_00022,avenue Baudin,22,,HT0054,1564641.70540000,5182180.77850000,1.25777556,45.82634838
87085_0415_00024,avenue Baudin,24,,HT0150,1564638.55840000,5182170.05500000,1.25773809,45.82625130
87085_0415_00026,avenue Baudin,26,,HT0057,1564635.20780000,5182158.34880000,1.25769827,45.82614533
87085_0415_00028,avenue Baudin,28,,HT0058,1564631.64040000,5182146.17870000,1.25765579,45.82603515
87085_0415_00031,avenue Baudin,31,,HV0510,1564635.30600000,5182080.93350000,1.25772133,45.82544896
87085_0415_00032,avenue Baudin,32,,HV0001,1564621.70540000,5182114.73260000,1.25753681,45.82575032
87085_0415_00034,avenue Baudin,34,,HV0001,1564618.45140000,5182103.95610000,1.25749798,45.82565274
87085_0415_00036,avenue Baudin,36,,HV0002,1564615.15610000,5182092.61280000,1.25745877,45.82555005
87085_0415_00038,avenue Baudin,38,,HV0003,1564609.20270000,5182072.63280000,1.25738779,45.82536915
87085_0415_00040,avenue Baudin,40,,HV0006,1564605.34980000,5182059.37870000,1.25734195,45.82524916
87085_0415_00041,avenue Baudin,41,,HV0510,1564624.96310000,5182052.39380000,1.25759628,45.82519019
87085_0415_00043,avenue Baudin,43,,HV0085,1564619.47700000,5182035.33310000,1.25753049,45.82503564
87085_0415_00044,avenue Baudin,44,,HV0073,1564595.26770000,5182027.31140000,1.25722126,45.82495871
87085_0415_00045,avenue Baudin,45,,HV0085,1564613.39490000,5182014.43280000,1.25745812,45.82484643
87085_0415_00045_a,avenue Baudin,45,a,HV0084,1564632.46000000,5182007.29040000,1.25770544,45.82478593
87085_0415_00045_b,avenue Baudin,45,b,HV0083,1564644.50070000,5181995.60840000,1.25786365,45.82468321
87085_0415_00045_c,avenue Baudin,45,c,HV0082,1564652.00480000,5181991.31810000,1.25796141,45.82464610
87085_0415_00045_d,avenue Baudin,45,d,HV0081,1564660.98270000,5181987.38370000,1.25807803,45.82461247
87085_0415_00045_e,avenue Baudin,45,e,HV0080,1564661.84520000,5181980.38940000,1.25809110,45.82454972
87085_0415_00046,avenue Baudin,46,,HV0072,1564592.69190000,5182018.14420000,1.25719070,45.82487574
87085_0415_00048,avenue Baudin,48,,HV0071,1564589.91890000,5182008.96150000,1.25715760,45.82479259
87085_0415_00049,avenue Baudin,49,,HV0929,1564610.87550000,5182005.97390000,1.25742809,45.82476984
87085_0415_00050,avenue Baudin,50,,HV0071,1564586.92470000,5181999.07280000,1.25712186,45.82470305
87085_0415_00051,avenue Baudin,51,,HV0087,1564606.98810000,5181993.56160000,1.25738156,45.82465742
87085_0415_00052,avenue Baudin,52,,HV0070,1564582.69150000,5181984.82920000,1.25707140,45.82457408
87085_0415_00053,avenue Baudin,53,,HV0088,1564604.19990000,5181983.74200000,1.25734845,45.82456854
87085_0415_00054,avenue Baudin,54,,HV0069,1564579.50890000,5181973.95320000,1.25703352,45.82447562
87085_0415_00055,avenue Baudin,55,,HV0090,1564599.97640000,5181970.12370000,1.25729794,45.82444520
87085_0415_00056,avenue Baudin,56,,HV0067,1564576.22120000,5181962.61780000,1.25699441,45.82437300
87085_0415_00057,avenue Baudin,57,,HV0091,1564595.86940000,5181956.09350000,1.25724905,45.82431818
87085_0415_00058,avenue Baudin,58,,HV0066,1564572.97970000,5181952.92480000,1.25695543,45.82428517
87085_0415_00060,avenue Baudin,60,,HV0065,1564569.49710000,5181940.93050000,1.25691400,45.82417659
87085_0415_00061,avenue Baudin,61,,HV0686,1564592.82020000,5181945.61020000,1.25721277,45.82422328
87085_0415_00062,avenue Baudin,62,,HV0740,1564566.35050000,5181930.13500000,1.25687655,45.82407886
87085_0415_00064,avenue Baudin,64,,HV0737,1564563.82950000,5181922.24040000,1.25684634,45.82400735
87085_0415_00065,avenue Baudin,65,,HV0680,1564586.48430000,5181925.19880000,1.25713700,45.82403842
87085_0415_00066,avenue Baudin,66,,HV0062,1564559.56870000,5181907.72750000,1.25679561,45.82387596
87085_0415_00068,avenue Baudin,68,,HV0681,1564555.69210000,5181894.95270000,1.25674933,45.82376027
87085_0415_00070,avenue Baudin,70,,HV0059,1564553.19800000,5181886.47700000,1.25671962,45.82368354
87085_0415_00072,avenue Baudin,72,,HV0058,1564550.15930000,5181876.62770000,1.25668330,45.82359434
87085_0415_00073,avenue Baudin,73,,HV0672,1564575.52460000,5181888.48640000,1.25700632,45.82370601
87085_0415_00073_bis,avenue Baudin,73,bis,HV0672,1564572.86460000,5181879.33020000,1.25697468,45.82362312
87085_0415_00074,avenue Baudin,74,,HV0058,1564543.69650000,5181855.33190000,1.25660614,45.82340150
87085_0415_00075,avenue Baudin,75,,HV0101,1564570.29160000,5181870.70170000,1.25694400,45.82354500
87085_0415_00077,avenue Baudin,77,,HV0102,1564566.95510000,5181859.69530000,1.25690417,45.82344533
87085_0415_00078,avenue Baudin,78,,HV0054,1564541.43490000,5181847.23370000,1.25657933,45.82332821
87085_0415_00079,avenue Baudin,79,,HV0104,1564562.90280000,5181845.85940000,1.25685593,45.82332007
87085_0415_00080,avenue Baudin,80,,HV0537,1564534.20750000,5181823.38340000,1.25649306,45.82311224
87085_0415_00081,avenue Baudin,81,,HV0105,1564559.15560000,5181833.77320000,1.25681112,45.82321061
87085_0415_00083,avenue Baudin,83,,HV0106,1564554.39010000,5181817.35080000,1.25675443,45.82306194
87085_0415_00084,avenue Baudin,84,,HV0054,1564528.00830000,5181803.09330000,1.25641901,45.82292849
87085_0415_00086,avenue Baudin,86,,HV0784,1564526.19130000,5181796.95290000,1.25639736,45.82287290
87085_0415_00088,avenue Baudin,88,,HV0784,1564522.05060000,5181782.78210000,1.25634808,45.82274461
87085_0415_00089,avenue Baudin,89,,HV0107,1564549.03930000,5181799.47420000,1.25669062,45.82290008
87085_0415_00091,avenue Baudin,91,,HV0108,1564546.12630000,5181789.87680000,1.25665584,45.82281317
87085_0415_00092,avenue Baudin,92,,HV0652,1564494.18660000,5181768.15430000,1.25599369,45.82260753
87085_0415_00093,avenue Baudin,93,,HV0729,1564541.40110000,5181774.34390000,1.25659942,45.82267251
87085_0415_00094,avenue Baudin,94,,HV0306,1564509.56690000,5181741.13240000,1.25619919,45.82236749
87085_0415_00095,avenue Baudin,95,,HV0636,1564537.14740000,5181759.64210000,1.25654884,45.82253942
87085_0415_00096,avenue Baudin,96,,HV0305,1564505.63280000,5181727.97820000,1.25615228,45.82224838
87085_0415_00096_bis,avenue Baudin,96,bis,HV0304,1564503.10250000,5181719.28960000,1.25612218,45.82216972
87085_0415_00097,avenue Baudin,97,,HV0637,1564534.78910000,5181751.73370000,1.25652072,45.82246782
87085_0415_00098,avenue Baudin,98,,HV0302,1564500.66740000,5181711.26840000,1.25609311,45.82209709
87085_0415_00099,avenue Baudin,99,,HV0485,1564531.18150000,5181739.88540000,1.25647764,45.82236053
87085_0415_00100,avenue Baudin,100,,HV0301,1564497.68960000,5181701.42100000,1.25605757,45.82200792
87085_0415_00101,avenue Baudin,101,,HV0117,1564529.75980000,5181732.41690000,1.25641822,45.82220549
87085_0415_00101_b,avenue Baudin,101,b,HV0117,1564526.05560000,5181721.03979998,1.25641700,45.82219000
87085_0415_00102,avenue Baudin,102,,HV0299,1564494.24140000,5181689.71090000,1.25601650,45.82190190
87085_0415_00104,avenue Baudin,104,,HV0298,1564490.69230000,5181677.14070000,1.25597438,45.82178812
87085_0415_00105,avenue Baudin,105,,HV0120,1564520.12460000,5181702.38510000,1.25634595,45.82202101
87085_0415_00106,avenue Baudin,106,,HV0688,1564486.72450000,5181664.03820000,1.25592702,45.82166948
87085_0415_00107,avenue Baudin,107,,HV0121,1564515.92420000,5181688.76330000,1.25629574,45.82189765
87085_0415_00108,avenue Baudin,108,,HV0780,1564478.84980000,5181636.88710000,1.25583336,45.82142369
87085_0415_00109,avenue Baudin,109,,HV0122,1564511.43130000,5181673.96230000,1.25624211,45.82176362
87085_0415_00110,avenue Baudin,110,,HV0780,1564426.79120000,5181673.37070000,1.25515329,45.82174162
87085_0415_00111,avenue Baudin,111,,HV0123,1564506.86150000,5181659.07920000,1.25618750,45.82162884
87085_0415_00112,avenue Baudin,112,,HV0549,1564473.08370000,5181617.58600000,1.25576461,45.82124893
87085_0415_00114,avenue Baudin,114,,HV0780,1564427.34220000,5181652.59700000,1.25516624,45.82155486
87085_0415_00115,avenue Baudin,115,,HV0124,1564503.24240000,5181646.41290000,1.25614451,45.82151418
87085_0415_00116,avenue Baudin,116,,HV0780,1564391.07180000,5181655.07490000,1.25469888,45.82157000
87085_0415_00117,avenue Baudin,117,,HV0125,1564499.55970000,5181634.10380000,1.25610059,45.82140273
87085_0415_00119,avenue Baudin,119,,HV0126,1564495.59120000,5181620.92150000,1.25605325,45.82128336
87085_0415_00120,avenue Baudin,120,,HV0780,1564392.14800000,5181633.94070000,1.25471869,45.82138009
87085_0415_00121,avenue Baudin,121,,HV0127,1564491.78390000,5181608.92330000,1.25600765,45.82117468
87085_0415_00122,avenue Baudin,122,,HV0780,1564387.10110000,5181600.07730000,1.25466330,45.82107448
87085_0415_00123,avenue Baudin,123,,HV0128,1564488.88450000,5181599.04520000,1.25597313,45.82108525
87085_0415_00124,avenue Baudin,124,,HV0543,1564454.79660000,5181557.00050000,1.25554641,45.82070032
87085_0415_00125,avenue Baudin,125,,HV0129,1564485.81450000,5181588.65810000,1.25593656,45.82099121
87085_0415_00126,avenue Baudin,126,,HV0780,1564382.15080000,5181579.10910000,1.25460553,45.82088488
87085_0415_00127,avenue Baudin,127,,HV0130,1564482.53340000,5181577.43560000,1.25589750,45.82088961
87085_0415_00129,avenue Baudin,129,,HV0131,1564479.37600000,5181566.48500000,1.25585997,45.82079048
87085_0415_00131,avenue Baudin,131,,HV0132,1564475.62510000,5181554.14890000,1.25581518,45.82067877
87085_0415_00133,avenue Baudin,133,,HV0132,1564474.12740000,5181548.11440000,1.25579762,45.82062419
87085_0415_00134,avenue Baudin,134,,HV0291,1564430.34170000,5181494.37010000,1.25524943,45.82013210
87085_0415_00135,avenue Baudin,135,,HV0133,1564470.54120000,5181538.41900000,1.25575421,45.82053627
87085_0415_00136,avenue Baudin,136,,HV0290,1564420.33790000,5181480.45430000,1.25512465,45.82000495
87085_0415_00137,avenue Baudin,137,,HV0134,1564466.58290000,5181525.24650000,1.25570699,45.82041700
87085_0415_00138,avenue Baudin,138,,HV0289,1564409.75770000,5181469.20860000,1.25499170,45.81990170
87085_0415_00140,avenue Baudin,140,,HV0675,1564398.76510000,5181459.53070000,1.25485300,45.81981248
87085_0415_00142,avenue Baudin,142,,HV0677,1564392.50470000,5181454.61870000,1.25477384,45.81976706
87085_0415_00144,avenue Baudin,144,,HV0693,1564390.78230000,5181452.95260000,1.25475215,45.81975173
87085_0415_00146,avenue Baudin,146,,HV0692,1564383.28420000,5181447.65980000,1.25465717,45.81970264
87085_0415_00148,avenue Baudin,148,,HV0283,1564372.77330000,5181440.57450000,1.25452394,45.81963683
87085_0415_00150,avenue Baudin,150,,HV0282,1564358.68530000,5181431.44600000,1.25434527,45.81955194
87085_0415_00151,avenue Baudin,151,,HY0398,1564200.67260000,5181307.80270000,1.25234726,45.81840852
87085_0415_00152,avenue Baudin,152,,HY0431,1564346.39770000,5181424.75750000,1.25418907,45.81948935
87085_0415_00166,avenue Baudin,166,,HY0115,1564281.00450000,5181397.65910000,1.25335540,45.81923268
87085_0415_00168,avenue Baudin,168,,HY0108,1564257.00510000,5181390.17250000,1.25304875,45.81916060
87085_0415_00170,avenue Baudin,170,,HY0107,1564251.66840000,5181388.59160000,1.25298054,45.81914533
87085_0415_00172,avenue Baudin,172,,HY0106,1564245.13050000,5181386.42970000,1.25289703,45.81912459
87085_0415_00176,avenue Baudin,176,,HY0104,1564225.26420000,5181380.19900000,1.25264320,45.81906462
87085_0415_00178,avenue Baudin,178,,HY0104,1564217.19470000,5181377.72480000,1.25254009,45.81904077
87085_0415_00180,avenue Baudin,180,,HY0103,1564206.41910000,5181374.38800000,1.25240239,45.81900862
87085_0415_00192,avenue Baudin,192,,NT0067,1564183.23130000,5181244.13080000,1.25214086,45.81783231
87085_0415_00197,avenue Baudin,197,,NT0105,1564065.73470000,5181081.99960000,1.25067507,45.81635063
87085_0415_00201,avenue Baudin,201,,NT0104,1564063.22560000,5181063.77250000,1.25064794,45.81618617
87085_0415_00205,avenue Baudin,205,,NT0118,1564042.37610000,5181057.89920000,1.25038138,45.81612922
87085_0415_00209,avenue Baudin,209,,NT0101,1564031.30360000,5181045.96080000,1.25024231,45.81601964
87085_0415_00210,avenue Baudin,210,,NT0068,1564119.21340000,5181159.55660000,1.25134115,45.81705887
87085_0415_00211,avenue Baudin,211,,NT0098,1564024.92430000,5181040.18300000,1.25016187,45.81596640
87085_0415_00213,avenue Baudin,213,,NT0098,1564019.13400000,5181034.46170000,1.25008900,45.81591379
87085_0415_00214,avenue Baudin,214,,NT0069,1564104.83300000,5181141.87070000,1.25116114,45.81689693
87085_0415_00215,avenue Baudin,215,,NT0098,1564010.64490000,5181026.79640000,1.24998196,45.81584316
87085_0415_00216,avenue Baudin,216,,NT0072,1564097.08140000,5181134.11430000,1.25106361,45.81682563
87085_0415_00217,avenue Baudin,217,,NT0097,1564002.34290000,5181021.95410000,1.24987652,45.81579796
87085_0415_00218,avenue Baudin,218,,NT0073,1564088.46790000,5181125.25240000,1.25095530,45.81674421
87085_0415_00220,avenue Baudin,220,,NT0074,1564080.60480000,5181117.58750000,1.25085631,45.81667371
87085_0415_00222,avenue Baudin,222,,NT0075,1564075.20030000,5181111.75240000,1.25078843,45.81662015
87085_0415_00224,avenue Baudin,224,,NT0076,1564069.29280000,5181105.75830000,1.25071413,45.81656506
87085_0415_00225,avenue Baudin,225,,NT0094,1563941.30770000,5180974.45900000,1.24910476,45.81535864
87085_0415_00229,avenue Baudin,229,,NT0092,1563926.55000000,5180963.25700000,1.24891808,45.81525496
87085_0415_00230,avenue Baudin,230,,NT0077,1564045.71610000,5181081.19270000,1.25041776,45.81633942
87085_0415_00233,avenue Baudin,233,,NT0090,1563903.09130000,5180946.03330000,1.24862117,45.81509538
87085_0415_00237,avenue Baudin,237,,NT0089,1563889.58180000,5180935.79800000,1.24845027,45.81500063
87085_0415_00239,avenue Baudin,239,,NT0089,1563878.23590000,5180927.52910000,1.24830665,45.81492401
87085_0415_00241,avenue Baudin,241,,NT0089,1563870.54500000,5180921.51810000,1.24820942,45.81486841
87085_0415_00242,avenue Baudin,242,,NT0078,1564002.80380000,5181039.72410000,1.24987743,45.81595790
87085_0415_00243,avenue Baudin,243,,NT0130,1563823.48030000,5180886.64919999,1.24761383,45.81454543
87085_0415_00244,avenue Baudin,244,,NT0079,1563996.42570000,5181034.58430000,1.24979683,45.81591041
87085_0415_00245,avenue Baudin,245,,NT0112,1563804.49150000,5180874.55590000,1.24737297,45.81443288
87085_0415_00246,avenue Baudin,246,,NT0080,1563989.94920000,5181029.82190000,1.24971486,45.81586628
87085_0415_00251,avenue Baudin,251,,NT0112,1563798.98800000,5180870.44600000,1.24730334,45.81439482
87085_0415_00252,avenue Baudin,252,,NT0123,1563961.17570000,5181009.69670000,1.24935039,45.81567956
87085_0415_00261,avenue Baudin,261,,NT0084,1563694.00400000,5180793.25370000,1.24597466,45.81367964
87085_0415_00267,avenue Baudin,267,,NT0085,1563732.40180000,5180806.56970000,1.24646485,45.81380703
87085_0415_00297,avenue Baudin,297,,NR0011,1563526.49690000,5180629.15740000,1.24386638,45.81217029
87085_0415_00301,avenue Baudin,301,,NR0012,1563520.89590000,5180622.56690000,1.24379620,45.81210990
87085_0415_00303,avenue Baudin,303,,NR0013,1563510.64320000,5180612.76450000,1.24366710,45.81201968
87085_0415_00305,avenue Baudin,305,,NR0017,1563469.18540000,5180575.96290000,1.24314424,45.81168041
87085_0415_00307,avenue Baudin,307,,NR0018,1563454.55280000,5180564.71020000,1.24295920,45.81157628
87085_0415_00309,avenue Baudin,309,,NR0019,1563441.08850000,5180554.43020000,1.24278892,45.81148113
87085_0415_00311,avenue Baudin,311,,NR0020,1563431.57650000,5180547.39560000,1.24266856,45.81141596
87085_0415_00313,avenue Baudin,313,,NR0021,1563419.04590000,5180538.62670000,1.24250986,45.81133459
87085_0415_00315,avenue Baudin,315,,NR0022,1563405.30010000,5180528.38930000,1.24233595,45.81123977
87085_0415_00317,avenue Baudin,317,,NR0023,1563383.62480000,5180512.17110000,1.24206173,45.81108958
87085_0415_00319,avenue Baudin,319,,NR0024,1563367.92720000,5180498.95380000,1.24186356,45.81096756
87085_0415_00321,avenue Baudin,321,,NR0025,1563355.97620000,5180488.85060000,1.24171269,45.81087431
87085_0415_00323,avenue Baudin,323,,NR0026,1563345.70440000,5180479.16780000,1.24158331,45.81078516
87085_0415_00327,avenue Baudin,327,,NR0027,1563337.61350000,5180470.03060000,1.24148183,45.81070136
87085_0415_00343,avenue Baudin,343,,NR0031,1563291.81840000,5180419.17600000,1.24090720,45.81023480
87085_0415_00345,avenue Baudin,345,,NR0038,1563285.30230000,5180410.44410000,1.24082586,45.81015495
87085_0553_00001,avenue Benoît Frachon,1,,ST0039,1567795.58840000,5184890.08610000,1.29761210,45.85133389
87085_0553_00041,avenue Benoît Frachon,41,,ST0032,1567104.92410000,5185798.74170000,1.28846979,45.85937467
87085_0553_00042,avenue Benoît Frachon,42,,SX0175,1567415.54550000,5185401.33670000,1.29257870,45.85585974
87085_0266_00007,avenue d'Ariane,7,,SX0050,1567290.84540000,5186027.27370000,1.29080035,45.86146638
87085_0266_00017,avenue d'Ariane,17,,SX0094,1567414.18970000,5186232.37950000,1.29233182,45.86333524
87085_0266_00018,avenue d'Ariane,18,,SX0089,1567455.07400000,5186263.35920000,1.29284969,45.86362180
87085_0266_00019,avenue d'Ariane,19,,SX0004,1567449.40550000,5186292.10760000,1.29276877,45.86387932
87085_0266_00020,avenue d'Ariane,20,,SX0089,1567541.84940000,5186356.69150000,1.29394125,45.86447812
87085_0266_00024,avenue d'Ariane,24,,SX0013,1567606.53500000,5186368.13010000,1.29477099,45.86459348
87085_0266_00027,avenue d'Ariane,27,,SX0005,1567622.06380000,5186386.08320000,1.29496599,45.86475797
87085_1766_00001,avenue d'Ester,1,,SX0024,1567408.94100000,5185979.37390000,1.29233410,45.86105828
87085_5136_00002,avenue d'Uzurat,2,,SN0003,1565712.64160000,5186688.63760000,1.27029561,45.86710921
87085_5136_00040,avenue d'Uzurat,40,,SN0006,1566157.01840000,5187059.16780000,1.27591437,45.87052903
87085_0436_00051,avenue de Beaubreuil,51,,LS0065,1568074.25430000,5187635.29060000,1.30044518,45.87608234
87085_0436_00053,avenue de Beaubreuil,53,,LS0065,1568030.63100000,5187650.34520000,1.29987923,45.87620939
87085_0436_00054,avenue de Beaubreuil,54,,LP0046,1567976.68140000,5187958.89620000,1.29909955,45.87897464
87085_0436_00055,avenue de Beaubreuil,55,,LS0065,1568054.11990000,5187668.80280000,1.30017666,45.87637994
87085_0436_00057,avenue de Beaubreuil,57,,LS0065,1568053.42040000,5187688.73680000,1.30016217,45.87655912
87085_0436_00059,avenue de Beaubreuil,59,,LS0065,1568033.39400000,5187720.86850000,1.29989542,45.87684432
87085_0436_00061,avenue de Beaubreuil,61,,LS0065,1568032.62110000,5187774.06840000,1.29987084,45.87732274
87085_0436_00063,avenue de Beaubreuil,63,,LS0065,1568021.16250000,5187796.84140000,1.29971700,45.87752540
87085_0436_00065,avenue de Beaubreuil,65,,LS0065,1568045.71700000,5187828.24090000,1.30002461,45.87781257
87085_0453_00004,avenue de Beaune,4,,KZ0176,1568133.41520000,5191850.67130000,1.30004822,45.91401364
87085_0453_00006,avenue de Beaune,6,,KZ0177,1568143.90400000,5191840.28080000,1.30018626,45.91392218
87085_0453_00007,avenue de Beaune,7,,KZ0174,1568159.00900000,5191844.39730000,1.30037979,45.91396211
87085_0453_00008,avenue de Beaune,8,,KZ0178,1568154.81800000,5191829.07660000,1.30032999,45.91382349
87085_0453_00009,avenue de Beaune,9,,KZ0173,1568171.42750000,5191831.81240000,1.30054329,45.91385129
87085_0453_00011,avenue de Beaune,11,,KZ0172,1568182.57240000,5191820.88280000,1.30068993,45.91375511
87085_0453_00012,avenue de Beaune,12,,KZ0181,1568196.14530000,5191787.67100000,1.30087398,45.91345895
87085_0453_00014,avenue de Beaune,14,,KZ0182,1568207.71390000,5191776.16170000,1.30102624,45.91335764
87085_0453_00016,avenue de Beaune,16,,KZ0183,1568219.08880000,5191764.37250000,1.30117607,45.91325377
87085_0453_00017,avenue de Beaune,17,,KZ0157,1568226.38530000,5191776.89330000,1.30126666,45.91336780
87085_0453_00018,avenue de Beaune,18,,KZ0184,1568229.83820000,5191753.50000000,1.30131759,45.91315803
87085_0453_00019,avenue de Beaune,19,,KZ0156,1568237.65350000,5191765.35210000,1.30141505,45.91326615
87085_0453_00020,avenue de Beaune,20,,KZ0185,1568240.31200000,5191742.97120000,1.30145546,45.91306533
87085_0453_00021,avenue de Beaune,21,,KZ0155,1568248.35450000,5191754.63830000,1.30155590,45.91317182
87085_0453_00022,avenue de Beaune,22,,KZ0186,1568251.06270000,5191732.04710000,1.30159701,45.91296912
87085_0453_00023,avenue de Beaune,23,,KZ0154,1568260.43880000,5191742.36280000,1.30171501,45.91306372
87085_0453_00025,avenue de Beaune,25,,KZ0153,1568273.41280000,5191729.26690000,1.30188581,45.91294840
87085_0453_00028,avenue de Beaune,28,,LA0202,1568285.62560000,5191688.61570000,1.30205437,45.91258506
87085_0453_00029,avenue de Beaune,29,,LA0077,1568328.36530000,5191676.36640000,1.30260853,45.91248307
87085_0453_00031,avenue de Beaune,31,,LA0078,1568351.81310000,5191641.01130000,1.30292042,45.91216952
87085_0453_00034,avenue de Beaune,34,,LA0202,1568302.74820000,5191670.03980000,1.30228014,45.91242124
87085_0453_00037,avenue de Beaune,37,,LA0079,1568361.21530000,5191608.11500000,1.30305062,45.91187540
87085_0453_00038,avenue de Beaune,38,,LA0202,1568323.68400000,5191650.60220000,1.30255528,45.91225040
87085_0453_00041,avenue de Beaune,41,,LA0162,1568361.77230000,5191569.90060000,1.30306829,45.91153175
87085_0453_00042,avenue de Beaune,42,,LA0202,1568336.20220000,5191637.71100000,1.30272014,45.91213684
87085_0453_00043,avenue de Beaune,43,,LA0161,1568362.03690000,5191552.70259999,1.30307642,45.91137709
87085_0453_00050,avenue de Beaune,50,,LA0202,1568341.49390000,5191599.61089999,1.30279880,45.91179512
87085_0453_00054,avenue de Beaune,54,,LA0202,1568324.56060000,5191594.84840000,1.30258189,45.91174903
87085_0689_00008,avenue de Brachaud,8,,LZ0041,1566310.23770000,5186933.72150001,1.27792237,45.86943039
87085_0689_00019,avenue de Brachaud,19,,LZ0033,1566351.96870000,5187107.81950000,1.27841128,45.87100462
87085_0689_00027,avenue de Brachaud,27,,LZ0013,1566501.20860000,5187217.02270000,1.28030275,45.87201598
87085_0689_00029,avenue de Brachaud,29,,MB0085,1566512.09880000,5187226.64240000,1.28044031,45.87210463
87085_0689_00031,avenue de Brachaud,31,,MB0084,1566525.58380000,5187240.87450000,1.28061001,45.87223527
87085_0689_00035,avenue de Brachaud,35,,MB0082,1566545.58840000,5187265.97000000,1.28086065,45.87246491
87085_0689_00037,avenue de Brachaud,37,,MB0081,1566550.02770000,5187271.96330000,1.28091616,45.87251968
87085_0689_00041,avenue de Brachaud,41,,MB0080,1566559.00180000,5187284.11590000,1.28102834,45.87263074
87085_0689_00043,avenue de Brachaud,43,,MB0079,1566582.11720000,5187310.67850000,1.28131864,45.87287418
87085_0689_00047,avenue de Brachaud,47,,MB0078,1566604.27990000,5187328.74040000,1.28159903,45.87304096
87085_0689_00051,avenue de Brachaud,51,,MB0099,1566628.98160000,5187344.54750000,1.28191275,45.87318795
87085_0689_00053,avenue de Brachaud,53,,MB0073,1566651.84440000,5187357.41110000,1.28220360,45.87330810
87085_0689_00055,avenue de Brachaud,55,,MB0072,1566685.15910000,5187379.49060000,1.28262650,45.87351318
87085_0689_00057,avenue de Brachaud,57,,MB0116,1566704.90110000,5187393.22540000,1.28287692,45.87364056
87085_0689_00059,avenue de Brachaud,59,,MB0071,1566720.10890000,5187404.67860000,1.28306959,45.87374654
87085_0689_00063,avenue de Brachaud,63,,MB0069,1566742.12040000,5187422.57570000,1.28334809,45.87391181
87085_0689_00065,avenue de Brachaud,65,,MB0070,1566757.55580000,5187434.64590000,1.28354352,45.87402338
87085_0689_00077,avenue de Brachaud,77,,LY0057,1566885.69140000,5187541.56780000,1.28516403,45.87501004
87085_0689_00079,avenue de Brachaud,79,,LY0058,1566900.10930000,5187553.54300000,1.28534639,45.87512055
87085_0689_00081,avenue de Brachaud,81,,LY0059,1566914.00820000,5187565.40450000,1.28552210,45.87522995
87085_0689_00082,avenue de Brachaud,82,,LZ0027,1566778.38930000,5187429.09570000,1.28381336,45.87397749
87085_0689_00084,avenue de Brachaud,84,,LZ0026,1566798.28310000,5187445.67600000,1.28406495,45.87413049
87085_0689_00085,avenue de Brachaud,85,,LY0061,1566946.37300000,5187591.55980000,1.28593166,45.87547150
87085_0689_00088,avenue de Brachaud,88,,LY0206,1566819.54520000,5187463.34570000,1.28433387,45.87429357
87085_0689_00090,avenue de Brachaud,90,,LY0055,1566833.16770000,5187474.58030000,1.28450619,45.87439727
87085_0689_00092,avenue de Brachaud,92,,LY0054,1566855.40620000,5187492.77200000,1.28478754,45.87456522
87085_0689_00096,avenue de Brachaud,96,,LY0053,1566884.91640000,5187517.34910000,1.28516076,45.87479202
87085_0689_00098,avenue de Brachaud,98,,LY0052,1566897.58020000,5187527.77330000,1.28532096,45.87488825
87085_0689_00100,avenue de Brachaud,100,,LY0051,1566913.09450000,5187540.58770000,1.28551721,45.87500653
87085_0689_00102,avenue de Brachaud,102,,LY0050,1566929.08870000,5187553.64500000,1.28571957,45.87512708
87085_0689_00104,avenue de Brachaud,104,,LY0049,1566945.69880000,5187567.48380000,1.28592965,45.87525479
87085_0689_00106,avenue de Brachaud,106,,LY0048,1566963.35090000,5187582.02920000,1.28615295,45.87538905
87085_0689_00108,avenue de Brachaud,108,,LY0047,1566979.17750000,5187595.19310000,1.28635312,45.87551053
87085_0689_00109,avenue de Brachaud,109,,LY0012,1567071.18230000,5187698.48440000,1.28750941,45.87645750
87085_0689_00110,avenue de Brachaud,110,,LY0221,1566990.88890000,5187603.67440000,1.28650160,45.87558909
87085_0689_00112,avenue de Brachaud,112,,LY0223,1567000.78460000,5187611.21300000,1.28662695,45.87565882
87085_0689_00116,avenue de Brachaud,116,,LY0233,1567026.03110000,5187631.01630000,1.28694661,45.87584185
87085_1999_00002,avenue de Fontgeaudrant,2,,OA0282,1565141.55710000,5179850.18050000,1.26486061,45.80548139
87085_1999_00006,avenue de Fontgeaudrant,6,,OA0039,1565163.87750000,5179785.57060000,1.26516581,45.80490456
87085_1999_00008,avenue de Fontgeaudrant,8,,OA0040,1565165.48880000,5179771.92870000,1.26519035,45.80478216
87085_1999_00009,avenue de Fontgeaudrant,9,,OA0143,1565179.28760000,5179758.78240000,1.26537152,45.80466660
87085_1999_00010,avenue de Fontgeaudrant,10,,OA0041,1565166.91370000,5179758.27750000,1.26521251,45.80465964
87085_1999_00011,avenue de Fontgeaudrant,11,,OA0142,1565181.49410000,5179732.87070000,1.26540716,45.80443394
87085_1999_00012,avenue de Fontgeaudrant,12,,OA0042,1565135.18330000,5179743.53710000,1.26480852,45.80452082
87085_1999_00014,avenue de Fontgeaudrant,14,,OA0043,1565136.67070000,5179734.88950000,1.26483007,45.80444332
87085_1999_00015,avenue de Fontgeaudrant,15,,OA0141,1565183.38480000,5179715.85940000,1.26543624,45.80428129
87085_1999_00017,avenue de Fontgeaudrant,17,,OA0140,1565184.42810000,5179699.27620000,1.26545431,45.80413232
87085_1999_00018,avenue de Fontgeaudrant,18,,OA0045,1565172.31950000,5179701.44450000,1.26529796,45.80414945
87085_1999_00019,avenue de Fontgeaudrant,19,,OA0139,1565180.27790000,5179681.30720000,1.26540596,45.80396986
87085_1999_00020,avenue de Fontgeaudrant,20,,OA0046,1565163.25810000,5179676.32390000,1.26518845,45.80392170
87085_1999_00022,avenue de Fontgeaudrant,22,,OA0047,1565150.78830000,5179659.91890000,1.26503266,45.80377168
87085_1999_00023,avenue de Fontgeaudrant,23,,OA0050,1565147.78330000,5179635.79280000,1.26500077,45.80355406
87085_1999_00024,avenue de Fontgeaudrant,24,,OA0048,1565139.35030000,5179644.45940000,1.26488988,45.80363037
87085_1999_00025,avenue de Fontgeaudrant,25,,OA0051,1565136.38190000,5179606.72680000,1.26486227,45.80329036
87085_1999_00026,avenue de Fontgeaudrant,26,,OA0049,1565110.91520000,5179631.83520000,1.26452769,45.80351123
87085_1999_00027,avenue de Fontgeaudrant,27,,OA0054,1565138.63350000,5179581.56560000,1.26489828,45.80306446
87085_1999_00028,avenue de Fontgeaudrant,28,,OA0033,1565098.57440000,5179632.28720000,1.26436884,45.80351288
87085_1999_00029,avenue de Fontgeaudrant,29,,OA0057,1565140.81770000,5179559.88490000,1.26493245,45.80286986
87085_1999_00030,avenue de Fontgeaudrant,30,,OA0032,1565106.79910000,5179623.41710000,1.26447711,45.80343470
87085_1999_00031,avenue de Fontgeaudrant,31,,OA0059,1565142.73640000,5179541.55130000,1.26496227,45.80270531
87085_1999_00032,avenue de Fontgeaudrant,32,,OA0029,1565121.11730000,5179615.16030000,1.26466358,45.80336323
87085_1999_00033,avenue de Fontgeaudrant,33,,OA0060,1565144.47020000,5179525.16120000,1.26498916,45.80255821
87085_1999_00034,avenue de Fontgeaudrant,34,,OA0028,1565125.50380000,5179592.83500000,1.26472625,45.80316326
87085_1999_00035,avenue de Fontgeaudrant,35,,OA0063,1565146.24730000,5179508.93640000,1.26501656,45.80241261
87085_1999_00036,avenue de Fontgeaudrant,36,,OA0027,1565126.96990000,5179576.29440000,1.26474975,45.80301476
87085_1999_00037,avenue de Fontgeaudrant,37,,OA0064,1565147.73490000,5179493.34790000,1.26504006,45.80227267
87085_1999_00038,avenue de Fontgeaudrant,38,,OA0289,1565128.88450000,5179559.96010000,1.26477895,45.80286819
87085_1999_00039,avenue de Fontgeaudrant,39,,OA0065,1565149.58100000,5179475.94750000,1.26506868,45.80211650
87085_1999_00040,avenue de Fontgeaudrant,40,,OA0292,1565131.10320000,5179539.25430000,1.26481329,45.80268237
87085_1999_00041,avenue de Fontgeaudrant,41,,OA0066,1565154.83390000,5179457.84720000,1.26514131,45.80195471
87085_1999_00042,avenue de Fontgeaudrant,42,,OA0286,1565132.50860000,5179523.71550000,1.26483572,45.80254286
87085_1999_00042_bis,avenue de Fontgeaudrant,42,bis,OA0285,1565133.16260000,5179511.86560000,1.26484745,45.80243639
87085_1999_00043,avenue de Fontgeaudrant,43,,OA0067,1565163.92580000,5179441.17060000,1.26526292,45.80180647
87085_1999_00044,avenue de Fontgeaudrant,44,,OA0261,1565135.15260000,5179497.48800000,1.26487707,45.80230745
87085_1999_00045,avenue de Fontgeaudrant,45,,OA0068,1565180.78150000,5179421.86840000,1.26548512,45.80163614
87085_1999_00046,avenue de Fontgeaudrant,46,,OA0260,1565134.73910000,5179475.88040000,1.26487781,45.80211299
87085_1999_00050,avenue de Fontgeaudrant,50,,OA0076,1565163.22760000,5179422.79150000,1.26525909,45.80164101
87085_1999_00051,avenue de Fontgeaudrant,51,,OA0127,1565234.15640000,5179372.28990000,1.26618548,45.80120061
87085_1999_00052,avenue de Fontgeaudrant,52,,OA0075,1565175.72560000,5179410.33790000,1.26542332,45.80153143
87085_1999_00053,avenue de Fontgeaudrant,53,,OA0126,1565249.57790000,5179358.24910000,1.26638775,45.80107732
87085_1999_00054,avenue de Fontgeaudrant,54,,OA0074,1565189.48020000,5179397.60630000,1.26560379,45.80141959
87085_1999_00055,avenue de Fontgeaudrant,55,,OA0125,1565265.83130000,5179343.06530000,1.26660104,45.80094391
87085_1999_00056,avenue de Fontgeaudrant,56,,OA0073,1565202.49140000,5179385.68590000,1.26577447,45.80131491
87085_1999_00057,avenue de Fontgeaudrant,57,,OA0124,1565277.40320000,5179327.02500000,1.26675436,45.80080189
87085_1999_00058,avenue de Fontgeaudrant,58,,OA0072,1565215.41750000,5179373.42250000,1.26594415,45.80120712
87085_1999_00059,avenue de Fontgeaudrant,59,,OA0123,1565284.01290000,5179310.51490000,1.26684399,45.80065466
87085_1999_00060,avenue de Fontgeaudrant,60,,OA0070,1565228.79850000,5179360.85760000,1.26611977,45.80109672
87085_1999_00061,avenue de Fontgeaudrant,61,,OA0122,1565289.60550000,5179295.41750000,1.26692014,45.80051995
87085_1999_00063,avenue de Fontgeaudrant,63,,OA0121,1565295.28150000,5179280.38480000,1.26699735,45.80038583
87085_1999_00064,avenue de Fontgeaudrant,64,,OA0116,1565270.30610000,5179312.69610000,1.26666709,45.80067160
87085_1999_00065,avenue de Fontgeaudrant,65,,OA0120,1565303.17730000,5179258.48310000,1.26710503,45.80019036
87085_1999_00066,avenue de Fontgeaudrant,66,,OA0117,1565277.29720000,5179293.89080000,1.26676227,45.80050380
87085_1999_00068,avenue de Fontgeaudrant,68,,OA0118,1565284.64360000,5179273.01270000,1.26686260,45.80031743
87085_2339_00009,avenue de Grodno,9,,NK0011,1561952.44480000,5181820.52530000,1.22327632,45.82257321
87085_2339_00010,avenue de Grodno,10,,NH0069,1561933.19520000,5181820.56860000,1.22302864,45.82256974
87085_2339_00012,avenue de Grodno,12,,NH0068,1561938.00650000,5181805.38620000,1.22309490,45.82243413
87085_2339_00014,avenue de Grodno,14,,NH0193,1561949.03380000,5181772.54980000,1.22324621,45.82214097
87085_2339_00016,avenue de Grodno,16,,NH0194,1561955.14810000,5181753.46150000,1.22333035,45.82197048
87085_2339_00018,avenue de Grodno,18,,NH0195,1561962.57640000,5181730.96300000,1.22343238,45.82176959
87085_0007_00001,avenue de l'Abattoir,1,,HO0278,1564624.92940000,5180589.88080000,1.25800748,45.81203400
87085_0007_00002,avenue de l'Abattoir,2,,HO0257,1564622.59960000,5180558.36170000,1.25798638,45.81175001
87085_0007_00006,avenue de l'Abattoir,6,,HO0259,1564645.21770000,5180530.07710000,1.25828529,45.81150002
87085_0007_00008,avenue de l'Abattoir,8,,HO0247,1564658.41040000,5180513.68090000,1.25845961,45.81135512
87085_0007_00010,avenue de l'Abattoir,10,,HO0310,1564679.53720000,5180487.47600000,1.25873875,45.81112355
87085_0007_00010_bis,avenue de l'Abattoir,10,bis,HO0309,1564687.56410000,5180476.74560000,1.25884502,45.81102860
87085_0007_00012,avenue de l'Abattoir,12,,HO0312,1564699.55950000,5180462.58610000,1.25900331,45.81090359
87085_0007_00014,avenue de l'Abattoir,14,,HO0040,1564704.06110000,5180450.50090000,1.25906461,45.81079576
87085_0007_00015,avenue de l'Abattoir,15,,HO0184,1564745.04170000,5180446.04060000,1.25959302,45.81076369
87085_0007_00016,avenue de l'Abattoir,16,,HO0145,1564711.80350000,5180436.43830000,1.25916816,45.81067078
87085_0007_00017,avenue de l'Abattoir,17,,HO0186,1564763.39620000,5180414.81700000,1.25983790,45.81048642
87085_0007_00024,avenue de l'Abattoir,24,,HO0146,1564759.24690000,5180386.61760000,1.25979245,45.81023194
87085_0041_00006,avenue de l'Aéroport,6,,SH0192,1558524.11150000,5186993.78420000,1.17764446,45.86841200
87085_0041_00008,avenue de l'Aéroport,8,,SH0190,1558517.33820000,5186975.79250000,1.17756255,45.86824876
87085_0041_00009,avenue de l'Aéroport,9,,SH0095,1558520.50220000,5186946.55460000,1.17761190,45.86798641
87085_0041_00011,avenue de l'Aéroport,11,,SH0094,1558506.25180000,5186905.56460000,1.17744049,45.86761476
87085_0041_00014,avenue de l'Aéroport,14,,SH0106,1558497.77350000,5186914.22060000,1.17732877,45.86769088
87085_0041_00017,avenue de l'Aéroport,17,,SH0131,1558490.81560000,5186864.46690000,1.17725384,45.86724189
87085_0041_00022_a,avenue de l'Aéroport,22,a,SH0109,1558474.67960000,5186878.13750000,1.17704204,45.86736154
87085_0041_00022_b,avenue de l'Aéroport,22,b,SH0220,1558466.51220000,5186880.16800000,1.17693627,45.86737812
87085_0041_00022_c,avenue de l'Aéroport,22,c,SH0218,1558469.08020000,5186894.05970000,1.17696524,45.86750361
87085_0041_00022_d,avenue de l'Aéroport,22,d,SH0220,1558448.97190000,5186897.00560000,1.17670545,45.86752597
87085_0041_00024,avenue de l'Aéroport,24,,SH0116,1558473.63180000,5186845.40450000,1.17703819,45.86706688
87085_0041_00026,avenue de l'Aéroport,26,,SH0117,1558467.95880000,5186829.07290000,1.17697000,45.86691900
87085_0041_00029,avenue de l'Aéroport,29,,SH0089,1558450.33610000,5186745.30810000,1.17676774,45.86616168
87085_0041_00030,avenue de l'Aéroport,30,,SH0118,1558453.99750000,5186788.04670000,1.17680229,45.86654688
87085_0041_00032,avenue de l'Aéroport,32,,SH0119,1558445.57640000,5186765.48540000,1.17670051,45.86634220
87085_0041_00033,avenue de l'Aéroport,33,,SH0186,1558438.30210000,5186705.93300000,1.17662440,45.86580501
87085_0041_00035,avenue de l'Aéroport,35,,SH0185,1558435.12710000,5186698.78920000,1.17658563,45.86574010
87085_0041_00051,avenue de l'Aéroport,51,,RL0040,1558384.58680000,5186534.84570000,1.17598322,45.86425496
87085_0041_00055,avenue de l'Aéroport,55,,RL0040,1558371.89570000,5186511.05560000,1.17582684,45.86403834
87085_0041_00057,avenue de l'Aéroport,57,,RL0040,1558357.29890000,5186483.33830000,1.17564707,45.86378601
87085_0041_00059,avenue de l'Aéroport,59,,RL0040,1558344.61340000,5186464.45140000,1.17548931,45.86361350
87085_0041_00061,avenue de l'Aéroport,61,,RL0040,1558328.69420000,5186442.73230000,1.17529075,45.86341485
87085_0041_00079,avenue de l'Aéroport,79,,RL0040,1558238.63760000,5186312.14530000,1.17416979,45.86222161
87085_0041_00081,avenue de l'Aéroport,81,,RL0040,1558377.46620000,5186259.33440000,1.17597279,45.86177517
87085_0041_00084,avenue de l'Aéroport,84,,SI0035,1558203.79600000,5186322.56390000,1.17371812,45.86230814
87085_0041_00086,avenue de l'Aéroport,86,,SI0037,1558163.65260000,5186257.73080000,1.17322042,45.86171666
87085_0041_00124,avenue de l'Aéroport,124,,SI0050,1557873.53350000,5185853.14110000,1.16960488,45.85801731
87085_0041_00150,avenue de l'Aéroport,150,,SI0052,1557798.77860000,5185751.14890000,1.16867267,45.85708440
87085_0041_00157,avenue de l'Aéroport,157,,RL0034,1557830.47880000,5185744.07740000,1.16908287,45.85702735
87085_0041_00159,avenue de l'Aéroport,159,,RK0001,1557771.05500000,5185679.02570000,1.16833712,45.85642989
87085_0041_00187,avenue de l'Aéroport,187,,RK0047,1557576.97340000,5185397.02680000,1.16592218,45.85385304
87085_0041_00192,avenue de l'Aéroport,192,,RK0035,1557540.90990000,5185393.52190000,1.16545897,45.85381404
87085_0041_00194,avenue de l'Aéroport,194,,RK0014,1557518.02530000,5185356.41930000,1.16517538,45.85347554
87085_0041_00197,avenue de l'Aéroport,197,,RK0042,1557526.60580000,5185327.90340000,1.16529429,45.85322081
87085_0041_00198,avenue de l'Aéroport,198,,RK0013,1557493.62930000,5185330.02710000,1.16486916,45.85323308
87085_0041_00199,avenue de l'Aéroport,199,,RK0047,1557520.38810000,5185319.17210000,1.16521684,45.85314098
87085_0041_00201,avenue de l'Aéroport,201,,RK0046,1557511.89580000,5185307.16910000,1.16511108,45.85303125
87085_0041_00203,avenue de l'Aéroport,203,,RK0039,1557497.46900000,5185288.04850000,1.16493104,45.85285627
87085_0041_00209,avenue de l'Aéroport,209,,RK0011,1557474.34040000,5185256.00580000,1.16464281,45.85256324
87085_3075_00001,avenue de la Libération,1,,EI0009,1565000.53560000,5183102.63130000,1.26213382,45.83471152
87085_3075_00002,avenue de la Libération,2,,EK0043,1564992.24660000,5183121.77980000,1.26202177,45.83488215
87085_3075_00003,avenue de la Libération,3,,EI0008,1564987.67860000,5183097.49610000,1.26196980,45.83466280
87085_3075_00004,avenue de la Libération,4,,EK0015,1564981.99290000,5183118.02380000,1.26189087,45.83484635
87085_3075_00005,avenue de la Libération,5,,EI0007,1564971.08040000,5183091.24770000,1.26175795,45.83460334
87085_3075_00006,avenue de la Libération,6,,EK0016,1564974.62000000,5183115.13400000,1.26179680,45.83481890
87085_3075_00007,avenue de la Libération,7,,EI0006,1564960.13680000,5183086.74710000,1.26161839,45.83456070
87085_3075_00008,avenue de la Libération,8,,EK0017,1564958.48000000,5183108.85580000,1.26159085,45.83475926
87085_3075_00008_b,avenue de la Libération,8,b,EK0036,1564943.63680000,5183121.47650000,1.26139629,45.83486987
87085_3075_00009,avenue de la Libération,9,,EI0005,1564951.61830000,5183083.36240000,1.26150971,45.83452858
87085_3075_00010,avenue de la Libération,10,,EK0023,1564940.67610000,5183101.84750000,1.26136370,45.83469272
87085_3075_00012,avenue de la Libération,12,,EK0024,1564929.73030000,5183097.61030000,1.26122403,45.83465245
87085_3075_00013,avenue de la Libération,13,,EI0155,1564932.17750000,5183076.27430000,1.26126152,45.83446100
87085_3075_00014,avenue de la Libération,14,,EK0025,1564920.05850000,5183093.61930000,1.26110069,45.83461465
87085_3075_00015,avenue de la Libération,15,,EI0001,1564922.29780000,5183071.79880000,1.26113564,45.83441880
87085_3075_00017,avenue de la Libération,17,,DW0021,1564897.37080000,5183061.84070000,1.26081765,45.83432433
87085_3075_00019,avenue de la Libération,19,,DW0205,1564887.00860000,5183057.79530000,1.26068544,45.83428590
87085_3075_00020,avenue de la Libération,20,,DW0019,1564890.36910000,5183081.76520000,1.26072194,45.83450218
87085_3075_00021,avenue de la Libération,21,,DW0222,1564873.60950000,5183052.68090000,1.26051444,45.83423726
87085_3075_00022,avenue de la Libération,22,,DW0201,1564881.35290000,5183078.22830000,1.26060691,45.83446860
87085_3075_00023,avenue de la Libération,23,,DW0225,1564866.07220000,5183050.02480000,1.26041819,45.83421189
87085_3075_00024,avenue de la Libération,24,,DW0016,1564874.13210000,5183075.61340000,1.26051472,45.83444366
87085_3075_00025,avenue de la Libération,25,,DW0226,1564848.88150000,5183042.87900000,1.26019897,45.83414423
87085_3075_00026,avenue de la Libération,26,,DW0015,1564867.22030000,5183072.86980000,1.26042654,45.83441762
87085_3075_00027,avenue de la Libération,27,,DW0023,1564842.86470000,5183040.76810000,1.26012214,45.83412406
87085_3075_00028,avenue de la Libération,28,,DW0011,1564853.39610000,5183067.32650000,1.26025020,45.83436503
87085_3075_00030,avenue de la Libération,30,,DW0198,1564837.47480000,5183060.86540000,1.26004713,45.83430378
87085_3075_00031,avenue de la Libération,31,,DW0158,1564751.85650000,5183004.82560000,1.25896107,45.83378284
87085_3075_00031_bis,avenue de la Libération,31,bis,DW0159,1564738.65560000,5182999.63180000,1.25879266,45.83373352
87085_3075_00032,avenue de la Libération,32,,DW0007,1564824.80930000,5183055.85880000,1.25988554,45.83425626
87085_3075_00033,avenue de la Libération,33,,DW0160,1564726.36320000,5182994.57550000,1.25863589,45.83368562
87085_3075_00034,avenue de la Libération,34,,DW0176,1564804.84600000,5183047.66520000,1.25963094,45.83417863
87085_3075_00035,avenue de la Libération,35,,DW0161,1564709.05490000,5182987.67570000,1.25841510,45.83362015
87085_3075_00036,avenue de la Libération,36,,DW0175,1564792.73240000,5183043.00240000,1.25947636,45.83413430
87085_3075_00037,avenue de la Libération,37,,DW0191,1564689.21690000,5182980.21860000,1.25816190,45.83354916
87085_3075_00038,avenue de la Libération,38,,DW0174,1564780.59330000,5183038.09980000,1.25932152,45.83408781
87085_3075_00038_bis,avenue de la Libération,38,bis,DW0173,1564766.21740000,5183032.63850000,1.25913806,45.83403586
87085_3075_00038_ter,avenue de la Libération,38,ter,DW0172,1564756.06480000,5183028.51470000,1.25900857,45.83399677
87085_3075_00039,avenue de la Libération,39,,DX0551,1564577.28160000,5182933.13860000,1.25673470,45.83310362
87085_3075_00040,avenue de la Libération,40,,DW0171,1564743.18530000,5183023.46170000,1.25884424,45.83394878
87085_3075_00041,avenue de la Libération,41,,DX0551,1564567.06260000,5182929.01690000,1.25660435,45.83306453
87085_3075_00042,avenue de la Libération,42,,DW0197,1564729.88140000,5183018.60880000,1.25867440,45.83390251
87085_3075_00043,avenue de la Libération,43,,DX0551,1564547.69270000,5182919.71390000,1.25635771,45.83297703
87085_3075_00044,avenue de la Libération,44,,DW0168,1564720.29650000,5183014.44850000,1.25855223,45.83386320
87085_3075_00045,avenue de la Libération,45,,DX0002,1564537.01430000,5182917.86110000,1.25622082,45.83295826
87085_3075_00046,avenue de la Libération,46,,DW0167,1564712.16380000,5183011.59180000,1.25844837,45.83383590
87085_3075_00048,avenue de la Libération,48,,DW0189,1564701.70100000,5183007.46890000,1.25831489,45.83379675
87085_3075_00050,avenue de la Libération,50,,DW0165,1564686.92310000,5183001.65270000,1.25812635,45.83374152
87085_3075_00052,avenue de la Libération,52,,DW0165,1564663.04290000,5182992.24930000,1.25782169,45.83365224
87085_3075_00054,avenue de la Libération,54,,DO0111,1564632.95670000,5182979.89310000,1.25743800,45.83353516
87085_3075_00056,avenue de la Libération,56,,DO0112,1564616.32870000,5182972.82890000,1.25722600,45.83346834
87085_3075_00058,avenue de la Libération,58,,DO0113,1564602.83010000,5182967.12430000,1.25705390,45.83341437
87085_3075_00060,avenue de la Libération,60,,DO0160,1564589.58460000,5182961.16490000,1.25688513,45.83335815
87085_3075_00062,avenue de la Libération,62,,DO0120,1564576.24290000,5182955.38630000,1.25671506,45.83330355
87085_3075_00064,avenue de la Libération,64,,DO0121,1564562.10770000,5182949.48340000,1.25653482,45.83324766
87085_3075_00066,avenue de la Libération,66,,DO0122,1564548.25390000,5182943.56000000,1.25635821,45.83319165
87085_3075_00068,avenue de la Libération,68,,DO0127,1564533.44330000,5182937.26740000,1.25616939,45.83313213
87085_3075_00070,avenue de la Libération,70,,DO0128,1564523.01250000,5182932.60540000,1.25603648,45.83308813
87085_3476_00001,avenue de la Mazelle,1,,LH0045,1567804.70120000,5189764.01290000,1.29638720,45.89517971
87085_3476_00002,avenue de la Mazelle,2,,LH0044,1567824.67740000,5189787.12180000,1.29663818,45.89539143
87085_3476_00004,avenue de la Mazelle,4,,LH0043,1567822.10240000,5189822.50980000,1.29659526,45.89570927
87085_3476_00005,avenue de la Mazelle,5,,LH0054,1567785.45260000,5189847.92210000,1.29611608,45.89593082
87085_3476_00006,avenue de la Mazelle,6,,LH0042,1567823.87930000,5189842.75410000,1.29661257,45.89589172
87085_3476_00007,avenue de la Mazelle,7,,LH0056,1567791.64320000,5189877.32470000,1.29618774,45.89619650
87085_3476_00008,avenue de la Mazelle,8,,LH0041,1567825.58720000,5189866.42890000,1.29662805,45.89610502
87085_3476_00009,avenue de la Mazelle,9,,LH0057,1567799.87530000,5189905.84430000,1.29628593,45.89645464
87085_3476_00010,avenue de la Mazelle,10,,LH0040,1567824.95420000,5189884.67890000,1.29661487,45.89626907
87085_3476_00013,avenue de la Mazelle,13,,LH0058,1567810.72850000,5189942.87710000,1.29641555,45.89678986
87085_3476_00014,avenue de la Mazelle,14,,LH0030,1567818.75280000,5189903.22760000,1.29652986,45.89643473
87085_3476_00015,avenue de la Mazelle,15,,LH0060,1567817.77420000,5189964.18650000,1.29650045,45.89698291
87085_3476_00016,avenue de la Mazelle,16,,LH0029,1567822.32060000,5189934.98510000,1.29656707,45.89672110
87085_3476_00017,avenue de la Mazelle,17,,LH0061,1567826.66520000,5189987.74740000,1.29660851,45.89719656
87085_3476_00018,avenue de la Mazelle,18,,LH0028,1567828.63230000,5189956.60880000,1.29664243,45.89691683
87085_3476_00019,avenue de la Mazelle,19,,LH0064,1567834.76490000,5190008.95040000,1.29670702,45.89738885
87085_3476_00020,avenue de la Mazelle,20,,LH0027,1567840.25220000,5189978.05060000,1.29678623,45.89711195
87085_3476_00021,avenue de la Mazelle,21,,LH0065,1567843.02320000,5190029.66720000,1.29680771,45.89757680
87085_3476_00022,avenue de la Mazelle,22,,LH0026,1567858.82540000,5189995.33710000,1.29702076,45.89727102
87085_3476_00023,avenue de la Mazelle,23,,LH0067,1567851.00160000,5190049.74780000,1.29690497,45.89775897
87085_3476_00024,avenue de la Mazelle,24,,LH0025,1567873.71550000,5190011.68720000,1.29720809,45.89742097
87085_3476_00025,avenue de la Mazelle,25,,LH0068,1567859.46600000,5190071.53000000,1.29700802,45.89795655
87085_3476_00026,avenue de la Mazelle,26,,LH0024,1567885.92660000,5190032.21280000,1.29735976,45.89760795
87085_3476_00027,avenue de la Mazelle,27,,LH0071,1567868.14460000,5190093.06870000,1.29711390,45.89815197
87085_3476_00028,avenue de la Mazelle,28,,LH0023,1567892.80910000,5190053.79860000,1.29744249,45.89780346
87085_3476_00029,avenue de la Mazelle,29,,LH0072,1567876.28920000,5190115.07510000,1.29721277,45.89835150
87085_3476_00030,avenue de la Mazelle,30,,LH0022,1567895.08480000,5190074.77260000,1.29746603,45.89799257
87085_3476_00031,avenue de la Mazelle,31,,LH0075,1567885.74510000,5190140.05500000,1.29732772,45.89857803
87085_3476_00032,avenue de la Mazelle,32,,LH0021,1567891.64180000,5190100.81020000,1.29741450,45.89822613
87085_3476_00033,avenue de la Mazelle,33,,LH0076,1567894.30250000,5190161.03840000,1.29743219,45.89876843
87085_3476_00034,avenue de la Mazelle,34,,LH0020,1567895.32640000,5190125.94060000,1.29745505,45.89845290
87085_3476_00035,avenue de la Mazelle,35,,LH0078,1567903.12690000,5190184.00040000,1.29753956,45.89897668
87085_3476_00036,avenue de la Mazelle,36,,LH0019,1567904.16830000,5190148.32730000,1.29756280,45.89865598
87085_3476_00037,avenue de la Mazelle,37,,LH0081,1567911.19920000,5190205.49620000,1.29763764,45.89917160
87085_3476_00038,avenue de la Mazelle,38,,LH0018,1567913.50090000,5190173.25990000,1.29767618,45.89888206
87085_3476_00039,avenue de la Mazelle,39,,LH0082,1567919.60170000,5190226.72200000,1.29774006,45.89936416
87085_3476_00040,avenue de la Mazelle,40,,LH0017,1567925.61060000,5190203.63290000,1.29782383,45.89915761
87085_3476_00041,avenue de la Mazelle,41,,LH0083,1567929.67740000,5190252.22230000,1.29786285,45.89959549
87085_3476_00042,avenue de la Mazelle,42,,LH0016,1567948.98800000,5190264.38290000,1.29810830,45.89970859
87085_3476_00043,avenue de la Mazelle,43,,LH0084,1567937.92980000,5190273.88990000,1.29796321,45.89979199
87085_3476_00045,avenue de la Mazelle,45,,LH0085,1567946.45850000,5190294.97930000,1.29806729,45.89998334
87085_3476_00047,avenue de la Mazelle,47,,LH0093,1567954.44280000,5190316.05430000,1.29816436,45.90017445
87085_3476_00049,avenue de la Mazelle,49,,LH0094,1567963.84210000,5190337.22190000,1.29827963,45.90036668
87085_3476_00051,avenue de la Mazelle,51,,LH0095,1567975.91370000,5190357.55830000,1.29842957,45.90055194
87085_3476_00053,avenue de la Mazelle,53,,LH0096,1567982.40160000,5190384.19370000,1.29850583,45.90079278
87085_3476_00055,avenue de la Mazelle,55,,LH0002,1567990.52710000,5190390.12330000,1.29860889,45.90084769
87085_2921_00008,avenue de Landouge,8,,PX0057,1561792.40730000,5183307.68330000,1.22078977,45.83591880
87085_2921_00012,avenue de Landouge,12,,PX0029,1561747.40540000,5183327.50120000,1.22020494,45.83608803
87085_2921_00014,avenue de Landouge,14,,PX0028,1561723.85820000,5183340.44930000,1.21989818,45.83619977
87085_2921_00016,avenue de Landouge,16,,PX0078,1561712.17100000,5183345.86630000,1.21974621,45.83624615
87085_2921_00018,avenue de Landouge,18,,PX0078,1561695.33300000,5183353.37920000,1.21952736,45.83631034
87085_2921_00019,avenue de Landouge,19,,NX0060,1561654.05320000,5183351.47050000,1.21899667,45.83628487
87085_2921_00020,avenue de Landouge,20,,PV0048,1561658.59830000,5183369.54720000,1.21904996,45.83644839
87085_2921_00021,avenue de Landouge,21,,NX0059,1561633.85920000,5183360.93000000,1.21873406,45.83636590
87085_2921_00023,avenue de Landouge,23,,NX0056,1561610.46490000,5183380.91950000,1.21842724,45.83654101
87085_2921_00041,avenue de Landouge,41,,NX0009,1561350.47420000,5183576.77790000,1.21502484,45.83825048
87085_2921_00042,avenue de Landouge,42,,PV0002,1561475.27270000,5183643.68260000,1.21661168,45.83887747
87085_2921_00044,avenue de Landouge,44,,PV0006,1561457.69110000,5183638.00150000,1.21638705,45.83882282
87085_2921_00046,avenue de Landouge,46,,PV0004,1561434.93810000,5183584.27060000,1.21610971,45.83833490
87085_2921_00048,avenue de Landouge,48,,PT0008,1561410.27820000,5183591.55720000,1.21579024,45.83839548
87085_2921_00049,avenue de Landouge,49,,NX0082,1561261.36240000,5183585.87959999,1.21387538,45.83831438
87085_2921_00051,avenue de Landouge,51,,NX0082,1561248.23900000,5183592.86460000,1.21370447,45.83837456
87085_2921_00052,avenue de Landouge,52,,PT0009,1561369.01750000,5183604.24000000,1.21525557,45.83850125
87085_2921_00063,avenue de Landouge,63,,NW0138,1561113.53540000,5183664.50710000,1.21195017,45.83899183
87085_2921_00065,avenue de Landouge,65,,NW0137,1561098.30220000,5183680.85680000,1.21174939,45.83913582
87085_2921_00075,avenue de Landouge,75,,NW0107,1561014.42960000,5183774.55240000,1.21064287,45.83996171
87085_2921_00077,avenue de Landouge,77,,NW0106,1561001.42720000,5183788.99510000,1.21047135,45.84008900
87085_2921_00080,avenue de Landouge,80,,PS0239,1561068.12530000,5183742.67080000,1.21134315,45.83968577
87085_2921_00080_bis,avenue de Landouge,80,bis,PS0059,1561058.46220000,5183752.94290000,1.21121582,45.83977622
87085_2921_00082,avenue de Landouge,82,,PS0058,1561044.26530000,5183769.01910000,1.21102845,45.83991797
87085_2921_00083,avenue de Landouge,83,,NW0059,1560930.71690000,5183860.62770000,1.20954057,45.84071907
87085_2921_00086,avenue de Landouge,86,,PS0049,1561023.27700000,5183793.28460000,1.21075132,45.84013200
87085_2921_00088,avenue de Landouge,88,,PS0048,1561011.46110000,5183806.82610000,1.21059533,45.84025143
87085_2921_00090,avenue de Landouge,90,,PS0047,1560999.74150000,5183818.55830000,1.21044110,45.84035460
87085_2921_00092,avenue de Landouge,92,,PS0057,1560991.58270000,5183827.45970000,1.21033352,45.84043302
87085_2921_00094,avenue de Landouge,94,,PS0044,1560987.45100000,5183832.67920000,1.21027884,45.84047913
87085_2921_00096,avenue de Landouge,96,,PS0043,1560977.25120000,5183843.81650000,1.21014434,45.84057726
87085_2921_00098,avenue de Landouge,98,,PS0039,1560961.40290000,5183859.30560000,1.20993589,45.84071338
87085_2921_00100,avenue de Landouge,100,,PS0038,1560944.00510000,5183874.32920000,1.20970763,45.84084501
87085_2921_00100_a,avenue de Landouge,100,a,PS0037,1560947.09890000,5183924.65240000,1.20973289,45.84129832
87085_2921_00102,avenue de Landouge,102,,PS0035,1560919.71060000,5183894.83350000,1.20938902,45.84102454
87085_2921_00102_a,avenue de Landouge,102,a,PS0033,1560937.37540000,5183944.95020000,1.20960187,45.84147894
87085_2921_00102_b,avenue de Landouge,102,b,PS0131,1560923.56410000,5183981.62150000,1.20941350,45.84180602
87085_2921_00102_c,avenue de Landouge,102,c,PS0130,1560920.38910000,5183988.13030000,1.20937075,45.84186393
87085_2921_00104,avenue de Landouge,104,,PS0032,1560887.69700000,5183986.81150000,1.20895037,45.84184545
87085_2921_00104_b,avenue de Landouge,104,b,PS0031,1560851.83850000,5183993.42700000,1.20848694,45.84189770
87085_2921_00104_c,avenue de Landouge,104,c,PS0030,1560825.00290000,5183998.61410000,1.20814005,45.84193893
87085_2921_00104_d,avenue de Landouge,104,d,PS0029,1560808.50490000,5183997.39290000,1.20792806,45.84192461
87085_2921_00106,avenue de Landouge,106,,PS0027,1560901.37330000,5183909.31740000,1.20914882,45.84115112
87085_2921_00108,avenue de Landouge,108,,PS0025,1560879.48060000,5183922.63270000,1.20886320,45.84126647
87085_2921_00110,avenue de Landouge,110,,PS0024,1560862.39900000,5183929.05990000,1.20864149,45.84132083
87085_2921_00112,avenue de Landouge,112,,PS0023,1560845.59200000,5183931.88320000,1.20842436,45.84134283
87085_2921_00114,avenue de Landouge,114,,PS0022,1560824.61690000,5183931.75540000,1.20815444,45.84133743
87085_2921_00115,avenue de Landouge,115,,NW0289,1560601.99850000,5183847.73200000,1.20531363,45.84053651
87085_2921_00116,avenue de Landouge,116,,PS0020,1560802.61370000,5183927.92400000,1.20787236,45.84129851
87085_2921_00117,avenue de Landouge,117,,NW0290,1560572.76000000,5183838.04880000,1.20494013,45.84044348
87085_2921_00119,avenue de Landouge,119,,NW0291,1560551.89150000,5183831.08100000,1.20467357,45.84037657
87085_2921_00120,avenue de Landouge,120,,PS0019,1560789.51670000,5183925.12360000,1.20770461,45.84127067
87085_2921_00127,avenue de Landouge,127,,NW0002,1560466.82360000,5183804.92320000,1.20358633,45.84012401
87085_2921_00128,avenue de Landouge,128,,PS0015,1560714.02070000,5183901.94020000,1.20673967,45.84104684
87085_2921_00129,avenue de Landouge,129,,NW0002,1560449.08170000,5183801.36310000,1.20335902,45.84008838
87085_2921_00130,avenue de Landouge,130,,PS0014,1560694.71630000,5183895.59150000,1.20649305,45.84098582
87085_2921_00130_bis,avenue de Landouge,130,bis,PS0013,1560677.07110000,5183890.04900000,1.20626756,45.84093238
87085_2921_00132,avenue de Landouge,132,,PS0012,1560661.02220000,5183884.96240000,1.20606248,45.84088338
87085_2921_00133,avenue de Landouge,133,,NV0058,1560417.13870000,5183797.27700000,1.20294910,45.84004514
87085_2921_00138,avenue de Landouge,138,,PS0135,1560603.51810000,5183864.81880000,1.20532823,45.84069052
87085_2921_00139,avenue de Landouge,139,,NV0150,1560320.13800000,5183802.69130000,1.20169912,45.84007415
87085_2921_00140,avenue de Landouge,140,,PS0007,1560573.99590000,5183855.56550000,1.20495096,45.84060130
87085_2921_00141,avenue de Landouge,141,,NV0113,1560304.88030000,5183804.11410000,1.20150234,45.84008385
87085_2921_00143,avenue de Landouge,143,,NV0112,1560283.58680000,5183806.28970000,1.20122766,45.84009909
87085_2921_00145,avenue de Landouge,145,,NV0141,1560238.93470000,5183810.61770000,1.20065173,45.84012895
87085_2921_00147,avenue de Landouge,147,,NV0146,1560221.53550000,5183812.76900000,1.20042717,45.84014477
87085_2921_00149,avenue de Landouge,149,,NV0144,1560200.85260000,5183815.26320000,1.20016026,45.84016300
87085_2921_00149_bis,avenue de Landouge,149,bis,NV0168,1560171.99500000,5183819.41400000,1.19978765,45.84019447
87085_2921_00149_ter,avenue de Landouge,149,ter,NV0167,1560158.44060000,5183821.36680000,1.19961263,45.84020928
87085_2921_00151,avenue de Landouge,151,,NV0044,1560138.35590000,5183824.23530000,1.19935331,45.84023100
87085_2921_00152,avenue de Landouge,152,,PR0083,1560411.38300000,5183817.39090000,1.20286918,45.84022491
87085_2921_00153,avenue de Landouge,153,,NV0025,1560113.84780000,5183828.42770000,1.19903667,45.84026372
87085_2921_00154,avenue de Landouge,154,,PR0082,1560389.43820000,5183816.97230000,1.20258687,45.84021669
87085_2921_00155,avenue de Landouge,155,,NV0138,1560100.42290000,5183830.58800000,1.19886326,45.84028043
87085_2921_00156,avenue de Landouge,156,,PR0138,1560369.95380000,5183816.88220000,1.20233613,45.84021192
87085_2921_00157,avenue de Landouge,157,,NV0147,1560085.07860000,5183833.38150000,1.19866496,45.84030243
87085_2921_00160,avenue de Landouge,160,,PR0079,1560330.73260000,5183819.64630000,1.20183055,45.84022882
87085_2921_00162,avenue de Landouge,162,,PR0264,1560307.95200000,5183821.90710000,1.20153670,45.84024453
87085_2921_00163,avenue de Landouge,163,,NV0010,1559985.39450000,5183860.94390000,1.19737399,45.84053008
87085_2921_00165,avenue de Landouge,165,,NV0009,1559975.81870000,5183864.92630000,1.19724958,45.84056395
87085_2921_00167,avenue de Landouge,167,,NV0008,1559968.06880000,5183868.75480000,1.19714873,45.84059681
87085_2921_00168,avenue de Landouge,168,,PR0062,1560202.52640000,5183834.54520000,1.20017619,45.84033679
87085_2921_00170,avenue de Landouge,170,,PR0061,1560185.96250000,5183836.91220000,1.19996232,45.84035471
87085_2921_00171,avenue de Landouge,171,,NV0003,1559939.20290000,5183882.32000000,1.19677326,45.84071296
87085_2921_00171_b,avenue de Landouge,171,b,NV0003,1559917.13660000,5183839.13990000,1.19650185,45.84032004
87085_2921_00172,avenue de Landouge,172,,PR0056,1560166.07780000,5183839.84870000,1.19970555,45.84037708
87085_2921_00173,avenue de Landouge,173,,NV0003,1559910.29280000,5183899.88020000,1.19639607,45.84086503
87085_2921_00174,avenue de Landouge,174,,PR0055,1560154.18480000,5183841.50820000,1.19955200,45.84038959
87085_2921_00175,avenue de Landouge,175,,NV0003,1559872.80910000,5183926.10810000,1.19590599,45.84109332
87085_2921_00176,avenue de Landouge,176,,PR0260,1560141.67850000,5183843.82660000,1.19939037,45.84040790
87085_2921_00177,avenue de Landouge,177,,NV0007,1559863.90770000,5183932.19970000,1.19578965,45.84114630
87085_2921_00178,avenue de Landouge,178,,PR0053,1560121.41640000,5183846.28500000,1.19912888,45.84042590
87085_2921_00179,avenue de Landouge,179,,NV0006,1559847.17510000,5183946.17510000,1.19557023,45.84126861
87085_2921_00180,avenue de Landouge,180,,PR0141,1560103.26910000,5183849.52940000,1.19889437,45.84045139
87085_2921_00182,avenue de Landouge,182,,PR0051,1560061.20230000,5183858.29440000,1.19835042,45.84052168
87085_2921_00182_bis,avenue de Landouge,182,bis,PR0051,1560077.70110000,5183854.47590000,1.19856387,45.84049068
87085_2921_00183,avenue de Landouge,183,,NV0002,1559823.51780000,5183972.08430000,1.19525819,45.84149685
87085_2921_00185,avenue de Landouge,185,,NV0157,1559804.23020000,5183993.26440000,1.19500377,45.84168344
87085_2921_00186,avenue de Landouge,186,,PR0230,1560014.72200000,5183872.28560000,1.19774813,45.84063807
87085_2921_00188,avenue de Landouge,188,,PR0227,1559997.08770000,5183877.96090000,1.19751952,45.84068553
87085_2921_00190,avenue de Landouge,190,,PR0049,1559981.14150000,5183884.63140000,1.19731235,45.84074229
87085_2921_00192,avenue de Landouge,192,,PR0048,1559967.66390000,5183890.22950000,1.19713726,45.84078990
87085_2921_00194,avenue de Landouge,194,,PR0047,1559958.15010000,5183894.31480000,1.19701362,45.84082471
87085_2921_00196,avenue de Landouge,196,,PR0046,1559951.22820000,5183897.46220000,1.19692362,45.84085162
87085_2921_00198,avenue de Landouge,198,,PR0223,1559944.81980000,5183931.91510000,1.19683110,45.84116023
87085_2921_00200,avenue de Landouge,200,,PR0224,1559924.10700000,5183912.47130000,1.19657019,45.84098111
87085_2921_00200_b,avenue de Landouge,200,b,PR0225,1559942.12100000,5183902.62570000,1.19680490,45.84089621
87085_2921_00202,avenue de Landouge,202,,PR0206,1559910.89320000,5183921.40050000,1.19639752,45.84105874
87085_2921_00203,avenue de Landouge,203,,PL0077,1559712.29420000,5184097.82510000,1.19379000,45.84260526
87085_2921_00204,avenue de Landouge,204,,PR0203,1559899.53340000,5183928.97790000,1.19624911,45.84112458
87085_2921_00205,avenue de Landouge,205,,PL0078,1559687.15360000,5184073.77810000,1.19347344,45.84238382
87085_2921_00206,avenue de Landouge,206,,PR0042,1559888.16390000,5183937.12670000,1.19610040,45.84119557
87085_2921_00208,avenue de Landouge,208,,PR0195,1559873.55620000,5183949.63930000,1.19590875,45.84130515
87085_2921_00209,avenue de Landouge,209,,PL0035,1559702.87400000,5184112.46330000,1.19366448,45.84273501
87085_2921_00209_bis,avenue de Landouge,209,bis,PL0035,1559669.85390000,5184091.19080000,1.19324570,45.84253692
87085_2921_00210,avenue de Landouge,210,,PR0193,1559855.07960000,5183965.01840000,1.19566646,45.84143972
87085_2921_00211,avenue de Landouge,211,,PL0034,1559620.62440000,5184059.17620000,1.19262144,45.84223889
87085_2921_00211_b,avenue de Landouge,211,b,PL0231,1559636.10260000,5184074.91890000,1.19281605,45.84238366
87085_2921_00212,avenue de Landouge,212,,PR0191,1559844.55300000,5183975.12510000,1.19552803,45.84152849
87085_2921_00213,avenue de Landouge,213,,None,1559691.21100000,5184126.25250000,1.19351034,45.84285667
87085_2921_00215,avenue de Landouge,215,,None,1559685.70730000,5184132.65000000,1.19343764,45.84291310
87085_2921_00216,avenue de Landouge,216,,PR0037,1559822.87220000,5183997.86570000,1.19524236,45.84172863
87085_2921_00217,avenue de Landouge,217,,None,1559677.23350000,5184142.73140000,1.19332563,45.84300205
87085_2921_00218,avenue de Landouge,218,,PR0036,1559818.45230000,5184003.47000000,1.19518384,45.84177815
87085_2921_00219,avenue de Landouge,219,,PL0230,1559671.20770000,5184149.74150000,1.19324603,45.84306388
87085_2921_00221,avenue de Landouge,221,,PL0027,1559665.83080000,5184155.92830000,1.19317502,45.84311844
87085_2921_00223,avenue de Landouge,223,,PL0103,1559652.31650000,5184170.89310000,1.19299671,45.84325030
87085_2921_00225,avenue de Landouge,225,,PL0101,1559634.31390000,5184189.92440000,1.19275944,45.84341781
87085_2921_00227,avenue de Landouge,227,,PL0023,1559619.59480000,5184202.90500000,1.19256620,45.84353158
87085_2921_00229,avenue de Landouge,229,,PL0123,1559611.79040000,5184208.64300000,1.19246408,45.84358160
87085_2921_00231,avenue de Landouge,231,,PL0245,1559605.22760000,5184213.08400000,1.19237831,45.84362021
87085_2921_00233,avenue de Landouge,233,,PL0120,1559597.87220000,5184218.40080000,1.19228209,45.84366653
87085_2921_00235,avenue de Landouge,235,,PL0164,1559585.15030000,5184227.01880000,1.19211583,45.84374146
87085_2921_00237,avenue de Landouge,237,,PL0019,1559569.73990000,5184236.60360000,1.19191468,45.84382453
87085_2921_00238,avenue de Landouge,238,,PO0158,1559668.99800000,5184180.34520000,1.19320865,45.84333873
87085_2921_00239,avenue de Landouge,239,,PL0018,1559554.20830000,5184244.63450000,1.19171243,45.84389360
87085_2921_00240,avenue de Landouge,240,,PO0060,1559669.45460000,5184204.82480000,1.19320738,45.84355902
87085_2921_00240_bis,avenue de Landouge,240,bis,PO0098,1559657.70900000,5184266.31550000,1.19303824,45.84410976
87085_2921_00240_ter,avenue de Landouge,240,ter,PO0059,1559710.76090000,5184256.68650000,1.19372388,45.84403397
87085_2921_00241,avenue de Landouge,241,,PL0017,1559535.36800000,5184253.97420000,1.19146720,45.84397376
87085_2921_00242,avenue de Landouge,242,,PO0162,1559630.74320000,5184217.69980000,1.19270537,45.84366694
87085_2921_00242_bis,avenue de Landouge,242,bis,PO0058,1559617.91740000,5184226.67190000,1.19253767,45.84374503
87085_2921_00244,avenue de Landouge,244,,PO0007,1559588.02380000,5184246.68310000,1.19214706,45.84391893
87085_2921_00245,avenue de Landouge,245,,PL0117,1559517.43960000,5184262.17200000,1.19123405,45.84404384
87085_2921_00246,avenue de Landouge,246,,PO0153,1559566.09540000,5184258.22190000,1.19186145,45.84401825
87085_2921_00246_bis,avenue de Landouge,246,bis,PO0004,1559558.44830000,5184262.65270000,1.19176173,45.84405654
87085_2921_00247,avenue de Landouge,247,,PL0079,1559500.26080000,5184269.24710000,1.19101088,45.84410398
87085_2921_00247_bis,avenue de Landouge,247,bis,PL0080,1559481.62600000,5184255.03700000,1.19077518,45.84397234
87085_2921_00248,avenue de Landouge,248,,PN0004,1559515.11270000,5184282.56790000,1.19119814,45.84422684
87085_2921_00249,avenue de Landouge,249,,PL0015,1559489.76790000,5184273.27160000,1.19087465,45.84413803
87085_2921_00251,avenue de Landouge,251,,PL0014,1559478.39780000,5184267.93850000,1.19072986,45.84408774
87085_2921_00251_bis,avenue de Landouge,251,bis,PL0119,1559460.46290000,5184269.03090000,1.19049870,45.84409390
87085_2921_00251_ter,avenue de Landouge,251,ter,PL0113,1559468.30700000,5184262.98680000,1.19060143,45.84404113
87085_2921_00252,avenue de Landouge,252,,PN0041,1559485.25390000,5184298.01470000,1.19080931,45.84435969
87085_2921_00253,avenue de Landouge,253,,PL0008,1559462.61940000,5184283.84090000,1.19052213,45.84422756
87085_2921_00255,avenue de Landouge,255,,PL0076,1559434.27270000,5184291.56480000,1.19015502,45.84429125
87085_4535_00004,avenue de la Révolution,4,,HS0578,1565015.24930000,5181636.57590000,1.26273475,45.82152636
87085_4535_00006,avenue de la Révolution,6,,HS0585,1564962.34560000,5181709.61150000,1.26203358,45.82217297
87085_4535_00007,avenue de la Révolution,7,,HV0232,1564998.76470000,5181623.75810000,1.26252626,45.82140782
87085_4535_00008,avenue de la Révolution,8,,HS0256,1564944.41300000,5181733.95530000,1.26179602,45.82238844
87085_4535_00009,avenue de la Révolution,9,,HV0231,1564994.42860000,5181629.98880000,1.26246872,45.82146302
87085_4535_00009_bis,avenue de la Révolution,9,bis,HV0733,1564988.12540000,5181638.75140000,1.26238516,45.82154061
87085_4535_00010,avenue de la Révolution,10,,HS0257,1564938.03950000,5181742.55480000,1.26171161,45.82246455
87085_4535_00011,avenue de la Révolution,11,,HV0230,1564984.56900000,5181643.41630000,1.26233810,45.82158187
87085_4535_00012,avenue de la Révolution,12,,HS0258,1564927.52010000,5181757.34810000,1.26157211,45.82259556
87085_4535_00013,avenue de la Révolution,13,,HV0229,1564975.17060000,5181656.45720000,1.26221352,45.82169734
87085_4535_00014,avenue de la Révolution,14,,HS0259,1564922.60300000,5181763.80760000,1.26150703,45.82265270
87085_4535_00015,avenue de la Révolution,15,,HV0228,1564969.28660000,5181664.52450000,1.26213555,45.82176875
87085_4535_00016,avenue de la Révolution,16,,HS0260,1564917.63040000,5181770.44900000,1.26144118,45.82271147
87085_4535_00017,avenue de la Révolution,17,,HV0845,1564958.55850000,5181679.04770000,1.26199344,45.82189729
87085_4535_00018,avenue de la Révolution,18,,HS0261,1564911.41470000,5181779.18890000,1.26135876,45.82278887
87085_4535_00019,avenue de la Révolution,19,,HV0844,1564951.75590000,5181688.67530000,1.26190321,45.82198256
87085_4535_00019_bis,avenue de la Révolution,19,bis,HV0733,1564945.22240000,5181697.56200000,1.26181666,45.82206122
87085_4535_00019_c,avenue de la Révolution,19,c,HV0224,1564917.81150000,5181685.28530000,1.26146743,45.82194540
87085_4535_00019_ter,avenue de la Révolution,19,ter,HV0223,1564938.48560000,5181706.72550000,1.26172741,45.82214233
87085_4535_00020,avenue de la Révolution,20,,HS0262,1564905.31770000,5181787.62560000,1.26127794,45.82286356
87085_4535_00021,avenue de la Révolution,21,,HV0222,1564931.73690000,5181715.95640000,1.26163799,45.82222404
87085_4535_00021_bis,avenue de la Révolution,21,bis,HV0218,1564914.73560000,5181739.30900000,1.26141268,45.82243077
87085_4535_00021_ter,avenue de la Révolution,21,ter,HV0219,1564924.08130000,5181726.81430000,1.26153644,45.82232021
87085_4535_00022,avenue de la Révolution,22,,HS0263,1564899.16740000,5181795.66970000,1.26119655,45.82293471
87085_4535_00023,avenue de la Révolution,23,,HV0217,1564909.45690000,5181746.27590000,1.26134281,45.82249241
87085_4535_00024,avenue de la Révolution,24,,HS0264,1564893.74590000,5181803.32470000,1.26112464,45.82300251
87085_4535_00025,avenue de la Révolution,25,,HV0216,1564904.00650000,5181753.72690000,1.26127059,45.82255836
87085_4535_00026,avenue de la Révolution,26,,HS0265,1564887.89640000,5181811.43320000,1.26104710,45.82307430
87085_4535_00027,avenue de la Révolution,27,,HV0215,1564897.53240000,5181763.00890000,1.26118469,45.82264059
87085_4535_00028,avenue de la Révolution,28,,HS0268,1564882.57590000,5181818.70590000,1.26097660,45.82313868
87085_4535_00028_bis,avenue de la Révolution,28,bis,HS0269,1564877.49590000,5181825.51510000,1.26090933,45.82319894
87085_4535_00029,avenue de la Révolution,29,,HV0214,1564886.59750000,5181777.73660000,1.26103986,45.82277093
87085_4535_00029_bis,avenue de la Révolution,29,bis,HV0203,1564873.62120000,5181795.54390000,1.26086790,45.82292856
87085_4535_00030,avenue de la Révolution,30,,HS0270,1564872.35310000,5181832.41760000,1.26084122,45.82326002
87085_4535_00031,avenue de la Révolution,31,,HV0202,1564867.62040000,5181803.98960000,1.26078832,45.82300336
87085_4535_00032,avenue de la Révolution,32,,HS0271,1564866.56850000,5181840.64180000,1.26076448,45.82333286
87085_4535_00033,avenue de la Révolution,33,,HV0201,1564859.39250000,5181815.15660000,1.26067932,45.82310220
87085_4535_00033_bis,avenue de la Révolution,33,bis,HV0197,1564854.54410000,5181821.74610000,1.26061508,45.82316052
87085_4535_00033_ter,avenue de la Révolution,33,ter,HV0514,1564850.58330000,5181827.18300000,1.26056259,45.82320865
87085_4535_00034,avenue de la Révolution,34,,HS0272,1564860.06730000,5181849.38380000,1.26067838,45.82341022
87085_4535_00035,avenue de la Révolution,35,,HV0192,1564840.09390000,5181840.05600000,1.26042400,45.82332200
87085_4535_00036,avenue de la Révolution,36,,HS0273,1564854.35190000,5181857.26970000,1.26060263,45.82348004
87085_4535_00037,avenue de la Révolution,37,,HV0192,1564837.27410000,5181840.49220000,1.26038800,45.82332600
87085_4535_00038,avenue de la Révolution,38,,HS0274,1564847.71910000,5181866.15590000,1.26051479,45.82355867
87085_4535_00039,avenue de la Révolution,39,,HV0914,1564833.88740000,5181845.36060000,1.26034300,45.82336900
87085_4535_00040,avenue de la Révolution,40,,HS0275,1564843.11940000,5181872.26990000,1.26045389,45.82361277
87085_4535_00040_bis,avenue de la Révolution,40,bis,HS0275,1564838.05230000,5181879.36150000,1.26038670,45.82367557
87085_4535_00041,avenue de la Révolution,41,,HV0914,1564830.10280000,5181855.36640000,1.26029116,45.82345815
87085_4535_00042,avenue de la Révolution,42,,HS0434,1564833.52370000,5181885.73830000,1.26032664,45.82373204
87085_4535_00042_bis,avenue de la Révolution,42,bis,HS0280,1564829.28730000,5181891.55550000,1.26027050,45.82378354
87085_4535_00042_ter,avenue de la Révolution,42,ter,HS0280,1564823.99050000,5181898.78710000,1.26020031,45.82384755
87085_4535_00043,avenue de la Révolution,43,,HV0914,1564812.44650000,5181879.51450000,1.26005720,45.82367191
87085_4535_00045,avenue de la Révolution,45,,HV0813,1564790.00610000,5181910.30680000,1.25975981,45.82394449
87085_4535_00047,avenue de la Révolution,47,,HV0184,1564768.68280000,5181939.73520000,1.25947718,45.82420503
87085_4535_00048,avenue de la Révolution,48,,HS0522,1564803.07940000,5181929.66830000,1.25992258,45.82412123
87085_4535_00049,avenue de la Révolution,49,,HV0592,1564762.09850000,5181948.98810000,1.25938986,45.82428697
87085_4535_00050,avenue de la Révolution,50,,HS0524,1564789.86190000,5181954.55120000,1.25974552,45.82434247
87085_4535_00051,avenue de la Révolution,51,,HV0731,1564756.76050000,5181956.32240000,1.25931911,45.82435190
87085_4535_00052,avenue de la Révolution,52,,HS0524,1564786.98350000,5181981.41450000,1.25970093,45.82458356
87085_4535_00053,avenue de la Révolution,53,,HV0179,1564744.59420000,5181972.51710000,1.25915802,45.82449519
87085_4535_00053_bis,avenue de la Révolution,53,bis,HV0179,1564740.28520000,5181978.42110000,1.25910092,45.82454745
87085_4535_00053_ter,avenue de la Révolution,53,ter,HV0179,1564734.88770000,5181986.51740000,1.25902919,45.82461922
87085_4535_00054,avenue de la Révolution,54,,HS0524,1564759.00680000,5181997.05120000,1.25933656,45.82471872
87085_4535_00055,avenue de la Révolution,55,,HV0078,1564708.52960000,5182022.37560000,1.25867996,45.82493660
87085_4535_00057,avenue de la Révolution,57,,HV0077,1564700.18440000,5182033.80420000,1.25856937,45.82503776
87085_4535_00059,avenue de la Révolution,59,,HV0076,1564693.97810000,5182042.42660000,1.25848709,45.82511411
87085_4535_00061,avenue de la Révolution,61,,HV0075,1564681.05990000,5182060.33360000,1.25831583,45.82527265
87085_4535_00063,avenue de la Révolution,63,,HV0510,1564673.60150000,5182069.87900000,1.25821718,45.82535705
87085_4535_00064,avenue de la Révolution,64,,HS0455,1564696.70720000,5182082.79870000,1.25851084,45.82547782
87085_4535_00065,avenue de la Révolution,65,,HV0510,1564665.49850000,5182079.80710000,1.25811013,45.82544476
87085_4535_00067,avenue de la Révolution,67,,HV0510,1564658.22240000,5182088.82560000,1.25801397,45.82552446
87085_3115_00002,avenue de Locarno,2,,EM0046,1565537.69410000,5182984.13650000,1.26907969,45.83375083
87085_3115_00004,avenue de Locarno,4,,EM0046,1565539.79460000,5183041.72670000,1.26909062,45.83426930
87085_3115_00004_bis,avenue de Locarno,4,bis,EM0034,1565534.83730000,5183065.06990000,1.26902029,45.83447832
87085_3115_00005,avenue de Locarno,5,,EM0213,1565517.02100000,5182956.96310000,1.26882126,45.83350234
87085_3115_00006,avenue de Locarno,6,,EM0032,1565519.19260000,5183108.20080000,1.26880689,45.83486325
87085_3115_00007,avenue de Locarno,7,,EM0214,1565520.20130000,5182963.83510000,1.26886026,45.83356478
87085_3115_00008,avenue de Locarno,8,,EM0031,1565516.42940000,5183133.26640000,1.26876432,45.83508819
87085_3115_00009,avenue de Locarno,9,,EM0215,1565521.99120000,5182970.44840000,1.26888145,45.83362463
87085_3115_00009_bis,avenue de Locarno,9,bis,EM0216,1565523.73200000,5182978.97680000,1.26890146,45.83370168
87085_3115_00010,avenue de Locarno,10,,EM0030,1565523.85050000,5183156.73710000,1.26885326,45.83530077
87085_3115_00011,avenue de Locarno,11,,EM0409,1565524.71230000,5182987.96350000,1.26891156,45.83378272
87085_3115_00012,avenue de Locarno,12,,EM0029,1565538.91010000,5183177.69610000,1.26904120,45.83549225
87085_3115_00013,avenue de Locarno,13,,EM0218,1565523.27270000,5183000.47670000,1.26888954,45.83389500
87085_3115_00014,avenue de Locarno,14,,EM0002,1565568.75880000,5183208.61190000,1.26941669,45.83577620
87085_3115_00016,avenue de Locarno,16,,EL0437,1565663.28370000,5183308.00590000,1.27060538,45.83668878
87085_3115_00017,avenue de Locarno,17,,EM0222,1565527.32410000,5183037.22830000,1.26893139,45.83422639
87085_3115_00017_bis,avenue de Locarno,17,bis,EM0222,1565524.15230000,5183051.08880000,1.26888670,45.83435046
87085_3115_00020,avenue de Locarno,20,,EL0472,1565692.36320000,5183353.25320000,1.27096698,45.83710148
87085_3115_00020_bis,avenue de Locarno,20,bis,EL0471,1565697.52530000,5183358.61780000,1.27103191,45.83715075
87085_3115_00022,avenue de Locarno,22,,EL0470,1565702.75060000,5183364.03820000,1.27109764,45.83720053
87085_3115_00023_d,avenue de Locarno,23,d,None,1565519.98070000,5183175.89780000,1.26879810,45.83547238
87085_3115_00024,avenue de Locarno,24,,EL0469,1565708.13770000,5183369.66720000,1.27116540,45.83725222
87085_3115_00026,avenue de Locarno,26,,EL0468,1565712.16940000,5183373.88710000,1.27121611,45.83729097
87085_3115_00026_bis,avenue de Locarno,26,bis,EL0467,1565716.51210000,5183378.28480000,1.27127077,45.83733138
87085_3115_00028,avenue de Locarno,28,,EL0466,1565720.98010000,5183382.94610000,1.27132697,45.83737418
87085_3115_00029,avenue de Locarno,29,,None,1565555.29640000,5183212.95830000,1.26924222,45.83581266
87085_3115_00030,avenue de Locarno,30,,EL0465,1565727.64960000,5183389.89950000,1.27141086,45.83743803
87085_3115_00031,avenue de Locarno,31,,None,1565561.53270000,5183219.90430000,1.26932053,45.83587636
87085_3115_00032,avenue de Locarno,32,,EL0464,1565735.11750000,5183397.56090000,1.27150483,45.83750841
87085_3115_00033_a,avenue de Locarno,33,a,None,1565568.28720000,5183227.01550000,1.26940547,45.83594165
87085_3115_00033_b,avenue de Locarno,33,b,None,1565574.37530000,5183233.04210000,1.26948213,45.83599706
87085_3115_00034,avenue de Locarno,34,,EL0463,1565742.19050000,5183404.71060000,1.27159386,45.83757411
87085_3115_00035,avenue de Locarno,35,,EL0473,1565689.47970000,5183371.12370000,1.27092487,45.83726168
87085_3115_00036,avenue de Locarno,36,,EL0462,1565749.11320000,5183411.89440000,1.27168095,45.83764008
87085_3115_00037,avenue de Locarno,37,,EL0474,1565696.46410000,5183378.24630000,1.27101277,45.83732711
87085_3115_00038,avenue de Locarno,38,,EL0461,1565756.84530000,5183419.89090000,1.27177823,45.83771352
87085_3115_00039,avenue de Locarno,39,,EL0475,1565701.02610000,5183382.97030000,1.27107016,45.83737050
87085_3115_00040,avenue de Locarno,40,,EL0460,1565762.41640000,5183425.79330000,1.27184828,45.83776771
87085_3115_00041,avenue de Locarno,41,,EL0476,1565709.25960000,5183391.52970000,1.27117373,45.83744911
87085_3115_00042,avenue de Locarno,42,,EL0459,1565767.27860000,5183430.85770000,1.27190944,45.83781421
87085_3115_00043,avenue de Locarno,43,,EL0477,1565716.82810000,5183399.32740000,1.27126896,45.83752073
87085_3115_00044,avenue de Locarno,44,,EL0458,1565772.69280000,5183436.43010000,1.27197756,45.83786540
87085_3115_00045,avenue de Locarno,45,,EL0478,1565725.09340000,5183407.87210000,1.27137294,45.83759921
87085_3115_00046,avenue de Locarno,46,,EL0457,1565777.34850000,5183441.14730000,1.27203616,45.83790874
87085_3115_00047,avenue de Locarno,47,,EL0479,1565731.80530000,5183414.78150000,1.27145739,45.83766267
87085_3115_00048,avenue de Locarno,48,,EL0861,1565794.27390000,5183459.21190000,1.27224894,45.83807455
87085_3115_00049,avenue de Locarno,49,,EL0480,1565736.79630000,5183419.96050000,1.27152018,45.83771023
87085_3115_00050,avenue de Locarno,50,,EL0545,1565799.46220000,5183464.61840000,1.27231421,45.83812419
87085_3115_00051,avenue de Locarno,51,,EL0481,1565741.57680000,5183425.00200000,1.27158030,45.83775652
87085_3115_00052,avenue de Locarno,52,,EL0544,1565805.21220000,5183470.61360000,1.27238654,45.83817925
87085_3115_00053,avenue de Locarno,53,,EL0482,1565746.17200000,5183429.59570000,1.27163815,45.83779874
87085_3115_00054,avenue de Locarno,54,,EL0543,1565810.90390000,5183476.54920000,1.27245813,45.83823375
87085_3115_00055,avenue de Locarno,55,,EL0483,1565750.57410000,5183434.04730000,1.27169356,45.83783964
87085_3115_00056,avenue de Locarno,56,,EL0542,1565814.86310000,5183480.54210000,1.27250797,45.83827044
87085_3115_00056_bis,avenue de Locarno,56,bis,EL0541,1565818.48580000,5183484.39040000,1.27255352,45.83830577
87085_3115_00057,avenue de Locarno,57,,EL0487,1565754.90310000,5183438.77550000,1.27174796,45.83788302
87085_3115_00058,avenue de Locarno,58,,EL0540,1565823.12980000,5183489.12640000,1.27261196,45.83834928
87085_3115_00059,avenue de Locarno,59,,EL0488,1565761.44160000,5183445.36100000,1.27183027,45.83794354
87085_3115_00060,avenue de Locarno,60,,EL0539,1565828.14080000,5183494.38140000,1.27267499,45.83839753
87085_3115_00061,avenue de Locarno,61,,EL0546,1565785.73070000,5183470.67250000,1.27213579,45.83817597
87085_3115_00061_bis,avenue de Locarno,61,bis,EL0548,1565790.36810000,5183475.71150000,1.27219407,45.83822221
87085_3115_00062,avenue de Locarno,62,,EL0538,1565833.61790000,5183500.05360000,1.27274390,45.83844962
87085_3115_00063,avenue de Locarno,63,,EL0549,1565795.82360000,5183481.17510000,1.27226276,45.83827242
87085_3115_00064,avenue de Locarno,64,,EL0812,1565841.50740000,5183508.27110000,1.27284314,45.83852508
87085_3115_00065,avenue de Locarno,65,,EL0550,1565802.07860000,5183487.61750000,1.27234146,45.83833159
87085_3115_00066,avenue de Locarno,66,,EL0536,1565849.20800000,5183516.16180000,1.27294004,45.83859756
87085_3115_00067,avenue de Locarno,67,,EL0551,1565807.37870000,5183493.23870000,1.27240810,45.83838319
87085_3115_00068,avenue de Locarno,68,,EL0535,1565855.71860000,5183523.00060000,1.27302193,45.83866035
87085_3115_00069,avenue de Locarno,69,,EL0552,1565811.68380000,5183497.78940000,1.27246224,45.83842497
87085_3115_00070,avenue de Locarno,70,,EL0534,1565862.25370000,5183529.60270000,1.27310419,45.83872102
87085_3115_00071,avenue de Locarno,71,,EL0553,1565815.51850000,5183501.73950000,1.27251049,45.83846125
87085_3115_00072,avenue de Locarno,72,,EL0533,1565870.96000000,5183538.71010000,1.27321370,45.83880464
87085_3115_00073,avenue de Locarno,73,,EL0554,1565820.75520000,5183507.18730000,1.27257636,45.83851128
87085_3115_00074,avenue de Locarno,74,,EL0532,1565877.29270000,5183545.40230000,1.27329333,45.83886608
87085_3115_00075,avenue de Locarno,75,,EL0555,1565825.85680000,5183512.44540000,1.27264055,45.83855958
87085_3115_00076,avenue de Locarno,76,,EL0531,1565882.95020000,5183551.27010000,1.27336451,45.83891997
87085_3115_00076_bis,avenue de Locarno,76,bis,EL0530,1565889.25010000,5183557.64560000,1.27344381,45.83897855
87085_3115_00076_ter,avenue de Locarno,76,ter,EL0529,1565895.72480000,5183564.39740000,1.27352526,45.83904055
87085_3115_00077,avenue de Locarno,77,,EL0556,1565830.53030000,5183517.44160000,1.27269930,45.83860543
87085_3115_00079,avenue de Locarno,79,,EL0557,1565834.87130000,5183521.86820000,1.27275394,45.83864610
87085_3115_00080,avenue de Locarno,80,,EL0527,1565906.73710000,5183575.85280000,1.27366379,45.83914574
87085_3115_00081,avenue de Locarno,81,,EL0558,1565839.65030000,5183526.82290000,1.27281406,45.83869160
87085_3115_00082,avenue de Locarno,82,,EL0526,1565911.79260000,5183580.96270000,1.27372743,45.83919269
87085_3115_00083,avenue de Locarno,83,,EL0829,1565845.10860000,5183532.34170000,1.27288277,45.83874231
87085_3115_00084,avenue de Locarno,84,,EL0525,1565916.62380000,5183585.95700000,1.27378821,45.83923856
87085_3115_00085_a,avenue de Locarno,85,a,EL0829,1565849.42140000,5183536.83960000,1.27293700,45.83878360
87085_3115_00085_b,avenue de Locarno,85,b,EL0560,1565856.57630000,5183544.30850000,1.27302702,45.83885220
87085_3115_00087,avenue de Locarno,87,,EL0561,1565863.33140000,5183551.30690000,1.27311200,45.83891647
87085_3115_00087_bis,avenue de Locarno,87,bis,EL0562,1565867.50560000,5183555.73060000,1.27316449,45.83895708
87085_3115_00088_bis,avenue de Locarno,88,bis,EL0523,1565935.36720000,5183612.13190000,1.27402214,45.83947768
87085_3115_00089,avenue de Locarno,89,,EL0563,1565874.84520000,5183563.22470000,1.27325686,45.83902592
87085_3115_00090,avenue de Locarno,90,,CS0114,1565951.24560000,5183677.60820000,1.27420824,45.84006977
87085_3115_00091,avenue de Locarno,91,,EL0564,1565879.50410000,5183568.26400000,1.27331541,45.83907216
87085_3115_00092,avenue de Locarno,92,,CS0115,1565945.53790000,5183688.89530000,1.27413163,45.84017019
87085_3115_00094,avenue de Locarno,94,,CS0116,1565932.44170000,5183705.46670000,1.27395845,45.84031671
87085_3115_00096,avenue de Locarno,96,,CS0117,1565923.99060000,5183716.08400000,1.27384672,45.84041057
87085_3115_00097,avenue de Locarno,97,,EL0566,1565900.46260000,5183589.88380000,1.27357912,45.83927074
87085_3115_00098,avenue de Locarno,98,,CS0118,1565914.74240000,5183727.27860000,1.27372457,45.84050947
87085_3115_00099,avenue de Locarno,99,,EL0567,1565906.36460000,5183596.21690000,1.27365331,45.83932886
87085_3115_00100,avenue de Locarno,100,,CS0240,1565900.44740000,5183745.29580000,1.27353556,45.84066876
87085_3115_00101,avenue de Locarno,101,,EL0568,1565910.01990000,5183599.87900000,1.27369934,45.83936251
87085_3115_00103,avenue de Locarno,103,,EL0760,1565907.32470000,5183625.26700000,1.27365756,45.83959037
87085_3115_00103_bis,avenue de Locarno,103,bis,EL0761,1565918.77120000,5183633.08080000,1.27380270,45.83966289
87085_3115_00103_ter,avenue de Locarno,103,ter,EL0011,1565929.74910000,5183656.86270000,1.27393736,45.83987896
87085_3115_00105,avenue de Locarno,105,,EL0010,1565924.61240000,5183684.21310000,1.27386362,45.84012400
87085_3115_00105_bis,avenue de Locarno,105,bis,EL0743,1565920.57320000,5183695.79470000,1.27380840,45.84022739
87085_3115_00107,avenue de Locarno,107,,EL0005,1565910.05110000,5183712.61680000,1.27366828,45.84037666
87085_3190_00001,avenue de Louyat,1,,BR0714,1564841.88040000,5184212.58470000,1.25977994,45.84466504
87085_3190_00002,avenue de Louyat,2,,BR0705,1564848.17090000,5184233.13160000,1.25985513,45.84485111
87085_3190_00005,avenue de Louyat,5,,BR0816,1564830.06790000,5184229.53700000,1.25962313,45.84481521
87085_3190_00006,avenue de Louyat,6,,BR0704,1564839.06240000,5184246.39140000,1.25973416,45.84496859
87085_3190_00007,avenue de Louyat,7,,BR0817,1564827.35980000,5184233.31200000,1.25958721,45.84484864
87085_3190_00009,avenue de Louyat,9,,BR0249,1564818.73300000,5184245.92420000,1.25947262,45.84496039
87085_3190_00010,avenue de Louyat,10,,BR0682,1564828.08440000,5184261.78390000,1.25958853,45.84510490
87085_3190_00011,avenue de Louyat,11,,BR0252,1564814.05240000,5184252.32900000,1.25941057,45.84501709
87085_3190_00012,avenue de Louyat,12,,BR0683,1564823.46210000,5184268.99830000,1.25952700,45.84516889
87085_3190_00013,avenue de Louyat,13,,BR0253,1564808.23330000,5184260.85450000,1.25933327,45.84509264
87085_3190_00014,avenue de Louyat,14,,BR0219,1564820.04350000,5184274.07000000,1.25948157,45.84521384
87085_3190_00015,avenue de Louyat,15,,BR0256,1564802.97430000,5184268.80260000,1.25926335,45.84516310
87085_3190_00016,avenue de Louyat,16,,BR0218,1564816.39330000,5184278.90940000,1.25943323,45.84525666
87085_3190_00017,avenue de Louyat,17,,BR0257,1564796.64550000,5184277.96080000,1.25917931,45.84524424
87085_3190_00018,avenue de Louyat,18,,BR0217,1564812.08590000,5184285.85850000,1.25937583,45.84531832
87085_3190_00019,avenue de Louyat,19,,BR0260,1564790.10960000,5184288.41100000,1.25909224,45.84533696
87085_3190_00020,avenue de Louyat,20,,BR0216,1564805.53860000,5184295.95090000,1.25928872,45.84540782
87085_3190_00021,avenue de Louyat,21,,BR0261,1564784.99770000,5184296.34280000,1.25902421,45.84540731
87085_3190_00022,avenue de Louyat,22,,BR0215,1564800.45070000,5184304.41270000,1.25922085,45.84548294
87085_3190_00023,avenue de Louyat,23,,BR0262,1564780.47550000,5184306.01230000,1.25896328,45.84549340
87085_3190_00024,avenue de Louyat,24,,BR0214,1564792.02920000,5184320.59550000,1.25910789,45.84562686
87085_3190_00029,avenue de Louyat,29,,BR0766,1564752.91100000,5184433.13560000,1.25857271,45.84663152
87085_3190_00030,avenue de Louyat,30,,BR0141,1564775.11090000,5184384.41730000,1.25887217,45.84619764
87085_3190_00033,avenue de Louyat,33,,BR0763,1564746.52850000,5184531.22550000,1.25846294,45.84751264
87085_3190_00034,avenue de Louyat,34,,BR0137,1564773.09510000,5184405.00910000,1.25884043,45.84638248
87085_3190_00036,avenue de Louyat,36,,BR0136,1564772.55720000,5184414.80590000,1.25883075,45.84647050
87085_3190_00038,avenue de Louyat,38,,BR0133,1564771.52920000,5184426.10350000,1.25881433,45.84657193
87085_3190_00040,avenue de Louyat,40,,BR0132,1564770.82160000,5184435.32860000,1.25880263,45.84665477
87085_3190_00042,avenue de Louyat,42,,BR0129,1564769.94780000,5184444.83590000,1.25878871,45.84674013
87085_3190_00046,avenue de Louyat,46,,BR0769,1564767.23020000,5184473.37210000,1.25874570,45.84699629
87085_3190_00048,avenue de Louyat,48,,BR0124,1564766.22290000,5184492.12900000,1.25872745,45.84716482
87085_3190_00050,avenue de Louyat,50,,BR0116,1564764.66390000,5184517.66150000,1.25870020,45.84739419
87085_3190_00052,avenue de Louyat,52,,BR0115,1564764.36130000,5184528.97450000,1.25869312,45.84749590
87085_3190_00054,avenue de Louyat,54,,BR0114,1564763.88340000,5184538.11920000,1.25868439,45.84757807
87085_3190_00056,avenue de Louyat,56,,BR0112,1564763.94740000,5184545.98820000,1.25868300,45.84764887
87085_3190_00058,avenue de Louyat,58,,BR0111,1564763.93110000,5184553.06400000,1.25868080,45.84771252
87085_3190_00060,avenue de Louyat,60,,BR0108,1564764.03330000,5184565.71100000,1.25867856,45.84782630
87085_3190_00062,avenue de Louyat,62,,BR0107,1564763.95020000,5184575.81990000,1.25867464,45.84791722
87085_3190_00064,avenue de Louyat,64,,BR0104,1564764.03800000,5184586.61840000,1.25867273,45.84801438
87085_3190_00066,avenue de Louyat,66,,BR0102,1564763.87680000,5184596.29300000,1.25866793,45.84810138
87085_3190_00068,avenue de Louyat,68,,BR0101,1564764.44850000,5184607.56760000,1.25867212,45.84820291
87085_3190_00069,avenue de Louyat,69,,BR0092,1564745.94190000,5184581.97630000,1.25844110,45.84796906
87085_3190_00071,avenue de Louyat,71,,BR0094,1564745.99840000,5184589.84290000,1.25843962,45.84803984
87085_3190_00075,avenue de Louyat,75,,BR0095,1564746.76380000,5184603.58650000,1.25844560,45.84816362
87085_3190_00077,avenue de Louyat,77,,BR0096,1564747.34170000,5184615.63100000,1.25844965,45.84827208
87085_3190_00078,avenue de Louyat,78,,BS0896,1564769.22700000,5184676.18730000,1.25871432,45.84882112
87085_3190_00082,avenue de Louyat,82,,BS0160,1564770.33890000,5184694.22300000,1.25872355,45.84898358
87085_3190_00083,avenue de Louyat,83,,BR0679,1564748.69400000,5184636.24850000,1.25846125,45.84845781
87085_3190_00084,avenue de Louyat,84,,BS0159,1564771.11400000,5184703.45600000,1.25873093,45.84906679
87085_3190_00085,avenue de Louyat,85,,BR0023,1564750.57850000,5184658.00180000,1.25847939,45.84865387
87085_3190_00086,avenue de Louyat,86,,BS0158,1564771.86020000,5184714.05920000,1.25873755,45.84916232
87085_3190_00087,avenue de Louyat,87,,BR0022,1564751.29860000,5184668.11800000,1.25848581,45.84874501
87085_3190_00088,avenue de Louyat,88,,BS0779,1564772.95130000,5184725.81260000,1.25874829,45.84926826
87085_3190_00090,avenue de Louyat,90,,BS0779,1564773.52800000,5184735.44390000,1.25875300,45.84935502
87085_3190_00091,avenue de Louyat,91,,BR0021,1564752.05480000,5184677.21110000,1.25849298,45.84882695
87085_3190_00092,avenue de Louyat,92,,BS0155,1564774.57760000,5184745.40510000,1.25876371,45.84944483
87085_3190_00093,avenue de Louyat,93,,BR0020,1564753.36700000,5184689.29360000,1.25850647,45.84893590
87085_3190_00094,avenue de Louyat,94,,BS0155,1564774.90610000,5184751.64590000,1.25876618,45.84950103
87085_3190_00095,avenue de Louyat,95,,BR0019,1564754.16520000,5184698.90490000,1.25851404,45.84902252
87085_3190_00096,avenue de Louyat,96,,BS0154,1564775.47680000,5184759.62670000,1.25877128,45.84957294
87085_3190_00097,avenue de Louyat,97,,BR0756,1564754.55530000,5184704.43260000,1.25851751,45.84907232
87085_3190_00098,avenue de Louyat,98,,BS0153,1564776.61230000,5184771.65660000,1.25878251,45.84968138
87085_3190_00099,avenue de Louyat,99,,BR0757,1564755.34630000,5184713.33270000,1.25852518,45.84915254
87085_3190_00100,avenue de Louyat,100,,BS0152,1564777.45980000,5184784.42690000,1.25878983,45.84979642
87085_3190_00101,avenue de Louyat,101,,BR0017,1564756.74560000,5184731.25030000,1.25853815,45.84931399
87085_3190_00102,avenue de Louyat,102,,BS0151,1564778.33450000,5184794.61810000,1.25879822,45.84988827
87085_3190_00103,avenue de Louyat,103,,BR0016,1564757.73550000,5184745.11840000,1.25854699,45.84943894
87085_3190_00104,avenue de Louyat,104,,BS0150,1564778.80120000,5184805.28360000,1.25880122,45.84998430
87085_3190_00105,avenue de Louyat,105,,BR0833,1564758.72330000,5184754.69970000,1.25855701,45.84952532
87085_3190_00106,avenue de Louyat,106,,BS0149,1564779.69090000,5184817.53550000,1.25880923,45.85009469
87085_3190_00108,avenue de Louyat,108,,BS0147,1564780.55200000,5184829.97770000,1.25881681,45.85020678
87085_3190_00110,avenue de Louyat,110,,BS0139,1564782.20090000,5184855.78640000,1.25883077,45.85043927
87085_3190_00117,avenue de Louyat,117,,BR0830,1564763.04980000,5184818.74620000,1.25859467,45.85010231
87085_3190_00119,avenue de Louyat,119,,BR0649,1564763.23540000,5184827.09720000,1.25859471,45.85017746
87085_3190_00120,avenue de Louyat,120,,BS0137,1564790.82750000,5184940.46120000,1.25891799,45.85120266
87085_3190_00121,avenue de Louyat,121,,BR0007,1564763.92060000,5184834.36660000,1.25860149,45.85024299
87085_3190_00123,avenue de Louyat,123,,BR0006,1564764.86060000,5184845.95400000,1.25861032,45.85034741
87085_3190_00124,avenue de Louyat,124,,BS0012,1564798.58140000,5184978.06560000,1.25900722,45.85154246
87085_3190_00125,avenue de Louyat,125,,BR0661,1564765.46940000,5184857.62830000,1.25861487,45.85045255
87085_3190_00126,avenue de Louyat,126,,BS0011,1564800.59410000,5184987.00860000,1.25903061,45.85162331
87085_3190_00127,avenue de Louyat,127,,BR0001,1564762.32460000,5184867.83070000,1.25857152,45.85054371
87085_3190_00128,avenue de Louyat,128,,BS0721,1564803.13970000,5184997.26720000,1.25906050,45.85171609
87085_3190_00130,avenue de Louyat,130,,BS0009,1564804.96820000,5185004.97030000,1.25908187,45.85178574
87085_3190_00131,avenue de Louyat,131,,BT0504,1564767.69360000,5184892.79340000,1.25863361,45.85076932
87085_3190_00132,avenue de Louyat,132,,BS0008,1564806.58450000,5185012.15050000,1.25910065,45.85185065
87085_3190_00133,avenue de Louyat,133,,BT0196,1564768.60220000,5184903.51070000,1.25864229,45.85086590
87085_3190_00134,avenue de Louyat,134,,BS0007,1564808.61900000,5185020.10340000,1.25912460,45.85192259
87085_3190_00135,avenue de Louyat,135,,BT0389,1564768.93530000,5184912.77890000,1.25864397,45.85094934
87085_3190_00136,avenue de Louyat,136,,BS0006,1564810.98770000,5185029.04350000,1.25915258,45.85200348
87085_3190_00137,avenue de Louyat,137,,BT0193,1564769.38970000,5184921.92460000,1.25864724,45.85103170
87085_3190_00138,avenue de Louyat,138,,BS0005,1564812.60700000,5185037.56970000,1.25917103,45.85208049
87085_3190_00139,avenue de Louyat,139,,BT0192,1564771.87610000,5184936.81720000,1.25867506,45.85116616
87085_3190_00139_bis,avenue de Louyat,139,bis,BT0190,1564775.61680000,5184952.77880000,1.25871872,45.85131048
87085_3190_00140,avenue de Louyat,140,,BS0004,1564815.17500000,5185048.23430000,1.25920108,45.85217693
87085_3190_00141,avenue de Louyat,141,,BT0189,1564777.98160000,5184962.55030000,1.25874641,45.85139884
87085_3190_00142,avenue de Louyat,142,,BS0726,1564818.85540000,5185063.23480000,1.25924424,45.85231259
87085_3190_00143,avenue de Louyat,143,,BT0188,1564779.79080000,5184971.29810000,1.25876724,45.85147789
87085_3190_00144,avenue de Louyat,144,,BS0002,1564822.24970000,5185076.85610000,1.25928410,45.85243579
87085_3190_00145,avenue de Louyat,145,,BT0187,1564780.77090000,5184976.79910000,1.25877830,45.85152757
87085_3190_00147,avenue de Louyat,147,,BT0185,1564782.42250000,5184984.38510000,1.25879743,45.85159613
87085_3190_00149,avenue de Louyat,149,,BT0177,1564783.59470000,5184993.07730000,1.25881007,45.85167455
87085_3190_00151,avenue de Louyat,151,,BT0176,1564786.89730000,5185002.17820000,1.25885003,45.85175707
87085_3190_00153,avenue de Louyat,153,,BT0175,1564789.72200000,5185013.44900000,1.25888322,45.85185901
87085_3190_00155,avenue de Louyat,155,,BT0173,1564792.59310000,5185026.92250000,1.25891638,45.85198078
87085_3190_00155_b,avenue de Louyat,155,b,BT0158,1564795.34480000,5185038.03500000,1.25894800,45.85208100
87085_3190_00157,avenue de Louyat,157,,BT0157,1564796.61470000,5185043.12860000,1.25896359,45.85212735
87085_3190_00159,avenue de Louyat,159,,BT0156,1564798.76950000,5185053.29110000,1.25898847,45.85221920
87085_3190_00161,avenue de Louyat,161,,BT0155,1564800.82700000,5185060.64950000,1.25901289,45.85228579
87085_3190_00163,avenue de Louyat,163,,BT0152,1564802.72310000,5185068.24430000,1.25903516,45.85235449
87085_3190_00165,avenue de Louyat,165,,BT0152,1564804.40160000,5185076.10140000,1.25905455,45.85242550
87085_3190_00167,avenue de Louyat,167,,BT0151,1564805.74690000,5185082.60320000,1.25907004,45.85248425
87085_3735_00003,avenue de Naugeat,3,,NN0049,1563317.65180000,5181388.27010000,1.24096415,45.81895748
87085_3735_00004,avenue de Naugeat,4,,NN0086,1563336.59620000,5181396.20740000,1.24120562,45.81903264
87085_3735_00005,avenue de Naugeat,5,,NN0050,1563315.03220000,5181398.22000000,1.24092762,45.81904646
87085_3735_00006,avenue de Naugeat,6,,NN0086,1563333.72990000,5181408.91960000,1.24116513,45.81914643
87085_3735_00007,avenue de Naugeat,7,,NN0051,1563312.64710000,5181408.63860000,1.24089398,45.81913971
87085_3735_00008,avenue de Naugeat,8,,NN0086,1563329.91430000,5181424.17960000,1.24111171,45.81928294
87085_3735_00009,avenue de Naugeat,9,,NN0052,1563304.78990000,5181428.85430000,1.24078715,45.81932000
87085_3735_00011,avenue de Naugeat,11,,NN0053,1563303.00400000,5181444.40470000,1.24075975,45.81945953
87085_3735_00012,avenue de Naugeat,12,,NN0085,1563315.65940000,5181480.53970000,1.24091230,45.81978710
87085_3735_00016,avenue de Naugeat,16,,NN0084,1563304.77500000,5181525.43630000,1.24075950,45.82018881
87085_3735_00017,avenue de Naugeat,17,,NN0144,1563293.67260000,5181483.68590000,1.24062853,45.81981103
87085_3735_00019,avenue de Naugeat,19,,NN0144,1563289.95920000,5181495.53970000,1.24057739,45.81991692
87085_3735_00023,avenue de Naugeat,23,,NN0146,1563281.29350000,5181520.60840000,1.24045877,45.82014071
87085_3735_00031,avenue de Naugeat,31,,NN0066,1563266.13680000,5181594.55020000,1.24024275,45.82080284
87085_3735_00038,avenue de Naugeat,38,,IN0212,1563230.31360000,5181814.86680000,1.23971920,45.82277759
87085_3735_00039,avenue de Naugeat,39,,IV0664,1563234.93480000,5181690.68610000,1.23981397,45.82166144
87085_3735_00041,avenue de Naugeat,41,,IV0664,1563228.03770000,5181720.12310000,1.23971687,45.82192487
87085_3735_00042,avenue de Naugeat,42,,IN0214,1563221.49380000,5181850.23460000,1.23959567,45.82309399
87085_3735_00047,avenue de Naugeat,47,,IV0724,1563216.60080000,5181799.00830000,1.23954728,45.82263221
87085_3735_00049,avenue de Naugeat,49,,IV0155,1563212.39900000,5181815.66120000,1.23948848,45.82278118
87085_3735_00050,avenue de Naugeat,50,,IN0440,1563194.23670000,5181959.13810000,1.23921399,45.82406822
87085_3735_00051,avenue de Naugeat,51,,IV0154,1563208.03690000,5181833.16730000,1.23942738,45.82293779
87085_3735_00052,avenue de Naugeat,52,,IN0271,1563189.72650000,5181976.63820000,1.23915098,45.82422474
87085_3735_00053,avenue de Naugeat,53,,IV0153,1563205.91440000,5181840.78330000,1.23939791,45.82300587
87085_3735_00054,avenue de Naugeat,54,,IN0272,1563186.97260000,5181987.34980000,1.23911250,45.82432055
87085_3735_00055,avenue de Naugeat,55,,IV0152,1563204.27210000,5181847.93430000,1.23937474,45.82306987
87085_3735_00056,avenue de Naugeat,56,,IN0273,1563184.42850000,5181997.44970000,1.23907689,45.82441090
87085_3735_00057,avenue de Naugeat,57,,IV0151,1563202.22750000,5181855.95090000,1.23934615,45.82314158
87085_3735_00058,avenue de Naugeat,58,,IN0274,1563182.55980000,5182006.19430000,1.23905036,45.82448919
87085_3735_00059,avenue de Naugeat,59,,IV0150,1563199.29530000,5181866.96210000,1.23930529,45.82324005
87085_3735_00060,avenue de Naugeat,60,,IN0275,1563180.53800000,5182014.35310000,1.23902202,45.82456218
87085_3735_00062,avenue de Naugeat,62,,IN0289,1563171.41540000,5182050.72690000,1.23889430,45.82488757
87085_3735_00063,avenue de Naugeat,63,,IV0119,1563187.97830000,5181912.33720000,1.23914678,45.82364597
87085_3735_00066,avenue de Naugeat,66,,IN0322,1563165.30310000,5182074.47700000,1.23880889,45.82510000
87085_3735_00068,avenue de Naugeat,68,,IN0321,1563162.93570000,5182083.61340000,1.23877583,45.82518171
87085_3735_00069,avenue de Naugeat,69,,IV0110,1563174.95970000,5181963.87920000,1.23896461,45.82410703
87085_3735_00070,avenue de Naugeat,70,,IN0285,1563161.97050000,5182090.54490000,1.23876144,45.82524388
87085_3735_00071,avenue de Naugeat,71,,IV0111,1563171.41330000,5181977.39290000,1.23891514,45.82422789
87085_3735_00072,avenue de Naugeat,72,,IN0285,1563163.38000000,5182099.10450000,1.23877714,45.82532115
87085_3735_00073,avenue de Naugeat,73,,IV0112,1563168.93770000,5181986.64590000,1.23888065,45.82431063
87085_3735_00075,avenue de Naugeat,75,,IV0113,1563166.95450000,5181995.00790000,1.23885275,45.82438546
87085_3735_00077,avenue de Naugeat,77,,IV0114,1563165.07480000,5182002.71670000,1.23882637,45.82445443
87085_3735_00079,avenue de Naugeat,79,,IV0114,1563161.64380000,5182014.85970000,1.23877877,45.82456298
87085_3735_00081,avenue de Naugeat,81,,IV0029,1563154.88650000,5182043.21240000,1.23868376,45.82481668
87085_3735_00083,avenue de Naugeat,83,,IV0028,1563151.39960000,5182056.79390000,1.23863503,45.82493816
87085_3735_00089,avenue de Naugeat,89,,IV0026,1563143.19650000,5182089.53450000,1.23852017,45.82523105
87085_3735_00091,avenue de Naugeat,91,,IV0487,1563141.31900000,5182097.24680000,1.23849381,45.82530005
87085_3735_00093,avenue de Naugeat,93,,IV0487,1563139.31960000,5182104.37480000,1.23846606,45.82536378
87085_3735_00095,avenue de Naugeat,95,,IV0023,1563136.15500000,5182117.06570000,1.23842173,45.82547731
87085_3735_00097,avenue de Naugeat,97,,IV0022,1563133.86520000,5182126.18770000,1.23838967,45.82555891
87085_3735_00099,avenue de Naugeat,99,,IV0374,1563131.37990000,5182135.58320000,1.23835502,45.82564293
87085_3735_00101,avenue de Naugeat,101,,IV0018,1563128.90340000,5182145.80390000,1.23832024,45.82573438
87085_3735_00103,avenue de Naugeat,103,,IV0017,1563126.27290000,5182156.24480000,1.23828343,45.82582778
87085_3735_00105,avenue de Naugeat,105,,IV0016,1563123.25580000,5182168.37000000,1.23824115,45.82593625
87085_3735_00107,avenue de Naugeat,107,,IV0015,1563121.29690000,5182176.58930000,1.23821361,45.82600980
87085_3735_00109,avenue de Naugeat,109,,IV0014,1563119.20530000,5182183.99370000,1.23818459,45.82607599
87085_3735_00111,avenue de Naugeat,111,,IV0013,1563117.44660000,5182190.87450000,1.23816000,45.82613754
87085_3735_00113,avenue de Naugeat,113,,IV0012,1563115.11820000,5182200.08680000,1.23812742,45.82621994
87085_3735_00115,avenue de Naugeat,115,,IV0011,1563112.51340000,5182211.25670000,1.23809072,45.82631990
87085_3735_00119,avenue de Naugeat,119,,IV0751,1563104.88760000,5182241.22480000,1.23798407,45.82658796
87085_0545_00002,avenue des Bénédictins,2,,EM0211,1565502.44190000,5182936.09970000,1.26863948,45.83331181
87085_0545_00004,avenue des Bénédictins,4,,EM0342,1565492.43980000,5182933.01360000,1.26851163,45.83328210
87085_0545_00004_a,avenue des Bénédictins,4,a,EM0342,1565476.57140000,5182942.65480000,1.26830472,45.83336572
87085_0545_00004_b,avenue des Bénédictins,4,b,EM0342,1565446.11750000,5182964.86440000,1.26790660,45.83355955
87085_0545_00004_c,avenue des Bénédictins,4,c,EM0342,1565455.19710000,5182997.66330000,1.26801427,45.83385638
87085_0545_00004_e,avenue des Bénédictins,4,e,EM0342,1565463.38060000,5183023.47520000,1.26811236,45.83409017
87085_0545_00006,avenue des Bénédictins,6,,EM0342,1565479.61270000,5182929.57820000,1.26834752,45.83324868
87085_0545_00008,avenue des Bénédictins,8,,EM0255,1565469.88170000,5182926.08790000,1.26822327,45.83321538
87085_0545_00010,avenue des Bénédictins,10,,EM0230,1565460.84290000,5182923.29070000,1.26810774,45.83318845
87085_0545_00011,avenue des Bénédictins,11,,EN0051,1565463.80910000,5182896.97300000,1.26815327,45.83295229
87085_0545_00012,avenue des Bénédictins,12,,EM0230,1565451.12790000,5182920.46570000,1.26798351,45.83316114
87085_0545_00014,avenue des Bénédictins,14,,EM0236,1565442.65910000,5182918.07480000,1.26787519,45.83313798
87085_0545_00016,avenue des Bénédictins,16,,EM0237,1565432.89990000,5182914.88830000,1.26775050,45.83310740
87085_0545_00018,avenue des Bénédictins,18,,EM0238,1565423.68310000,5182911.99580000,1.26763270,45.83307958
87085_0545_00019,avenue des Bénédictins,19,,EN0040,1565392.37780000,5182874.67710000,1.26724029,45.83273775
87085_0545_00020,avenue des Bénédictins,20,,EM0235,1565414.73300000,5182909.40830000,1.26751825,45.83305455
87085_0545_00022,avenue des Bénédictins,22,,EM0239,1565403.52880000,5182905.92770000,1.26737504,45.83302105
87085_0545_00023,avenue des Bénédictins,23,,EN0183,1565377.43960000,5182869.88270000,1.26704940,45.83269169
87085_0545_00024,avenue des Bénédictins,24,,EM0240,1565396.11150000,5182903.73810000,1.26728020,45.83299990
87085_0545_00024_b,avenue des Bénédictins,24,b,EM0234,1565397.38150000,5182932.73650000,1.26728843,45.83326101
87085_0545_00026,avenue des Bénédictins,26,,EM0241,1565386.76330000,5182900.74830000,1.26716074,45.83297117
87085_0545_00030,avenue des Bénédictins,30,,EM0242,1565356.91900000,5182891.86840000,1.26677917,45.83288545
87085_0545_00032,avenue des Bénédictins,32,,EM0243,1565344.42260000,5182887.92380000,1.26661946,45.83284752
87085_0545_00034,avenue des Bénédictins,34,,EK0069,1565328.42270000,5182882.42260000,1.26641511,45.83279490
87085_0545_00035,avenue des Bénédictins,35,,EN0007,1565307.48260000,5182847.71730000,1.26615536,45.83247860
87085_0545_00036,avenue des Bénédictins,36,,EN0004,1565309.45130000,5182876.88060000,1.26617253,45.83274133
87085_0545_00037,avenue des Bénédictins,37,,EN0173,1565295.22090000,5182843.99970000,1.26599861,45.83244276
87085_0545_00038,avenue des Bénédictins,38,,EN0004,1565297.00790000,5182872.67220000,1.26601358,45.83270104
87085_0545_00039,avenue des Bénédictins,39,,EN0009,1565281.52210000,5182839.58760000,1.26582357,45.83240039
87085_0545_00041,avenue des Bénédictins,41,,EN0012,1565268.42250000,5182835.82080000,1.26565605,45.83236394
87085_0545_00042,avenue des Bénédictins,42,,EN0003,1565269.82040000,5182864.42390000,1.26566602,45.83262151
87085_0545_00043,avenue des Bénédictins,43,,EN0014,1565255.03960000,5182831.20750000,1.26548512,45.83231982
87085_0545_00044,avenue des Bénédictins,44,,EN0002,1565259.60640000,5182860.90510000,1.26553557,45.83258786
87085_0545_00045,avenue des Bénédictins,45,,EN0015,1565242.39760000,5182827.16070000,1.26532357,45.83228094
87085_0545_00046,avenue des Bénédictins,46,,EN0002,1565247.83700000,5182857.19100000,1.26538515,45.83255214
87085_0545_00048,avenue des Bénédictins,48,,EN0002,1565234.47820000,5182852.97620000,1.26521443,45.83251161
87085_0545_00050,avenue des Bénédictins,50,,EN0244,1565221.77010000,5182848.79810000,1.26505206,45.83247153
87085_0818_00001,avenue des Cambuses,1,,MR0158,1566540.21060000,5189153.50969999,1.28026648,45.88944338
87085_0818_00009,avenue des Cambuses,9,,MR0159,1566399.31970000,5189267.28080000,1.27841987,45.89043944
87085_0818_00019,avenue des Cambuses,19,,MM0151,1566199.58590000,5189248.35980000,1.27585218,45.89023036
87085_0818_00027,avenue des Cambuses,27,,MM0156,1565993.31890000,5189230.63220000,1.27320001,45.89003069
87085_0818_00029,avenue des Cambuses,29,,MM0141,1565969.30300000,5189228.90580000,1.27382990,45.89018010
87085_0818_00041,avenue des Cambuses,41,,MM0160,1565846.34410000,5189017.51480000,1.27136630,45.88808490
87085_0818_00045,avenue des Cambuses,45,,ML0237,1565838.82110000,5188902.82200000,1.27130146,45.88705170
87085_0818_00049,avenue des Cambuses,49,,ML0238,1565834.71660000,5188828.75470000,1.27126930,45.88638462
87085_0885_00003,avenue des Casseaux,3,,EL0160,1565919.69920000,5183065.67290000,1.27397293,45.83455888
87085_0885_00005,avenue des Casseaux,5,,EL0159,1565925.70440000,5183073.47760000,1.27404803,45.83463026
87085_0885_00006,avenue des Casseaux,6,,EL0133,1565937.82290000,5183047.82810000,1.27421114,45.83440189
87085_0885_00007,avenue des Casseaux,7,,EL0634,1565932.06040000,5183082.35670000,1.27412735,45.83471138
87085_0885_00008,avenue des Casseaux,8,,EL0133,1565954.61880000,5183036.42230000,1.27443046,45.83430256
87085_0885_00009,avenue des Casseaux,9,,EL0156,1565936.74330000,5183088.76300000,1.27418583,45.83476992
87085_0885_00011,avenue des Casseaux,11,,EL0155,1565945.04080000,5183100.64230000,1.27428930,45.83487840
87085_0885_00013,avenue des Casseaux,13,,EL0153,1565952.12140000,5183110.38840000,1.27437770,45.83496745
87085_0885_00014,avenue des Casseaux,14,,EL0150,1565946.40890000,5183084.53440000,1.27431139,45.83473376
87085_0885_00016,avenue des Casseaux,16,,EL0152,1565955.17220000,5183096.34290000,1.27442088,45.83484170
87085_0885_00017,avenue des Casseaux,17,,EL0706,1565977.15010000,5183145.61830000,1.27468998,45.83528924
87085_0885_00021,avenue des Casseaux,21,,EL0690,1566011.31270000,5183186.89510000,1.27511812,45.83566721
87085_0885_00024,avenue des Casseaux,24,,EL0656,1566023.37610000,5183184.21660000,1.27527410,45.83564550
87085_0885_00026,avenue des Casseaux,26,,EL0746,1566029.80730000,5183191.04050000,1.27535500,45.83570800
87085_0885_00029,avenue des Casseaux,29,,EL0690,1566031.40180000,5183208.09000000,1.27537074,45.83586179
87085_0885_00030,avenue des Casseaux,30,,EL0656,1566095.21170000,5183123.98079999,1.27621500,45.83511800
87085_0885_00031,avenue des Casseaux,31,,EL0691,1566044.43870000,5183219.15890000,1.27553543,45.83596390
87085_0885_00033,avenue des Casseaux,33,,EL0233,1566050.85680000,5183224.90340000,1.27561643,45.83601682
87085_0885_00035,avenue des Casseaux,35,,EL0234,1566057.74520000,5183231.37030000,1.27570328,45.83607634
87085_0885_00037,avenue des Casseaux,37,,EL0640,1566065.16020000,5183238.19050000,1.27579680,45.83613913
87085_0885_00038,avenue des Casseaux,38,,EL0746,1566115.85190000,5183269.96540000,1.27644033,45.83643484
87085_0885_00043,avenue des Casseaux,43,,EL0625,1566080.15490000,5183251.98200000,1.27598593,45.83626612
87085_0885_00049,avenue des Casseaux,49,,EL0241,1566097.41770000,5183268.01810000,1.27620363,45.83641373
87085_0885_00053,avenue des Casseaux,53,,EL0581,1566117.74650000,5183286.45970000,1.27646011,45.83658359
87085_0885_00055,avenue des Casseaux,55,,EL0581,1566140.99010000,5183305.61040000,1.27675392,45.83676038
87085_0885_00066,avenue des Casseaux,66,,EL0109,1566346.35940000,5183285.76060000,1.27940245,45.83662177
87085_0885_00138,avenue des Casseaux,138,,CR0333,1566727.45630000,5183650.22220000,1.28420595,45.83997430
87085_0885_00140,avenue des Casseaux,140,,CR0306,1566743.08930000,5183663.68490000,1.28440342,45.84009843
87085_0885_00142,avenue des Casseaux,142,,CR0302,1566755.86110000,5183675.01010000,1.28456465,45.84020279
87085_0885_00145,avenue des Casseaux,145,,CR0075,1566728.98150000,5183684.37010000,1.28421611,45.84028178
87085_0885_00146,avenue des Casseaux,146,,CR0150,1566772.62010000,5183689.77260000,1.28477626,45.84033883
87085_0885_00147,avenue des Casseaux,147,,CR0077,1566739.77790000,5183674.82890000,1.28435771,45.84019804
87085_0885_00148,avenue des Casseaux,148,,CR0149,1566782.92570000,5183698.95640000,1.28490635,45.84042344
87085_0885_00149,avenue des Casseaux,149,,CR0218,1566745.15190000,5183679.47720000,1.28442558,45.84024090
87085_0885_00150,avenue des Casseaux,150,,CR0148,1566792.31390000,5183707.45860000,1.28502482,45.84050174
87085_0885_00152,avenue des Casseaux,152,,CR0147,1566800.94730000,5183715.15120000,1.28513381,45.84057262
87085_0885_00153,avenue des Casseaux,153,,CR0417,1566753.59030000,5183686.92900000,1.28453212,45.84030956
87085_0885_00153_b,avenue des Casseaux,153,b,CR0418,1566760.01970000,5183693.00120000,1.28461319,45.84036543
87085_0885_00154,avenue des Casseaux,154,,CR0146,1566811.03240000,5183724.05930000,1.28526114,45.84065470
87085_0885_00155,avenue des Casseaux,155,,CR0079,1566764.48220000,5183697.90630000,1.28466926,45.84041042
87085_0885_00156,avenue des Casseaux,156,,CR0145,1566819.90270000,5183731.73650000,1.28537318,45.84072548
87085_0885_00157,avenue des Casseaux,157,,CR0080,1566774.16720000,5183705.25510000,1.28479188,45.84047841
87085_0885_00158,avenue des Casseaux,158,,CR0144,1566829.49210000,5183740.24620000,1.28549424,45.84080389
87085_0885_00159,avenue des Casseaux,159,,CR0081,1566780.99550000,5183711.35330000,1.28487807,45.84053459
87085_0885_00160,avenue des Casseaux,160,,CR0143,1566839.41430000,5183748.83650000,1.28561956,45.84088309
87085_0885_00161,avenue des Casseaux,161,,CR0082,1566786.49580000,5183716.14580000,1.28494753,45.84057876
87085_0885_00162,avenue des Casseaux,162,,CR0120,1566848.92270000,5183757.57690000,1.28573952,45.84096355
87085_0885_00163,avenue des Casseaux,163,,CR0083,1566790.96350000,5183720.07270000,1.28500395,45.84061495
87085_0885_00164,avenue des Casseaux,164,,CR0119,1566857.00520000,5183765.52130000,1.28584134,45.84103658
87085_0885_00165,avenue des Casseaux,165,,CR0084,1566797.22610000,5183725.58600000,1.28508302,45.84066576
87085_0885_00166,avenue des Casseaux,166,,CR0118,1566866.26030000,5183774.62450000,1.28595794,45.84112027
87085_0885_00167,avenue des Casseaux,167,,CR0085,1566805.25830000,5183732.82560000,1.28518439,45.84073244
87085_0885_00168,avenue des Casseaux,168,,CR0117,1566873.58920000,5183781.73010000,1.28605030,45.84118560
87085_0885_00169,avenue des Casseaux,169,,CR0086,1566811.23370000,5183738.11330000,1.28525983,45.84078117
87085_0885_00170,avenue des Casseaux,170,,CR0116,1566881.29710000,5183789.56520000,1.28614734,45.84125758
87085_0885_00171,avenue des Casseaux,171,,CR0088,1566820.04730000,5183745.99790000,1.28537108,45.84085380
87085_0885_00172,avenue des Casseaux,172,,CR0115,1566889.42340000,5183798.30000000,1.28624951,45.84133773
87085_0885_00173,avenue des Casseaux,173,,CR0089,1566831.50750000,5183756.35370000,1.28551571,45.84094918
87085_0885_00174,avenue des Casseaux,174,,CR0114,1566896.52990000,5183805.99670000,1.28633884,45.84140834
87085_0885_00175,avenue des Casseaux,175,,CR0090,1566848.45320000,5183772.48120000,1.28572935,45.84109754
87085_0885_00176,avenue des Casseaux,176,,CR0113,1566903.82500000,5183813.85670000,1.28643056,45.84148046
87085_0885_00177,avenue des Casseaux,177,,CR0091,1566861.39270000,5183784.70230000,1.28589250,45.84120998
87085_0885_00178,avenue des Casseaux,178,,CR0112,1566912.40650000,5183823.44040000,1.28653835,45.84156833
87085_0885_00180,avenue des Casseaux,180,,CR0111,1566919.68630000,5183832.10840000,1.28662965,45.84164771
87085_0885_00181,avenue des Casseaux,181,,CR0259,1566884.43510000,5183808.29270000,1.28618254,45.84142665
87085_0885_00182,avenue des Casseaux,182,,CR0110,1566926.65340000,5183840.15750000,1.28671709,45.84172147
87085_0885_00183,avenue des Casseaux,183,,CR0093,1566891.16040000,5183817.12010000,1.28626665,45.84150736
87085_0885_00184,avenue des Casseaux,184,,CR0109,1566935.34830000,5183850.67750000,1.28682609,45.84181778
87085_0885_00185,avenue des Casseaux,185,,CR0094,1566899.33960000,5183825.99630000,1.28636946,45.84158879
87085_0885_00186,avenue des Casseaux,186,,CR0108,1566942.90630000,5183860.61530000,1.28692061,45.84190864
87085_0885_00188,avenue des Casseaux,188,,None,1566952.21970000,5183868.44700000,1.28703832,45.84198090
87085_0885_00189,avenue des Casseaux,189,,CR0107,1566933.02990000,5183866.84680000,1.28679177,45.84196279
87085_0885_00191,avenue des Casseaux,191,,CR0106,1566941.02150000,5183876.95560000,1.28689183,45.84205527
87085_0885_00193,avenue des Casseaux,193,,CR0104,1566949.17660000,5183886.91670000,1.28699404,45.84214646
87085_0885_00203,avenue des Casseaux,203,,CP0087,1567000.77530000,5183950.14950000,1.28764066,45.84272526
87085_0885_00212,avenue des Casseaux,212,,CP0053,1567093.24980000,5184029.92510000,1.28880883,45.84346077
87085_0885_00217,avenue des Casseaux,217,,CP0089,1567078.64140000,5184045.09490000,1.28861700,45.84359400
87085_0885_00239,avenue des Casseaux,239,,CP0006,1567184.20970000,5184178.28810000,1.28993859,45.84481297
87085_0885_00241,avenue des Casseaux,241,,CP0063,1567197.86290000,5184195.36720000,1.29010960,45.84496925
87085_0885_00243,avenue des Casseaux,243,,CP0066,1567206.78970000,5184206.82350000,1.29022134,45.84507403
87085_0885_00247,avenue des Casseaux,247,,CP0020,1567255.20310000,5184273.30730000,1.29082613,45.84568144
87085_1385_00001,avenue des Coutures,1,,EM0082,1565867.18400000,5183060.03040000,1.27329868,45.83449789
87085_1385_00002,avenue des Coutures,2,,EL0693,1565895.91600000,5183056.91980000,1.27366930,45.83447551
87085_1385_00003,avenue des Coutures,3,,EM0081,1565859.22020000,5183065.79000000,1.27319459,45.83454814
87085_1385_00004,avenue des Coutures,4,,EL0785,1565884.59750000,5183064.21600000,1.27352161,45.83453893
87085_1385_00005,avenue des Coutures,5,,EM0079,1565850.08840000,5183071.59950000,1.27307545,45.83459862
87085_1385_00006,avenue des Coutures,6,,EL0163,1565869.73610000,5183073.94600000,1.27332764,45.83462356
87085_1385_00007,avenue des Coutures,7,,EM0450,1565842.57790000,5183076.89830000,1.27297731,45.83464482
87085_1385_00008_a,avenue des Coutures,8,a,EL0747,1565860.04220000,5183083.29870000,1.27320028,45.83470581
87085_1385_00008_b,avenue des Coutures,8,b,EL0747,1565853.05190000,5183088.07670000,1.27310899,45.83474742
87085_1385_00008_c,avenue des Coutures,8,c,EL0747,1565845.12420000,5183093.70160000,1.27300539,45.83479648
87085_1385_00009,avenue des Coutures,9,,EM0077,1565836.97210000,5183080.81990000,1.27290408,45.83467901
87085_1385_00010,avenue des Coutures,10,,EL0165,1565839.99070000,5183094.91830000,1.27293899,45.83480642
87085_1385_00011,avenue des Coutures,11,,EM0076,1565828.30180000,5183087.47170000,1.27279064,45.83473715
87085_1385_00012,avenue des Coutures,12,,EL0167,1565830.13300000,5183101.39040000,1.27281032,45.83486272
87085_1385_00013,avenue des Coutures,13,,EM0075,1565821.53480000,5183091.63550000,1.27270240,45.83477329
87085_1385_00014,avenue des Coutures,14,,EL0190,1565816.21300000,5183111.30060000,1.27262842,45.83494915
87085_1385_00015,avenue des Coutures,15,,EM0074,1565812.41350000,5183097.84710000,1.27258328,45.83482739
87085_1385_00016,avenue des Coutures,16,,EL0191,1565811.48530000,5183114.73670000,1.27256662,45.83497914
87085_1385_00017,avenue des Coutures,17,,EM0073,1565800.76330000,5183106.04720000,1.27243106,45.83489888
87085_1385_00018,avenue des Coutures,18,,EL0192,1565806.61280000,5183118.08100000,1.27250298,45.83500827
87085_1385_00019,avenue des Coutures,19,,EM0072,1565791.27440000,5183112.21150000,1.27230723,45.83495248
87085_1385_00021,avenue des Coutures,21,,EM0071,1565780.16640000,5183120.26380000,1.27216203,45.83502274
87085_1385_00022,avenue des Coutures,22,,EL0193,1565792.18910000,5183128.21580000,1.27231453,45.83509662
87085_1385_00022_b,avenue des Coutures,22,b,EL0193,1565802.03330000,5183138.94170000,1.27243822,45.83519503
87085_1385_00022_c,avenue des Coutures,22,c,EL0194,1565792.43400000,5183145.41940000,1.27231288,45.83525143
87085_1385_00023,avenue des Coutures,23,,EM0070,1565771.57800000,5183126.16250000,1.27204986,45.83507413
87085_1385_00024,avenue des Coutures,24,,EL0194,1565773.70030000,5183140.92670000,1.27207305,45.83520736
87085_1385_00025,avenue des Coutures,25,,EM0069,1565764.08940000,5183131.15090000,1.27195209,45.83511754
87085_1385_00028,avenue des Coutures,28,,EL0831,1565740.64770000,5183163.44980000,1.27164139,45.83540351
87085_1385_00029,avenue des Coutures,29,,EM0065,1565747.66910000,5183142.75410000,1.27173753,45.83521872
87085_1385_00031,avenue des Coutures,31,,EM0064,1565742.04880000,5183146.32790000,1.27166421,45.83524977
87085_1385_00032,avenue des Coutures,32,,EL0427,1565724.51030000,5183174.87230000,1.27143053,45.83550312
87085_1385_00034,avenue des Coutures,34,,EL0428,1565717.25410000,5183180.15100000,1.27133567,45.83554918
87085_1385_00035,avenue des Coutures,35,,EM0062,1565731.01500000,5183149.56090000,1.27152131,45.83527670
87085_1385_00036,avenue des Coutures,36,,EL0429,1565707.10880000,5183187.31150000,1.27120311,45.83561162
87085_1385_00037,avenue des Coutures,37,,EM0062,1565723.36790000,5183154.54060000,1.27142151,45.83532000
87085_1385_00038,avenue des Coutures,38,,EL0430,1565700.11160000,5183192.02180000,1.27111174,45.83565262
87085_1385_00039,avenue des Coutures,39,,EM0015,1565700.08720000,5183170.58760000,1.27111742,45.83545980
87085_1385_00040,avenue des Coutures,40,,EL0431,1565686.71740000,5183201.11200000,1.27093683,45.83573178
87085_1385_00041,avenue des Coutures,41,,EM0014,1565689.22600000,5183178.46370000,1.27097544,45.83552853
87085_1385_00043,avenue des Coutures,43,,EM0013,1565675.86850000,5183187.87880000,1.27080091,45.83561062
87085_1385_00044,avenue des Coutures,44,,EL0432,1565673.03110000,5183211.09790000,1.27075790,45.83581893
87085_1385_00045,avenue des Coutures,45,,EM0007,1565655.63760000,5183201.80420000,1.27053666,45.83573193
87085_1385_00046,avenue des Coutures,46,,EL0433,1565666.68890000,5183215.37420000,1.27067509,45.83585616
87085_1385_00047,avenue des Coutures,47,,EM0006,1565644.18840000,5183210.00410000,1.27038702,45.83580346
87085_1385_00048,avenue des Coutures,48,,EL0433,1565655.80760000,5183222.99730000,1.27053292,45.83592261
87085_1385_00049,avenue des Coutures,49,,EM0005,1565633.10950000,5183217.67990000,1.27024230,45.83587034
87085_1385_00050,avenue des Coutures,50,,EL0434,1565645.18130000,5183230.38570000,1.27039411,45.83598700
87085_1385_00051,avenue des Coutures,51,,EM0004,1565610.68710000,5183218.89400000,1.26995340,45.83587688
87085_1385_00052,avenue des Coutures,52,,EL0435,1565637.21240000,5183248.40360000,1.27028651,45.83614752
87085_1385_00053,avenue des Coutures,53,,EM0003,1565594.06540000,5183217.29950000,1.26973994,45.83585929
87085_1385_00055,avenue des Coutures,55,,EM0002,1565579.59900000,5183215.79570000,1.26955418,45.83584294
87085_4650_00001,avenue des Ruchoux,1,,BC0255,1563832.02790000,5183068.19940000,1.24710605,45.83417141
87085_4650_00002,avenue des Ruchoux,2,,BC0205,1563845.29700000,5183058.62080000,1.24727952,45.83408787
87085_4650_00004,avenue des Ruchoux,4,,BC0204,1563841.01980000,5183076.61940000,1.24721938,45.83424893
87085_4650_00005,avenue des Ruchoux,5,,BC0208,1563826.89050000,5183087.89350000,1.24703436,45.83434755
87085_4650_00006,avenue des Ruchoux,6,,BC0202,1563838.56490000,5183086.30860000,1.24718505,45.83433561
87085_4650_00007,avenue des Ruchoux,7,,BC0209,1563824.79410000,5183095.69990000,1.24700517,45.83441736
87085_4650_00009,avenue des Ruchoux,9,,BC0298,1563822.74180000,5183105.22600000,1.24697606,45.83450264
87085_4650_00010,avenue des Ruchoux,10,,BC0200,1563835.02380000,5183100.46970000,1.24713546,45.83446229
87085_4650_00011,avenue des Ruchoux,11,,BC0289,1563819.73410000,5183116.27510000,1.24693422,45.83460144
87085_4650_00012,avenue des Ruchoux,12,,BC0199,1563832.89560000,5183108.02300000,1.24710594,45.83452982
87085_4650_00013,avenue des Ruchoux,13,,BC0215,1563817.09310000,5183126.63750000,1.24689730,45.83469413
87085_4650_00014,avenue des Ruchoux,14,,BC0198,1563831.05110000,5183115.16880000,1.24708018,45.83459373
87085_4650_00015,avenue des Ruchoux,15,,BC0216,1563814.64470000,5183136.43950000,1.24686302,45.83478182
87085_4650_00016,avenue des Ruchoux,16,,BC0197,1563828.20530000,5183126.73990000,1.24704028,45.83469726
87085_4650_00017,avenue des Ruchoux,17,,BC0221,1563812.89140000,5183145.15620000,1.24683798,45.83485989
87085_4650_00018,avenue des Ruchoux,18,,BC0196,1563824.84550000,5183141.11740000,1.24699297,45.83482592
87085_4650_00019,avenue des Ruchoux,19,,BC0222,1563810.40030000,5183158.76360000,1.24680207,45.83498180
87085_4650_00020,avenue des Ruchoux,20,,BC0336,1563822.36130000,5183152.74450000,1.24695770,45.83493002
87085_4650_00021,avenue des Ruchoux,21,,BC0223,1563807.79740000,5183172.62370000,1.24676465,45.83510596
87085_4650_00022,avenue des Ruchoux,22,,BC0166,1563817.46140000,5183178.07910000,1.24688747,45.83515695
87085_4650_00023,avenue des Ruchoux,23,,BC0223,1563806.06760000,5183182.19260000,1.24673967,45.83519170
87085_4650_00025,avenue des Ruchoux,25,,BC0164,1563800.13300000,5183213.47750000,1.24665444,45.83547195
87085_4650_00026,avenue des Ruchoux,26,,BC0165,1563813.34230000,5183200.28100000,1.24682817,45.83535586
87085_4650_00027,avenue des Ruchoux,27,,BC0163,1563797.71000000,5183226.96630000,1.24661943,45.83559281
87085_4650_00029,avenue des Ruchoux,29,,BC0151,1563794.49370000,5183241.60140000,1.24657389,45.83572382
87085_4650_00030,avenue des Ruchoux,30,,BD0157,1563806.27320000,5183237.08490000,1.24672677,45.83568553
87085_4650_00031,avenue des Ruchoux,31,,BC0328,1563790.64790000,5183260.94910000,1.24651892,45.83589710
87085_4650_00032,avenue des Ruchoux,32,,BD0158,1563804.23810000,5183247.87760000,1.24669752,45.83578221
87085_4650_00034,avenue des Ruchoux,34,,BD0159,1563802.29260000,5183257.76680000,1.24666968,45.83587078
87085_4650_00035,avenue des Ruchoux,35,,BC0118,1563785.65570000,5183286.82970000,1.24644734,45.83612893
87085_4650_00036,avenue des Ruchoux,36,,BD0160,1563798.61000000,5183282.25570000,1.24661535,45.83609035
87085_4650_00037,avenue des Ruchoux,37,,BC0117,1563783.79960000,5183296.91030000,1.24642060,45.83621924
87085_4650_00038,avenue des Ruchoux,38,,BD0161,1563796.26910000,5183289.03270000,1.24658330,45.83615085
87085_4650_00039,avenue des Ruchoux,39,,BC0116,1563781.60560000,5183306.23740000,1.24638972,45.83630271
87085_4650_00040,avenue des Ruchoux,40,,BD0162,1563794.26910000,5183297.77060000,1.24655509,45.83622905
87085_4650_00041,avenue des Ruchoux,41,,BC0115,1563778.73640000,5183318.13820000,1.24634942,45.83640919
87085_4650_00042,avenue des Ruchoux,42,,BD0170,1563792.57780000,5183305.20660000,1.24653122,45.83629561
87085_4650_00043,avenue des Ruchoux,43,,BC0114,1563776.13740000,5183329.83020000,1.24631266,45.83651385
87085_4650_00046,avenue des Ruchoux,46,,BD0171,1563787.27990000,5183328.65300000,1.24645639,45.83650547
87085_4650_00047,avenue des Ruchoux,47,,BC0013,1563769.53750000,5183360.76560000,1.24621896,45.83679083
87085_4650_00048,avenue des Ruchoux,48,,BD0172,1563784.45340000,5183341.97970000,1.24641624,45.83662479
87085_4650_00049,avenue des Ruchoux,49,,BC0280,1563767.26950000,5183370.82330000,1.24618692,45.83688085
87085_4650_00051,avenue des Ruchoux,51,,BC0011,1563765.58060000,5183379.31560000,1.24616277,45.83695691
87085_4650_00053,avenue des Ruchoux,53,,BC0010,1563764.03140000,5183390.91470000,1.24613955,45.83706094
87085_4650_00055,avenue des Ruchoux,55,,BC0278,1563762.87370000,5183402.24330000,1.24612144,45.83716262
87085_4650_00057,avenue des Ruchoux,57,,BC0008,1563761.38340000,5183412.26470000,1.24609942,45.83725247
87085_4650_00059,avenue des Ruchoux,59,,BC0007,1563759.99910000,5183421.56530000,1.24607897,45.83733586
87085_4650_00060,avenue des Ruchoux,60,,BD0174,1563770.72210000,5183422.87790000,1.24621660,45.83734980
87085_4650_00063,avenue des Ruchoux,63,,BC0006,1563758.31330000,5183443.33110000,1.24605110,45.83753133
87085_4650_00064,avenue des Ruchoux,64,,BD0018,1563764.87120000,5183460.23250000,1.24613071,45.83768466
87085_4650_00065,avenue des Ruchoux,65,,BC0006,1563757.08330000,5183452.92250000,1.24603255,45.83761736
87085_4650_00066,avenue des Ruchoux,66,,BD0018,1563761.53080000,5183468.48910000,1.24608538,45.83775827
87085_4650_00067,avenue des Ruchoux,67,,BC0005,1563754.59620000,5183457.52410000,1.24599924,45.83765826
87085_4650_00068,avenue des Ruchoux,68,,BD0017,1563759.74450000,5183472.62330000,1.24606122,45.83779511
87085_4650_00069,avenue des Ruchoux,69,,BC0002,1563751.64780000,5183464.79920000,1.24595923,45.83772312
87085_4650_00070,avenue des Ruchoux,70,,BD0016,1563753.36610000,5183487.43720000,1.24597493,45.83792710
87085_4650_00071,avenue des Ruchoux,71,,BC0002,1563748.18360000,5183473.18470000,1.24591227,45.83779787
87085_4650_00072,avenue des Ruchoux,72,,BH0397,1563745.40420000,5183505.22020000,1.24586742,45.83808549
87085_4650_00073,avenue des Ruchoux,73,,BC0001,1563744.29290000,5183481.72550000,1.24585978,45.83787393
87085_4650_00074,avenue des Ruchoux,74,,BH0397,1563743.04470000,5183511.05610000,1.24583540,45.83813752
87085_4650_00075,avenue des Ruchoux,75,,BH0398,1563734.53770000,5183504.45190000,1.24572779,45.83807643
87085_4650_00076,avenue des Ruchoux,76,,BH0397,1563739.57080000,5183519.03580000,1.24578843,45.83820862
87085_4650_00077,avenue des Ruchoux,77,,BH0399,1563729.67250000,5183516.07070000,1.24566188,45.83817998
87085_4650_00078,avenue des Ruchoux,78,,BH0377,1563735.24490000,5183529.70140000,1.24572973,45.83830370
87085_4650_00079,avenue des Ruchoux,79,,BH0406,1563725.40830000,5183525.62860000,1.24560429,45.83826512
87085_4650_00080,avenue des Ruchoux,80,,BH0377,1563728.11800000,5183546.07410000,1.24563337,45.83844957
87085_4650_00081,avenue des Ruchoux,81,,BH0407,1563721.67610000,5183534.25610000,1.24555381,45.83834199
87085_4650_00082,avenue des Ruchoux,82,,BH0377,1563721.09680000,5183562.24170000,1.24553842,45.83859362
87085_4650_00083,avenue des Ruchoux,83,,BH0410,1563717.64470000,5183543.79040000,1.24549923,45.83842695
87085_4650_00084,avenue des Ruchoux,84,,BH0376,1563718.73890000,5183568.27820000,1.24550637,45.83864745
87085_4650_00085,avenue des Ruchoux,85,,BH0411,1563714.47140000,5183551.46180000,1.24545621,45.83849533
87085_4650_00087,avenue des Ruchoux,87,,BH0411,1563711.44820000,5183558.27690000,1.24541537,45.83855604
87085_4650_00089,avenue des Ruchoux,89,,BH0413,1563707.97050000,5183566.54360000,1.24536827,45.83862971
87085_4650_00090,avenue des Ruchoux,90,,BH0367,1563700.31460000,5183610.98590000,1.24525714,45.83902798
87085_4650_00091,avenue des Ruchoux,91,,BH0915,1563704.02340000,5183575.80280000,1.24531485,45.83871222
87085_4650_00092,avenue des Ruchoux,92,,BH0366,1563694.43720000,5183624.67280000,1.24517761,45.83914994
87085_4650_00093,avenue des Ruchoux,93,,BH0418,1563700.34720000,5183584.51820000,1.24526506,45.83878989
87085_4650_00095,avenue des Ruchoux,95,,BH0419,1563697.42710000,5183591.85140000,1.24522540,45.83885528
87085_4650_00099,avenue des Ruchoux,99,,BH0994,1563687.78200000,5183613.83080000,1.24509504,45.83905109
87085_4650_00101,avenue des Ruchoux,101,,BH0424,1563679.06160000,5183634.51210000,1.24497694,45.83923540
87085_4650_00103,avenue des Ruchoux,103,,BH0426,1563674.94510000,5183644.11830000,1.24492123,45.83932099
87085_4650_00104,avenue des Ruchoux,104,,BH0346,1563660.06000000,5183708.78950000,1.24471132,45.83989980
87085_4650_00105,avenue des Ruchoux,105,,BH0427,1563670.67860000,5183653.42050000,1.24486369,45.83940383
87085_4650_00107,avenue des Ruchoux,107,,BH0428,1563666.07500000,5183664.00720000,1.24480143,45.83949815
87085_4650_00107_bis,avenue des Ruchoux,107,bis,BH0838,1563662.41360000,5183672.15030000,1.24475200,45.83957067
87085_4650_00109,avenue des Ruchoux,109,,BH0837,1563658.63730000,5183680.91650000,1.24470091,45.83964878
87085_4650_00110,avenue des Ruchoux,110,,BH0345,1563646.32060000,5183745.26730000,1.24452414,45.84022521
87085_4650_00111,avenue des Ruchoux,111,,BH0303,1563647.07910000,5183707.20510000,1.24454470,45.83988297
87085_4650_00112,avenue des Ruchoux,112,,BH0340,1563642.21460000,5183756.27610000,1.24446817,45.84032343
87085_4650_00113,avenue des Ruchoux,113,,BH0304,1563643.35670000,5183717.47120000,1.24449388,45.83997458
87085_4650_00114,avenue des Ruchoux,114,,BH0339,1563637.61690000,5183768.33480000,1.24440557,45.84043099
87085_4650_00115,avenue des Ruchoux,115,,BH0305,1563640.49500000,5183725.08930000,1.24445489,45.84004254
87085_4650_00116,avenue des Ruchoux,116,,BH0338,1563634.25850000,5183777.86140000,1.24435965,45.84051602
87085_4650_00117,avenue des Ruchoux,117,,BH0312,1563635.37420000,5183738.48000000,1.24438518,45.84016198
87085_4650_00118,avenue des Ruchoux,118,,BH0337,1563630.91030000,5183787.38380000,1.24431385,45.84060101
87085_4650_00119,avenue des Ruchoux,119,,BH0317,1563629.26960000,5183754.86310000,1.24430196,45.84030815
87085_4650_00120,avenue des Ruchoux,120,,BH0333,1563626.90500000,5183799.02990000,1.24425900,45.84070498
87085_4650_00122,avenue des Ruchoux,122,,BH0332,1563624.45630000,5183806.34560000,1.24422541,45.84077031
87085_4650_00123,avenue des Ruchoux,123,,BH0327,1563618.01170000,5183788.96380000,1.24414740,45.84061267
87085_4650_00124,avenue des Ruchoux,124,,BH0330,1563620.39770000,5183822.13760000,1.24416869,45.84091156
87085_4650_00125,avenue des Ruchoux,125,,BH0327,1563616.05450000,5183795.43920000,1.24412037,45.84067053
87085_4650_00127,avenue des Ruchoux,127,,BH0328,1563613.10690000,5183805.04030000,1.24407971,45.84075631
87085_4650_00129,avenue des Ruchoux,129,,BH0800,1563610.63740000,5183813.21200000,1.24404560,45.84082933
87085_5110_00002,avenue de Turenne,2,,DP0024,1564795.33880000,5183622.63320000,1.25934686,45.83934893
87085_5110_00003,avenue de Turenne,3,,DP0028,1564796.99060000,5183600.92860000,1.25937400,45.83915400
87085_5110_00004,avenue de Turenne,4,,DP0023,1564786.21050000,5183619.08770000,1.25923038,45.83931524
87085_5110_00005,avenue de Turenne,5,,DP0213,1564787.42200000,5183597.15870000,1.25925214,45.83911822
87085_5110_00006,avenue de Turenne,6,,DP0022,1564777.71700000,5183615.80710000,1.25912199,45.83928406
87085_5110_00008,avenue de Turenne,8,,DP0019,1564767.39590000,5183611.89400000,1.25899026,45.83924683
87085_5110_00009,avenue de Turenne,9,,DP0208,1564766.46940000,5183589.28250000,1.25898469,45.83904325
87085_5110_00010,avenue de Turenne,10,,DP0018,1564758.77940000,5183608.78920000,1.25888023,45.83921721
87085_5110_00011,avenue de Turenne,11,,DP0032,1564758.65920000,5183586.27220000,1.25888502,45.83901463
87085_5110_00012,avenue de Turenne,12,,DP0016,1564749.57790000,5183605.22050000,1.25876281,45.83918330
87085_5110_00014,avenue de Turenne,14,,DP0015,1564737.91520000,5183600.44390000,1.25861406,45.83913803
87085_5110_00015,avenue de Turenne,15,,DP0033,1564733.59330000,5183576.44010000,1.25856519,45.83892125
87085_5110_00016,avenue de Turenne,16,,DP0014,1564728.42800000,5183597.02140000,1.25849292,45.83910538
87085_5110_00017,avenue de Turenne,17,,DP0034,1564726.62080000,5183573.62700000,1.25847625,45.83889458
87085_5110_00018,avenue de Turenne,18,,DP0014,1564719.85490000,5183593.63140000,1.25838354,45.83907320
87085_1589_00003,avenue Dominique Larrey,3,,NR0039,1563394.83300000,5180852.88700000,1.24210916,45.81415674
87085_1589_00005,avenue Dominique Larrey,5,,NR0039,1563391.84480000,5180846.82710000,1.24207244,45.81410163
87085_1589_00007,avenue Dominique Larrey,7,,NR0039,1563387.67180000,5180839.84010000,1.24202074,45.81403795
87085_1589_00008,avenue Dominique Larrey,8,,NO1056,1563306.55260000,5180782.46820000,1.24099400,45.81350600
87085_1589_00009,avenue Dominique Larrey,9,,NR0039,1563385.14240000,5180836.26870000,1.24198922,45.81400532
87085_1589_00011,avenue Dominique Larrey,11,,NR0039,1563380.51880000,5180827.78160000,1.24193215,45.81392806
87085_1589_00013,avenue Dominique Larrey,13,,NR0039,1563377.50980000,5180806.47640000,1.24189949,45.81373581
87085_1589_00015,avenue Dominique Larrey,15,,NR0041,1563352.85340000,5180797.92870000,1.24158474,45.81365402
87085_1589_00015_ter,avenue Dominique Larrey,15,ter,NR0041,1563341.95620000,5180790.07260000,1.24144678,45.81358118
87085_1589_00017,avenue Dominique Larrey,17,,NR0041,1563338.95160000,5180776.47320000,1.24141200,45.81345825
87085_1589_00017_b,avenue Dominique Larrey,17,b,NR0002,1563271.19170000,5180673.41780000,1.24056962,45.81251775
87085_1589_00021,avenue Dominique Larrey,21,,NR0002,1563267.60460000,5180619.52500000,1.24053879,45.81203224
87085_1589_00023,avenue Dominique Larrey,23,,NR0002,1563111.29920000,5180396.52200000,1.23859157,45.80999512
87085_1589_00042,avenue Dominique Larrey,42,,NO0019,1563252.54500000,5180689.70810000,1.24032512,45.81266058
87085_0793_00002,avenue du Buisson,2,,NO1059,1562580.48780000,5180645.12940000,1.23169261,45.81212566
87085_0793_00010,avenue du Buisson,10,,NO1019,1562755.64230000,5180445.63320000,1.23400266,45.81036604
87085_2267_00001,avenue du Golf,1,,TD0001,1566591.51880000,5180575.91380000,1.28330933,45.81229252
87085_2267_00026,avenue du Golf,26,,TD0014,1566963.68940000,5180523.70380000,1.28811135,45.81189493
87085_2267_00028,avenue du Golf,28,,TD0007,1567002.25760000,5180524.96360000,1.28860714,45.81191372
87085_3515_00001,avenue du Midi,1,,HT0147,1564605.47200000,5182192.87760000,1.25730593,45.82645009
87085_3515_00002,avenue du Midi,2,,HT0051,1564620.53630000,5182211.18760000,1.25749461,45.82661776
87085_3515_00003,avenue du Midi,3,,HT0147,1564592.50380000,5182190.39170000,1.25713977,45.82642517
87085_3515_00004,avenue du Midi,4,,HT0052,1564610.85980000,5182209.40880000,1.25737061,45.82659986
87085_3515_00006,avenue du Midi,6,,HT0053,1564597.44740000,5182206.87140000,1.25719874,45.82657439
87085_3515_00007,avenue du Midi,7,,HT0066,1564580.49070000,5182188.37460000,1.25698577,45.82640466
87085_3515_00009,avenue du Midi,9,,HT0067,1564572.99760000,5182186.91830000,1.25688976,45.82639009
87085_3515_00010,avenue du Midi,10,,HT0023,1564579.63610000,5182203.57170000,1.25697049,45.82654120
87085_3515_00011,avenue du Midi,11,,HT0067,1564564.86480000,5182185.53530000,1.25678551,45.82637604
87085_3515_00012,avenue du Midi,12,,HT0022,1564574.14840000,5182202.50560000,1.25690018,45.82653053
87085_3515_00012_a,avenue du Midi,12,a,HT0022,1564569.90060000,5182217.73730000,1.25684123,45.82666671
87085_3515_00012_b,avenue du Midi,12,b,HT0022,1564565.37850000,5182224.85230000,1.25678104,45.82672982
87085_3515_00014,avenue du Midi,14,,HT0022,1564565.40420000,5182200.99680000,1.25678809,45.82651524
87085_3515_00016,avenue du Midi,16,,HT0174,1564553.52480000,5182198.84610000,1.25663584,45.82649355
87085_3515_00017,avenue du Midi,17,,HT0149,1564550.82770000,5182182.85560000,1.25660564,45.82634917
87085_3515_00019,avenue du Midi,19,,HT0149,1564538.30720000,5182180.53750000,1.25644519,45.82632586
87085_3515_00022,avenue du Midi,22,,HT0194,1564524.18530000,5182193.55370000,1.25625982,45.82644016
87085_3515_00023,avenue du Midi,23,,HT0070,1564524.74750000,5182178.16390000,1.25627139,45.82630183
87085_3515_00024,avenue du Midi,24,,HT0018,1564515.52280000,5182191.93430000,1.25614881,45.82642389
87085_3515_00025,avenue du Midi,25,,HT0190,1564519.08190000,5182177.13760000,1.25619878,45.82629148
87085_3515_00027,avenue du Midi,27,,HT0190,1564512.52600000,5182176.02850000,1.25611474,45.82628022
87085_3515_00028,avenue du Midi,28,,HT0117,1564498.42880000,5182188.87360000,1.25592973,45.82639299
87085_3515_00029,avenue du Midi,29,,HT0191,1564506.53700000,5182174.86730000,1.25603800,45.82626859
87085_3515_00030,avenue du Midi,30,,HT0117,1564490.41340000,5182187.26970000,1.25582704,45.82637698
87085_3515_00032,avenue du Midi,32,,HT0016,1564478.21760000,5182185.15820000,1.25567071,45.82635558
87085_3515_00033,avenue du Midi,33,,HT0145,1564488.33540000,5182171.44800000,1.25580476,45.82623425
87085_3515_00033_a,avenue du Midi,33,a,HT0145,1564500.21420000,5182129.72930000,1.25596936,45.82586130
87085_3515_00033_b,avenue du Midi,33,b,HT0145,1564511.13520000,5182138.65240000,1.25610737,45.82594372
87085_3515_00033_c,avenue du Midi,33,c,HT0145,1564517.37070000,5182144.16590000,1.25618605,45.82599455
87085_3515_00035,avenue du Midi,35,,HT0082,1564480.08630000,5182169.95790000,1.25569904,45.82621922
87085_3515_00037,avenue du Midi,37,,HT0082,1564471.58280000,5182168.37860000,1.25559007,45.82620333
87085_3515_00039,avenue du Midi,39,,HT0083,1564459.10390000,5182165.95290000,1.25543019,45.82617905
87085_3515_00040,avenue du Midi,40,,HT0015,1564453.36320000,5182180.46400000,1.25535223,45.82630846
87085_3515_00043,avenue du Midi,43,,HT0084,1564443.71810000,5182163.26320000,1.25523298,45.82615183
87085_3515_00046,avenue du Midi,46,,HT0014,1564436.07120000,5182177.50410000,1.25513057,45.82627842
87085_3515_00047,avenue du Midi,47,,HT0130,1564431.02020000,5182160.94660000,1.25507025,45.82612848
87085_3515_00048,avenue du Midi,48,,HT0013,1564424.79310000,5182175.38500000,1.25498605,45.82625714
87085_3515_00051,avenue du Midi,51,,HT0099,1564411.47140000,5182157.50330000,1.25481968,45.82609366
87085_3515_00057,avenue du Midi,57,,HT0103,1564383.17500000,5182152.20150000,1.25445709,45.82604039
87085_3515_00058,avenue du Midi,58,,HZ0100,1564348.65550000,5182161.49520000,1.25401030,45.82611718
87085_3515_00061,avenue du Midi,61,,HT0102,1564360.57490000,5182147.96070000,1.25416749,45.82599778
87085_3515_00065,avenue du Midi,65,,HT0101,1564340.28290000,5182144.19850000,1.25390745,45.82595994
87085_3515_00067,avenue du Midi,67,,HT0100,1564333.45380000,5182143.01410000,1.25381992,45.82594793
87085_3515_00068,avenue du Midi,68,,HZ0101,1564296.64960000,5182152.02900000,1.25334381,45.82602177
87085_3515_00070,avenue du Midi,70,,HZ0102,1564291.23210000,5182151.19690000,1.25327434,45.82601321
87085_3515_00071,avenue du Midi,71,,HZ0104,1564301.96580000,5182137.41820000,1.25341634,45.82589138
87085_3515_00075,avenue du Midi,75,,HZ0105,1564279.46410000,5182133.19730000,1.25312800,45.82584897
87085_3515_00079,avenue du Midi,79,,HZ0106,1564267.91670000,5182131.10070000,1.25298001,45.82582784
87085_3870_00001,avenue du Parc,1,,BM0037,1563723.01130000,5184281.11830000,1.24535921,45.84506068
87085_3870_00002,avenue du Parc,2,,BM0031,1563727.87260000,5184305.56550000,1.24541485,45.84528156
87085_3870_00003,avenue du Parc,3,,BM0036,1563716.74360000,5184288.10150000,1.24527656,45.84512226
87085_3870_00005,avenue du Parc,5,,BM0035,1563710.98170000,5184293.96450000,1.24520073,45.84517386
87085_3870_00005_bis,avenue du Parc,5,bis,BM0034,1563705.61900000,5184299.99630000,1.24513000,45.84522705
87085_3870_00007,avenue du Parc,7,,BM0033,1563699.01830000,5184306.97260000,1.24504306,45.84528850
87085_3870_00009,avenue du Parc,9,,BM0032,1563693.13670000,5184313.61730000,1.24496547,45.84534711
87085_3870_00010,avenue du Parc,10,,BM0027,1563694.27110000,5184342.79100000,1.24497179,45.84560977
87085_3870_00014,avenue du Parc,14,,BM0024,1563679.92280000,5184359.20110000,1.24478245,45.84575454
87085_3870_00016,avenue du Parc,16,,BM0002,1563637.81750000,5184406.13110000,1.24422718,45.84616835
87085_0447_00002,avenue du Ponteix,2,,VB0052,1567620.63810000,5180050.34590000,1.29669252,45.80776346
87085_0447_00004,avenue du Ponteix,4,,VB0018,1567633.11470000,5180040.23120000,1.29685578,45.80767487
87085_0447_00006,avenue du Ponteix,6,,VB0018,1567662.37340000,5180039.99300000,1.29723220,45.80767836
87085_0447_00008,avenue du Ponteix,8,,VB0071,1567639.91310000,5179980.09110000,1.29695977,45.80713518
87085_0447_00008_b,avenue du Ponteix,8,b,VB0072,1567633.66890000,5179964.74520000,1.29688368,45.80699593
87085_0447_00010,avenue du Ponteix,10,,VB0070,1567594.03730000,5179976.44830000,1.29637069,45.80709358
87085_0447_00012,avenue du Ponteix,12,,VB0053,1567612.94260000,5180009.47250000,1.29660477,45.80739430
87085_0447_00014,avenue du Ponteix,14,,VB0013,1567582.31700000,5179974.47820000,1.29622047,45.80707360
87085_0447_00016,avenue du Ponteix,16,,VB0009,1567477.51460000,5179942.54470000,1.29488122,45.80676616
87085_0447_00018,avenue du Ponteix,18,,VB0008,1567465.88960000,5180033.93540000,1.29470652,45.80758605
87085_0447_00020,avenue du Ponteix,20,,VB0006,1567426.44640000,5179927.94070000,1.29422836,45.80662495
87085_0447_00022,avenue du Ponteix,22,,VB0025,1567343.85580000,5179875.89690000,1.29318038,45.80614086
87085_0447_00024,avenue du Ponteix,24,,VB0028,1567300.53020000,5179908.63920000,1.29261407,45.80642705
87085_0447_00026,avenue du Ponteix,26,,VB0062,1567314.46430000,5179857.15980000,1.29280749,45.80596664
87085_0447_00028,avenue du Ponteix,28,,VB0005,1567227.21740000,5179801.74780000,1.29170057,45.80545134
87085_4639_00004,avenue du Roussillon,4,,NK0280,1562287.68480000,5181720.39960000,1.22761823,45.82173973
87085_4639_00005,avenue du Roussillon,5,,NK0054,1562297.11170000,5181709.67260000,1.22774259,45.82164512
87085_4639_00007,avenue du Roussillon,7,,NK0057,1562288.74310000,5181697.47160000,1.22763841,45.82153369
87085_4639_00008,avenue du Roussillon,8,,NK0280,1562266.65170000,5181694.18720000,1.22735513,45.82149973
87085_4639_00009,avenue du Roussillon,9,,NK0058,1562279.65160000,5181686.75210000,1.22752451,45.82143545
87085_4639_00011,avenue du Roussillon,11,,NK0061,1562272.72950000,5181681.06060000,1.22743708,45.82138286
87085_4639_00013,avenue du Roussillon,13,,NK0062,1562265.44150000,5181676.66370000,1.22734458,45.82134185
87085_4639_00014,avenue du Roussillon,14,,NK0001,1562155.40510000,5181645.59840000,1.22593777,45.82104036
87085_4639_00015,avenue du Roussillon,15,,NK0064,1562256.73710000,5181672.39400000,1.22723381,45.82130170
87085_4639_00016,avenue du Roussillon,16,,NK0001,1562117.17260000,5181629.92410000,1.22545038,45.82089170
87085_4639_00017,avenue du Roussillon,17,,NK0246,1562246.11570000,5181667.92930000,1.22709844,45.82125941
87085_4639_00019,avenue du Roussillon,19,,NK0067,1562236.18260000,5181663.78040000,1.22697183,45.82122010
87085_4639_00021,avenue du Roussillon,21,,NK0250,1562226.22000000,5181659.69170000,1.22684482,45.82118132
87085_4639_00023,avenue du Roussillon,23,,NK0071,1562211.88770000,5181653.60280000,1.22666217,45.82112368
87085_4639_00025,avenue du Roussillon,25,,NK0072,1562196.62940000,5181647.53730000,1.22646760,45.82106606
87085_4639_00027,avenue du Roussillon,27,,NK0077,1562173.55640000,5181638.11010000,1.22617345,45.82097664
87085_4639_00028,avenue du Roussillon,28,,NK0001,1562077.02140000,5181613.60380000,1.22493848,45.82073684
87085_4639_00029,avenue du Roussillon,29,,NK0077,1562157.21310000,5181631.41360000,1.22596510,45.82091312
87085_4639_00031,avenue du Roussillon,31,,NK0077,1562140.87460000,5181624.84000000,1.22575678,45.82085072
87085_4639_00033,avenue du Roussillon,33,,NK0077,1562123.65690000,5181618.05730000,1.22553720,45.82078625
87085_4639_00034,avenue du Roussillon,34,,NK0002,1562047.18950000,5181601.50940000,1.22455814,45.82062206
87085_4639_00039,avenue du Roussillon,39,,NK0079,1562003.87240000,5181488.10100000,1.22403338,45.81959321
87085_4639_00041,avenue du Roussillon,41,,NK0079,1561999.06040000,5181439.86140000,1.22398531,45.81915830
87085_4639_00043,avenue du Roussillon,43,,NK0080,1561958.93320000,5181486.63690000,1.22345564,45.81957102
87085_4639_00046,avenue du Roussillon,46,,NH0228,1561942.49630000,5181497.40950000,1.22324108,45.81966463
87085_4639_00053,avenue du Roussillon,53,,NK0081,1561925.83490000,5181364.49950000,1.22306488,45.81846569
87085_4639_00056,avenue du Roussillon,56,,NI0220,1561905.80330000,5181380.28320000,1.22280264,45.81860365
87085_4639_00058,avenue du Roussillon,58,,NI0221,1561893.64350000,5181340.08920000,1.22265774,45.81823964
87085_4639_00058_b,avenue du Roussillon,58,b,NI0221,1561909.35980000,5181332.94540000,1.22286198,45.81817854
87085_4639_00060,avenue du Roussillon,60,,NI0221,1561910.68270000,5181328.18290000,1.22288037,45.81813596
87085_4639_00062,avenue du Roussillon,62,,NI0221,1561912.05900000,5181320.85130000,1.22290018,45.81807028
87085_4639_00064,avenue du Roussillon,64,,NI0221,1561915.39610000,5181310.85580000,1.22294598,45.81798104
87085_4639_00064_bis,avenue du Roussillon,64,bis,NI0221,1561916.66610000,5181305.61700000,1.22296382,45.81793417
87085_4639_00066,avenue du Roussillon,66,,NI0221,1561919.63810000,5181299.24360000,1.22300389,45.81787743
87085_4639_00068,avenue du Roussillon,68,,NI0221,1561924.59430000,5181279.56350000,1.22307330,45.81770140
87085_4639_00070,avenue du Roussillon,70,,NI0221,1561927.85780000,5181269.48100000,1.22311818,45.81761135
87085_4639_00078,avenue du Roussillon,78,,NI0117,1561948.03300000,5181195.89870000,1.22339885,45.81695349
87085_4670_00008,avenue du Sablard,8,,EP0343,1565760.24680000,5182404.42140000,1.27210556,45.82857941
87085_4670_00009,avenue du Sablard,9,,EP0410,1565757.01920000,5182424.18560000,1.27205851,45.82875657
87085_4670_00010,avenue du Sablard,10,,EP0052,1565770.83070000,5182408.42410000,1.27224064,45.82861748
87085_4670_00010_bis,avenue du Sablard,10,bis,EP0051,1565777.27940000,5182397.36060000,1.27232670,45.82851922
87085_4670_00010_ter,avenue du Sablard,10,ter,EP0050,1565780.93010000,5182400.48340000,1.27237281,45.82854802
87085_4670_00011,avenue du Sablard,11,,EP0410,1565779.73780000,5182435.93440000,1.27234757,45.82886669
87085_4670_00012,avenue du Sablard,12,,EP0047,1565778.11660000,5182411.77530000,1.27233345,45.82864905
87085_4670_00016,avenue du Sablard,16,,EP0046,1565784.48500000,5182415.35520000,1.27241440,45.82868250
87085_4670_00017,avenue du Sablard,17,,EP0005,1565794.47970000,5182443.24820000,1.27253522,45.82893536
87085_4670_00018,avenue du Sablard,18,,EP0043,1565789.50750000,5182418.68840000,1.27247810,45.82871346
87085_4670_00018_bis,avenue du Sablard,18,bis,EP0044,1565796.54420000,5182414.00060000,1.27256995,45.82867266
87085_4670_00019,avenue du Sablard,19,,EP0009,1565807.89520000,5182450.17290000,1.27270592,45.82900027
87085_4670_00020,avenue du Sablard,20,,EP0042,1565793.98970000,5182421.54410000,1.27253498,45.82874002
87085_4670_00021,avenue du Sablard,21,,EP0351,1565817.20820000,5182453.53350000,1.27282482,45.82903232
87085_4670_00022,avenue du Sablard,22,,EP0290,1565799.66060000,5182425.45720000,1.27260686,45.82877633
87085_4670_00024,avenue du Sablard,24,,EP0038,1565806.72080000,5182429.23970000,1.27269665,45.82881173
87085_4670_00025,avenue du Sablard,25,,EP0351,1565833.04800000,5182458.58160000,1.27302723,45.82908082
87085_4670_00026,avenue du Sablard,26,,EP0038,1565819.36600000,5182434.90560000,1.27285778,45.82886517
87085_4670_00027,avenue du Sablard,27,,EP0350,1565844.11410000,5182462.00640000,1.27316867,45.82911379
87085_4670_00028,avenue du Sablard,28,,EP0037,1565831.33010000,5182440.22820000,1.27301025,45.82891538
87085_4670_00029,avenue du Sablard,29,,EP0349,1565853.38840000,5182464.74380000,1.27328725,45.82914022
87085_4670_00030,avenue du Sablard,30,,EP0414,1565843.62810000,5182445.33300000,1.27316707,45.82896370
87085_4670_00031,avenue du Sablard,31,,EP0031,1565864.91650000,5182468.54690000,1.27343453,45.82917668
87085_4670_00031_bis,avenue du Sablard,31,bis,EP0324,1565870.28870000,5182470.15820000,1.27350321,45.82919222
87085_4670_00032,avenue du Sablard,32,,EP0413,1565850.56900000,5182447.98540000,1.27325564,45.82898892
87085_4670_00033,avenue du Sablard,33,,EP0323,1565874.52630000,5182471.55260000,1.27355735,45.82920559
87085_4670_00034,avenue du Sablard,34,,EP0035,1565857.29740000,5182450.81470000,1.27334144,45.82901568
87085_4670_00035,avenue du Sablard,35,,EP0277,1565894.46170000,5182477.51120000,1.27381221,45.82926308
87085_4670_00036,avenue du Sablard,36,,EP0034,1565863.58790000,5182453.04770000,1.27342176,45.82903700
87085_4670_00037,avenue du Sablard,37,,EP0027,1565917.27270000,5182484.48650000,1.27410379,45.82933028
87085_4670_00041,avenue du Sablard,41,,EP0026,1565940.29690000,5182491.63650000,1.27439807,45.82939908
87085_4670_00042,avenue du Sablard,42,,ER0141,1565897.90960000,5182463.92990000,1.27386037,45.82914158
87085_4670_00043,avenue du Sablard,43,,EP0025,1565954.00450000,5182495.73390000,1.27457332,45.82943861
87085_4670_00044,avenue du Sablard,44,,ER0142,1565910.78910000,5182467.67480000,1.27402505,45.82917778
87085_4670_00045,avenue du Sablard,45,,EP0024,1565962.30510000,5182498.34620000,1.27467940,45.82946373
87085_4670_00046,avenue du Sablard,46,,ER0324,1565923.81270000,5182471.73850000,1.27419150,45.82921687
87085_4670_00047,avenue du Sablard,47,,EP0023,1565969.43990000,5182500.58230000,1.27477059,45.82948524
87085_4670_00048,avenue du Sablard,48,,ER0144,1565935.66040000,5182475.06320000,1.27434303,45.82924909
87085_4670_00049,avenue du Sablard,49,,EP0022,1565989.39770000,5182506.43220000,1.27502577,45.82954175
87085_4670_00050,avenue du Sablard,50,,ER0145,1565945.77200000,5182478.30600000,1.27447224,45.82928023
87085_4670_00052,avenue du Sablard,52,,ER0145,1565954.38430000,5182480.80040000,1.27458237,45.82930435
87085_4670_00054,avenue du Sablard,54,,ER0579,1565961.93880000,5182483.30450000,1.27467888,45.82932835
87085_4670_00055,avenue du Sablard,55,,EP0021,1566002.80870000,5182510.54280000,1.27519720,45.82958134
87085_4670_00056,avenue du Sablard,56,,ER0580,1565968.95820000,5182485.27980000,1.27476865,45.82934749
87085_4670_00057,avenue du Sablard,57,,EP0392,1566014.11590000,5182513.98060000,1.27534174,45.82961447
87085_4670_00058,avenue du Sablard,58,,ER0147,1565974.45730000,5182486.98220000,1.27483894,45.82936387
87085_4670_00059,avenue du Sablard,59,,EP0406,1566024.01540000,5182516.81410000,1.27546833,45.82964188
87085_4670_00060,avenue du Sablard,60,,ER0149,1565983.60720000,5182489.44730000,1.27495599,45.82938783
87085_4670_00061,avenue du Sablard,61,,EP0404,1566035.24400000,5182520.18740000,1.27561188,45.82967442
87085_4670_00063,avenue du Sablard,63,,EP0402,1566045.51640000,5182523.43570000,1.27574316,45.82970564
87085_4670_00064,avenue du Sablard,64,,ER0150,1566006.10460000,5182496.19700000,1.27524361,45.82945293
87085_4670_00065,avenue du Sablard,65,,EP0412,1566054.93800000,5182526.16890000,1.27586364,45.82973206
87085_4670_00066,avenue du Sablard,66,,ER0152,1566010.34690000,5182497.39660000,1.27529786,45.82946455
87085_4670_00066_bis,avenue du Sablard,66,bis,ER0153,1566013.72270000,5182498.49310000,1.27534099,45.82947507
87085_4670_00067,avenue du Sablard,67,,EP0014,1566062.19100000,5182527.99970000,1.27595646,45.82974994
87085_4670_00068,avenue du Sablard,68,,ER0154,1566017.44380000,5182499.70450000,1.27538854,45.82948669
87085_4670_00070,avenue du Sablard,70,,ER0155,1566027.01010000,5182502.29320000,1.27551092,45.82951184
87085_4670_00071,avenue du Sablard,71,,ER0174,1566090.67220000,5182532.24120000,1.27632177,45.82979364
87085_4670_00073,avenue du Sablard,73,,ER0173,1566099.08370000,5182531.18200000,1.27643031,45.82978575
87085_4670_00074,avenue du Sablard,74,,ER0156,1566038.74460000,5182505.95070000,1.27566090,45.82954703
87085_4670_00075,avenue du Sablard,75,,ER0350,1566108.13580000,5182529.42000000,1.27654728,45.82977166
87085_4670_00076,avenue du Sablard,76,,ER0157,1566047.40560000,5182508.61000000,1.27577160,45.82957264
87085_4670_00077,avenue du Sablard,77,,ER0351,1566116.50130000,5182526.47210000,1.27665575,45.82974677
87085_4670_00079,avenue du Sablard,79,,ER0171,1566128.50870000,5182537.42700000,1.27680721,45.82984766
87085_4670_00080,avenue du Sablard,80,,ER0632,1566060.87530000,5182512.52300000,1.27594384,45.82961046
87085_4670_00081,avenue du Sablard,81,,ER0178,1566141.19870000,5182559.41690000,1.27696438,45.83004794
87085_4670_00081_b,avenue du Sablard,81,b,ER0432,1566133.57870000,5182564.41750000,1.27686500,45.83009100
87085_4670_00083,avenue du Sablard,83,,ER0169,1566136.02630000,5182517.91850000,1.27690938,45.82967363
87085_4670_00084,avenue du Sablard,84,,ER0160,1566081.12980000,5182517.09240000,1.27620320,45.82965551
87085_4670_00086,avenue du Sablard,86,,ER0161,1566096.38260000,5182516.80780000,1.27639955,45.82965592
87085_4670_00088,avenue du Sablard,88,,ER0472,1566106.64980000,5182514.09450000,1.27653243,45.82963351
87085_4670_00089,avenue du Sablard,89,,ER0168,1566156.67340000,5182508.05680000,1.27717781,45.82958894
87085_4670_00093,avenue du Sablard,93,,ER0627,1566187.08180000,5182493.73040000,1.27757309,45.82946598
87085_4670_00096,avenue du Sablard,96,,ER0476,1566139.41160000,5182499.97210000,1.27695793,45.82951285
87085_4670_00098,avenue du Sablard,98,,ER0164,1566149.75840000,5182495.27390000,1.27709238,45.82947260
87085_4670_00100,avenue du Sablard,100,,ER0165,1566156.84610000,5182491.90370000,1.27718453,45.82944366
87085_4670_00105,avenue du Sablard,105,,ES0170,1566277.30520000,5182455.72820000,1.27874464,45.82914167
87085_4670_00106,avenue du Sablard,106,,ER0166,1566164.79440000,5182488.34720000,1.27728779,45.82941322
87085_4670_00107,avenue du Sablard,107,,ES0171,1566294.07270000,5182448.19800000,1.27896250,45.82907719
87085_4670_00109,avenue du Sablard,109,,ES0172,1566309.90200000,5182440.87970000,1.27916822,45.82901444
87085_4670_00110,avenue du Sablard,110,,ER0525,1566190.36940000,5182476.33090000,1.27762023,45.82931010
87085_4670_00111,avenue du Sablard,111,,ES0173,1566328.02160000,5182432.62990000,1.27940367,45.82894375
87085_4670_00112,avenue du Sablard,112,,ER0525,1566200.96740000,5182471.28270000,1.27775801,45.82926675
87085_4670_00113,avenue du Sablard,113,,ES0174,1566345.68950000,5182424.33070000,1.27963333,45.82887252
87085_4670_00115,avenue du Sablard,115,,ES0175,1566362.68870000,5182416.67150000,1.27985420,45.82880693
87085_4670_00116,avenue du Sablard,116,,ER0440,1566214.63730000,5182465.16820000,1.27793562,45.82921440
87085_4670_00117,avenue du Sablard,117,,ES0176,1566379.99890000,5182408.24410000,1.28007928,45.82873448
87085_4670_00119,avenue du Sablard,119,,ES0177,1566399.85440000,5182399.07600000,1.28033732,45.82865587
87085_4670_00121,avenue du Sablard,121,,ES0178,1566417.96340000,5182390.87640000,1.28057262,45.82858562
87085_4670_00122,avenue du Sablard,122,,ER0182,1566258.11400000,5182444.79450000,1.27850073,45.82903959
87085_4670_00123,avenue du Sablard,123,,ES0179,1566433.58930000,5182383.36380000,1.28077578,45.82852108
87085_4670_00124,avenue du Sablard,124,,ER0183,1566268.14720000,5182440.19320000,1.27863112,45.82900014
87085_4670_00125,avenue du Sablard,125,,ES0180,1566446.35830000,5182377.30460000,1.28094177,45.82846905
87085_4670_00126,avenue du Sablard,126,,ER0466,1566278.01960000,5182435.66320000,1.27875941,45.82896131
87085_4670_00128,avenue du Sablard,128,,ER0485,1566291.26990000,5182429.49290000,1.27893163,45.82890838
87085_4670_00129,avenue du Sablard,129,,ES0247,1566477.86160000,5182367.30480000,1.28134992,45.82838521
87085_4670_00130,avenue du Sablard,130,,ES0123,1566323.48430000,5182414.49690000,1.27935033,45.82877975
87085_4670_00132,avenue du Sablard,132,,ES0395,1566330.96740000,5182411.19840000,1.27944754,45.82875153
87085_4670_00136,avenue du Sablard,136,,ES0126,1566348.59710000,5182402.88550000,1.27967670,45.82868018
87085_4670_00138,avenue du Sablard,138,,ES0127,1566357.33320000,5182398.81320000,1.27979025,45.82864524
87085_4670_00140,avenue du Sablard,140,,ES0128,1566366.87130000,5182394.68250000,1.27991413,45.82860994
87085_4670_00146,avenue du Sablard,146,,ES0096,1566393.18400000,5182382.01120000,1.28025623,45.82850106
87085_4670_00148,avenue du Sablard,148,,ES0094,1566399.06190000,5182379.34790000,1.28033261,45.82847825
87085_4670_00148_bis,avenue du Sablard,148,bis,ES0355,1566402.99190000,5182377.49450000,1.28038369,45.82846234
87085_4670_00150,avenue du Sablard,150,,ES0093,1566406.69930000,5182375.99540000,1.28043182,45.82844957
87085_4670_00152,avenue du Sablard,152,,ES0092,1566411.17200000,5182373.85110000,1.28048996,45.82843115
87085_4670_00154,avenue du Sablard,154,,ES0091,1566417.79480000,5182370.74750000,1.28057605,45.82840452
87085_4670_00156,avenue du Sablard,156,,ES0290,1566427.14650000,5182366.26130000,1.28069763,45.82836598
87085_4670_00158,avenue du Sablard,158,,ES0290,1566432.88140000,5182363.80380000,1.28077210,45.82834498
87085_4670_00160,avenue du Sablard,160,,ES0088,1566443.61840000,5182358.93030000,1.28091162,45.82830323
87085_4670_00162,avenue du Sablard,162,,ES0288,1566457.01310000,5182352.53960000,1.28108575,45.82824834
87085_4670_00170,avenue du Sablard,170,,ES0086,1566482.89170000,5182340.36760000,1.28142213,45.82814387
87085_4670_00172,avenue du Sablard,172,,ES0144,1566573.71790000,5182298.23150000,1.28260254,45.82778246
87085_4670_00174,avenue du Sablard,174,,ES0144,1566587.10800000,5182292.14820000,1.28277652,45.82773033
87085_4670_00176,avenue du Sablard,176,,ES0142,1566592.92910000,5182289.70480000,1.28285210,45.82770948
87085_4670_00178,avenue du Sablard,178,,ES0229,1566596.01260000,5182284.37820000,1.28289326,45.82766216
87085_4670_00182,avenue du Sablard,182,,ES0225,1566601.11450000,5182273.13560000,1.28296202,45.82756202
87085_4670_00182_bis,avenue du Sablard,182,bis,ES0223,1566584.46340000,5182252.55120000,1.28275348,45.82737362
87085_1720_00003,avenue Emile Labussière,3,,CY0060,1564612.39080000,5183762.23530000,1.25695298,45.84056874
87085_1720_00005,avenue Emile Labussière,5,,CY0060,1564604.29550000,5183773.80030000,1.25684553,45.84067118
87085_1720_00007,avenue Emile Labussière,7,,CY0043,1564597.35640000,5183783.54830000,1.25675347,45.84075750
87085_1720_00008,avenue Emile Labussière,8,,CX0311,1564637.27600000,5183756.37790000,1.25727491,45.84052095
87085_1720_00009,avenue Emile Labussière,9,,CY0044,1564590.03100000,5183793.88720000,1.25665628,45.84084906
87085_1720_00010,avenue Emile Labussière,10,,CX0254,1564632.28310000,5183763.02970000,1.25720877,45.84057980
87085_1720_00011,avenue Emile Labussière,11,,CY0042,1564584.05220000,5183802.33170000,1.25657695,45.84092385
87085_1720_00012,avenue Emile Labussière,12,,CX0256,1564629.01750000,5183767.46360000,1.25716550,45.84061904
87085_1720_00013,avenue Emile Labussière,13,,CY0035,1564577.18450000,5183812.12810000,1.25648580,45.84101062
87085_1720_00014,avenue Emile Labussière,14,,CX0159,1564624.34100000,5183774.35240000,1.25710337,45.84068009
87085_1720_00015,avenue Emile Labussière,15,,CY0033,1564571.78070000,5183819.20150000,1.25641426,45.84107318
87085_1720_00016,avenue Emile Labussière,16,,CX0160,1564618.80540000,5183782.21690000,1.25702991,45.84074975
87085_1720_00017,avenue Emile Labussière,17,,CY0030,1564554.46030000,5183844.05390000,1.25618433,45.84129333
87085_1720_00018,avenue Emile Labussière,18,,CX0215,1564613.85610000,5183788.94270000,1.25696431,45.84080927
87085_1720_00020,avenue Emile Labussière,20,,CX0166,1564608.66720000,5183796.34380000,1.25689544,45.84087483
87085_1720_00021,avenue Emile Labussière,21,,CY0029,1564536.20360000,5183869.25060000,1.25594225,45.84151640
87085_1720_00022,avenue Emile Labussière,22,,CX0166,1564604.62190000,5183802.24570000,1.25684172,45.84092712
87085_1720_00023,avenue Emile Labussière,23,,CY0028,1564530.26280000,5183877.53170000,1.25586346,45.84158972
87085_1720_00024,avenue Emile Labussière,24,,CX0167,1564599.36040000,5183809.38800000,1.25677199,45.84099034
87085_1720_00025,avenue Emile Labussière,25,,CY0025,1564522.51620000,5183888.23840000,1.25576074,45.84168451
87085_1720_00026,avenue Emile Labussière,26,,CX0168,1564595.72000000,5183814.58720000,1.25672367,45.84103639
87085_1720_00027,avenue Emile Labussière,27,,CY0024,1564517.25920000,5183895.56980000,1.25569101,45.84174942
87085_1720_00028,avenue Emile Labussière,28,,CX0168,1564592.21030000,5183819.49540000,1.25667711,45.84107985
87085_1720_00029,avenue Emile Labussière,29,,CY0023,1564502.51160000,5183889.75420000,1.25550284,45.84169420
87085_1720_00031,avenue Emile Labussière,31,,CY0020,1564505.54290000,5183911.90090000,1.25553561,45.84189402
87085_1720_00032,avenue Emile Labussière,32,,CX0246,1564570.10240000,5183850.93540000,1.25638371,45.84135832
87085_1720_00033,avenue Emile Labussière,33,,CY0019,1564495.95380000,5183925.54020000,1.25540834,45.84201482
87085_1720_00035,avenue Emile Labussière,35,,CY0016,1564487.57840000,5183936.97960000,1.25529732,45.84211608
87085_1720_00036,avenue Emile Labussière,36,,CX0209,1564559.40260000,5183866.19400000,1.25624170,45.84149347
87085_1720_00037,avenue Emile Labussière,37,,CY0015,1564480.29060000,5183947.30470000,1.25520061,45.84220752
87085_1720_00040,avenue Emile Labussière,40,,CX0206,1564541.61130000,5183891.06970000,1.25600570,45.84171374
87085_1720_00041,avenue Emile Labussière,41,,CY0009,1564458.15850000,5183978.94060000,1.25490683,45.84248774
87085_1720_00042,avenue Emile Labussière,42,,CX0308,1564533.94800000,5183901.75220000,1.25590410,45.84180830
87085_1720_00043,avenue Emile Labussière,43,,CY0008,1564449.79860000,5183990.42020000,1.25479599,45.84258936
87085_1720_00044,avenue Emile Labussière,44,,CX0307,1564522.27320000,5183918.16830000,1.25574917,45.84195369
87085_1720_00045,avenue Emile Labussière,45,,CY0007,1564446.64420000,5183994.11580000,1.25475435,45.84262198
87085_1720_00046,avenue Emile Labussière,46,,CX0204,1564514.24720000,5183929.45360000,1.25564269,45.84205363
87085_1720_00047,avenue Emile Labussière,47,,CY0002,1564438.00330000,5184006.87500000,1.25463954,45.84273505
87085_1720_00048,avenue Emile Labussière,48,,CX0203,1564505.85130000,5183940.99290000,1.25553137,45.84215578
87085_1720_00050,avenue Emile Labussière,50,,CX0202,1564502.41730000,5183946.09460000,1.25548574,45.84220099
87085_1720_00051,avenue Emile Labussière,51,,CY0001,1564425.54860000,5184023.95370000,1.25447442,45.84288623
87085_1720_00052,avenue Emile Labussière,52,,CX0201,1564498.24680000,5183951.79980000,1.25543045,45.84225149
87085_1720_00054,avenue Emile Labussière,54,,CX0200,1564492.84650000,5183959.09330000,1.25535889,45.84231604
87085_1720_00058,avenue Emile Labussière,58,,CX0007,1564471.97360000,5183988.89780000,1.25508183,45.84258003
87085_1720_00060,avenue Emile Labussière,60,,CX0006,1564466.38110000,5183996.40930000,1.25500774,45.84264650
87085_1720_00062,avenue Emile Labussière,62,,CX0005,1564460.02420000,5184005.56810000,1.25492333,45.84272764
87085_1720_00064,avenue Emile Labussière,64,,CX0004,1564453.97920000,5184014.01550000,1.25484315,45.84280243
87085_1720_00066,avenue Emile Labussière,66,,CX0003,1564448.66060000,5184020.84810000,1.25477276,45.84286285
87085_1720_00067,avenue Emile Labussière,67,,BE0137,1564134.28410000,5184196.83630000,1.25067670,45.84438391
87085_1720_00068,avenue Emile Labussière,68,,CX0002,1564443.88060000,5184028.14360000,1.25470918,45.84292753
87085_1720_00069,avenue Emile Labussière,69,,BE0136,1564122.97060000,5184197.54820000,1.25053088,45.84438808
87085_1720_00070,avenue Emile Labussière,70,,CX0301,1564437.46180000,5184037.07570000,1.25462405,45.84300662
87085_1720_00071,avenue Emile Labussière,71,,BE0135,1564114.77060000,5184197.17220000,1.25042544,45.84438308
87085_1720_00075,avenue Emile Labussière,75,,BE0133,1564081.26660000,5184197.77320000,1.24999403,45.84438186
87085_1720_00076,avenue Emile Labussière,76,,BO0376,1564382.48260000,5184097.78530000,1.25389928,45.84354189
87085_1720_00077,avenue Emile Labussière,77,,BE0132,1564073.11770000,5184197.83950000,1.24988913,45.84438085
87085_1720_00079,avenue Emile Labussière,79,,BE0131,1564064.99050000,5184197.93980000,1.24978449,45.84438014
87085_1720_00081,avenue Emile Labussière,81,,BE0129,1564054.28300000,5184197.85690000,1.24964670,45.84437728
87085_1720_00083,avenue Emile Labussière,83,,BE0128,1564042.34580000,5184198.04550000,1.24949300,45.84437662
87085_1720_00084,avenue Emile Labussière,84,,BO0827,1564282.91880000,5184176.99380000,1.25259542,45.84423477
87085_1720_00085,avenue Emile Labussière,85,,BE0127,1564032.10010000,5184198.26880000,1.24936106,45.84437660
87085_1720_00087,avenue Emile Labussière,87,,BE0126,1564022.14980000,5184198.39400000,1.24923295,45.84437576
87085_1720_00089,avenue Emile Labussière,89,,BE0125,1564009.39520000,5184198.40910000,1.24906878,45.84437337
87085_1720_00091,avenue Emile Labussière,91,,BE0092,1563978.37540000,5184196.23610000,1.24867013,45.84434769
87085_1720_00092,avenue Emile Labussière,92,,BO0356,1564211.21900000,5184204.11590000,1.25166489,45.84446460
87085_1720_00093,avenue Emile Labussière,93,,BE0091,1563967.51130000,5184198.82410000,1.24852957,45.84436882
87085_1720_00094,avenue Emile Labussière,94,,BO0356,1564194.11730000,5184208.32610000,1.25144358,45.84449909
87085_1720_00095,avenue Emile Labussière,95,,BE0090,1563958.18310000,5184198.95840000,1.24840946,45.84436818
87085_1720_00096,avenue Emile Labussière,96,,BO0356,1564170.65070000,5184212.24250000,1.25114043,45.84452969
87085_1720_00097,avenue Emile Labussière,97,,BE0089,1563947.69520000,5184199.12520000,1.24827442,45.84436761
87085_1720_00098,avenue Emile Labussière,98,,BO0356,1564137.29880000,5184213.93580000,1.25071067,45.84453833
87085_1720_00099,avenue Emile Labussière,99,,BE0088,1563937.12380000,5184199.39540000,1.24813828,45.84436795
87085_1720_00100,avenue Emile Labussière,100,,BO0356,1564119.14860000,5184214.08350000,1.25047701,45.84453607
87085_1720_00101,avenue Emile Labussière,101,,BE0087,1563928.37240000,5184199.32660000,1.24802566,45.84436559
87085_1720_00102,avenue Emile Labussière,102,,BO0356,1564100.27990000,5184214.23690000,1.25023410,45.84453372
87085_1720_00103,avenue Emile Labussière,103,,BE0086,1563916.58410000,5184199.37820000,1.24787391,45.84436373
87085_1720_00104,avenue Emile Labussière,104,,BO0354,1564083.14280000,5184214.46210000,1.25001346,45.84453236
87085_1720_00105,avenue Emile Labussière,105,,BE0085,1563901.92660000,5184199.74310000,1.24768515,45.84436411
87085_1720_00106,avenue Emile Labussière,106,,BO0353,1564078.04290000,5184214.78640000,1.24994773,45.84453427
87085_1720_00108,avenue Emile Labussière,108,,BO0351,1564068.00480000,5184214.76950000,1.24981853,45.84453213
87085_1720_00111,avenue Emile Labussière,111,,BE0081,1563849.25210000,5184200.39580000,1.24700698,45.84435955
87085_1720_00112,avenue Emile Labussière,112,,BO0245,1564029.62590000,5184215.49010000,1.24932434,45.84453103
87085_1720_00113,avenue Emile Labussière,113,,BE0080,1563836.21320000,5184200.72180000,1.24683906,45.84435990
87085_1720_00114,avenue Emile Labussière,114,,BO0244,1564020.58290000,5184215.38090000,1.24920798,45.84452825
87085_1720_00115,avenue Emile Labussière,115,,BE0079,1563824.28890000,5184200.63450000,1.24668560,45.84435675
87085_1720_00116,avenue Emile Labussière,116,,BO0243,1564001.28260000,5184215.90200000,1.24895941,45.84452912
87085_1720_00117,avenue Emile Labussière,117,,BE0670,1563810.96800000,5184201.11140000,1.24651401,45.84435841
87085_1720_00118,avenue Emile Labussière,118,,BO0807,1563985.85490000,5184215.85180000,1.24876085,45.84452562
87085_1720_00119,avenue Emile Labussière,119,,BE0484,1563797.90030000,5184201.28200000,1.24634577,45.84435735
87085_1720_00120,avenue Emile Labussière,120,,BO0753,1563953.77090000,5184216.32840000,1.24834775,45.84452356
87085_1720_00121,avenue Emile Labussière,121,,BE0506,1563785.42070000,5184200.85250000,1.24618526,45.84435102
87085_1720_00123,avenue Emile Labussière,123,,BE0505,1563755.79100000,5184186.14760000,1.24580806,45.84421287
87085_1720_00126,avenue Emile Labussière,126,,BO0679,1563890.68370000,5184217.02580000,1.24753554,45.84451735
87085_1720_00128,avenue Emile Labussière,128,,BO0126,1563881.41640000,5184217.28110000,1.24741619,45.84451781
87085_1720_00132,avenue Emile Labussière,132,,BO0125,1563854.00000000,5184217.50410000,1.24706324,45.84451439
87085_1720_00136,avenue Emile Labussière,136,,BO0124,1563829.90210000,5184217.89150000,1.24675296,45.84451310
87085_1720_00138,avenue Emile Labussière,138,,BO0123,1563821.00220000,5184217.85390000,1.24663842,45.84451100
87085_1720_00140,avenue Emile Labussière,140,,BO0122,1563810.35760000,5184218.26750000,1.24650129,45.84451261
87085_1720_00142,avenue Emile Labussière,142,,BO0601,1563799.42360000,5184218.19700000,1.24636058,45.84450981
87085_1720_00144,avenue Emile Labussière,144,,BO0120,1563783.21330000,5184218.66400000,1.24615180,45.84451080
87085_1720_00146,avenue Emile Labussière,146,,BO0119,1563766.55990000,5184223.86480000,1.24593598,45.84455429
87085_1720_00148,avenue Emile Labussière,148,,BO0118,1563753.41760000,5184242.80320000,1.24576145,45.84472204
87085_1760_00003,avenue Ernest Ruben,3,,HY0129,1564166.45580000,5181398.56400000,1.25188142,45.81921821
87085_1760_00003_a,avenue Ernest Ruben,3,a,HY0129,1564154.37790000,5181401.39470000,1.25172524,45.81924129
87085_1760_00003_b,avenue Ernest Ruben,3,b,HY0129,1564128.25430000,5181405.12040000,1.25138809,45.81926965
87085_1760_00003_c,avenue Ernest Ruben,3,c,HY0129,1564102.61790000,5181420.74800000,1.25105385,45.81940516
87085_1760_00004,avenue Ernest Ruben,4,,HY0102,1564191.66000000,5181390.76380000,1.25220789,45.81915302
87085_1760_00006,avenue Ernest Ruben,6,,HY0101,1564191.07210000,5181396.97960000,1.25219857,45.81920882
87085_1760_00008,avenue Ernest Ruben,8,,HY0100,1564190.16040000,5181404.14650000,1.25218482,45.81927311
87085_1760_00010,avenue Ernest Ruben,10,,HY0099,1564189.29930000,5181411.68430000,1.25217161,45.81934075
87085_1760_00012,avenue Ernest Ruben,12,,HY0098,1564188.29270000,5181421.21220000,1.25215597,45.81942626
87085_1760_00014,avenue Ernest Ruben,14,,HY0097,1564186.50090000,5181436.40570000,1.25212863,45.81956258
87085_1760_00016,avenue Ernest Ruben,16,,HY0096,1564185.54270000,5181446.66500000,1.25211340,45.81965468
87085_1760_00018,avenue Ernest Ruben,18,,HY0096,1564184.19680000,5181457.32120000,1.25209308,45.81975027
87085_1760_00019,avenue Ernest Ruben,19,,HY0131,1564162.93820000,5181429.67620000,1.25182738,45.81949739
87085_1760_00020,avenue Ernest Ruben,20,,HY0077,1564182.80750000,5181469.66330000,1.25207172,45.81986102
87085_1760_00021,avenue Ernest Ruben,21,,HY0132,1564161.91020000,5181438.33390000,1.25181171,45.81957507
87085_1760_00022,avenue Ernest Ruben,22,,HY0076,1564181.23360000,5181484.09000000,1.25204740,45.81999049
87085_1760_00025,avenue Ernest Ruben,25,,HY0133,1564159.52010000,5181456.71280000,1.25177577,45.81973992
87085_1760_00029,avenue Ernest Ruben,29,,HY0134,1564156.88180000,5181479.01280000,1.25173553,45.81994000
87085_1760_00035,avenue Ernest Ruben,35,,HY0389,1564152.80180000,5181517.78300000,1.25167209,45.82028796
87085_1760_00037,avenue Ernest Ruben,37,,HY0157,1564151.46010000,5181530.56000000,1.25165122,45.82040263
87085_1760_00039,avenue Ernest Ruben,39,,HY0158,1564150.34680000,5181539.79880000,1.25163428,45.82048552
87085_1760_00041,avenue Ernest Ruben,41,,HY0159,1564148.75190000,5181553.78220000,1.25160981,45.82061099
87085_1760_00043,avenue Ernest Ruben,43,,HY0162,1564147.57150000,5181564.76340000,1.25159152,45.82070954
87085_1760_00045,avenue Ernest Ruben,45,,HY0163,1564146.18520000,5181576.09230000,1.25157049,45.82081118
87085_1760_00046,avenue Ernest Ruben,46,,HY0072,1564176.05900000,5181529.82850000,1.25196790,45.82040091
87085_1760_00047,avenue Ernest Ruben,47,,HY0164,1564143.79090000,5181599.60420000,1.25153304,45.82102221
87085_1760_00048,avenue Ernest Ruben,48,,HY0071,1564174.69870000,5181540.31030000,1.25194744,45.82049493
87085_1760_00049,avenue Ernest Ruben,49,,HY0165,1564142.39900000,5181610.59770000,1.25151203,45.82112083
87085_1760_00050,avenue Ernest Ruben,50,,HY0070,1564173.86350000,5181547.75190000,1.25193460,45.82056171
87085_1760_00051,avenue Ernest Ruben,51,,HY0166,1564140.89400000,5181624.22230000,1.25148882,45.82124309
87085_1760_00052,avenue Ernest Ruben,52,,HY0069,1564172.95880000,5181557.35050000,1.25192025,45.82064787
87085_1760_00053,avenue Ernest Ruben,53,,HY0262,1564138.58100000,5181647.67440000,1.25145243,45.82145360
87085_1760_00054,avenue Ernest Ruben,54,,HY0068,1564171.99490000,5181564.94040000,1.25190570,45.82071596
87085_1760_00055,avenue Ernest Ruben,55,,HY0263,1564137.57220000,5181655.72350000,1.25143718,45.82152581
87085_1760_00055_bis,avenue Ernest Ruben,55,bis,HY0409,1564137.20670000,5181659.66540000,1.25143136,45.82156119
87085_1760_00056,avenue Ernest Ruben,56,,HY0438,1564171.04050000,5181573.72600000,1.25189094,45.82079480
87085_1760_00057,avenue Ernest Ruben,57,,HY0265,1564136.01230000,5181669.58940000,1.25141319,45.82165023
87085_1760_00058,avenue Ernest Ruben,58,,HY0440,1564170.08530000,5181581.47900000,1.25187646,45.82086436
87085_1760_00059,avenue Ernest Ruben,59,,HY0267,1564133.57820000,5181690.65780000,1.25137592,45.82183927
87085_1760_00060,avenue Ernest Ruben,60,,HY0045,1564169.44150000,5181589.45180000,1.25186593,45.82093595
87085_1760_00061,avenue Ernest Ruben,61,,HY0268,1564131.89670000,5181704.87800000,1.25135027,45.82196686
87085_1760_00062,avenue Ernest Ruben,62,,HY0048,1564168.36300000,5181596.97990000,1.25184992,45.82100346
87085_1760_00064,avenue Ernest Ruben,64,,HY0044,1564167.63520000,5181603.04310000,1.25183885,45.82105785
87085_1760_00065,avenue Ernest Ruben,65,,HY0406,1564128.84830000,5181731.00220000,1.25130367,45.82220126
87085_1760_00066,avenue Ernest Ruben,66,,HY0043,1564166.96700000,5181610.11530000,1.25182825,45.82112134
87085_1760_00067,avenue Ernest Ruben,67,,HY0457,1564127.38970000,5181742.93410000,1.25128153,45.82230831
87085_1760_00068,avenue Ernest Ruben,68,,HY0042,1564166.18040000,5181615.95980000,1.25181648,45.82117376
87085_1760_00069,avenue Ernest Ruben,69,,HY0271,1564126.32680000,5181752.93060000,1.25126503,45.82239802
87085_1760_00070,avenue Ernest Ruben,70,,HY0041,1564165.31220000,5181624.78420000,1.25180282,45.82125297
87085_1760_00071,avenue Ernest Ruben,71,,HY0272,1564125.33810000,5181760.49880000,1.25125017,45.82246591
87085_1760_00072,avenue Ernest Ruben,72,,HV0326,1564162.73860000,5181650.29060000,1.25176250,45.82148191
87085_1760_00073,avenue Ernest Ruben,73,,HY0273,1564124.73270000,5181766.47560000,1.25124070,45.82251955
87085_1760_00074,avenue Ernest Ruben,74,,HV0327,1564161.50520000,5181662.16860000,1.25174328,45.82158851
87085_1760_00075,avenue Ernest Ruben,75,,HY0274,1564123.48650000,5181778.51020000,1.25122126,45.82262756
87085_1760_00076,avenue Ernest Ruben,76,,HV0333,1564160.00980000,5181675.88220000,1.25172017,45.82171158
87085_1760_00077,avenue Ernest Ruben,77,,HY0275,1564122.13070000,5181789.55510000,1.25120070,45.82272665
87085_1760_00078,avenue Ernest Ruben,78,,HV0334,1564158.94830000,5181685.87880000,1.25170369,45.82180129
87085_1760_00079,avenue Ernest Ruben,79,,HY0276,1564121.39360000,5181798.16550000,1.25118878,45.82280396
87085_1760_00080,avenue Ernest Ruben,80,,HV0335,1564156.82830000,5181704.47830000,1.25167116,45.82196819
87085_1760_00083,avenue Ernest Ruben,83,,HY0277,1564118.36600000,5181822.47010000,1.25114296,45.82302200
87085_1760_00085,avenue Ernest Ruben,85,,HY0364,1564117.47690000,5181830.83680000,1.25112916,45.82309708
87085_1760_00086,avenue Ernest Ruben,86,,HV0336,1564155.08340000,5181719.92170000,1.25164434,45.82210677
87085_1760_00087,avenue Ernest Ruben,87,,HY0279,1564115.70870000,5181845.25880000,1.25110233,45.82322647
87085_1760_00088,avenue Ernest Ruben,88,,HV0338,1564153.30890000,5181735.24220000,1.25161719,45.82224423
87085_1760_00089,avenue Ernest Ruben,89,,HY0380,1564113.55350000,5181865.32030000,1.25106893,45.82340651
87085_1760_00090,avenue Ernest Ruben,90,,HV0339,1564150.88440000,5181756.79990000,1.25157990,45.82243768
87085_1760_00092,avenue Ernest Ruben,92,,HV0456,1564147.53580000,5181782.75010000,1.25152949,45.82267045
87085_1760_00094,avenue Ernest Ruben,94,,HV0457,1564146.86210000,5181788.43520000,1.25151921,45.82272146
87085_1760_00096,avenue Ernest Ruben,96,,HV0458,1564145.68530000,5181799.52100000,1.25150094,45.82282095
87085_1760_00098,avenue Ernest Ruben,98,,HV0459,1564144.49540000,5181810.40990000,1.25148256,45.82291867
87085_1760_00099,avenue Ernest Ruben,99,,HY0281,1564109.97230000,5181898.68250000,1.25101343,45.82370591
87085_1760_00100,avenue Ernest Ruben,100,,HV0460,1564142.71810000,5181827.02100000,1.25145500,45.82306774
87085_1760_00100_b,avenue Ernest Ruben,100,b,HV0461,1564141.92430000,5181834.69389999,1.25144261,45.82313661
87085_1760_00101,avenue Ernest Ruben,101,,HY0282,1564108.20140000,5181915.55900000,1.25098587,45.82385738
87085_1760_00102,avenue Ernest Ruben,102,,HV0461,1564140.93440000,5181843.22620000,1.25142747,45.82321317
87085_1760_00103,avenue Ernest Ruben,103,,HY0283,1564106.64930000,5181928.06870000,1.25096237,45.82396960
87085_1760_00104,avenue Ernest Ruben,104,,HV0462,1564139.70170000,5181853.77280000,1.25140863,45.82330780
87085_1760_00105,avenue Ernest Ruben,105,,HY0284,1564105.13170000,5181940.64870000,1.25093929,45.82408247
87085_1760_00106,avenue Ernest Ruben,106,,HV0463,1564138.71360000,5181864.00910000,1.25139302,45.82339968
87085_1760_00107,avenue Ernest Ruben,107,,HY0342,1564101.65830000,5181974.98570000,1.25088489,45.82439066
87085_1760_00108,avenue Ernest Ruben,108,,HY0040,1564134.98010000,5181901.65740000,1.25133435,45.82373761
87085_1760_00109,avenue Ernest Ruben,109,,HY0343,1564100.20260000,5181987.24670000,1.25086270,45.82450067
87085_1760_00110,avenue Ernest Ruben,110,,HY0039,1564133.92670000,5181911.43440000,1.25131803,45.82382536
87085_1760_00111,avenue Ernest Ruben,111,,HY0344,1564098.59600000,5181999.82630000,1.25083847,45.82461351
87085_1760_00112,avenue Ernest Ruben,112,,HY0038,1564132.77850000,5181919.52960000,1.25130097,45.82389795
87085_1760_00113,avenue Ernest Ruben,113,,HY0345,1564097.10550000,5182013.42000000,1.25081545,45.82473550
87085_1760_00114,avenue Ernest Ruben,114,,HY0037,1564131.69800000,5181929.82320000,1.25128416,45.82399033
87085_1760_00115,avenue Ernest Ruben,115,,HY0346,1564095.29200000,5182029.12460000,1.25078768,45.82487641
87085_1760_00116,avenue Ernest Ruben,116,,HY0036,1564130.62930000,5181938.04980000,1.25126809,45.82406412
87085_1760_00117,avenue Ernest Ruben,117,,HY0347,1564093.59860000,5182043.60590000,1.25076180,45.82500635
87085_1760_00118,avenue Ernest Ruben,118,,HY0022,1564129.58450000,5181947.10920000,1.25125209,45.82414541
87085_1760_00119,avenue Ernest Ruben,119,,HY0353,1564091.95540000,5182059.02140000,1.25073630,45.82514469
87085_1760_00120,avenue Ernest Ruben,120,,HY0035,1564128.11830000,5181960.54160000,1.25122942,45.82426596
87085_1760_00121,avenue Ernest Ruben,121,,HY0355,1564087.65830000,5182094.61460000,1.25067095,45.82546403
87085_1760_00122,avenue Ernest Ruben,122,,HY0034,1564126.92440000,5181970.21090000,1.25121133,45.82435270
87085_1760_00123,avenue Ernest Ruben,123,,HY0356,1564086.22780000,5182107.85600000,1.25064880,45.82558286
87085_1760_00124,avenue Ernest Ruben,124,,HY0033,1564125.52030000,5181982.69310000,1.25118974,45.82446471
87085_1760_00126,avenue Ernest Ruben,126,,HY0032,1564123.77710000,5181998.96450000,1.25116271,45.82461073
87085_1760_00128,avenue Ernest Ruben,128,,HY0031,1564122.00320000,5182013.74250000,1.25113571,45.82474332
87085_1760_00130,avenue Ernest Ruben,130,,HY0030,1564118.79990000,5182041.78130000,1.25108657,45.82499491
87085_1760_00134,avenue Ernest Ruben,134,,HZ0235,1564112.70590000,5182099.15430000,1.25099195,45.82550981
87085_1760_00136,avenue Ernest Ruben,136,,HZ0157,1564111.38260000,5182109.80430000,1.25097191,45.82560535
87085_1760_00138,avenue Ernest Ruben,138,,HZ0158,1564110.07120000,5182120.68110000,1.25095197,45.82570294
87085_1760_00140,avenue Ernest Ruben,140,,HZ0159,1564108.57320000,5182135.15180000,1.25092860,45.82583281
87085_2010_00001,avenue Foucaud,1,,HZ0064,1564163.93120000,5182235.94310000,1.25161242,45.82675042
87085_2010_00001_bis,avenue Foucaud,1,bis,HZ0066,1564162.97150000,5182255.53300000,1.25159454,45.82692646
87085_2010_00003,avenue Foucaud,3,,HZ0067,1564162.41510000,5182265.46510000,1.25158457,45.82701569
87085_2010_00004,avenue Foucaud,4,,IK0053,1564175.87730000,5182245.67670000,1.25176338,45.82684034
87085_2010_00005,avenue Foucaud,5,,HZ0068,1564162.05230000,5182274.77740000,1.25157727,45.82709939
87085_2010_00006,avenue Foucaud,6,,IK0054,1564175.41330000,5182254.18890000,1.25175501,45.82691682
87085_2010_00007,avenue Foucaud,7,,HZ0069,1564161.70620000,5182283.15960000,1.25157045,45.82717473
87085_2010_00008,avenue Foucaud,8,,IK0055,1564174.92510000,5182266.38400000,1.25174528,45.82702643
87085_2010_00009,avenue Foucaud,9,,HZ0071,1564161.14290000,5182291.52350000,1.25156084,45.82724985
87085_2010_00010,avenue Foucaud,10,,IK0056,1564174.34080000,5182278.07190000,1.25173446,45.82713145
87085_2010_00010_bis,avenue Foucaud,10,bis,IK0056,1564173.91550000,5182288.23460000,1.25172612,45.82722279
87085_2010_00011,avenue Foucaud,11,,HZ0072,1564160.73770000,5182300.26820000,1.25155315,45.82732844
87085_2010_00012,avenue Foucaud,12,,IK0057,1564173.55180000,5182296.19670000,1.25171919,45.82729434
87085_2010_00013,avenue Foucaud,13,,HZ0073,1564160.38020000,5182308.04540000,1.25154636,45.82739833
87085_2010_00014,avenue Foucaud,14,,IK0058,1564173.12070000,5182305.25780000,1.25171108,45.82737577
87085_2010_00015,avenue Foucaud,15,,HZ0074,1564159.96870000,5182315.23530000,1.25153903,45.82746292
87085_2010_00016,avenue Foucaud,16,,IK0059,1564172.51880000,5182319.48260000,1.25169932,45.82750361
87085_2010_00017,avenue Foucaud,17,,HZ0002,1564158.69130000,5182346.83300000,1.25151367,45.82774691
87085_2010_00018,avenue Foucaud,18,,IK0173,1564172.36370000,5182332.18610000,1.25169373,45.82761785
87085_2010_00020,avenue Foucaud,20,,IK0173,1564171.11810000,5182349.72090000,1.25167275,45.82777534
87085_2010_00021,avenue Foucaud,21,,IK0066,1564156.36750000,5182399.92810000,1.25146877,45.82822407
87085_2010_00021_bis,avenue Foucaud,21,bis,IK0095,1564154.37380000,5182416.47570000,1.25143844,45.82837253
87085_2010_00022,avenue Foucaud,22,,IK0181,1564170.45880000,5182368.28940000,1.25165902,45.82794225
87085_2010_00022_bis,avenue Foucaud,22,bis,IK0180,1564169.88160000,5182377.10080000,1.25164911,45.82802140
87085_2010_00023,avenue Foucaud,23,,IK0175,1564154.88330000,5182442.79860000,1.25143756,45.82860942
87085_2010_00024,avenue Foucaud,24,,IK0063,1564169.57040000,5182390.13750000,1.25164142,45.82813861
87085_2010_00025,avenue Foucaud,25,,IK0097,1564154.66960000,5182462.22890000,1.25142932,45.82878417
87085_2010_00026,avenue Foucaud,26,,IK0199,1564168.81070000,5182401.04400000,1.25162856,45.82823657
87085_2010_00027,avenue Foucaud,27,,IK0098,1564153.99710000,5182479.83310000,1.25141569,45.82894239
87085_2010_00028,avenue Foucaud,28,,IK0016,1564167.57010000,5182452.56530000,1.25159805,45.82869979
87085_2010_00029,avenue Foucaud,29,,IK0099,1564153.72290000,5182498.29390000,1.25140694,45.82910841
87085_2010_00031,avenue Foucaud,31,,IK0100,1564153.60710000,5182510.49230000,1.25140201,45.82921811
87085_2125_00001,avenue Gabriel Péri,1,,DZ0150,1565139.47460000,5182217.94670000,1.26416999,45.82678051
87085_2125_00003,avenue Gabriel Péri,3,,DZ0376,1565134.27800000,5182226.70120000,1.26410067,45.82685824
87085_2125_00004,avenue Gabriel Péri,4,,DZ0110,1565149.26600000,5182221.99040000,1.26429485,45.82681881
87085_2125_00005,avenue Gabriel Péri,5,,DZ0153,1565131.02810000,5182231.52960000,1.26405750,45.82690104
87085_2125_00006,avenue Gabriel Péri,6,,DZ0109,1565144.19370000,5182230.26110000,1.26422726,45.82689221
87085_2125_00007,avenue Gabriel Péri,7,,DZ0154,1565127.83270000,5182237.22880000,1.26401479,45.82695168
87085_2125_00008,avenue Gabriel Péri,8,,DZ0336,1565140.48180000,5182236.36670000,1.26417779,45.82694641
87085_2125_00009,avenue Gabriel Péri,9,,DZ0155,1565120.69340000,5182248.83000000,1.26391967,45.82705464
87085_2125_00010,avenue Gabriel Péri,10,,DZ0335,1565136.91680000,5182242.42740000,1.26413022,45.82700023
87085_2125_00011,avenue Gabriel Péri,11,,DZ0162,1565108.01510000,5182267.70010000,1.26375124,45.82722190
87085_2125_00012,avenue Gabriel Péri,12,,DZ0334,1565131.86060000,5182250.76060000,1.26406282,45.82707420
87085_2125_00013,avenue Gabriel Péri,13,,DZ0162,1565104.65640000,5182275.54050000,1.26370582,45.82729178
87085_2125_00014,avenue Gabriel Péri,14,,DZ0345,1565126.68680000,5182259.29870000,1.26399385,45.82714999
87085_2125_00015,avenue Gabriel Péri,15,,DZ0163,1565100.48700000,5182282.40100000,1.26365025,45.82735267
87085_2125_00017,avenue Gabriel Péri,17,,DZ0164,1565094.20000000,5182291.32150000,1.26356685,45.82743168
87085_2125_00018,avenue Gabriel Péri,18,,DZ0103,1565116.19720000,5182276.44270000,1.26385407,45.82730215
87085_2125_00020,avenue Gabriel Péri,20,,DZ0346,1565104.90810000,5182295.16300000,1.26370356,45.82746834
87085_2125_00021,avenue Gabriel Péri,21,,DZ0349,1565080.09910000,5182316.11450000,1.26337845,45.82765195
87085_2125_00029,avenue Gabriel Péri,29,,DZ0295,1565066.14210000,5182338.84160000,1.26319248,45.82785365
87085_2125_00033,avenue Gabriel Péri,33,,DZ0295,1565052.79900000,5182360.82360000,1.26301462,45.82804878
87085_2125_00041,avenue Gabriel Péri,41,,DZ0285,1565026.21390000,5182404.24720000,1.26266035,45.82843418
87085_2125_00044,avenue Gabriel Péri,44,,EH0122,1565023.98360000,5182428.04560000,1.26262497,45.82864782
87085_2125_00046,avenue Gabriel Péri,46,,EH0123,1565017.23230000,5182439.36970000,1.26253491,45.82874837
87085_2125_00048,avenue Gabriel Péri,48,,EH0225,1565014.21360000,5182444.41390000,1.26249465,45.82879315
87085_2125_00050,avenue Gabriel Péri,50,,EH0130,1565005.88350000,5182458.05020000,1.26238364,45.82891418
87085_2125_00051,avenue Gabriel Péri,51,,EH0131,1564995.31850000,5182452.06800000,1.26224937,45.82885829
87085_2125_00052,avenue Gabriel Péri,52,,EH0129,1564999.60480000,5182468.53320000,1.26229990,45.82900725
87085_2160_00001,avenue Garibaldi,1,,DW0039,1564996.12330000,5182827.66940000,1.26215425,45.83223721
87085_2160_00002,avenue Garibaldi,2,,EI0049,1564999.63390000,5182863.17110000,1.26218946,45.83255726
87085_2160_00002_bis,avenue Garibaldi,2,bis,EI0049,1564994.68870000,5182875.58250000,1.26212234,45.83266794
87085_2160_00003,avenue Garibaldi,3,,DW0038,1564985.26180000,5182855.17020000,1.26200676,45.83248246
87085_2160_00003_bis,avenue Garibaldi,3,bis,DW0037,1564979.27700000,5182870.79340000,1.26192536,45.83262183
87085_2160_00004,avenue Garibaldi,4,,EI0048,1564989.56140000,5182887.72280000,1.26205295,45.83277614
87085_2160_00005,avenue Garibaldi,5,,DW0036,1564977.53510000,5182875.17600000,1.26190171,45.83266091
87085_2160_00005_bis,avenue Garibaldi,5,bis,DW0036,1564970.84900000,5182892.40940000,1.26181083,45.83281462
87085_2160_00006,avenue Garibaldi,6,,EI0047,1564982.90510000,5182904.94250000,1.26196245,45.83292973
87085_2160_00007,avenue Garibaldi,7,,DW0035,1564965.60690000,5182905.47640000,1.26173970,45.83293114
87085_2160_00009,avenue Garibaldi,9,,DW0034,1564960.44940000,5182919.10740000,1.26166950,45.83305275
87085_2160_00011,avenue Garibaldi,11,,DW0033,1564957.38200000,5182926.98630000,1.26162781,45.83312302
87085_2160_00012,avenue Garibaldi,12,,EI0035,1564972.73400000,5182930.41680000,1.26182441,45.83315689
87085_2160_00013,avenue Garibaldi,13,,DW0032,1564954.28740000,5182935.07610000,1.26158572,45.83319518
87085_2160_00014,avenue Garibaldi,14,,EI0034,1564968.30480000,5182942.09790000,1.26176413,45.83326110
87085_2160_00015,avenue Garibaldi,15,,DW0031,1564951.33810000,5182942.50950000,1.26154568,45.83326147
87085_2160_00016,avenue Garibaldi,16,,EI0032,1564962.70670000,5182956.34120000,1.26168809,45.83338813
87085_2160_00017,avenue Garibaldi,17,,DW0030,1564948.31740000,5182950.06290000,1.26150468,45.83332883
87085_2160_00018,avenue Garibaldi,18,,EI0023,1564957.34190000,5182970.30950000,1.26161513,45.83351273
87085_2160_00018_bis,avenue Garibaldi,18,bis,EI0020,1564953.74950000,5182980.31550000,1.26156609,45.83360203
87085_2160_00019,avenue Garibaldi,19,,DW0029,1564943.34560000,5182963.31230000,1.26143698,45.83344704
87085_2160_00020,avenue Garibaldi,20,,EI0019,1564950.56840000,5182988.17880000,1.26152294,45.83367214
87085_2160_00020_bis,avenue Garibaldi,20,bis,EI0016,1564940.67420000,5183014.77570000,1.26138814,45.83390946
87085_2160_00021,avenue Garibaldi,21,,DW0220,1564937.21690000,5182977.75660000,1.26135405,45.83357577
87085_2160_00022,avenue Garibaldi,22,,EI0154,1564936.21140000,5183025.95310000,1.26132757,45.83400913
87085_2160_00023,avenue Garibaldi,23,,DW0027,1564931.98850000,5182991.64100000,1.26128287,45.83369964
87085_2160_00023_bis,avenue Garibaldi,23,bis,DW0026,1564926.05780000,5183007.75940000,1.26120202,45.83384347
87085_2160_00024,avenue Garibaldi,24,,EI0154,1564930.09180000,5183042.10710000,1.26124428,45.83415324
87085_2160_00025,avenue Garibaldi,25,,DW0216,1564922.27130000,5183017.51820000,1.26115055,45.83393051
87085_2160_00026,avenue Garibaldi,26,,EI0154,1564926.08710000,5183052.55890000,1.26118981,45.83424647
87085_2160_00027,avenue Garibaldi,27,,DW0177,1564915.82600000,5183034.20550000,1.26106291,45.83407936
87085_2160_00029,avenue Garibaldi,29,,DW0021,1564906.72520000,5183057.37790000,1.26093929,45.83428602
87085_2160_00030,avenue Garibaldi,30,,EK0026,1564907.29440000,5183100.15790000,1.26093459,45.83467096
87085_2160_00031,avenue Garibaldi,31,,DW0020,1564895.29500000,5183086.53430000,1.26078400,45.83454605
87085_2160_00031_bis,avenue Garibaldi,31,bis,DW0020,1564891.96220000,5183095.74330000,1.26073852,45.83462824
87085_2160_00032,avenue Garibaldi,32,,EK0027,1564900.97360000,5183115.75660000,1.26084886,45.83481004
87085_2160_00033,avenue Garibaldi,33,,DW0202,1564888.57810000,5183103.51760000,1.26069278,45.83469751
87085_2160_00033_bis,avenue Garibaldi,33,bis,DW0014,1564884.98690000,5183114.12810000,1.26064358,45.83479225
87085_2160_00034,avenue Garibaldi,34,,EK0028,1564897.87000000,5183123.41510000,1.26080677,45.83487832
87085_2160_00035,avenue Garibaldi,35,,DW0013,1564880.14400000,5183125.73540000,1.26057800,45.83489571
87085_2160_00035_bis,avenue Garibaldi,35,bis,DW0001,1564871.29140000,5183149.36220000,1.26045743,45.83510651
87085_2160_00036,avenue Garibaldi,36,,EK0029,1564894.86610000,5183131.22900000,1.26076591,45.83494802
87085_2160_00038,avenue Garibaldi,38,,EK0005,1564891.27860000,5183139.50970000,1.26071742,45.83502181
87085_2160_00039,avenue Garibaldi,39,,DV0070,1564844.76390000,5183217.18830000,1.26009698,45.83571143
87085_2160_00039_bis,avenue Garibaldi,39,bis,DV0143,1564838.25650000,5183233.26350000,1.26000871,45.83585476
87085_2160_00040,avenue Garibaldi,40,,DV0092,1564874.22480000,5183185.55820000,1.26048501,45.83543269
87085_2160_00041,avenue Garibaldi,41,,DP0107,1564769.74500000,5183408.94690000,1.25907759,45.83742167
87085_2160_00042,avenue Garibaldi,42,,DV0090,1564855.14110000,5183234.60520000,1.26022563,45.83587015
87085_2160_00042_bis,avenue Garibaldi,42,bis,DV0087,1564852.40870000,5183242.24860000,1.26018831,45.83593837
87085_2160_00043,avenue Garibaldi,43,,DP0243,1564765.46740000,5183420.01760000,1.25901942,45.83752041
87085_2160_00044,avenue Garibaldi,44,,DV0087,1564849.47900000,5183249.09100000,1.26014869,45.83599934
87085_2160_00045,avenue Garibaldi,45,,DP0109,1564761.67570000,5183429.59780000,1.25896793,45.83760585
87085_2160_00046,avenue Garibaldi,46,,DV0190,1564845.48370000,5183259.60360000,1.26009431,45.83609313
87085_2160_00047,avenue Garibaldi,47,,DP0110,1564758.46060000,5183438.02100000,1.25892418,45.83768099
87085_2160_00048,avenue Garibaldi,48,,DV0082,1564839.81560000,5183273.76800000,1.26001739,45.83621943
87085_2160_00048_bis,avenue Garibaldi,48,bis,DV0081,1564836.00140000,5183283.57440000,1.25996554,45.83630689
87085_2160_00049,avenue Garibaldi,49,,DP0207,1564755.01840000,5183447.00300000,1.25887735,45.83776111
87085_2160_00052,avenue Garibaldi,52,,DV0078,1564820.84180000,5183322.42570000,1.25975952,45.83665340
87085_2160_00052_bis,avenue Garibaldi,52,bis,DV0077,1564817.25350000,5183331.98970000,1.25971065,45.83673873
87085_2160_00053,avenue Garibaldi,53,,DP0117,1564747.08390000,5183467.84700000,1.25876937,45.83794705
87085_2160_00054,avenue Garibaldi,54,,DV0076,1564813.20390000,5183341.99250000,1.25965572,45.83682792
87085_2160_00055,avenue Garibaldi,55,,DP0117,1564738.66250000,5183490.37990000,1.25865465,45.83814809
87085_2160_00056,avenue Garibaldi,56,,DV0074,1564808.51500000,5183355.01900000,1.25959171,45.83694418
87085_2160_00056_bis,avenue Garibaldi,56,bis,DV0073,1564804.88220000,5183363.68600000,1.25954252,45.83702143
87085_2160_00057,avenue Garibaldi,57,,DP0124,1564734.75390000,5183499.48870000,1.25860178,45.83822926
87085_2160_00057_bis,avenue Garibaldi,57,bis,DP0125,1564728.91580000,5183514.42560000,1.25852245,45.83836248
87085_2160_00058,avenue Garibaldi,58,,DP0106,1564797.26620000,5183383.76800000,1.25943886,45.83720058
87085_2160_00059,avenue Garibaldi,59,,DP0198,1564726.66530000,5183520.20840000,1.25849185,45.83841405
87085_2160_00059_bis,avenue Garibaldi,59,bis,DP0198,1564724.05800000,5183527.50060000,1.25845625,45.83847914
87085_2160_00059_ter,avenue Garibaldi,59,ter,DP0197,1564720.87060000,5183534.75660000,1.25841318,45.83854378
87085_2160_00060,avenue Garibaldi,60,,DP0104,1564791.79760000,5183396.76850000,1.25936482,45.83731645
87085_2160_00060_bis,avenue Garibaldi,60,bis,DP0103,1564786.28500000,5183411.45360000,1.25928975,45.83744747
87085_2160_00060_ter,avenue Garibaldi,60,ter,DP0102,1564782.02350000,5183422.08790000,1.25923191,45.83754229
87085_2160_00061,avenue Garibaldi,61,,DP0130,1564716.73800000,5183545.77210000,1.25835690,45.83864206
87085_2160_00062,avenue Garibaldi,62,,DP0099,1564774.64390000,5183440.66940000,1.25913171,45.83770799
87085_2160_00063,avenue Garibaldi,63,,DP0223,1564713.34450000,5183554.60290000,1.25831074,45.83872083
87085_2160_00064,avenue Garibaldi,64,,DP0182,1564769.70900000,5183453.07030000,1.25906471,45.83781857
87085_2160_00065,avenue Garibaldi,65,,DP0154,1564710.92230000,5183560.45220000,1.25827792,45.83877297
87085_2160_00065_bis,avenue Garibaldi,65,bis,DP0155,1564708.61170000,5183565.61330000,1.25824673,45.83881895
87085_2160_00066,avenue Garibaldi,66,,DP0097,1564765.40170000,5183464.42140000,1.25900608,45.83791984
87085_2160_00067,avenue Garibaldi,67,,DP0155,1564707.34840000,5183570.05660000,1.25822922,45.83885867
87085_2160_00068,avenue Garibaldi,68,,DP0096,1564757.33440000,5183485.30250000,1.25889638,45.83810609
87085_2160_00069,avenue Garibaldi,69,,DP0156,1564703.75390000,5183579.02760000,1.25818043,45.83893866
87085_2160_00070,avenue Garibaldi,70,,DP0095,1564753.79740000,5183494.94150000,1.25884815,45.83819210
87085_2160_00071,avenue Garibaldi,71,,DP0157,1564699.81780000,5183589.08440000,1.25812694,45.83902835
87085_2160_00072,avenue Garibaldi,72,,DP0094,1564751.33470000,5183501.18320000,1.25881470,45.83824776
87085_2160_00072_bis,avenue Garibaldi,72,bis,DP0093,1564746.74410000,5183512.51760000,1.25875243,45.83834882
87085_2160_00073,avenue Garibaldi,73,,DP0159,1564695.03940000,5183601.50410000,1.25806195,45.83913913
87085_2160_00074,avenue Garibaldi,74,,DP0037,1564739.11420000,5183532.01900000,1.25864875,45.83852275
87085_2160_00074_bis,avenue Garibaldi,74,bis,DP0036,1564735.00320000,5183542.93560000,1.25859277,45.83862014
87085_2160_00075,avenue Garibaldi,75,,DP0160,1564689.91980000,5183614.44420000,1.25799241,45.83925453
87085_2160_00076,avenue Garibaldi,76,,DP0035,1564730.60210000,5183554.75590000,1.25853280,45.83872560
87085_2160_00077,avenue Garibaldi,77,,DP0161,1564686.26610000,5183626.18450000,1.25794208,45.83935942
87085_2160_00078,avenue Garibaldi,78,,DP0034,1564725.10900000,5183568.13410000,1.25845834,45.83884487
87085_2160_00079,avenue Garibaldi,79,,DP0237,1564682.19300000,5183635.27700000,1.25788710,45.83944041
87085_2160_00080,avenue Garibaldi,80,,DP0014,1564711.77460000,5183602.68250000,1.25827700,45.83915303
87085_2160_00081,avenue Garibaldi,81,,DP0166,1564678.95380000,5183644.20440000,1.25784290,45.83952008
87085_2160_00082,avenue Garibaldi,82,,DP0013,1564708.03050000,5183612.88380000,1.25822594,45.83924406
87085_2160_00083,avenue Garibaldi,83,,DP0169,1564674.93010000,5183654.99080000,1.25778808,45.83961632
87085_2160_00084,avenue Garibaldi,84,,DP0012,1564703.90400000,5183622.92510000,1.25817000,45.83933357
87085_2160_00086,avenue Garibaldi,86,,DP0011,1564700.85290000,5183630.70470000,1.25812855,45.83940295
87085_2160_00088,avenue Garibaldi,88,,DP0011,1564698.12610000,5183637.22640000,1.25809162,45.83946108
87085_2160_00090,avenue Garibaldi,90,,DP0006,1564695.21080000,5183645.08430000,1.25805188,45.83953120
87085_2160_00092,avenue Garibaldi,92,,DP0005,1564692.71250000,5183651.86400000,1.25801782,45.83959169
87085_2160_00094,avenue Garibaldi,94,,DP0004,1564690.21650000,5183658.47400000,1.25798384,45.83965066
87085_2160_00096,avenue Garibaldi,96,,DP0205,1564686.81120000,5183668.10320000,1.25793730,45.83973661
87085_2199_00001,avenue Général Chambe,1,,SH0168,1558545.61280000,5187067.24180000,1.17789968,45.86907720
87085_2199_00002,avenue Général Chambe,2,,SH0157,1558559.09270000,5187061.08290000,1.17807507,45.86902458
87085_2199_00003,avenue Général Chambe,3,,SH0223,1558546.53880000,5187072.99650000,1.17790991,45.86912916
87085_2199_00005,avenue Général Chambe,5,,SH0222,1558548.75690000,5187090.38930000,1.17793335,45.86928607
87085_2199_00005_b,avenue Général Chambe,5,b,SH0174,1558525.42060000,5187110.39180000,1.17762696,45.86946119
87085_2199_00007,avenue Général Chambe,7,,SH0182,1558554.22950000,5187147.23130000,1.17798707,45.86979851
87085_2199_00008,avenue Général Chambe,8,,SH0156,1558563.29800000,5187117.42670000,1.17811262,45.86953227
87085_2199_00012,avenue Général Chambe,12,,SH0046,1558565.26350000,5187138.75610000,1.17813165,45.86972454
87085_2199_00014,avenue Général Chambe,14,,SH0048,1558566.61710000,5187154.52730000,1.17814443,45.86986669
87085_2199_00015,avenue Général Chambe,15,,SH0027,1558558.98750000,5187198.42050000,1.17803326,45.87025995
87085_2199_00016,avenue Général Chambe,16,,SH0045,1558569.12840000,5187186.63770000,1.17816731,45.87015605
87085_2199_00019,avenue Général Chambe,19,,SH0028,1558563.09970000,5187243.36310000,1.17807297,45.87066507
87085_2199_00020,avenue Général Chambe,20,,SH0044,1558572.04290000,5187216.99990000,1.17819590,45.87042977
87085_2199_00021,avenue Général Chambe,21,,SH0136,1558566.99980000,5187285.38890000,1.17811081,45.87104391
87085_2199_00024,avenue Général Chambe,24,,SH0140,1558580.61850000,5187310.92310000,1.17827866,45.87127640
87085_2199_00024_bis,avenue Général Chambe,24,bis,SH0143,1558610.95270000,5187267.31180000,1.17868212,45.87089035
87085_2199_00024_ter,avenue Général Chambe,24,ter,SH0143,1558631.94880000,5187248.55620000,1.17895801,45.87072595
87085_2199_00027,avenue Général Chambe,27,,SH0135,1558543.97700000,5187332.36930000,1.17780050,45.87146178
87085_2199_00027_bis,avenue Général Chambe,27,bis,SH0135,1558545.56080000,5187343.25100000,1.17781769,45.87155999
87085_2199_00031,avenue Général Chambe,31,,SH0013,1558573.62030000,5187358.65330000,1.17817448,45.87170431
87085_2199_00033,avenue Général Chambe,33,,SH0012,1558575.94390000,5187382.53010000,1.17819737,45.87191957
87085_2199_00034,avenue Général Chambe,34,,SH0224,1558585.64000000,5187366.25810000,1.17832702,45.87177519
87085_2199_00035,avenue Général Chambe,35,,SH0011,1558580.08090000,5187430.18790000,1.17823660,45.87234912
87085_2199_00041,avenue Général Chambe,41,,SC0245,1558584.76740000,5187516.84770000,1.17827142,45.87312962
87085_2199_00042,avenue Général Chambe,42,,SC0241,1558598.80780000,5187489.63580000,1.17846024,45.87288773
87085_2199_00044,avenue Général Chambe,44,,SC0240,1558630.32580000,5187514.15970000,1.17885890,45.87311481
87085_2199_00046,avenue Général Chambe,46,,SC0161,1558597.60670000,5187523.29610000,1.17843486,45.87319027
87085_2199_00051,avenue Général Chambe,51,,SC0067,1558550.50380000,5187623.92610000,1.17779864,45.87408577
87085_2199_00052,avenue Général Chambe,52,,SC0043,1558590.78030000,5187553.11710000,1.17833817,45.87345711
87085_2199_00053,avenue Général Chambe,53,,SC0068,1558535.96280000,5187656.45190000,1.17760179,45.87437536
87085_2199_00055,avenue Général Chambe,55,,SC0069,1558523.92500000,5187684.07570000,1.17743863,45.87462137
87085_2199_00056,avenue Général Chambe,56,,SC0042,1558579.97420000,5187583.88500000,1.17818995,45.87373165
87085_2199_00058,avenue Général Chambe,58,,SC0041,1558570.37570000,5187607.67850000,1.17805933,45.87394371
87085_2199_00060,avenue Général Chambe,60,,SC0247,1558579.06600000,5187652.71780000,1.17815797,45.87435064
87085_2199_00061,avenue Général Chambe,61,,SC0071,1558489.76600000,5187764.58890000,1.17697499,45.87533858
87085_2199_00062,avenue Général Chambe,62,,SC0037,1558602.53130000,5187674.95730000,1.17845361,45.87455552
87085_2199_00065,avenue Général Chambe,65,,SC0072,1558477.23670000,5187792.92920000,1.17680529,45.87559093
87085_2199_00066,avenue Général Chambe,66,,SC0033,1558528.29320000,5187704.68620000,1.17748881,45.87480766
87085_2199_00067,avenue Général Chambe,67,,SC0073,1558463.31680000,5187825.76780000,1.17661634,45.87588345
87085_2199_00070,avenue Général Chambe,70,,SC0025,1558515.28340000,5187734.61490000,1.17731245,45.87507420
87085_2199_00072,avenue Général Chambe,72,,SC0024,1558502.28770000,5187764.85880000,1.17713617,45.87534358
87085_2199_00073,avenue Général Chambe,73,,SC0234,1558433.73490000,5187895.01590000,1.17621495,45.87650027
87085_2199_00074,avenue Général Chambe,74,,SC0023,1558487.25440000,5187799.42960000,1.17693238,45.87565146
87085_2199_00081,avenue Général Chambe,81,,SC0077,1558401.93870000,5187967.42910000,1.17578410,45.87714510
87085_2199_00094,avenue Général Chambe,94,,SC0021,1558397.76330000,5188006.64030000,1.17571876,45.87749696
87085_2199_00099,avenue Général Chambe,99,,SC0146,1558322.56140000,5188151.99840000,1.17470736,45.87878900
87085_2199_00100,avenue Général Chambe,100,,SC0020,1558377.72960000,5188056.39020000,1.17544608,45.87794034
87085_2199_00105,avenue Général Chambe,105,,SC0143,1558291.81020000,5188215.09890000,1.17429268,45.87935027
87085_2199_00110,avenue Général Chambe,110,,SC0019,1558340.74480000,5188137.38230000,1.17494585,45.87866127
87085_2199_00112,avenue Général Chambe,112,,SC0019,1558375.89620000,5188162.51750000,1.17539115,45.87889462
87085_2199_00117,avenue Général Chambe,117,,SC0136,1558236.56120000,5188382.61070000,1.17353165,45.88084569
87085_2199_00148,avenue Général Chambe,148,,SC0003,1558323.54020000,5188693.51010000,1.17456010,45.88366027
87085_2197_00001,avenue Général de Gaulle,1,,EI0129,1565204.94480000,5182908.59940000,1.26481878,45.83300619
87085_2197_00001_ter,avenue Général de Gaulle,1,ter,EI0126,1565217.30980000,5182933.78490000,1.26497084,45.83323517
87085_2197_00003,avenue Général de Gaulle,3,,EI0165,1565222.61890000,5182945.08500000,1.26503599,45.83333786
87085_2197_00003_bis,avenue Général de Gaulle,3,bis,EI0123,1565226.34940000,5182952.33950000,1.26508196,45.83340385
87085_2197_00005,avenue Général de Gaulle,5,,EI0120,1565230.09260000,5182960.34460000,1.26512789,45.83347659
87085_2197_00007,avenue Général de Gaulle,7,,EI0167,1565234.49080000,5182969.14590000,1.26518202,45.83355663
87085_2197_00009,avenue Général de Gaulle,9,,EI0118,1565238.01170000,5182976.66670000,1.26522522,45.83362497
87085_2197_00011,avenue Général de Gaulle,11,,EI0115,1565244.61110000,5182990.58690000,1.26530625,45.83375149
87085_2197_00013,avenue Général de Gaulle,13,,EI0114,1565250.50890000,5183002.42540000,1.26537883,45.83385914
87085_2197_00015,avenue Général de Gaulle,15,,EI0191,1565254.77590000,5183011.92000000,1.26543108,45.83394538
87085_2197_00017,avenue Général de Gaulle,17,,EI0110,1565263.12010000,5183029.24080000,1.26553360,45.83410283
87085_2197_00019,avenue Général de Gaulle,19,,EI0109,1565269.12330000,5183042.05810000,1.26560727,45.83421930
87085_2197_00021,avenue Général de Gaulle,21,,EI0108,1565276.65170000,5183058.45480000,1.26569955,45.83436828
87085_2197_00023,avenue Général de Gaulle,23,,EI0108,1565283.61370000,5183073.14680000,1.26578503,45.83450180
87085_2197_00023_bis,avenue Général de Gaulle,23,bis,EI0106,1565287.70370000,5183081.30270000,1.26583538,45.83457597
87085_2197_00025,avenue Général de Gaulle,25,,EI0106,1565292.96340000,5183092.38830000,1.26589996,45.83467672
87085_2197_00027,avenue Général de Gaulle,27,,EI0105,1565292.55060000,5183098.65350000,1.26589289,45.83473300
87085_2197_00029,avenue Général de Gaulle,29,,EI0104,1565285.86240000,5183112.75680000,1.26580287,45.83485856
87085_2204_00001,avenue Général Leclerc,1,,CX0154,1564664.75810000,5183734.44360000,1.25763479,45.84032904
87085_2204_00001_b,avenue Général Leclerc,1,b,CX0154,1564665.64250000,5183737.96140000,1.25764520,45.84036090
87085_2204_00003,avenue Général Leclerc,3,,CX0297,1564669.36310000,5183746.91860000,1.25769055,45.84044217
87085_2204_00004,avenue Général Leclerc,4,,CW0004,1564691.39510000,5183751.76160000,1.25797274,45.84049007
87085_2204_00005,avenue Général Leclerc,5,,CX0152,1564673.04050000,5183756.42710000,1.25773520,45.84052843
87085_2204_00006,avenue Général Leclerc,6,,CW0005,1564695.40000000,5183762.22820000,1.25802134,45.84058501
87085_2204_00007,avenue Général Leclerc,7,,CX0148,1564684.87570000,5183786.85120000,1.25787895,45.84080444
87085_2204_00008,avenue Général Leclerc,8,,CW0009,1564706.55760000,5183791.50440000,1.25815670,45.84085056
87085_2204_00009,avenue Général Leclerc,9,,CX0147,1564687.84500000,5183794.52490000,1.25791501,45.84087405
87085_2204_00010,avenue Général Leclerc,10,,CW0141,1564709.26440000,5183798.42190000,1.25818959,45.84091332
87085_2204_00011,avenue Général Leclerc,11,,CX0146,1564691.56350000,5183803.72730000,1.25796028,45.84095757
87085_2204_00012,avenue Général Leclerc,12,,CW0011,1564712.99260000,5183807.73340000,1.25823495,45.84099782
87085_2204_00013,avenue Général Leclerc,13,,CX0144,1564694.43880000,5183812.75670000,1.25799474,45.84103936
87085_2204_00014,avenue Général Leclerc,14,,CW0014,1564716.41550000,5183816.72490000,1.25827648,45.84107938
87085_2204_00015,avenue Général Leclerc,15,,CX0143,1564698.07690000,5183822.38640000,1.25803886,45.84112670
87085_2204_00016,avenue Général Leclerc,16,,CW0015,1564721.04350000,5183828.08940000,1.25833284,45.84118252
87085_2204_00017,avenue Général Leclerc,17,,CX0142,1564702.54180000,5183833.36220000,1.25809323,45.84122631
87085_2204_00017_bis,avenue Général Leclerc,17,bis,CX0142,1564704.12930000,5183837.92630000,1.25811238,45.84126768
87085_2204_00018,avenue Général Leclerc,18,,CW0016,1564735.41020000,5183866.65180000,1.25850690,45.84153223
87085_2204_00019,avenue Général Leclerc,19,,CX0141,1564707.31850000,5183845.29250000,1.25815135,45.84133457
87085_2204_00020,avenue Général Leclerc,20,,CW0024,1564739.52670000,5183877.42280000,1.25855685,45.84162994
87085_2204_00021,avenue Général Leclerc,21,,CX0273,1564712.45830000,5183859.18800000,1.25821359,45.84146058
87085_2204_00022,avenue Général Leclerc,22,,CW0147,1564744.34610000,5183889.79520000,1.25861539,45.84174218
87085_2204_00023,avenue Général Leclerc,23,,CX0134,1564715.82390000,5183868.04330000,1.25825442,45.84154090
87085_2204_00024,avenue Général Leclerc,24,,CW0149,1564747.27930000,5183897.58080000,1.25865095,45.84181279
87085_2204_00025,avenue Général Leclerc,25,,CX0133,1564718.79550000,5183875.78620000,1.25829048,45.84161113
87085_2204_00026,avenue Général Leclerc,26,,CW0155,1564750.00060000,5183904.41400000,1.25868406,45.84187480
87085_2204_00027,avenue Général Leclerc,27,,CX0132,1564721.53880000,5183882.36340000,1.25832394,45.84167084
87085_2204_00028,avenue Général Leclerc,28,,CW0028,1564753.53410000,5183913.47460000,1.25872698,45.84195700
87085_2204_00029,avenue Général Leclerc,29,,CX0131,1564724.36630000,5183890.17110000,1.25835813,45.84174163
87085_2204_00031,avenue Général Leclerc,31,,CX0130,1564728.66690000,5183901.80180000,1.25841021,45.84184710
87085_2204_00032,avenue Général Leclerc,32,,CW0101,1564809.16360000,5184057.87640000,1.25940235,45.84326691
87085_2204_00032_a,avenue Général Leclerc,32,a,CW0143,1564794.58170000,5184020.87780000,1.25922508,45.84293122
87085_2204_00032_b,avenue Général Leclerc,32,b,CW0122,1564798.68270000,5184030.53510000,1.25927515,45.84301890
87085_2204_00033,avenue Général Leclerc,33,,CX0129,1564732.61430000,5183912.46950000,1.25845801,45.84194384
87085_2204_00034,avenue Général Leclerc,34,,CW0101,1564840.02110000,5184051.47380000,1.25980132,45.84321539
87085_2204_00035,avenue Général Leclerc,35,,CX0128,1564736.49100000,5183921.92730000,1.25850525,45.84202968
87085_2204_00036,avenue Général Leclerc,36,,CW0103,1564874.34350000,5184028.09880000,1.26024966,45.84301186
87085_2204_00037,avenue Général Leclerc,37,,CX0127,1564739.77320000,5183930.83000000,1.25854499,45.84211041
87085_2204_00038,avenue Général Leclerc,38,,CW0126,1564911.91730000,5183998.86710000,1.26074149,45.84275629
87085_2204_00039,avenue Général Leclerc,39,,CX0126,1564742.16820000,5183937.61000000,1.25857390,45.84217187
87085_2204_00041,avenue Général Leclerc,41,,CX0125,1564745.97290000,5183946.57380000,1.25862035,45.84225326
87085_2204_00043,avenue Général Leclerc,43,,CX0124,1564748.99430000,5183954.90200000,1.25865689,45.84232877
87085_2204_00044,avenue Général Leclerc,44,,CV0737,1564852.10040000,5184171.00470000,1.25992318,45.84429301
87085_2204_00045,avenue Général Leclerc,45,,CX0123,1564752.92180000,5183965.18060000,1.25870455,45.84242200
87085_2204_00046,avenue Général Leclerc,46,,CV0734,1564855.33890000,5184180.36430000,1.25996223,45.84437784
87085_2204_00048,avenue Général Leclerc,48,,CV1263,1564858.46700000,5184188.55880000,1.26000019,45.84445217
87085_2204_00049,avenue Général Leclerc,49,,CX0122,1564759.66630000,5183982.77910000,1.25878641,45.84258164
87085_2204_00050,avenue Général Leclerc,50,,CV0720,1564905.22510000,5184310.28610000,1.26056780,45.84555637
87085_2204_00051,avenue Général Leclerc,51,,CX0071,1564768.72460000,5184007.02860000,1.25889617,45.84280156
87085_2204_00052,avenue Général Leclerc,52,,CV0726,1564908.57910000,5184320.00600000,1.26060824,45.84564446
87085_2204_00053,avenue Général Leclerc,53,,CX0070,1564773.10410000,5184017.60560000,1.25894956,45.84289757
87085_2204_00054,avenue Général Leclerc,54,,CV0725,1564912.90280000,5184331.55010000,1.26066065,45.84574916
87085_2204_00055,avenue Général Leclerc,55,,CX0069,1564775.67720000,5184024.65840000,1.25898070,45.84296152
87085_2204_00056,avenue Général Leclerc,56,,CV0724,1564916.80320000,5184341.81760000,1.26070797,45.84584229
87085_2204_00057,avenue Général Leclerc,57,,CX0068,1564779.13880000,5184032.94660000,1.25902292,45.84303675
87085_2204_00058,avenue Général Leclerc,58,,CV0983,1564919.79520000,5184349.48270000,1.26074432,45.84591183
87085_2204_00059,avenue Général Leclerc,59,,CX0063,1564782.73120000,5184042.74550000,1.25906640,45.84312561
87085_2204_00059_bis,avenue Général Leclerc,59,bis,CX0062,1564786.54140000,5184052.37010000,1.25911273,45.84321293
87085_2204_00060,avenue Général Leclerc,60,,CV0758,1564922.60050000,5184357.13280000,1.26077828,45.84598119
87085_2204_00061,avenue Général Leclerc,61,,CX0061,1564791.85460000,5184066.36080000,1.25917718,45.84333983
87085_2204_00062,avenue Général Leclerc,62,,CV1018,1564926.62840000,5184368.36580000,1.26082697,45.84608303
87085_2204_00063,avenue Général Leclerc,63,,CX0057,1564796.79180000,5184079.62310000,1.25923700,45.84346011
87085_2204_00064,avenue Général Leclerc,64,,CV0037,1564935.11740000,5184390.42120000,1.26093000,45.84628300
87085_2204_00065,avenue Général Leclerc,65,,CX0056,1564800.41210000,5184089.36960000,1.25928085,45.84354849
87085_2204_00066,avenue Général Leclerc,66,,CV0036,1564938.14170000,5184398.34600000,1.26096674,45.84635498
87085_2204_00067,avenue Général Leclerc,67,,CX0252,1564804.13720000,5184098.63870000,1.25932619,45.84363261
87085_2204_00068,avenue Général Leclerc,68,,CV0035,1564941.24040000,5184406.09440000,1.26100445,45.84642529
87085_2204_00069,avenue Général Leclerc,69,,BR0236,1564819.55950000,5184138.68080000,1.25951343,45.84399584
87085_2204_00070,avenue Général Leclerc,70,,CV0034,1564944.05880000,5184413.27720000,1.26103870,45.84649046
87085_2204_00071,avenue Général Leclerc,71,,BR0235,1564822.92930000,5184147.74940000,1.25955425,45.84407808
87085_2204_00073,avenue Général Leclerc,73,,BR0234,1564825.27480000,5184153.41330000,1.25958285,45.84412949
87085_2204_00074,avenue Général Leclerc,74,,CV0002,1564956.52480000,5184444.77830000,1.26119031,45.84677628
87085_2204_00075,avenue Général Leclerc,75,,BR0233,1564828.45590000,5184162.01640000,1.25962137,45.84420751
87085_2204_00077,avenue Général Leclerc,77,,BR0232,1564832.91910000,5184173.50930000,1.25967559,45.84431177
87085_2204_00079,avenue Général Leclerc,79,,BR0231,1564837.20350000,5184184.42250000,1.25972766,45.84441078
87085_2204_00081,avenue Général Leclerc,81,,BR0230,1564841.60960000,5184195.87660000,1.25978115,45.84451469
87085_2204_00082,avenue Général Leclerc,82,,CV1235,1564964.95360000,5184465.49980000,1.26129298,45.84696434
87085_2204_00084,avenue Général Leclerc,84,,CV1234,1564969.79390000,5184477.62400000,1.26135188,45.84707435
87085_2204_00086,avenue Général Leclerc,86,,BS0568,1564983.87580000,5184507.86370000,1.26152464,45.84734914
87085_2204_00087,avenue Général Leclerc,87,,BR0225,1564859.74480000,5184243.60950000,1.26000115,45.84494763
87085_2204_00088,avenue Général Leclerc,88,,BS0567,1564988.02590000,5184516.36940000,1.26157567,45.84742647
87085_2204_00089,avenue Général Leclerc,89,,BR0681,1564864.20980000,5184255.31240000,1.26005533,45.84505379
87085_2204_00090,avenue Général Leclerc,90,,BS0566,1564993.39850000,5184526.23930000,1.26164205,45.84751631
87085_2204_00091,avenue Général Leclerc,91,,BR0222,1564868.38990000,5184266.73880000,1.26010592,45.84515740
87085_2204_00092,avenue Général Leclerc,92,,BS0565,1564997.28210000,5184534.20000000,1.26168981,45.84758868
87085_2204_00093,avenue Général Leclerc,93,,BR0221,1564872.52740000,5184277.72190000,1.26015609,45.84525701
87085_2204_00094,avenue Général Leclerc,94,,BS0783,1565001.26310000,5184542.08280000,1.26173884,45.84766038
87085_2204_00095,avenue Général Leclerc,95,,BR0220,1564877.12320000,5184289.74500000,1.26021186,45.84536607
87085_2204_00096,avenue Général Leclerc,96,,BS0783,1565006.35420000,5184551.94070000,1.26180160,45.84775005
87085_2204_00097,avenue Général Leclerc,97,,BR0212,1564881.16350000,5184300.15260000,1.26026094,45.84546048
87085_2204_00099,avenue Général Leclerc,99,,BR0211,1564883.51550000,5184306.56300000,1.26028941,45.84551861
87085_2204_00100,avenue Général Leclerc,100,,BS0556,1565018.35710000,5184575.60420000,1.26194945,45.84796528
87085_2204_00101,avenue Général Leclerc,101,,BR0210,1564885.89300000,5184312.58870000,1.26031832,45.84557328
87085_2204_00103,avenue Général Leclerc,103,,BR0209,1564887.78190000,5184317.28380000,1.26034131,45.84561589
87085_2204_00104,avenue Général Leclerc,104,,BS0555,1565025.49170000,5184589.02520000,1.26203752,45.84808741
87085_2204_00105,avenue Général Leclerc,105,,BR0207,1564889.89560000,5184322.66880000,1.26036701,45.84566474
87085_2204_00107,avenue Général Leclerc,107,,BR0808,1564897.54060000,5184343.00090000,1.26045969,45.84584915
87085_2204_00107_bis,avenue Général Leclerc,107,bis,BR0807,1564901.35030000,5184353.26260000,1.26050584,45.84594220
87085_2204_00108,avenue Général Leclerc,108,,BS0549,1565036.43830000,5184609.74590000,1.26217261,45.84827595
87085_2204_00110,avenue Général Leclerc,110,,BS0548,1565041.65420000,5184621.00290000,1.26223658,45.84837824
87085_2204_00111,avenue Général Leclerc,111,,BR0204,1564915.99130000,5184391.27410000,1.26068361,45.84628702
87085_2204_00111_bis,avenue Général Leclerc,111,bis,BR0736,1564920.64030000,5184403.21990000,1.26074009,45.84639539
87085_2204_00113,avenue Général Leclerc,113,,BR0199,1564923.83270000,5184412.07190000,1.26077870,45.84647565
87085_2204_00113_bis,avenue Général Leclerc,113,bis,BR0196,1564926.80440000,5184419.67960000,1.26081481,45.84654466
87085_2204_00114,avenue Général Leclerc,114,,BS0262,1565060.54660000,5184656.42960000,1.26246982,45.84870063
87085_2204_00115,avenue Général Leclerc,115,,BR0195,1564931.38910000,5184430.83750000,1.26087069,45.84664594
87085_2204_00116,avenue Général Leclerc,116,,BS0832,1565065.27920000,5184665.39050000,1.26252822,45.84878217
87085_2204_00117,avenue Général Leclerc,117,,BR0194,1564935.47820000,5184441.67590000,1.26092027,45.84674424
87085_2204_00118,avenue Général Leclerc,118,,BS0306,1565069.90880000,5184674.34510000,1.26258530,45.84886363
87085_2204_00119,avenue Général Leclerc,119,,BR0193,1564939.25480000,5184451.26450000,1.26096619,45.84683123
87085_2204_00119_bis,avenue Général Leclerc,119,bis,BR0192,1564942.68450000,5184460.44020000,1.26100776,45.84691445
87085_2204_00121,avenue Général Leclerc,121,,BR0191,1564946.83840000,5184470.56850000,1.26105838,45.84700638
87085_2204_00122,avenue Général Leclerc,122,,BS0308,1565090.98580000,5184716.22130000,1.26284485,45.84924446
87085_2204_00122_bis,avenue Général Leclerc,122,bis,BS0350,1565097.33580000,5184728.78900000,1.26292307,45.84935876
87085_2204_00123,avenue Général Leclerc,123,,BR0189,1564950.39450000,5184480.20230000,1.26110145,45.84709374
87085_2204_00124,avenue Général Leclerc,124,,BS0351,1565103.78030000,5184741.28500000,1.26300251,45.84947244
87085_2204_00126,avenue Général Leclerc,126,,BS0354,1565108.06050000,5184749.98080000,1.26305517,45.84955150
87085_2204_00128,avenue Général Leclerc,128,,BS0845,1565121.75280000,5184776.13930000,1.26322408,45.84978950
87085_2204_00129,avenue Général Leclerc,129,,BS0844,1564962.83330000,5184510.29630000,1.26125310,45.84736689
87085_2204_00130,avenue Général Leclerc,130,,BS0356,1565126.22050000,5184785.24090000,1.26327903,45.84987225
87085_2204_00132,avenue Général Leclerc,132,,BS0357,1565131.38640000,5184795.08960000,1.26334277,45.84996186
87085_2204_00134,avenue Général Leclerc,134,,BS0391,1565137.12240000,5184806.57920000,1.26341338,45.85006634
87085_2204_00135,avenue Général Leclerc,135,,BS0224,1564976.60980000,5184532.49750000,1.26142419,45.84756931
87085_2204_00136,avenue Général Leclerc,136,,BS0392,1565142.06330000,5184816.56830000,1.26347418,45.85015716
87085_2204_00138,avenue Général Leclerc,138,,BS0393,1565146.52720000,5184825.17430000,1.26352922,45.85023546
87085_2204_00140,avenue Général Leclerc,140,,BS0395,1565149.99350000,5184831.41430000,1.26357209,45.85029227
87085_2204_00141,avenue Général Leclerc,141,,BS0781,1565002.43140000,5184583.22410000,1.26174231,45.84803070
87085_2204_00143,avenue Général Leclerc,143,,BS0753,1565007.57180000,5184594.00100000,1.26180545,45.84812865
87085_2204_00165,avenue Général Leclerc,165,,BS0077,1565062.37860000,5184701.80090000,1.26248066,45.84910913
87085_2204_00167,avenue Général Leclerc,167,,BS0076,1565066.29340000,5184709.78850000,1.26252881,45.84918175
87085_2204_00169,avenue Général Leclerc,169,,BS0075,1565071.84840000,5184719.92720000,1.26259747,45.84927405
87085_2204_00171,avenue Général Leclerc,171,,BS0074,1565077.87860000,5184731.95700000,1.26267171,45.84938344
87085_2204_00171_bis,avenue Général Leclerc,171,bis,BS0073,1565082.12300000,5184739.93300000,1.26272411,45.84945603
87085_2204_00171_ter,avenue Général Leclerc,171,ter,BS0072,1565087.33620000,5184750.32470000,1.26278830,45.84955053
87085_2204_00173,avenue Général Leclerc,173,,BS0071,1565090.74050000,5184756.31790000,1.26283044,45.84960511
87085_2204_00175,avenue Général Leclerc,175,,BS0070,1565094.31700000,5184763.28830000,1.26287452,45.84966851
87085_2204_00177,avenue Général Leclerc,177,,BS0069,1565099.47460000,5184773.57570000,1.26293802,45.84976207
87085_2204_00179,avenue Général Leclerc,179,,BS0798,1565103.02410000,5184780.91630000,1.26298165,45.84982880
87085_2204_00181,avenue Général Leclerc,181,,BS0750,1565109.98950000,5184793.96460000,1.26306765,45.84994754
87085_2204_00183,avenue Général Leclerc,183,,BS0066,1565114.00030000,5184801.23440000,1.26311724,45.85001372
87085_2204_00184,avenue Général Leclerc,184,,BS0404,1565180.09600000,5184891.45250000,1.26394274,45.85083825
87085_2204_00185,avenue Général Leclerc,185,,BS0065,1565117.01860000,5184807.69980000,1.26315428,45.85007247
87085_2204_00187,avenue Général Leclerc,187,,BS0064,1565123.45540000,5184819.80490000,1.26323374,45.85018263
87085_2204_00188,avenue Général Leclerc,188,,BS0406,1565188.45270000,5184907.09420000,1.26404593,45.85098060
87085_2204_00191,avenue Général Leclerc,191,,BS0062,1565131.84560000,5184836.30260000,1.26333711,45.85033268
87085_2204_00193,avenue Général Leclerc,193,,BS0061,1565134.85390000,5184842.19230000,1.26337418,45.85038625
87085_2204_00195,avenue Général Leclerc,195,,BS0890,1565139.59640000,5184851.49730000,1.26343262,45.85047089
87085_2204_00197,avenue Général Leclerc,197,,BS0696,1565127.82050000,5184864.09310000,1.26327749,45.85058188
87085_2204_00201_bis,avenue Général Leclerc,201,bis,BS0854,1565166.79350000,5184905.24140000,1.26376763,45.85095968
87085_2204_00203,avenue Général Leclerc,203,,BS0857,1565169.69460000,5184913.70300000,1.26349980,45.85124373
87085_2204_00205,avenue Général Leclerc,205,,BS0859,1565146.68510000,5184937.25600000,1.26312816,45.85142523
87085_2204_00209,avenue Général Leclerc,209,,BS0825,1565203.77670000,5184955.91750000,1.26422949,45.85142279
87085_2204_00211,avenue Général Leclerc,211,,BS0045,1565213.82460000,5184969.64500000,1.26435499,45.85154825
87085_2204_00211_bis,avenue Général Leclerc,211,bis,BS0044,1565219.61840000,5184976.58550000,1.26442762,45.85161182
87085_2204_00211_ter,avenue Général Leclerc,211,ter,BS0044,1565223.67680000,5184982.82530000,1.26447812,45.85166875
87085_2204_00225,avenue Général Leclerc,225,,CM0599,1565329.48760000,5185162.24750000,1.26578992,45.85330349
87085_2204_00225_bis,avenue Général Leclerc,225,bis,CM0603,1565334.97920000,5185189.18080000,1.26585306,45.85354685
87085_2204_00225_ter,avenue Général Leclerc,225,ter,CM0602,1565332.03410000,5185174.43940000,1.26581928,45.85341366
87085_2204_00226,avenue Général Leclerc,226,,CM0765,1565307.70760000,5185072.30740000,1.26553476,45.85249016
87085_2204_00227,avenue Général Leclerc,227,,CM0604,1565341.39730000,5185220.04230000,1.26592704,45.85382572
87085_2204_00228,avenue Général Leclerc,228,,CM0505,1565317.54960000,5185091.52350000,1.26565607,45.85266495
87085_2204_00229,avenue Général Leclerc,229,,CM0897,1565344.37850000,5185239.19010000,1.26596005,45.85399855
87085_2204_00230,avenue Général Leclerc,230,,CM0112,1565331.11270000,5185117.49550000,1.26582339,45.85290124
87085_2204_00231,avenue Général Leclerc,231,,CM0607,1565348.23730000,5185262.83070000,1.26600310,45.85421197
87085_2204_00232,avenue Général Leclerc,232,,CM0111,1565333.85560000,5185123.54170000,1.26585700,45.85295616
87085_2204_00233,avenue Général Leclerc,233,,CM0883,1565353.25970000,5185288.26850000,1.26606062,45.85444178
87085_2204_00234,avenue Général Leclerc,234,,CM0110,1565337.40360000,5185130.27990000,1.26590079,45.85301747
87085_2204_00235,avenue Général Leclerc,235,,CM0614,1565355.52600000,5185367.04730000,1.26606772,45.85515088
87085_2204_00236,avenue Général Leclerc,236,,CM0108,1565343.68840000,5185147.81920000,1.26597678,45.85317648
87085_2204_00237,avenue Général Leclerc,237,,BW0022,1565396.18600000,5185395.94410000,1.26658307,45.85541879
87085_2204_00238,avenue Général Leclerc,238,,CM0107,1565346.06190000,5185155.37100000,1.26600521,45.85324488
87085_2204_00240,avenue Général Leclerc,240,,CM0106,1565348.05970000,5185163.86330000,1.26602855,45.85332166
87085_2204_00242,avenue Général Leclerc,242,,CM0105,1565349.14630000,5185169.97490000,1.26604083,45.85337685
87085_2204_00244,avenue Général Leclerc,244,,CM0751,1565353.50100000,5185191.79710000,1.26609077,45.85357401
87085_2204_00244_bis,avenue Général Leclerc,244,bis,CM0873,1565362.98080000,5185239.68330000,1.26619939,45.85400663
87085_2204_00246,avenue Général Leclerc,246,,CM0671,1565365.36000000,5185252.99710000,1.26622628,45.85412686
87085_2204_00246_bis,avenue Général Leclerc,246,bis,CM0670,1565367.38440000,5185262.27590000,1.26624974,45.85421073
87085_2204_00250,avenue Général Leclerc,250,,CM0099,1565371.87420000,5185287.81920000,1.26630039,45.85444138
87085_2204_00252,avenue Général Leclerc,252,,CM0850,1565375.18150000,5185305.41400000,1.26633803,45.85460031
87085_2204_00252_bis,avenue Général Leclerc,252,bis,CM0847,1565376.72230000,5185314.42640000,1.26635534,45.85468168
87085_2204_00260,avenue Général Leclerc,260,,CM0852,1565425.45140000,5185390.70990000,1.26696129,45.85537743
87085_2201_00001,avenue Général Valin,1,,EX0147,1565576.76970000,5180863.15090000,1.27017544,45.81467888
87085_2201_00003,avenue Général Valin,3,,EX0254,1565581.02400000,5180853.09540000,1.27023298,45.81458925
87085_2201_00004,avenue Général Valin,4,,TV0003,1565586.55320000,5180815.55080000,1.27031460,45.81425260
87085_2201_00005,avenue Général Valin,5,,EX0250,1565591.87080000,5180841.08500000,1.27037587,45.81448333
87085_2201_00007,avenue Général Valin,7,,EX0403,1565606.01220000,5180826.70160000,1.27056181,45.81435671
87085_2201_00009,avenue Général Valin,9,,EX0209,1565614.70100000,5180817.70200000,1.27067610,45.81427745
87085_2201_00014,avenue Général Valin,14,,TV0007,1565734.43560000,5180651.77140000,1.27226272,45.81280817
87085_2201_00016,avenue Général Valin,16,,TV0007,1565741.31310000,5180642.41440000,1.27235381,45.81272534
87085_2201_00046,avenue Général Valin,46,,TV0011,1565976.55160000,5180056.42910000,1.27554315,45.80749989
87085_2201_00047,avenue Général Valin,47,,TE0035,1565914.58580000,5180363.64240000,1.27466048,45.81025140
87085_2201_00051,avenue Général Valin,51,,TE0035,1565936.05380000,5180291.79270000,1.27495666,45.80960925
87085_2201_00053,avenue Général Valin,53,,TE0034,1565940.14300000,5180278.39350000,1.27501299,45.80948951
87085_2201_00055,avenue Général Valin,55,,TE0034,1565944.58470000,5180264.65850000,1.27507395,45.80936682
87085_2201_00056,avenue Général Valin,56,,TW0014,1565979.55830000,5179919.44840000,1.27561998,45.80626824
87085_2201_00057,avenue Général Valin,57,,TE0031,1565947.36120000,5180255.52290000,1.27511221,45.80928518
87085_2201_00059,avenue Général Valin,59,,TE0041,1565952.29110000,5180237.57790000,1.27518063,45.80912471
87085_2201_00063,avenue Général Valin,63,,TE0027,1565966.24880000,5180183.55070000,1.27564528,45.80816689
87085_2201_00065,avenue Général Valin,65,,TE0027,1565973.01630000,5180152.66120000,1.27567840,45.80809536
87085_2201_00065_bis,avenue Général Valin,65,bis,TE0027,1565998.99290000,5180120.48240000,1.27581397,45.80808046
87085_2225_00001,avenue Georges Dumas,1,,HS0565,1565396.25550000,5182131.89800000,1.26749814,45.82605675
87085_2225_00003,avenue Georges Dumas,3,,HS0068,1565381.26490000,5182135.59800000,1.26730422,45.82608710
87085_2225_00005,avenue Georges Dumas,5,,HS0067,1565370.44290000,5182138.33580000,1.26716421,45.82610961
87085_2225_00007,avenue Georges Dumas,7,,HS0066,1565361.08260000,5182140.66180000,1.26704312,45.82612870
87085_2225_00009,avenue Georges Dumas,9,,HS0066,1565352.24990000,5182142.80360000,1.26692886,45.82614624
87085_2225_00010,avenue Georges Dumas,10,,DZ0121,1565248.15310000,5182185.79620000,1.26557739,45.82651260
87085_2225_00011,avenue Georges Dumas,11,,HS0357,1565329.37850000,5182148.28800000,1.26663304,45.82619110
87085_2225_00012,avenue Georges Dumas,12,,DZ0353,1565233.79270000,5182189.52240000,1.26539157,45.82654331
87085_2225_00012_ter,avenue Georges Dumas,12,ter,DZ0119,1565221.67680000,5182192.80240000,1.26523476,45.82657044
87085_2225_00013,avenue Georges Dumas,13,,DZ0124,1565301.37490000,5182155.52320000,1.26627069,45.82625070
87085_2225_00014,avenue Georges Dumas,14,,DZ0350,1565203.64480000,5182197.26240000,1.26500148,45.82660702
87085_2225_00015,avenue Georges Dumas,15,,DZ0125,1565293.23260000,5182157.61930000,1.26616533,45.82626796
87085_2225_00016,avenue Georges Dumas,16,,DZ0313,1565195.34280000,5182199.24510000,1.26489411,45.82662323
87085_2225_00017,avenue Georges Dumas,17,,DZ0126,1565284.17860000,5182160.11790000,1.26604813,45.82628866
87085_2225_00018,avenue Georges Dumas,18,,DZ0330,1565182.88980000,5182202.45620000,1.26473297,45.82664968
87085_2225_00019,avenue Georges Dumas,19,,DZ0127,1565276.68610000,5182162.22210000,1.26595114,45.82630613
87085_2225_00020,avenue Georges Dumas,20,,DZ0330,1565172.85700000,5182205.11190000,1.26460313,45.82667160
87085_2225_00021_bis,avenue Georges Dumas,21,bis,DZ0129,1565261.19680000,5182166.16420000,1.26575073,45.82633855
87085_2225_00022,avenue Georges Dumas,22,,DZ0330,1565158.84050000,5182208.81520000,1.26442174,45.82670217
87085_2225_00023,avenue Georges Dumas,23,,DZ0130,1565250.66090000,5182168.77660000,1.26561443,45.82635999
87085_2225_00024,avenue Georges Dumas,24,,DZ0150,1565136.94690000,5182214.58140000,1.26413841,45.82674974
87085_2225_00025,avenue Georges Dumas,25,,DZ0131,1565240.47520000,5182171.61510000,1.26548258,45.82638353
87085_2225_00026,avenue Georges Dumas,26,,DZ0375,1565128.26910000,5182216.80670000,1.26402613,45.82676806
87085_2225_00027,avenue Georges Dumas,27,,DZ0132,1565235.03790000,5182173.11930000,1.26541219,45.82639599
87085_2225_00028,avenue Georges Dumas,28,,DZ0157,1565117.41240000,5182219.73050000,1.26388561,45.82679223
87085_2225_00028_bis,avenue Georges Dumas,28,bis,DZ0158,1565105.79550000,5182222.72610000,1.26373530,45.82681690
87085_2225_00029,avenue Georges Dumas,29,,DZ0133,1565229.48750000,5182174.46140000,1.26534040,45.82640698
87085_2225_00030,avenue Georges Dumas,30,,DZ0172,1565075.75000000,5182230.56230000,1.26334649,45.82688150
87085_2225_00031,avenue Georges Dumas,31,,DZ0134,1565220.72160000,5182176.70340000,1.26522698,45.82642543
87085_2225_00032,avenue Georges Dumas,32,,DZ0360,1565062.21360000,5182234.14960000,1.26317131,45.82691111
87085_2225_00032_bis,avenue Georges Dumas,32,bis,DZ0179,1565049.22700000,5182237.46270000,1.26300328,45.82693837
87085_2225_00033,avenue Georges Dumas,33,,DZ0135,1565207.84080000,5182180.17820000,1.26506026,45.82645416
87085_2225_00034,avenue Georges Dumas,34,,DZ0181,1565043.11680000,5182238.92790000,1.26292425,45.82695035
87085_2225_00036,avenue Georges Dumas,36,,DZ0182,1565034.06170000,5182241.28350000,1.26280707,45.82696976
87085_2225_00037,avenue Georges Dumas,37,,DZ0136,1565187.48100000,5182185.10480000,1.26479691,45.82649449
87085_2225_00038,avenue Georges Dumas,38,,DZ0183,1565022.96050000,5182244.17300000,1.26266342,45.82699358
87085_2225_00039,avenue Georges Dumas,39,,DZ0138,1565166.79000000,5182190.62160000,1.26452913,45.82654006
87085_2225_00040,avenue Georges Dumas,40,,DZ0290,1564988.74020000,5182254.89420000,1.26222009,45.82708330
87085_2225_00041,avenue Georges Dumas,41,,DZ0368,1565158.30730000,5182192.60280000,1.26441943,45.82655622
87085_2225_00043,avenue Georges Dumas,43,,DZ0370,1565149.36370000,5182195.18850000,1.26430362,45.82657773
87085_2225_00045,avenue Georges Dumas,45,,DZ0141,1565138.60980000,5182198.02040000,1.26416445,45.82660109
87085_2225_00045_b,avenue Georges Dumas,45,b,DZ0373,1565131.33370000,5182199.87250000,1.26407031,45.82661633
87085_2225_00046,avenue Georges Dumas,46,,DZ0029,1564964.43990000,5182259.33500000,1.26190616,45.82711848
87085_2225_00047,avenue Georges Dumas,47,,DZ0372,1565122.78000000,5182201.88750000,1.26395968,45.82663278
87085_2225_00048,avenue Georges Dumas,48,,DZ0027,1564948.59090000,5182263.53420000,1.26170105,45.82715314
87085_2225_00049,avenue Georges Dumas,49,,DZ0149,1565112.36270000,5182204.92220000,1.26382479,45.82665803
87085_2225_00050,avenue Georges Dumas,50,,DZ0026,1564938.32120000,5182266.15260000,1.26156817,45.82717468
87085_2225_00051,avenue Georges Dumas,51,,DZ0192,1565088.95180000,5182211.01590000,1.26352185,45.82670826
87085_2225_00052,avenue Georges Dumas,52,,DZ0021,1564932.63550000,5182267.63980000,1.26149459,45.82718694
87085_2225_00053,avenue Georges Dumas,53,,DZ0191,1565082.05990000,5182212.83520000,1.26343266,45.82672327
87085_2225_00054,avenue Georges Dumas,54,,DZ0020,1564923.60630000,5182270.24140000,1.26137768,45.82720857
87085_2225_00055,avenue Georges Dumas,55,,DZ0230,1565076.11130000,5182214.55800000,1.26335563,45.82673760
87085_2225_00056,avenue Georges Dumas,56,,DZ0013,1564911.16940000,5182273.43780000,1.26121675,45.82723488
87085_2225_00058,avenue Georges Dumas,58,,DZ0013,1564903.05770000,5182275.61360000,1.26111176,45.82725286
87085_2225_00059,avenue Georges Dumas,59,,DZ0189,1565054.94870000,5182219.76820000,1.26308187,45.82678032
87085_2225_00060,avenue Georges Dumas,60,,DZ0310,1564884.35210000,5182280.41040000,1.26086973,45.82729234
87085_2225_00061,avenue Georges Dumas,61,,DZ0188,1565043.81200000,5182222.82180000,1.26293771,45.82680560
87085_2225_00063,avenue Georges Dumas,63,,DZ0187,1565033.15000000,5182225.58750000,1.26279975,45.82682839
87085_2225_00064,avenue Georges Dumas,64,,DZ0011,1564875.88590000,5182282.44980000,1.26076022,45.82730902
87085_2225_00065,avenue Georges Dumas,65,,DZ0186,1565024.48550000,5182227.84310000,1.26268763,45.82684698
87085_5145_00001,avenue Georges et Valentin Lemoine,1,,CZ0057,1564539.48060000,5183397.60330000,1.25611736,45.83727430
87085_5145_00003,avenue Georges et Valentin Lemoine,3,,CZ0042,1564532.81330000,5183399.90790000,1.25603091,45.83729372
87085_5145_00004,avenue Georges et Valentin Lemoine,4,,CZ0059,1564532.83520000,5183417.72960000,1.25602617,45.83745404
87085_5145_00005,avenue Georges et Valentin Lemoine,5,,CZ0041,1564514.16260000,5183406.35920000,1.25578906,45.83734808
87085_5145_00006,avenue Georges et Valentin Lemoine,6,,CZ0060,1564522.57060000,5183421.14830000,1.25589310,45.83748277
87085_5145_00007,avenue Georges et Valentin Lemoine,7,,CZ0040,1564504.04450000,5183409.65020000,1.25565792,45.83737569
87085_5145_00008,avenue Georges et Valentin Lemoine,8,,CZ0061,1564510.64430000,5183425.19350000,1.25573847,45.83751681
87085_5145_00009,avenue Georges et Valentin Lemoine,9,,CZ0278,1564492.09810000,5183413.96210000,1.25550296,45.83741212
87085_5145_00010,avenue Georges et Valentin Lemoine,10,,CZ0206,1564502.10350000,5183428.36250000,1.25562766,45.83754364
87085_5145_00011,avenue Georges et Valentin Lemoine,11,,CZ0038,1564482.81180000,5183417.04460000,1.25538258,45.83743802
87085_5145_00012,avenue Georges et Valentin Lemoine,12,,CZ0206,1564487.11060000,5183433.52950000,1.25543325,45.83758716
87085_5145_00013,avenue Georges et Valentin Lemoine,13,,CZ0026,1564468.77520000,5183421.73580000,1.25520061,45.83747746
87085_5145_00014,avenue Georges et Valentin Lemoine,14,,CZ0200,1564475.02260000,5183437.45360000,1.25527658,45.83762008
87085_5145_00015,avenue Georges et Valentin Lemoine,15,,CZ0025,1564457.52060000,5183425.99700000,1.25505456,45.83751357
87085_5145_00016,avenue Georges et Valentin Lemoine,16,,CZ0072,1564464.14630000,5183441.51180000,1.25513546,45.83765444
87085_5145_00017,avenue Georges et Valentin Lemoine,17,,CZ0277,1564441.08900000,5183431.37860000,1.25484157,45.83755874
87085_5145_00018,avenue Georges et Valentin Lemoine,18,,CZ0073,1564451.54510000,5183445.83080000,1.25497207,45.83769081
87085_5145_00019,avenue Georges et Valentin Lemoine,19,,CZ0023,1564432.94410000,5183434.38460000,1.25473590,45.83758418
87085_5145_00020,avenue Georges et Valentin Lemoine,20,,CZ0076,1564436.05330000,5183451.02240000,1.25477123,45.83773446
87085_5145_00021,avenue Georges et Valentin Lemoine,21,,CZ0251,1564423.94930000,5183437.40770000,1.25461929,45.83760960
87085_5145_00022,avenue Georges et Valentin Lemoine,22,,CZ0076,1564421.69470000,5183456.05320000,1.25458502,45.83777688
87085_5145_00023,avenue Georges et Valentin Lemoine,23,,CZ0251,1564411.23900000,5183441.92710000,1.25445444,45.83764775
87085_5145_00024,avenue Georges et Valentin Lemoine,24,,CZ0077,1564411.70340000,5183459.77190000,1.25445538,45.83780836
87085_5145_00025,avenue Georges et Valentin Lemoine,25,,CZ0021,1564398.86750000,5183446.30230000,1.25429399,45.83768466
87085_5145_00027,avenue Georges et Valentin Lemoine,27,,CZ0020,1564386.60140000,5183450.53770000,1.25413493,45.83772035
87085_5145_00028,avenue Georges et Valentin Lemoine,28,,CZ0078,1564389.72590000,5183467.24200000,1.25417043,45.83787123
87085_5145_00030,avenue Georges et Valentin Lemoine,30,,CZ0083,1564378.36770000,5183471.11790000,1.25402316,45.83790385
87085_5145_00031,avenue Georges et Valentin Lemoine,31,,CZ0019,1564353.07570000,5183462.22300000,1.25370017,45.83781885
87085_5145_00032,avenue Georges et Valentin Lemoine,32,,CZ0085,1564368.69430000,5183474.58330000,1.25389769,45.83793312
87085_5145_00034,avenue Georges et Valentin Lemoine,34,,CZ0084,1564360.03820000,5183477.45180000,1.25378548,45.83795721
87085_2231_00002,avenue Georges Guingouin,2,,LH0051,1567650.67240000,5189724.25730000,1.29441379,45.89479242
87085_2231_00018,avenue Georges Guingouin,18,,LH0059,1567692.15090000,5189932.04190000,1.29489084,45.89666956
87085_2231_00022,avenue Georges Guingouin,22,,LH0109,1567705.63440000,5189998.68500000,1.29504618,45.89727165
87085_2231_00023,avenue Georges Guingouin,23,,MX0074,1567681.17820000,5190046.17280000,1.29471799,45.89769412
87085_2231_00024,avenue Georges Guingouin,24,,LH0062,1567711.21570000,5190025.35080000,1.29511073,45.89751260
87085_2231_00025,avenue Georges Guingouin,25,,MX0027,1567686.61470000,5190070.72660000,1.29478126,45.89791605
87085_2231_00026,avenue Georges Guingouin,26,,LH0063,1567717.09730000,5190054.48860000,1.29517847,45.89777585
87085_2231_00027,avenue Georges Guingouin,27,,MX0063,1567689.15470000,5190118.35170000,1.29480084,45.89834495
87085_2231_00029,avenue Georges Guingouin,29,,MX0023,1567708.09690000,5190140.44940000,1.29503880,45.89854738
87085_2231_00030,avenue Georges Guingouin,30,,LH0066,1567723.93600000,5190088.83050000,1.29525711,45.89808609
87085_2231_00032,avenue Georges Guingouin,32,,LH0069,1567730.54850000,5190119.35220000,1.29533388,45.89836192
87085_2231_00033,avenue Georges Guingouin,33,,MX0022,1567711.51260000,5190197.67280000,1.29506702,45.89906280
87085_2231_00034,avenue Georges Guingouin,34,,LH0070,1567734.85340000,5190141.20650000,1.29538332,45.89855935
87085_2231_00035,avenue Georges Guingouin,35,,MX0061,1567559.74820000,5190111.29050000,1.29313554,45.89825649
87085_2231_00036,avenue Georges Guingouin,36,,LH0073,1567740.09610000,5190168.95990000,1.29544321,45.89881001
87085_2231_00038,avenue Georges Guingouin,38,,LH0074,1567745.49770000,5190195.32210000,1.29550554,45.89904820
87085_2231_00040,avenue Georges Guingouin,40,,LH0121,1567751.24910000,5190219.09490000,1.29557308,45.89926316
87085_2231_00042,avenue Georges Guingouin,42,,LH0079,1567755.38370000,5190239.30790000,1.29562078,45.89944578
87085_2231_00044,avenue Georges Guingouin,44,,LH0080,1567758.69840000,5190256.35170000,1.29565879,45.89959974
87085_2231_00048,avenue Georges Guingouin,48,,LH0115,1567767.07470000,5190308.91500000,1.29575222,45.90007419
87085_2231_00052,avenue Georges Guingouin,52,,LH0091,1567776.85340000,5190355.71730000,1.29586530,45.90049708
87085_2231_00054,avenue Georges Guingouin,54,,LH0113,1567781.32140000,5190374.03590000,1.29591782,45.90066273
87085_2231_00055,avenue Georges Guingouin,55,,MY0026,1567806.26190000,5190608.02540000,1.29612480,45.90254926
87085_2231_00056,avenue Georges Guingouin,56,,LH0113,1567786.11870000,5190399.63970000,1.29597257,45.90089398
87085_2231_00058,avenue Georges Guingouin,58,,LH0097,1567796.43750000,5190448.05850000,1.29609218,45.90133152
87085_2231_00060,avenue Georges Guingouin,60,,LH0097,1567801.40150000,5190471.90189999,1.29614956,45.90154696
87085_2231_00064,avenue Georges Guingouin,64,,LD0003,1567816.12620000,5190534.90150000,1.29632192,45.90211651
87085_2231_00075,avenue Georges Guingouin,75,,MZ0072,1567912.07280000,5191243.82260000,1.29736288,45.90851214
87085_2231_00077,avenue Georges Guingouin,77,,MZ0072,1567908.32340000,5191252.25280000,1.29731224,45.90858725
87085_2231_00079,avenue Georges Guingouin,79,,MZ0072,1567903.49830000,5191262.54620000,1.29724722,45.90867892
87085_2231_00085,avenue Georges Guingouin,85,,MZ0072,1567895.35400000,5191280.50270000,1.29713733,45.90883888
87085_2231_00086,avenue Georges Guingouin,86,,LC0005,1567905.94110000,5190993.68870000,1.29735278,45.90626086
87085_2231_00087,avenue Georges Guingouin,87,,MZ0072,1567892.88700000,5191285.64980000,1.29710412,45.90888471
87085_2231_00089,avenue Georges Guingouin,89,,MZ0072,1567889.13670000,5191293.97090000,1.29705350,45.90895884
87085_2231_00091,avenue Georges Guingouin,91,,MZ0027,1567889.08180000,5191300.62560000,1.29705100,45.90901900
87085_2231_00093,avenue Georges Guingouin,93,,MZ0027,1567902.31100000,5191319.14650000,1.29721633,45.90918784
87085_2231_00093_b,avenue Georges Guingouin,93,b,MZ0027,1567942.39550000,5191312.00270000,1.29773484,45.90913129
87085_2231_00094,avenue Georges Guingouin,94,,LA0140,1567947.82260000,5191194.30750000,1.29783720,45.90807359
87085_2231_00097,avenue Georges Guingouin,97,,MZ0025,1567970.76660000,5191410.19300000,1.29807340,45.91002002
87085_2231_00099,avenue Georges Guingouin,99,,MZ0075,1567975.64580000,5191435.18150000,1.29812940,45.91024575
87085_2231_00101,avenue Georges Guingouin,101,,MZ0074,1567982.42690000,5191467.84490000,1.29820779,45.91054088
87085_2231_00101_b,avenue Georges Guingouin,101,b,MZ0076,1567969.88560000,5191488.48240000,1.29804000,45.91072400
87085_2231_00103,avenue Georges Guingouin,103,,KZ0261,1567955.98540000,5191527.16960000,1.29785070,45.91106945
87085_2231_00105,avenue Georges Guingouin,105,,KZ0261,1567965.02740000,5191548.02530000,1.29796148,45.91125880
87085_2231_00107,avenue Georges Guingouin,107,,KZ0261,1567972.45310000,5191565.93670000,1.29805224,45.91142135
87085_2231_00108,avenue Georges Guingouin,108,,LA0185,1567987.61850000,5191397.86070000,1.29829396,45.90991233
87085_2231_00108_bis,avenue Georges Guingouin,108,bis,LA0184,1567991.04210000,5191412.47180000,1.29833406,45.91004442
87085_2231_00109,avenue Georges Guingouin,109,,KZ0124,1568002.69530000,5191574.60350000,1.29843958,45.91150513
87085_2231_00109_bis,avenue Georges Guingouin,109,bis,KZ0124,1568007.23120000,5191596.24690000,1.29849208,45.91170070
87085_2231_00111,avenue Georges Guingouin,111,,KZ0124,1567969.27950000,5191589.39360000,1.29800488,45.91163175
87085_2231_00113,avenue Georges Guingouin,113,,KZ0261,1567959.15510000,5191577.46270000,1.29787770,45.91152248
87085_2231_00115,avenue Georges Guingouin,115,,KZ0261,1567950.92080000,5191556.15580000,1.29777745,45.91132923
87085_2231_00117,avenue Georges Guingouin,117,,KZ0261,1567942.02390000,5191533.62530000,1.29766900,45.91112484
87085_2231_00119,avenue Georges Guingouin,119,,KZ0258,1567908.00090000,5191540.55920000,1.29722864,45.91118067
87085_2231_00133,avenue Georges Guingouin,133,,KZ0116,1568062.58290000,5191879.82300000,1.29912734,45.91426227
87085_2231_00141,avenue Georges Guingouin,141,,KY0300,1568103.44840000,5192073.05080000,1.29960083,45.91600831
87085_2231_00143,avenue Georges Guingouin,143,,KY0137,1568108.03940000,5192097.08730000,1.29965338,45.91622542
87085_2231_00145,avenue Georges Guingouin,145,,KY0136,1568115.07320000,5192129.42810000,1.29973514,45.91651769
87085_2231_00149,avenue Georges Guingouin,149,,KY0068,1568121.78140000,5192160.53490000,1.29981303,45.91679881
87085_2231_00151,avenue Georges Guingouin,151,,KY0069,1568123.84370000,5192170.80960000,1.29983679,45.91689163
87085_2231_00151_bis,avenue Georges Guingouin,151,bis,KY0070,1568125.32590000,5192178.93900000,1.29985365,45.91696504
87085_2231_00152,avenue Georges Guingouin,152,,KZ0130,1568103.28520000,5191943.56530000,1.29963436,45.91484349
87085_2231_00153,avenue Georges Guingouin,153,,KY0246,1568132.15250000,5192211.68080000,1.29993263,45.91726089
87085_2231_00154,avenue Georges Guingouin,154,,KZ0130,1568109.80490000,5191976.17280000,1.29970941,45.91513806
87085_2231_00167,avenue Georges Guingouin,167,,KY0086,1568166.19830000,5192388.36820000,1.30032282,45.91885683
87085_2231_00175,avenue Georges Guingouin,175,,KY0097,1568182.88720000,5192467.91790000,1.30051603,45.91957563
87085_2231_00177,avenue Georges Guingouin,177,,KY0098,1568192.16920000,5192512.66370000,1.30062336,45.91997992
87085_2231_00179,avenue Georges Guingouin,179,,KY0100,1568198.07640000,5192541.10670000,1.30069168,45.92023692
87085_2231_00185,avenue Georges Guingouin,185,,KY0102,1568208.05320000,5192589.32140000,1.30080701,45.92067255
87085_2231_00189,avenue Georges Guingouin,189,,KY0104,1568213.53490000,5192615.33570000,1.30087051,45.92090762
87085_2231_00191,avenue Georges Guingouin,191,,KY0106,1568215.77680000,5192627.47840000,1.30089606,45.92101728
87085_2231_00193,avenue Georges Guingouin,193,,KY0287,1568219.50080000,5192645.70280000,1.30093905,45.92118194
87085_2231_00207,avenue Georges Guingouin,207,,KX0102,1568293.32250000,5192874.59790000,1.30182764,45.92325514
87085_2236_00023,avenue Georges Pompidou,23,,HR0363,1565355.60270000,5181166.35890000,1.26724538,45.81736317
87085_2236_00025,avenue Georges Pompidou,25,,HR0459,1565362.77980000,5181157.02440000,1.26734033,45.81728061
87085_2347_00001,avenue Guglielmo Marconi,1,,BW0065,1565592.02280000,5185596.97720000,1.26904799,45.85726552
87085_2347_00011,avenue Guglielmo Marconi,11,,BW0085,1565496.55550000,5185579.29300000,1.26782387,45.85708777
87085_2347_00015,avenue Guglielmo Marconi,15,,BW0087,1565356.06890000,5185607.04530000,1.26600743,45.85730991
87085_2347_00025,avenue Guglielmo Marconi,25,,BW0085,1565375.96020000,5185481.71100000,1.26629865,45.85618635
87085_2460_00006,avenue Henri Dunant,6,,IN0128,1563662.07870000,5182006.94670000,1.24521994,45.82459118
87085_2460_00008,avenue Henri Dunant,8,,IN0128,1563654.74930000,5182045.82030000,1.24511461,45.82493941
87085_2460_00009,avenue Henri Dunant,9,,IN0408,1563609.78290000,5182033.69810000,1.24453948,45.82482145
87085_2460_00011,avenue Henri Dunant,11,,IN0408,1563601.19740000,5182045.99850000,1.24442552,45.82493040
87085_2660_00006,avenue Jean Gagnant,6,,EM0080,1565840.12170000,5183037.35640000,1.27295674,45.83428864
87085_2660_00007,avenue Jean Gagnant,7,,EM0282,1565763.15850000,5182986.17650000,1.27198059,45.83381323
87085_2660_00010,avenue Jean Gagnant,10,,EM0057,1565820.95610000,5183031.81280000,1.27271165,45.83423503
87085_2660_00012,avenue Jean Gagnant,12,,EM0056,1565811.11660000,5183028.84590000,1.27258585,45.83420642
87085_2660_00014,avenue Jean Gagnant,14,,EM0055,1565798.02210000,5183030.32220000,1.27241693,45.83421715
87085_2660_00016,avenue Jean Gagnant,16,,EM0048,1565718.82710000,5183001.12950000,1.27140592,45.83393908
87085_2660_00022,avenue Jean Gagnant,22,,EM0047,1565589.45770000,5182961.78400000,1.26975208,45.83355987
87085_2682_00012,avenue Jean Monnet,12,,SN0029,1566562.05040000,5186037.57570000,1.28141403,45.86141795
87085_2682_00016,avenue Jean Monnet,16,,SN0032,1566484.89380000,5186041.17730000,1.28041962,45.86143537
87085_4321_00002,avenue Léon Blum,2,,ES0277,1566575.35370000,5182139.02630000,1.28266776,45.82635062
87085_4321_00004,avenue Léon Blum,4,,ES0277,1566572.45170000,5182111.28420000,1.28263812,45.82610050
87085_4321_00006,avenue Léon Blum,6,,ES0277,1566567.84440000,5182079.54160000,1.28258764,45.82581406
87085_4321_00011,avenue Léon Blum,11,,ES0139,1566463.99050000,5181946.19830000,1.28128838,45.82459439
87085_4321_00012,avenue Léon Blum,12,,ES0277,1566492.25380000,5182040.01350000,1.28162599,45.82544381
87085_4321_00014,avenue Léon Blum,14,,ES0277,1566489.97450000,5182006.57940000,1.28160595,45.82514260
87085_4321_00016,avenue Léon Blum,16,,ES0277,1566453.73610000,5181993.15860000,1.28114340,45.82501484
87085_4321_00018,avenue Léon Blum,18,,ES0277,1566449.55600000,5181972.78640000,1.28109527,45.82483077
87085_4321_00020,avenue Léon Blum,20,,ES0277,1566442.90060000,5181948.08560000,1.28101650,45.82460728
87085_4321_00021,avenue Léon Blum,21,,ES0139,1566453.98090000,5181893.30480000,1.28117428,45.82411664
87085_4321_00022,avenue Léon Blum,22,,ES0277,1566438.13150000,5181922.36580000,1.28096228,45.82437498
87085_4321_00024,avenue Léon Blum,24,,ES0277,1566433.30710000,5181897.45190000,1.28090712,45.82414993
87085_4321_00026,avenue Léon Blum,26,,ES0277,1566428.38510000,5181872.60060000,1.28085070,45.82392542
87085_3141_00030,avenue Louis Armand,30,,SM0026,1565631.78300000,5186752.43900000,1.26923657,45.86766734
87085_3141_00034,avenue Louis Armand,34,,SM0025,1565601.38680000,5186799.54140000,1.26883198,45.86808511
87085_3141_00037,avenue Louis Armand,37,,SM0012,1565636.30970000,5186678.55910000,1.26931553,45.86700363
87085_3141_00079,avenue Louis Armand,79,,SM0056,1565587.27410000,5186762.55160000,1.26866061,45.86774961
87085_3164_00014,avenue Louis de Broglie,14,,MO0137,1567049.29870000,5188408.41290001,1.28703091,45.88283950
87085_3164_00019,avenue Louis de Broglie,19,,MK0014,1566901.89890000,5188421.56450000,1.28512871,45.88292927
87085_3164_00020,avenue Louis de Broglie,20,,MO0006,1566911.72290000,5188446.73440000,1.28524827,45.88315759
87085_3164_00024,avenue Louis de Broglie,24,,MO0003,1566820.86190000,5188510.59860000,1.28406022,45.88371448
87085_3164_00026,avenue Louis de Broglie,26,,MO0110,1566796.30850000,5188526.68530000,1.28373950,45.88385443
87085_3164_00036,avenue Louis de Broglie,36,,MN0008,1566659.54180000,5188622.26050000,1.28195132,45.88468766
87085_3164_00044,avenue Louis de Broglie,44,,MN0008,1566581.45050000,5188677.19410000,1.28093017,45.88516666
87085_3164_00045,avenue Louis de Broglie,45,,MK0072,1566572.55890000,5188656.90470000,1.28082129,45.88498242
87085_3164_00049,avenue Louis de Broglie,49,,ML0029,1566487.23740000,5188716.98750000,1.27970556,45.88550632
87085_3164_00053,avenue Louis de Broglie,53,,ML0027,1566434.44880000,5188753.53500000,1.27901543,45.88582483
87085_3194_00002,avenue Lucien Faure,2,,CV0841,1565071.88220000,5183919.80710000,1.26282258,45.84207651
87085_3194_00004,avenue Lucien Faure,4,,CV1392,1565062.54550000,5183931.59860000,1.26269910,45.84218074
87085_3194_00006,avenue Lucien Faure,6,,CV1390,1565058.28140000,5183936.80470000,1.26264275,45.84222674
87085_3194_00008,avenue Lucien Faure,8,,CV1388,1565053.79870000,5183942.89700000,1.26258335,45.84228066
87085_3194_00010,avenue Lucien Faure,10,,CV1239,1565047.98760000,5183949.84260000,1.26250660,45.84234200
87085_3194_00012,avenue Lucien Faure,12,,CV1386,1565042.92060000,5183956.18630000,1.26243960,45.84239807
87085_3194_00014,avenue Lucien Faure,14,,CV1384,1565037.74640000,5183962.58980000,1.26237121,45.84245466
87085_3194_00016,avenue Lucien Faure,16,,CV1382,1565032.49030000,5183969.10890000,1.26230173,45.84251227
87085_3194_00018,avenue Lucien Faure,18,,CV1451,1565026.40340000,5183976.72720000,1.26222124,45.84257961
87085_3194_00020,avenue Lucien Faure,20,,CV1380,1565020.00360000,5183985.12339999,1.26213652,45.84265388
87085_3194_00024,avenue Lucien Faure,24,,CV1067,1564986.37230000,5184026.58580000,1.26169200,45.84302026
87085_3194_00026,avenue Lucien Faure,26,,CV1378,1564978.94020000,5184034.59170000,1.26159409,45.84309082
87085_3194_00028,avenue Lucien Faure,28,,CV1306,1564971.27880000,5184042.78720000,1.26149318,45.84316303
87085_3194_00030,avenue Lucien Faure,30,,CV1022,1564963.56060000,5184050.72600000,1.26139161,45.84323293
87085_3194_00032,avenue Lucien Faure,32,,CV1303,1564956.37630000,5184057.16700000,1.26129733,45.84328946
87085_3194_00034,avenue Lucien Faure,34,,CV1300,1564949.56200000,5184063.12230000,1.26120795,45.84334170
87085_3194_00036,avenue Lucien Faure,36,,CV0963,1564939.97290000,5184072.39350000,1.26108192,45.84342321
87085_3194_00038,avenue Lucien Faure,38,,CV1734,1564885.78180000,5184106.22160000,1.26037491,45.84371687
87085_3194_00040,avenue Lucien Faure,40,,CV1376,1564875.76870000,5184111.78250000,1.26024447,45.84376492
87085_3194_00042,avenue Lucien Faure,42,,CV1084,1564866.80020000,5184116.78220000,1.26012763,45.84380814
87085_3194_00044,avenue Lucien Faure,44,,None,1564853.23030000,5184123.97310000,1.25995095,45.84387016
87085_0575_00001,avenue Marcellin Berthelot,1,,DE0001,1564261.82250000,5183423.43820000,1.25253672,45.83745195
87085_0575_00003,avenue Marcellin Berthelot,3,,DE0285,1564250.85270000,5183416.93280000,1.25239738,45.83739127
87085_0575_00005,avenue Marcellin Berthelot,5,,DE0008,1564237.85060000,5183409.19210000,1.25223223,45.83731907
87085_0575_00006,avenue Marcellin Berthelot,6,,BN0017,1564173.33860000,5183391.14980000,1.25140708,45.83714403
87085_0575_00007,avenue Marcellin Berthelot,7,,DE0009,1564231.83280000,5183405.73130000,1.25215576,45.83728675
87085_0575_00009,avenue Marcellin Berthelot,9,,DE0018,1564215.76910000,5183396.02550000,1.25195177,45.83719627
87085_0575_00011,avenue Marcellin Berthelot,11,,DE0020,1564209.62720000,5183392.48500000,1.25187373,45.83716320
87085_0575_00013,avenue Marcellin Berthelot,13,,DE0020,1564198.77590000,5183387.23010000,1.25173556,45.83711379
87085_0575_00015,avenue Marcellin Berthelot,15,,DE0021,1564191.28880000,5183383.36880000,1.25164029,45.83707758
87085_0575_00017,avenue Marcellin Berthelot,17,,DE0022,1564183.25130000,5183379.41860000,1.25153797,45.83704046
87085_0575_00019,avenue Marcellin Berthelot,19,,DE0023,1564174.39970000,5183375.35210000,1.25142520,45.83700213
87085_0575_00021,avenue Marcellin Berthelot,21,,DE0025,1564164.31530000,5183370.46450000,1.25129680,45.83695617
87085_0575_00023,avenue Marcellin Berthelot,23,,DE0025,1564156.28300000,5183366.40480000,1.25119458,45.83691806
87085_0575_00031,avenue Marcellin Berthelot,31,,DE0361,1564126.76470000,5183312.69640000,1.25082987,45.83642909
87085_0575_00033,avenue Marcellin Berthelot,33,,DE0362,1564124.83700000,5183307.91890000,1.25080642,45.83638574
87085_0575_00035,avenue Marcellin Berthelot,35,,DE0278,1564118.65240000,5183290.50870000,1.25073175,45.83622790
87085_0575_00037,avenue Marcellin Berthelot,37,,DE0277,1564117.28730000,5183283.89850000,1.25071605,45.83616817
87085_0575_00039,avenue Marcellin Berthelot,39,,DE0276,1564116.55620000,5183276.16500000,1.25070882,45.83609846
87085_3280_00001,avenue Maréchal de Lattre de Tassigny,1,,EP0158,1565651.15780000,5182084.21430000,1.27079131,45.82567765
87085_3280_00003,avenue Maréchal de Lattre de Tassigny,3,,EP0158,1565656.82830000,5182081.21450000,1.27086511,45.82565177
87085_3280_00004,avenue Maréchal de Lattre de Tassigny,4,,EV0052,1565610.28550000,5182068.88260000,1.27026969,45.82553174
87085_3280_00007,avenue Maréchal de Lattre de Tassigny,7,,EP0157,1565671.17260000,5182077.46670000,1.27105073,45.82562086
87085_3280_00008,avenue Maréchal de Lattre de Tassigny,8,,EV0056,1565647.15210000,5182064.46000000,1.27074529,45.82549916
87085_3280_00011,avenue Maréchal de Lattre de Tassigny,11,,EP0156,1565686.97330000,5182073.25320000,1.27125521,45.82558604
87085_3280_00012,avenue Maréchal de Lattre de Tassigny,12,,EV0057,1565655.46710000,5182062.13670000,1.27085293,45.82547989
87085_3280_00013,avenue Maréchal de Lattre de Tassigny,13,,EP0407,1565698.76750000,5182070.10530000,1.27140785,45.82556002
87085_3280_00013_bis,avenue Maréchal de Lattre de Tassigny,13,bis,EP0407,1565704.88050000,5182068.40590000,1.27148698,45.82554593
87085_3280_00015,avenue Maréchal de Lattre de Tassigny,15,,EP0371,1565710.31220000,5182067.10150000,1.27155723,45.82553526
87085_3280_00017,avenue Maréchal de Lattre de Tassigny,17,,EP0109,1565720.51050000,5182064.35880000,1.27168922,45.82551258
87085_3280_00019,avenue Maréchal de Lattre de Tassigny,19,,EP0108,1565729.52870000,5182061.93130000,1.27180593,45.82549250
87085_3280_00020,avenue Maréchal de Lattre de Tassigny,20,,EV0072,1565687.39700000,5182053.86420000,1.27126608,45.82541170
87085_3280_00021,avenue Maréchal de Lattre de Tassigny,21,,EP0107,1565738.26410000,5182059.68460000,1.27191896,45.82547399
87085_3280_00022,avenue Maréchal de Lattre de Tassigny,22,,EV0403,1565697.26490000,5182051.10650000,1.27139382,45.82538882
87085_3280_00023,avenue Maréchal de Lattre de Tassigny,23,,EP0445,1565743.70140000,5182058.10820000,1.27198936,45.82546087
87085_3280_00026,avenue Maréchal de Lattre de Tassigny,26,,EV0074,1565714.71720000,5182046.63200000,1.27161963,45.82535198
87085_3280_00027,avenue Maréchal de Lattre de Tassigny,27,,EP0105,1565758.74790000,5182054.29610000,1.27218403,45.82542952
87085_3280_00028,avenue Maréchal de Lattre de Tassigny,28,,EV0388,1565722.12510000,5182044.67900000,1.27171549,45.82533586
87085_3280_00029,avenue Maréchal de Lattre de Tassigny,29,,EP0105,1565763.92030000,5182052.84010000,1.27225098,45.82541743
87085_3280_00030,avenue Maréchal de Lattre de Tassigny,30,,EV0076,1565732.00040000,5182041.86350000,1.27184334,45.82531246
87085_3280_00031,avenue Maréchal de Lattre de Tassigny,31,,ER0001,1565789.81960000,5182046.07320000,1.27258612,45.82536161
87085_3280_00032,avenue Maréchal de Lattre de Tassigny,32,,EV0077,1565741.42250000,5182039.62230000,1.27196520,45.82529414
87085_3280_00033,avenue Maréchal de Lattre de Tassigny,33,,ER0001,1565798.08600000,5182043.87530000,1.27269309,45.82534345
87085_3280_00034,avenue Maréchal de Lattre de Tassigny,34,,EV0408,1565749.22850000,5182037.43620000,1.27206625,45.82527600
87085_3280_00035,avenue Maréchal de Lattre de Tassigny,35,,ER0002,1565806.95870000,5182041.47470000,1.27280793,45.82532359
87085_3280_00036,avenue Maréchal de Lattre de Tassigny,36,,EV0408,1565756.31790000,5182035.50570000,1.27215800,45.82526001
87085_3280_00037,avenue Maréchal de Lattre de Tassigny,37,,ER0003,1565816.94760000,5182038.98360000,1.27293715,45.82530313
87085_3280_00038,avenue Maréchal de Lattre de Tassigny,38,,EV0409,1565763.44260000,5182033.67790000,1.27225019,45.82524496
87085_3280_00039,avenue Maréchal de Lattre de Tassigny,39,,ER0398,1565828.28650000,5182036.32010000,1.27308379,45.82528138
87085_3280_00040,avenue Maréchal de Lattre de Tassigny,40,,EV0114,1565779.80400000,5182029.20550000,1.27246196,45.82520792
87085_3280_00041,avenue Maréchal de Lattre de Tassigny,41,,ER0010,1565842.37380000,5182032.48660000,1.27326612,45.82524965
87085_3280_00042,avenue Maréchal de Lattre de Tassigny,42,,EV0115,1565784.79550000,5182028.08020000,1.27252650,45.82519877
87085_3280_00044,avenue Maréchal de Lattre de Tassigny,44,,EV0116,1565791.23130000,5182026.39800000,1.27260977,45.82518490
87085_3280_00046,avenue Maréchal de Lattre de Tassigny,46,,EV0117,1565798.11050000,5182024.42650000,1.27269884,45.82516851
87085_3280_00047,avenue Maréchal de Lattre de Tassigny,47,,ER0611,1565870.30050000,5182025.40900000,1.27362742,45.82519142
87085_3280_00048,avenue Maréchal de Lattre de Tassigny,48,,EV0275,1565803.60850000,5182023.00180000,1.27276998,45.82515676
87085_3280_00049,avenue Maréchal de Lattre de Tassigny,49,,ER0612,1565882.55480000,5182022.35380000,1.27378595,45.82516633
87085_3280_00050,avenue Maréchal de Lattre de Tassigny,50,,EV0118,1565812.23420000,5182020.57940000,1.27288164,45.82513665
87085_3280_00051,avenue Maréchal de Lattre de Tassigny,51,,ER0015,1565891.33000000,5182019.97340000,1.27389952,45.82514663
87085_3280_00052,avenue Maréchal de Lattre de Tassigny,52,,EV0119,1565822.44570000,5182018.08600000,1.27301372,45.82511622
87085_3280_00053,avenue Maréchal de Lattre de Tassigny,53,,ER0630,1565901.12530000,5182017.50310000,1.27402625,45.82512632
87085_3280_00053_bis,avenue Maréchal de Lattre de Tassigny,53,bis,ER0631,1565906.29640000,5182015.89000000,1.27409323,45.82511281
87085_3280_00056,avenue Maréchal de Lattre de Tassigny,56,,EV0372,1565834.98710000,5182014.67420000,1.27317605,45.82508797
87085_3280_00057,avenue Maréchal de Lattre de Tassigny,57,,ER0631,1565917.53770000,5182013.21820000,1.27423862,45.82509097
87085_3280_00058,avenue Maréchal de Lattre de Tassigny,58,,EV0121,1565844.39630000,5182012.02930000,1.27329785,45.82506601
87085_3280_00059,avenue Maréchal de Lattre de Tassigny,59,,ER0631,1565923.88770000,5182011.39260000,1.27432083,45.82507579
87085_3280_00060,avenue Maréchal de Lattre de Tassigny,60,,EV0458,1565849.44240000,5182011.02300000,1.27336306,45.82505795
87085_3280_00061,avenue Maréchal de Lattre de Tassigny,61,,ER0018,1565929.37360000,5182010.00640000,1.27439181,45.82506439
87085_3280_00062,avenue Maréchal de Lattre de Tassigny,62,,EV0123,1565854.47980000,5182009.56600000,1.27342828,45.82504582
87085_3280_00063,avenue Maréchal de Lattre de Tassigny,63,,ER0017,1565935.25420000,5182008.70170000,1.27446783,45.82505380
87085_3280_00064,avenue Maréchal de Lattre de Tassigny,64,,EV0124,1565860.98490000,5182007.60900000,1.27351253,45.82502949
87085_3280_00065,avenue Maréchal de Lattre de Tassigny,65,,ER0019,1565944.62590000,5182006.19270000,1.27458912,45.82503305
87085_3280_00066,avenue Maréchal de Lattre de Tassigny,66,,EV0356,1565868.57300000,5182005.86880000,1.27361065,45.82501531
87085_3280_00067,avenue Maréchal de Lattre de Tassigny,67,,ER0019,1565953.13920000,5182004.03790000,1.27469926,45.82501533
87085_3280_00068,avenue Maréchal de Lattre de Tassigny,68,,EV0138,1565873.83950000,5182004.26310000,1.27367886,45.82500189
87085_3280_00069,avenue Maréchal de Lattre de Tassigny,69,,ER0020,1565960.76340000,5182002.16600000,1.27479788,45.82499997
87085_3280_00070,avenue Maréchal de Lattre de Tassigny,70,,EV0139,1565879.51120000,5182002.70610000,1.27375227,45.82498899
87085_3280_00071,avenue Maréchal de Lattre de Tassigny,71,,ER0021,1565969.51560000,5181999.77440000,1.27491116,45.82498017
87085_3280_00072,avenue Maréchal de Lattre de Tassigny,72,,EV0140,1565885.69400000,5182001.05410000,1.27383228,45.82497534
87085_3280_00073,avenue Maréchal de Lattre de Tassigny,73,,ER0021,1565979.04420000,5181997.33900000,1.27503444,45.82496011
87085_3280_00075,avenue Maréchal de Lattre de Tassigny,75,,ER0298,1565985.33880000,5181995.68790000,1.27511589,45.82494649
87085_3280_00078,avenue Maréchal de Lattre de Tassigny,78,,EV0142,1565911.88970000,5181994.09420000,1.27417128,45.82491784
87085_3280_00079,avenue Maréchal de Lattre de Tassigny,79,,ER0300,1566004.52940000,5181991.00500000,1.27536412,45.82490810
87085_3280_00080,avenue Maréchal de Lattre de Tassigny,80,,EV0143,1565918.30860000,5181992.54680000,1.27425430,45.82490517
87085_3280_00081,avenue Maréchal de Lattre de Tassigny,81,,ER0299,1566016.11260000,5181988.36210000,1.27551390,45.82488658
87085_3280_00083,avenue Maréchal de Lattre de Tassigny,83,,ER0023,1566051.58770000,5181987.98360000,1.27597045,45.82489009
87085_3280_00088,avenue Maréchal de Lattre de Tassigny,88,,ET0058,1565977.25130000,5181977.55710000,1.27501689,45.82478181
87085_3280_00090,avenue Maréchal de Lattre de Tassigny,90,,ET0059,1565982.68130000,5181976.25570000,1.27508711,45.82477117
87085_3280_00092,avenue Maréchal de Lattre de Tassigny,92,,ET0060,1565992.42980000,5181973.75600000,1.27521324,45.82475058
87085_3280_00096,avenue Maréchal de Lattre de Tassigny,96,,ET0061,1566001.68910000,5181971.83160000,1.27533292,45.82473507
87085_3280_00098,avenue Maréchal de Lattre de Tassigny,98,,ET0062,1566007.71840000,5181970.56550000,1.27541085,45.82472486
87085_3280_00100,avenue Maréchal de Lattre de Tassigny,100,,ET0063,1566014.12380000,5181969.25260000,1.27549363,45.82471429
87085_3280_00102,avenue Maréchal de Lattre de Tassigny,102,,ET0300,1566022.47630000,5181968.47320000,1.27560132,45.82470891
87085_3280_00106,avenue Maréchal de Lattre de Tassigny,106,,ET0299,1566035.82790000,5181968.66340000,1.27577306,45.82471322
87085_3280_00107,avenue Maréchal de Lattre de Tassigny,107,,ER0285,1566131.38040000,5182012.22920000,1.27699038,45.82512373
87085_3280_00111,avenue Maréchal de Lattre de Tassigny,111,,ER0284,1566155.40740000,5182022.22920000,1.27729675,45.82521836
87085_3280_00113,avenue Maréchal de Lattre de Tassigny,113,,ER0283,1566162.80780000,5182025.11660000,1.27739117,45.82524577
87085_3280_00115,avenue Maréchal de Lattre de Tassigny,115,,ER0282,1566172.33980000,5182029.20800000,1.27751268,45.82528443
87085_3280_00117,avenue Maréchal de Lattre de Tassigny,117,,ER0281,1566183.03470000,5182033.74970000,1.27764902,45.82532737
87085_3280_00119,avenue Maréchal de Lattre de Tassigny,119,,ER0280,1566188.54330000,5182036.04500000,1.27771926,45.82534909
87085_3280_00121,avenue Maréchal de Lattre de Tassigny,121,,ER0279,1566193.67410000,5182038.34410000,1.27778464,45.82537077
87085_3280_00123,avenue Maréchal de Lattre de Tassigny,123,,ER0278,1566199.99300000,5182041.00020000,1.27786521,45.82539589
87085_3280_00125,avenue Maréchal de Lattre de Tassigny,125,,ER0278,1566210.90500000,5182045.33010000,1.27800441,45.82543697
87085_3280_00127,avenue Maréchal de Lattre de Tassigny,127,,ER0277,1566219.80570000,5182049.18740000,1.27811786,45.82547340
87085_3280_00128,avenue Maréchal de Lattre de Tassigny,128,,ET0001,1566181.57220000,5182015.89270000,1.27763517,45.82516645
87085_3280_00129,avenue Maréchal de Lattre de Tassigny,129,,ER0326,1566227.14180000,5182052.25810000,1.27821140,45.82550245
87085_3280_00131,avenue Maréchal de Lattre de Tassigny,131,,ER0336,1566233.42480000,5182054.84960000,1.27829152,45.82552698
87085_3280_00133,avenue Maréchal de Lattre de Tassigny,133,,ER0275,1566242.74370000,5182058.99940000,1.27841027,45.82556612
87085_3280_00135,avenue Maréchal de Lattre de Tassigny,135,,ER0251,1566260.58930000,5182066.18800000,1.27863789,45.82563426
87085_3280_00137,avenue Maréchal de Lattre de Tassigny,137,,ER0384,1566270.01970000,5182069.93820000,1.27875819,45.82566983
87085_3280_00139,avenue Maréchal de Lattre de Tassigny,139,,ER0617,1566280.56830000,5182074.60020000,1.27889262,45.82571382
87085_3280_00143,avenue Maréchal de Lattre de Tassigny,143,,ER0248,1566295.37360000,5182080.87450000,1.27908138,45.82577314
87085_3280_00145,avenue Maréchal de Lattre de Tassigny,145,,ER0247,1566304.00560000,5182084.30870000,1.27919149,45.82580571
87085_3280_00147,avenue Maréchal de Lattre de Tassigny,147,,ER0246,1566316.01650000,5182089.44120000,1.27934461,45.82585421
87085_3280_00149,avenue Maréchal de Lattre de Tassigny,149,,ER0245,1566326.08070000,5182093.58370000,1.27947295,45.82589343
87085_3280_00150,avenue Maréchal de Lattre de Tassigny,150,,ES0026,1566298.61250000,5182064.27250000,1.27912767,45.82562442
87085_3280_00151,avenue Maréchal de Lattre de Tassigny,151,,ES0043,1566348.06320000,5182102.92530000,1.27975321,45.82598174
87085_3280_00153,avenue Maréchal de Lattre de Tassigny,153,,ES0042,1566362.08660000,5182108.84740000,1.27993200,45.82603774
87085_3280_00154,avenue Maréchal de Lattre de Tassigny,154,,ES0028,1566335.01730000,5182079.32910000,1.27959190,45.82576694
87085_3280_00156_a,avenue Maréchal de Lattre de Tassigny,156,a,ES0029,1566353.07520000,5182070.91230000,1.27982660,45.82569473
87085_3280_00156_b,avenue Maréchal de Lattre de Tassigny,156,b,ES0029,1566370.86580000,5182078.32120000,1.28005345,45.82576484
87085_3280_00156_c,avenue Maréchal de Lattre de Tassigny,156,c,ES0029,1566380.77030000,5182070.68690000,1.28018301,45.82569809
87085_3280_00156_d,avenue Maréchal de Lattre de Tassigny,156,d,ES0029,1566387.31050000,5182059.85540000,1.28027017,45.82560192
87085_3280_00156_e,avenue Maréchal de Lattre de Tassigny,156,e,ES0029,1566394.10930000,5182044.04790000,1.28036205,45.82546104
87085_3280_00156_f,avenue Maréchal de Lattre de Tassigny,156,f,ES0029,1566401.53340000,5182028.07680000,1.28046201,45.82531881
87085_3280_00156_g,avenue Maréchal de Lattre de Tassigny,156,g,ES0029,1566399.85720000,5182020.27010000,1.28044261,45.82524826
87085_3280_00156_h,avenue Maréchal de Lattre de Tassigny,156,h,ES0029,1566386.00090000,5182013.67500000,1.28026616,45.82518624
87085_3280_00157,avenue Maréchal de Lattre de Tassigny,157,,ES0399,1566378.24630000,5182115.74880000,1.28013801,45.82610296
87085_3280_00161,avenue Maréchal de Lattre de Tassigny,161,,ES0040,1566391.91250000,5182121.34800000,1.28031230,45.82615598
87085_3280_00163,avenue Maréchal de Lattre de Tassigny,163,,ES0039,1566398.26910000,5182124.21280000,1.28039330,45.82618299
87085_3280_00165,avenue Maréchal de Lattre de Tassigny,165,,ES0038,1566402.91930000,5182125.97290000,1.28045264,45.82619972
87085_3280_00167,avenue Maréchal de Lattre de Tassigny,167,,ES0256,1566411.03300000,5182129.52100000,1.28055606,45.82623322
87085_3280_00168,avenue Maréchal de Lattre de Tassigny,168,,ES0353,1566396.73590000,5182104.75910000,1.28037898,45.82600769
87085_3280_00169,avenue Maréchal de Lattre de Tassigny,169,,ES0257,1566420.19220000,5182133.30310000,1.28067286,45.82626902
87085_3280_00170,avenue Maréchal de Lattre de Tassigny,170,,ES0031,1566403.99840000,5182108.07690000,1.28047150,45.82603895
87085_3280_00172,avenue Maréchal de Lattre de Tassigny,172,,ES0032,1566412.00840000,5182111.27540000,1.28057368,45.82606927
87085_3280_00176,avenue Maréchal de Lattre de Tassigny,176,,ES0033,1566430.79410000,5182119.02680000,1.28081324,45.82614265
87085_3280_00178,avenue Maréchal de Lattre de Tassigny,178,,ES0034,1566439.14320000,5182122.42380000,1.28091973,45.82617483
87085_3280_00180,avenue Maréchal de Lattre de Tassigny,180,,ES0035,1566446.68840000,5182125.57810000,1.28101594,45.82620467
87085_3280_00207,avenue Maréchal de Lattre de Tassigny,207,,ES0069,1566556.08300000,5182189.62570000,1.28240576,45.82680205
87085_3280_00211,avenue Maréchal de Lattre de Tassigny,211,,ES0070,1566590.83240000,5182203.87390000,1.28284894,45.82693697
87085_3280_00213,avenue Maréchal de Lattre de Tassigny,213,,ES0071,1566597.76110000,5182206.71280000,1.28293730,45.82696385
87085_3280_00219,avenue Maréchal de Lattre de Tassigny,219,,ES0227,1566616.20430000,5182214.87170000,1.28317235,45.82704082
87085_3280_00234,avenue Maréchal de Lattre de Tassigny,234,,ES0239,1566707.40250000,5182229.25460000,1.28434185,45.82718788
87085_3280_00242,avenue Maréchal de Lattre de Tassigny,242,,ES0016,1566741.77210000,5182226.33380000,1.28478490,45.82716827
87085_3280_00244,avenue Maréchal de Lattre de Tassigny,244,,ES0015,1566749.77230000,5182223.93910000,1.28488851,45.82714828
87085_3280_00248,avenue Maréchal de Lattre de Tassigny,248,,ES0184,1566764.00410000,5182218.63770000,1.28507310,45.82710335
87085_3280_00250,avenue Maréchal de Lattre de Tassigny,250,,ES0187,1566775.07640000,5182213.29950000,1.28521705,45.82705747
87085_3280_00253,avenue Maréchal de Lattre de Tassigny,253,,ES0332,1566779.30770000,5182227.91330000,1.28526745,45.82718975
87085_3280_00254,avenue Maréchal de Lattre de Tassigny,254,,ES0012,1566790.85290000,5182201.95640000,1.28542320,45.82695849
87085_3280_00255,avenue Maréchal de Lattre de Tassigny,255,,ES0369,1566791.06820000,5182220.66000000,1.28542079,45.82712678
87085_3280_00256,avenue Maréchal de Lattre de Tassigny,256,,ES0011,1566797.89010000,5182196.99830000,1.28551512,45.82691525
87085_3280_00257,avenue Maréchal de Lattre de Tassigny,257,,ES0293,1566801.32930000,5182212.89990000,1.28555497,45.82705896
87085_3280_00258,avenue Maréchal de Lattre de Tassigny,258,,ES0011,1566805.88810000,5182190.78530000,1.28561976,45.82686091
87085_3280_00259_bis,avenue Maréchal de Lattre de Tassigny,259,bis,ES0292,1566829.03320000,5182228.30090000,1.28590718,45.82720287
87085_3280_00260,avenue Maréchal de Lattre de Tassigny,260,,ES0284,1566813.94820000,5182184.75910000,1.28572514,45.82680826
87085_3280_00261,avenue Maréchal de Lattre de Tassigny,261,,ES0281,1566816.78670000,5182201.29530000,1.28575708,45.82695756
87085_3280_00262,avenue Maréchal de Lattre de Tassigny,262,,ES0008,1566825.89860000,5182176.03170000,1.28588132,45.82673206
87085_3280_00263,avenue Maréchal de Lattre de Tassigny,263,,ES0280,1566824.27400000,5182195.63070000,1.28585499,45.82690806
87085_3280_00266,avenue Maréchal de Lattre de Tassigny,266,,ES0309,1566834.90600000,5182169.23800000,1.28599911,45.82667269
87085_3280_00268,avenue Maréchal de Lattre de Tassigny,268,,ES0007,1566841.37520000,5182164.38700000,1.28608369,45.82663031
87085_3326_00002,avenue Martin Luther King,2,,NO1059,1562633.34330000,5180874.97890000,1.23230690,45.81420383
87085_3326_00019,avenue Martin Luther King,19,,NM0014,1562761.73010000,5181254.40250000,1.23385024,45.81764258
87085_3326_00022,avenue Martin Luther King,22,,NN0002,1562794.52990000,5181361.11710000,1.23424177,45.81860908
87085_3326_00024,avenue Martin Luther King,24,,NN0002,1562796.54230000,5181371.35930000,1.23426474,45.81870161
87085_3326_00026,avenue Martin Luther King,26,,NN0002,1562798.02400000,5181377.49760000,1.23428205,45.81875713
87085_3595_00002,avenue Montjovis,2,,BE0439,1564059.41100000,5183322.47690000,1.24996031,45.83650376
87085_3595_00003,avenue Montjovis,3,,BD0100,1564021.57170000,5183348.40200000,1.24946600,45.83672949
87085_3595_00003_bis,avenue Montjovis,3,bis,BD0098,1564015.62780000,5183364.74080000,1.24938489,45.83687529
87085_3595_00003_ter,avenue Montjovis,3,ter,BD0097,1564007.87980000,5183377.20530000,1.24928165,45.83698589
87085_3595_00004,avenue Montjovis,4,,BE0440,1564053.08590000,5183330.41090000,1.24987666,45.83657388
87085_3595_00006,avenue Montjovis,6,,BE0435,1564044.77960000,5183342.15050000,1.24976644,45.83667785
87085_3595_00007,avenue Montjovis,7,,BD0221,1564001.96710000,5183385.96690000,1.24920307,45.83706353
87085_3595_00009,avenue Montjovis,9,,BD0180,1563994.27820000,5183391.94560000,1.24910243,45.83711579
87085_3595_00011,avenue Montjovis,11,,BD0180,1563991.98840000,5183395.08250000,1.24907207,45.83714356
87085_3595_00013,avenue Montjovis,13,,BD0062,1563980.05640000,5183419.57170000,1.24891158,45.83736149
87085_3595_00014,avenue Montjovis,14,,BE0425,1564016.14270000,5183383.80450000,1.24938612,45.83704688
87085_3595_00015,avenue Montjovis,15,,BD0061,1563975.35020000,5183426.35780000,1.24884910,45.83742161
87085_3595_00016,avenue Montjovis,16,,BE0424,1564009.94610000,5183392.98600000,1.24930377,45.83712825
87085_3595_00017,avenue Montjovis,17,,BD0060,1563972.06260000,5183431.32410000,1.24880538,45.83746563
87085_3595_00018,avenue Montjovis,18,,BE0423,1564003.85340000,5183402.01490000,1.24922281,45.83720827
87085_3595_00019,avenue Montjovis,19,,BD0257,1563967.46260000,5183438.43930000,1.24874417,45.83752873
87085_3595_00021,avenue Montjovis,21,,BD0256,1563962.27620000,5183446.21270000,1.24867522,45.83759763
87085_3595_00022,avenue Montjovis,22,,BE0421,1563988.84190000,5183424.99100000,1.24902312,45.83741198
87085_3595_00023,avenue Montjovis,23,,BD0057,1563958.12170000,5183452.65820000,1.24861993,45.83765479
87085_3595_00023_bis,avenue Montjovis,23,bis,BD0056,1563952.88990000,5183460.53840000,1.24855037,45.83772464
87085_3595_00024,avenue Montjovis,24,,BE0420,1563983.69130000,5183432.67240000,1.24895466,45.83748006
87085_3595_00025,avenue Montjovis,25,,BD0055,1563947.40620000,5183468.67770000,1.24847749,45.83779677
87085_3595_00027,avenue Montjovis,27,,BD0054,1563942.23770000,5183476.19920000,1.24840884,45.83786341
87085_3595_00028,avenue Montjovis,28,,BE0537,1563972.30910000,5183449.94410000,1.24880328,45.83763318
87085_3595_00028_a,avenue Montjovis,28,a,BE0535,1563987.00960000,5183466.15900000,1.24898788,45.83778195
87085_3595_00028_b,avenue Montjovis,28,b,BE0535,1563995.49390000,5183450.85930000,1.24910140,45.83764600
87085_3595_00028_c,avenue Montjovis,28,c,BE0535,1564013.29350000,5183468.15270000,1.24932559,45.83780508
87085_3595_00028_d,avenue Montjovis,28,d,BE0535,1564008.92220000,5183500.63640000,1.24926014,45.83809643
87085_3595_00028_e,avenue Montjovis,28,e,BE0535,1564034.20660000,5183515.44080000,1.24958136,45.83823460
87085_3595_00028_f,avenue Montjovis,28,f,BE0535,1564039.07520000,5183544.09680000,1.24963591,45.83849334
87085_3595_00029,avenue Montjovis,29,,BD0053,1563931.12290000,5183484.70860000,1.24826339,45.83793776
87085_3595_00030_bis,avenue Montjovis,30,bis,BE0385,1563947.70820000,5183489.91420000,1.24847536,45.83798786
87085_3595_00032,avenue Montjovis,32,,BE0367,1563928.85040000,5183517.27650000,1.24822492,45.83823027
87085_3595_00033,avenue Montjovis,33,,BD0049,1563927.75640000,5183496.85960000,1.24821662,45.83804639
87085_3595_00034,avenue Montjovis,34,,BE0366,1563915.35860000,5183531.70080000,1.24804720,45.83835736
87085_3595_00035,avenue Montjovis,35,,BD0048,1563923.31700000,5183503.42010000,1.24815763,45.83810453
87085_3595_00035_bis,avenue Montjovis,35,bis,BD0047,1563919.65040000,5183508.64630000,1.24810896,45.83815082
87085_3595_00036,avenue Montjovis,36,,BE0365,1563911.01100000,5183538.90080000,1.24798921,45.83842126
87085_3595_00037,avenue Montjovis,37,,BD0046,1563916.39420000,5183513.28330000,1.24806574,45.83819189
87085_3595_00038,avenue Montjovis,38,,BE0362,1563906.48090000,5183545.37860000,1.24792907,45.83847864
87085_3595_00039,avenue Montjovis,39,,BD0045,1563912.86320000,5183518.63650000,1.24801878,45.83823934
87085_3595_00040,avenue Montjovis,40,,BE0361,1563901.58290000,5183552.42360000,1.24786404,45.83854104
87085_3595_00041,avenue Montjovis,41,,BD0044,1563908.55110000,5183525.64090000,1.24796131,45.83830150
87085_3595_00042,avenue Montjovis,42,,BE0495,1563896.86740000,5183559.40750000,1.24780138,45.83860293
87085_3595_00043,avenue Montjovis,43,,BD0042,1563902.03040000,5183534.71640000,1.24787481,45.83838185
87085_3595_00043_b,avenue Montjovis,43,b,BD0042,1563892.11500000,5183524.58740000,1.24775007,45.83828877
87085_3595_00043_c,avenue Montjovis,43,c,BD0043,1563882.33990000,5183519.64220000,1.24762567,45.83824235
87085_3595_00043_d,avenue Montjovis,43,d,BD0215,1563875.23660000,5183517.74980000,1.24753479,45.83822392
87085_3595_00043_e,avenue Montjovis,43,e,BD0038,1563874.28870000,5183524.26270000,1.24752074,45.83828232
87085_3595_00043_f,avenue Montjovis,43,f,BD0039,1563882.53800000,5183529.50000000,1.24762543,45.83833106
87085_3595_00043_g,avenue Montjovis,43,g,BD0040,1563891.89950000,5183536.12920000,1.24774403,45.83839255
87085_3595_00044,avenue Montjovis,44,,BE0357,1563890.61160000,5183568.67940000,1.24771824,45.83868510
87085_3595_00045,avenue Montjovis,45,,BD0001,1563884.46230000,5183559.48800000,1.24764170,45.83860120
87085_3595_00046,avenue Montjovis,46,,BE0470,1563885.51080000,5183576.12870000,1.24765048,45.83875110
87085_3595_00047,avenue Montjovis,47,,BH0381,1563867.83110000,5183584.48710000,1.24742058,45.83882279
87085_3595_00047_bis,avenue Montjovis,47,bis,BH0380,1563855.39140000,5183602.80800000,1.24725529,45.83898514
87085_3595_00048,avenue Montjovis,48,,BE0346,1563880.43810000,5183583.33590000,1.24758316,45.83881493
87085_3595_00049_bis,avenue Montjovis,49,bis,BM0168,1563836.93970000,5183640.52700000,1.24700700,45.83932100
87085_3595_00050,avenue Montjovis,50,,BE0442,1563873.09740000,5183594.65260000,1.24748548,45.83891528
87085_3595_00052,avenue Montjovis,52,,BE0344,1563868.09450000,5183603.26180000,1.24741865,45.83899173
87085_3595_00053,avenue Montjovis,53,,BM0089,1563830.30470000,5183658.42720000,1.24691667,45.83948049
87085_3595_00055,avenue Montjovis,55,,BM0188,1563827.96400000,5183664.64020000,1.24688478,45.83953592
87085_3595_00056,avenue Montjovis,56,,BE0546,1563853.79370000,5183628.34920000,1.24722749,45.83921458
87085_3595_00057,avenue Montjovis,57,,BM0086,1563824.52310000,5183673.35140000,1.24683803,45.83961360
87085_3595_00057_bis,avenue Montjovis,57,bis,BM0085,1563820.18050000,5183686.47230000,1.24677842,45.83973077
87085_3595_00058,avenue Montjovis,58,,BE0550,1563848.17510000,5183641.75520000,1.24715138,45.83933406
87085_3595_00059,avenue Montjovis,59,,BM0084,1563816.32640000,5183695.99640000,1.24672612,45.83981568
87085_3595_00060,avenue Montjovis,60,,BE0339,1563844.45080000,5183651.15400000,1.24710079,45.83941787
87085_3595_00060_bis,avenue Montjovis,60,bis,BE0681,1563840.70500000,5183661.65740000,1.24704961,45.83951161
87085_3595_00061,avenue Montjovis,61,,BM0157,1563812.71420000,5183705.20020000,1.24667702,45.83989776
87085_3595_00062,avenue Montjovis,62,,BE0681,1563837.07020000,5183670.56000000,1.24700030,45.83959097
87085_3595_00063,avenue Montjovis,63,,BM0201,1563809.70300000,5183713.16090000,1.24663601,45.83996877
87085_3595_00064,avenue Montjovis,64,,BE0683,1563835.81680000,5183684.33040000,1.24698027,45.83971460
87085_3595_00065,avenue Montjovis,65,,BM0203,1563805.93860000,5183723.44250000,1.24658465,45.84006052
87085_3595_00067,avenue Montjovis,67,,BM0132,1563802.85890000,5183731.24340000,1.24654280,45.84013008
87085_3595_00068,avenue Montjovis,68,,BE0565,1563827.13290000,5183700.40930000,1.24686395,45.83985752
87085_3595_00069,avenue Montjovis,69,,BM0184,1563800.39420000,5183737.81440000,1.24650922,45.84018870
87085_3595_00070,avenue Montjovis,70,,BE0334,1563824.54230000,5183708.24550000,1.24682839,45.83992750
87085_3595_00071,avenue Montjovis,71,,BM0207,1563796.77550000,5183747.43690000,1.24645992,45.84027454
87085_3595_00072,avenue Montjovis,72,,BE0003,1563816.50870000,5183732.78690000,1.24671804,45.84014667
87085_3595_00073,avenue Montjovis,73,,BM0205,1563792.97760000,5183758.05190000,1.24640803,45.84036928
87085_3595_00076,avenue Montjovis,76,,BE0002,1563812.98470000,5183743.52370000,1.24666964,45.84024255
87085_3595_00077,avenue Montjovis,77,,BM0075,1563788.77990000,5183772.17640000,1.24635000,45.84049551
87085_3595_00079,avenue Montjovis,79,,BM0074,1563785.13510000,5183784.94640000,1.24629947,45.84060966
87085_3595_00081,avenue Montjovis,81,,BM0094,1563779.33980000,5183809.91800000,1.24621781,45.84083314
87085_3595_00082,avenue Montjovis,82,,BE0001,1563848.37820000,5183786.02300000,1.24711313,45.84063187
87085_3595_00083,avenue Montjovis,83,,BM0094,1563765.51110000,5183869.79630000,1.24602285,45.84136904
87085_3595_00083_a,avenue Montjovis,83,a,BM0094,1563738.50930000,5183806.66480000,1.24569322,45.84079579
87085_3595_00083_b,avenue Montjovis,83,b,BM0094,1563736.19440000,5183820.58990000,1.24565948,45.84092059
87085_3595_00083_c,avenue Montjovis,83,c,BM0094,1563733.00200000,5183835.18440000,1.24561426,45.84105125
87085_3595_00083_d,avenue Montjovis,83,d,BM0094,1563728.93940000,5183851.33120000,1.24555739,45.84119569
87085_3595_00083_e,avenue Montjovis,83,e,BM0094,1563725.10820000,5183868.80060000,1.24550313,45.84135208
87085_3595_00084,avenue Montjovis,84,,BE0001,1563844.06970000,5183808.88980000,1.24705120,45.84083671
87085_3595_00085,avenue Montjovis,85,,BM0094,1563756.00580000,5183916.90180000,1.24588716,45.84179090
87085_3595_00085_a,avenue Montjovis,85,a,BM0094,1563742.69070000,5183908.18060000,1.24571826,45.84170981
87085_3595_00085_b,avenue Montjovis,85,b,BM0094,1563721.01330000,5183902.61780000,1.24544083,45.84165547
87085_3595_00086,avenue Montjovis,86,,BE0001,1563836.96250000,5183841.30760000,1.24695054,45.84112692
87085_3595_00087,avenue Montjovis,87,,BM0070,1563751.12490000,5183940.21500000,1.24581773,45.84199964
87085_3595_00089,avenue Montjovis,89,,BM0070,1563746.86160000,5183960.53850000,1.24575710,45.84218162
87085_3595_00091,avenue Montjovis,91,,BM0069,1563745.56110000,5183966.96980000,1.24573853,45.84223922
87085_3595_00093,avenue Montjovis,93,,BM0068,1563742.99120000,5183979.45190000,1.24570192,45.84235099
87085_3595_00095,avenue Montjovis,95,,BM0068,1563740.81690000,5183990.42690000,1.24567082,45.84244929
87085_3595_00097,avenue Montjovis,97,,BM0067,1563738.81120000,5184000.09620000,1.24564227,45.84253587
87085_3595_00099,avenue Montjovis,99,,BM0066,1563736.65960000,5184011.31250000,1.24561139,45.84263634
87085_3595_00101,avenue Montjovis,101,,BM0192,1563733.97620000,5184063.70530000,1.24556200,45.84310711
87085_3595_00101_b,avenue Montjovis,101,b,BM0209,1563734.17570000,5184182.62000000,1.24553085,45.84417685
87085_3595_00102,avenue Montjovis,102,,BE0038,1563794.94410000,5183891.62760000,1.24639548,45.84157126
87085_3595_00103,avenue Montjovis,103,,BM0211,1563733.96400000,5184215.21670000,1.24551888,45.84447003
87085_3595_00104,avenue Montjovis,104,,BE0038,1563789.75440000,5183916.65890000,1.24632159,45.84179540
87085_3595_00106,avenue Montjovis,106,,BE0038,1563782.99940000,5183948.17490000,1.24622572,45.84207756
87085_3595_00112,avenue Montjovis,112,,BE0039,1563759.60770000,5183982.01640000,1.24591506,45.84237735
87085_3595_00112_b,avenue Montjovis,112,b,BE0548,1563824.03240000,5184004.54380000,1.24673790,45.84259280
87085_3595_00112_ter,avenue Montjovis,112,ter,BE0582,1563802.56070000,5184002.02350000,1.24646223,45.84256584
87085_3595_00114,avenue Montjovis,114,,BE0040,1563756.46680000,5183997.05090000,1.24587037,45.84251197
87085_3595_00114_a,avenue Montjovis,114,a,BE0572,1563834.88950000,5184003.08340000,1.24687802,45.84258177
87085_3595_00116,avenue Montjovis,116,,BE0461,1563755.00030000,5184005.28090000,1.24584916,45.84258572
87085_3595_00116_bis,avenue Montjovis,116,bis,BE0461,1563753.69120000,5184011.80000000,1.24583046,45.84264410
87085_3595_00118,avenue Montjovis,118,,BE0527,1563752.00370000,5184024.38460000,1.24580518,45.84275697
87085_3595_00118_bis,avenue Montjovis,118,bis,BE0668,1563780.45150000,5184027.74880000,1.24617037,45.84279287
87085_3595_00120,avenue Montjovis,120,,BE0044,1563751.27410000,5184037.66840000,1.24579202,45.84287632
87085_3595_00122,avenue Montjovis,122,,BE0560,1563751.25240000,5184049.17640000,1.24578848,45.84297984
87085_3595_00124,avenue Montjovis,124,,BE0046,1563750.95910000,5184061.32800000,1.24578126,45.84308909
87085_3595_00126,avenue Montjovis,126,,BE0047,1563750.78080000,5184074.20850000,1.24577531,45.84320492
87085_3595_00130,avenue Montjovis,130,,BE0660,1563750.52460000,5184085.41930000,1.24576884,45.84330572
87085_3595_00132,avenue Montjovis,132,,BE0602,1563750.80650000,5184117.51280000,1.24576336,45.84359447
87085_3595_00134,avenue Montjovis,134,,BE0600,1563750.90300000,5184129.79940000,1.24576112,45.84370502
87085_3595_00138,avenue Montjovis,138,,BE0587,1563750.66230000,5184150.81070000,1.24575207,45.84389398
87085_3595_00142,avenue Montjovis,142,,BE0587,1563751.04190000,5184170.86960000,1.24575127,45.84407449
87085_4175_00011,avenue Pierre Traversat,11,,BT0299,1564290.85750000,5185032.26560000,1.25245603,45.85192998
87085_4175_00018,avenue Pierre Traversat,18,,BT0091,1564296.79560000,5185109.12380000,1.25251076,45.85262254
87085_4175_00020,avenue Pierre Traversat,20,,BT0392,1564295.73000000,5185119.63250000,1.25249407,45.85271686
87085_4175_00021,avenue Pierre Traversat,21,,BT0315,1564281.69970000,5185128.88530000,1.25231084,45.85279732
87085_4175_00022,avenue Pierre Traversat,22,,BT0372,1564294.49920000,5185133.19230000,1.25247440,45.85283859
87085_4175_00023,avenue Pierre Traversat,23,,BT0402,1564280.62490000,5185140.87460000,1.25229362,45.85290496
87085_4175_00024,avenue Pierre Traversat,24,,BT0405,1564292.93000000,5185149.26400000,1.25244966,45.85298286
87085_4175_00025,avenue Pierre Traversat,25,,BT0400,1564279.74010000,5185150.11120000,1.25227962,45.85298788
87085_4175_00026,avenue Pierre Traversat,26,,BT0084,1564290.13390000,5185179.49320000,1.25240512,45.85325424
87085_4175_00027,avenue Pierre Traversat,27,,BT0025,1564276.97640000,5185179.42020000,1.25223576,45.85325098
87085_4175_00028,avenue Pierre Traversat,28,,BT0468,1564289.46010000,5185187.62810000,1.25239415,45.85332728
87085_4175_00029,avenue Pierre Traversat,29,,BT0348,1564276.10870000,5185190.75650000,1.25222139,45.85335279
87085_4175_00030,avenue Pierre Traversat,30,,BT0082,1564288.57020000,5185196.40430000,1.25238021,45.85340605
87085_4175_00031,avenue Pierre Traversat,31,,BT0347,1564274.88840000,5185200.75490000,1.25220285,45.85344249
87085_4175_00032,avenue Pierre Traversat,32,,BT0060,1564287.32550000,5185206.72420000,1.25236128,45.85349864
87085_4175_00033,avenue Pierre Traversat,33,,BT0027,1564271.73340000,5185233.64240000,1.25215295,45.85373770
87085_4175_00034,avenue Pierre Traversat,34,,BT0059,1564286.62250000,5185217.50910000,1.25234918,45.85359552
87085_4175_00035,avenue Pierre Traversat,35,,BT0027,1564268.93950000,5185266.87600000,1.25210759,45.85403611
87085_4175_00036,avenue Pierre Traversat,36,,BT0057,1564285.94580000,5185225.27210000,1.25233827,45.85366521
87085_4175_00036_bis,avenue Pierre Traversat,36,bis,BT0056,1564285.37420000,5185231.49980000,1.25232916,45.85372112
87085_4175_00038,avenue Pierre Traversat,38,,BT0054,1564284.60560000,5185242.73530000,1.25231609,45.85382204
87085_4175_00040,avenue Pierre Traversat,40,,BT0396,1564283.14610000,5185252.47050000,1.25229455,45.85390933
87085_4175_00041,avenue Pierre Traversat,41,,BT0029,1564261.93500000,5185336.90200000,1.25199763,45.85466465
87085_4175_00042,avenue Pierre Traversat,42,,BT0365,1564282.74030000,5185262.96370000,1.25228636,45.85400364
87085_4175_00044,avenue Pierre Traversat,44,,BT0051,1564281.33540000,5185274.63440000,1.25226498,45.85410835
87085_4175_00046,avenue Pierre Traversat,46,,BT0050,1564279.62160000,5185287.46290000,1.25223929,45.85422341
87085_4175_00048,avenue Pierre Traversat,48,,BT0049,1564278.90660000,5185298.68790000,1.25222691,45.85432424
87085_4175_00049,avenue Pierre Traversat,49,,BV0361,1564281.51790000,5185426.93960000,1.25222429,45.85547845
87085_4175_00050,avenue Pierre Traversat,50,,BT0035,1564277.64610000,5185308.08680000,1.25220803,45.85440854
87085_4175_00052,avenue Pierre Traversat,52,,BT0034,1564277.07000000,5185316.29630000,1.25219829,45.85448227
87085_4175_00053,avenue Pierre Traversat,53,,BV0399,1564332.19130000,5185447.99320000,1.25287071,45.85567784
87085_4175_00054,avenue Pierre Traversat,54,,BT0477,1564276.15570000,5185326.70840000,1.25218358,45.85457576
87085_4175_00055,avenue Pierre Traversat,55,,BV0401,1564346.47700000,5185452.28300000,1.25305341,45.85571925
87085_4175_00056,avenue Pierre Traversat,56,,BT0030,1564275.05710000,5185339.27650000,1.25216589,45.85468860
87085_4175_00057,avenue Pierre Traversat,57,,BV0402,1564363.54040000,5185457.29760000,1.25327166,45.85576773
87085_4175_00059,avenue Pierre Traversat,59,,BV0403,1564378.45060000,5185461.80600000,1.25346234,45.85581122
87085_4175_00070,avenue Pierre Traversat,70,,BV0360,1564280.83230000,5185412.34090000,1.25221959,45.85534699
87085_4175_00072,avenue Pierre Traversat,72,,BV0360,1564296.73170000,5185419.87550000,1.25242215,45.85541791
87085_4175_00074,avenue Pierre Traversat,74,,BV0360,1564315.62260000,5185428.73120000,1.25266285,45.85550130
87085_4175_00076,avenue Pierre Traversat,76,,BV0348,1564326.27730000,5185432.75990000,1.25279887,45.85553964
87085_4175_00078,avenue Pierre Traversat,78,,BV0346,1564333.27080000,5185434.93730000,1.25288829,45.85556061
87085_4175_00080,avenue Pierre Traversat,80,,BV0345,1564339.76380000,5185436.63350000,1.25297140,45.85557715
87085_4175_00082,avenue Pierre Traversat,82,,BV0344,1564345.29260000,5185438.38390000,1.25304209,45.85559399
87085_4175_00084,avenue Pierre Traversat,84,,BV0342,1564351.77230000,5185440.39110000,1.25312494,45.85561332
87085_4175_00086,avenue Pierre Traversat,86,,BV0341,1564358.74980000,5185442.14420000,1.25321427,45.85563047
87085_4175_00088,avenue Pierre Traversat,88,,BV0340,1564364.70300000,5185443.81660000,1.25329044,45.85564669
87085_4175_00090,avenue Pierre Traversat,90,,BV0339,1564373.07370000,5185446.25730000,1.25339751,45.85567029
87085_4175_00094,avenue Pierre Traversat,94,,BV0612,1564398.16180000,5185444.77540000,1.25372091,45.85566191
87085_4327_00001,avenue Président Auriol,1,,OK0011,1562223.20440000,5183287.37780000,1.22633961,45.83582259
87085_4327_00002,avenue Président Auriol,2,,OK0012,1562269.69480000,5183327.78570000,1.22692632,45.83619539
87085_4327_00003,avenue Président Auriol,3,,OS0007,1562264.29780000,5183420.60610000,1.22683027,45.83702928
87085_4327_00004,avenue Président Auriol,4,,OK0038,1562349.76740000,5183378.53080000,1.22794227,45.83666790
87085_4327_00005,avenue Président Auriol,5,,OS0007,1562283.84820000,5183421.57800000,1.22708160,45.83704194
87085_4327_00006,avenue Président Auriol,6,,OK0038,1562365.17820000,5183379.90100000,1.22814020,45.83668331
87085_4327_00007,avenue Président Auriol,7,,OS0007,1562303.19360000,5183422.45850000,1.22733031,45.83705373
87085_4327_00008,avenue Président Auriol,8,,OK0038,1562381.08080000,5183380.31990000,1.22834474,45.83669027
87085_4327_00009,avenue Président Auriol,9,,OS0007,1562318.78530000,5183423.07790000,1.22753079,45.83706243
87085_4327_00010,avenue Président Auriol,10,,OK0038,1562397.27930000,5183380.74940000,1.22855308,45.83669737
87085_4327_00011,avenue Président Auriol,11,,OS0007,1562334.51050000,5183424.09000000,1.22773287,45.83707468
87085_4327_00012,avenue Président Auriol,12,,OK0038,1562411.32900000,5183418.59750000,1.22872306,45.83704064
87085_4327_00013,avenue Président Auriol,13,,OS0024,1562560.23680000,5183578.22070000,1.23059378,45.83850631
87085_4327_00014,avenue Président Auriol,14,,OK0038,1562428.39350000,5183420.20150000,1.22894221,45.83705849
87085_4327_00015,avenue Président Auriol,15,,OS0024,1562540.80060000,5183630.51500000,1.23032868,45.83897284
87085_4327_00016,avenue Président Auriol,16,,OK0038,1562444.87910000,5183421.21260000,1.22915408,45.83707088
87085_4327_00018,avenue Président Auriol,18,,OK0038,1562460.55630000,5183421.92490000,1.22935564,45.83708042
87085_4327_00024,avenue Président Auriol,24,,OK0019,1562625.02060000,5183590.64670000,1.23142398,45.83863104
87085_4327_00024_a,avenue Président Auriol,24,a,OK0020,1562592.23950000,5183570.64550000,1.23100781,45.83844457
87085_4327_00024_b,avenue Président Auriol,24,b,OK0021,1562618.99120000,5183628.06430000,1.23133569,45.83896642
87085_4327_00024_c,avenue Président Auriol,24,c,OK0018,1562599.17250000,5183527.52020000,1.23110937,45.83805802
87085_4327_00025,avenue Président Auriol,25,,OI0178,1562405.47620000,5183824.11290000,1.22853165,45.84068729
87085_4327_00026,avenue Président Auriol,26,,OK0022,1562500.17460000,5183706.18700000,1.22978418,45.83964543
87085_4327_00028,avenue Président Auriol,28,,OK0022,1562451.70350000,5183751.87730000,1.22914728,45.84004674
87085_4327_00030,avenue Président Auriol,30,,OI0176,1562426.29820000,5183803.53750000,1.22880552,45.84050637
87085_4327_00032,avenue Président Auriol,32,,OI0176,1562478.23810000,5183867.93100000,1.22945558,45.84109601
87085_4327_00034,avenue Président Auriol,34,,OI0176,1562531.90200000,5183844.44840000,1.23015297,45.84089550
87085_4322_00001,avenue Président Coty,1,,OI0175,1562776.55920000,5183693.49520000,1.23334490,45.83958647
87085_4322_00003,avenue Président Coty,3,,OI0175,1562763.29550000,5183695.21050000,1.23317370,45.83959925
87085_4322_00005,avenue Président Coty,5,,OI0175,1562748.30320000,5183697.10640000,1.23298021,45.83961332
87085_4322_00006,avenue Président Coty,6,,OI0173,1562591.56330000,5183799.79120000,1.23093360,45.84050572
87085_4322_00007,avenue Président Coty,7,,OI0175,1562731.59190000,5183699.56790000,1.23276443,45.83963212
87085_4322_00008,avenue Président Coty,8,,OI0173,1562580.74850000,5183820.50620000,1.23078849,45.84068990
87085_4322_00009,avenue Président Coty,9,,OI0175,1562718.04760000,5183701.29070000,1.23258962,45.83964492
87085_4322_00010,avenue Président Coty,10,,OI0173,1562573.33230000,5183840.55640000,1.23068730,45.84086878
87085_4322_00011,avenue Président Coty,11,,OI0175,1562700.90230000,5183703.46770000,1.23236834,45.83966108
87085_4322_00012,avenue Président Coty,12,,OI0173,1562567.12720000,5183871.17590000,1.23059869,45.84114297
87085_4322_00013,avenue Président Coty,13,,OI0175,1562681.87800000,5183707.80150000,1.23212226,45.83969626
87085_4322_00014,avenue Président Coty,14,,OI0170,1562618.59860000,5183909.02970000,1.23125032,45.84149377
87085_4322_00015,avenue Président Coty,15,,OI0175,1562666.95080000,5183712.55110000,1.23192879,45.83973601
87085_4322_00016,avenue Président Coty,16,,OI0172,1562565.95310000,5183926.04090000,1.23056789,45.84163628
87085_4322_00017,avenue Président Coty,17,,OI0175,1562653.19610000,5183718.37090000,1.23175010,45.83978561
87085_4322_00019,avenue Président Coty,19,,OI0175,1562637.57350000,5183726.36290000,1.23154675,45.83985438
87085_4322_00020,avenue Président Coty,20,,OI0224,1562631.55790000,5183976.18730000,1.23139792,45.84210048
87085_4322_00021,avenue Président Coty,21,,OI0175,1562623.44230000,5183735.33980000,1.23136231,45.83993231
87085_4322_00023,avenue Président Coty,23,,OI0175,1562610.42320000,5183745.32550000,1.23119190,45.84001954
87085_4322_00024,avenue Président Coty,24,,OI0224,1562596.58920000,5184035.26430000,1.23093096,45.84262492
87085_4322_00025,avenue Président Coty,25,,OI0175,1562600.09950000,5183754.54700000,1.23105640,45.84010043
87085_4322_00027,avenue Président Coty,27,,OI0175,1562592.24790000,5183762.76150000,1.23095300,45.84017275
87085_4322_00029,avenue Président Coty,29,,OI0175,1562585.82350000,5183770.23510000,1.23086818,45.84023870
87085_4322_00031,avenue Président Coty,31,,OI0175,1562580.24320000,5183777.47710000,1.23079429,45.84030273
87085_4322_00033,avenue Président Coty,33,,OI0175,1562573.68650000,5183786.38040000,1.23070735,45.84038151
87085_4322_00037,avenue Président Coty,37,,OI0177,1562543.81710000,5183947.21130000,1.23027693,45.84182229
87085_4320_00002,avenue Président Kennedy,2,,TN0045,1566646.41010000,5180301.57090000,1.28409149,45.80983526
87085_4320_00003,avenue Président Kennedy,3,,TN0042,1566667.93340000,5180296.26100000,1.28436982,45.80979167
87085_4320_00024,avenue Président Kennedy,24,,TN0012,1566842.47660000,5180098.44430000,1.28666978,45.80804598
87085_4320_00033,avenue Président Kennedy,33,,TO0013,1566919.05120000,5179791.46450000,1.28773966,45.80529930
87085_4320_00034,avenue Président Kennedy,34,,TN0076,1566924.84080000,5180000.96890000,1.28775619,45.80718505
87085_4320_00041,avenue Président Kennedy,41,,TO0027,1566849.49250000,5179727.25320000,1.28686274,45.80470822
87085_4320_00044,avenue Président Kennedy,44,,TN0047,1566942.17180000,5179890.68500000,1.28800961,45.80619633
87085_4320_00050,avenue Président Kennedy,50,,TN0014,1566914.57800000,5179812.60300000,1.28767628,45.80548859
87085_4320_00051,avenue Président Kennedy,51,,TP0051,1566712.13310000,5179696.94010000,1.28510439,45.80440893
87085_4320_00052,avenue Président Kennedy,52,,TN0058,1566871.00840000,5179777.24780001,1.28712565,45.80516212
87085_4320_00053,avenue Président Kennedy,53,,TP0047,1566699.02970000,5179695.76300000,1.28493618,45.80439581
87085_4320_00054,avenue Président Kennedy,54,,TN0059,1566881.12790000,5179772.05310000,1.28725725,45.80511734
87085_4320_00066,avenue Président Kennedy,66,,TN0056,1566733.86420000,5179711.97750000,1.28537974,45.80454842
87085_4320_00067,avenue Président Kennedy,67,,TP0016,1566542.93860000,5179715.60200000,1.28292302,45.80454401
87085_4320_00069,avenue Président Kennedy,69,,TP0014,1566518.63530000,5179726.32630000,1.28260745,45.80463577
87085_4320_00070,avenue Président Kennedy,70,,TN0054,1566726.73220000,5179788.43060000,1.28526683,45.80523478
87085_4320_00072,avenue Président Kennedy,72,,TN0054,1566717.82270000,5179796.40460000,1.28515003,45.80530479
87085_4320_00073,avenue Président Kennedy,73,,TP0013,1566476.67620000,5179744.38300000,1.28206276,45.80479006
87085_4320_00074,avenue Président Kennedy,74,,TN0055,1566701.30390000,5179815.12450000,1.28493237,45.80546999
87085_4320_00075,avenue Président Kennedy,75,,TP0010,1566455.72710000,5179757.13390000,1.28178977,45.80490070
87085_4320_00076,avenue Président Kennedy,76,,TN0019,1566643.93650000,5179708.29220000,1.28422410,45.80449784
87085_4320_00078,avenue Président Kennedy,78,,TN0019,1566564.31360000,5179724.43570000,1.28319550,45.80462763
87085_4320_00080,avenue Président Kennedy,80,,TN0020,1566542.91210000,5179733.15360000,1.28291781,45.80470190
87085_4320_00081,avenue Président Kennedy,81,,TP0004,1566388.94710000,5179785.40560000,1.28092298,45.80514206
87085_4320_00084,avenue Président Kennedy,84,,TN0021,1566478.75850000,5179761.32040000,1.28208484,45.80494283
87085_4320_00085,avenue Président Kennedy,85,,TP0003,1566282.94630000,5179797.59740000,1.27955618,45.80523114
87085_4320_00087,avenue Président Kennedy,87,,TP0003,1566263.74260000,5179791.28299999,1.27931093,45.80517061
87085_4325_00003,avenue Président Ramadier,3,,IN0202,1563761.98260000,5181827.78190000,1.24655612,45.82299928
87085_4325_00004,avenue Président Ramadier,4,,IN0453,1563777.02260000,5181833.37650000,1.24674805,45.82305259
87085_4325_00005,avenue Président Ramadier,5,,IN0203,1563749.53670000,5181844.66180000,1.24639121,45.82314866
87085_4325_00006,avenue Président Ramadier,6,,IN0454,1563773.10680000,5181838.87980000,1.24669611,45.82310132
87085_4325_00007,avenue Président Ramadier,7,,IN0203,1563739.61590000,5181857.95720000,1.24625980,45.82326630
87085_4325_00008,avenue Président Ramadier,8,,IN0196,1563766.14830000,5181848.37160000,1.24660389,45.82318532
87085_4325_00009,avenue Président Ramadier,9,,IN0203,1563730.60590000,5181870.17180000,1.24614041,45.82337439
87085_4325_00010,avenue Président Ramadier,10,,IN0196,1563757.16450000,5181860.58730000,1.24648484,45.82329343
87085_4325_00011,avenue Président Ramadier,11,,IN0203,1563721.35200000,5181882.79260000,1.24601777,45.82348609
87085_4325_00012,avenue Président Ramadier,12,,IN0196,1563745.20500000,5181876.70860000,1.24632639,45.82343608
87085_4325_00013,avenue Président Ramadier,13,,IN0203,1563706.87080000,5181902.27570000,1.24582593,45.82365848
87085_4325_00014,avenue Président Ramadier,14,,IN0195,1563738.48810000,5181885.66280000,1.24623743,45.82351530
87085_4325_00015,avenue Président Ramadier,15,,IN0203,1563697.58580000,5181915.29750000,1.24570277,45.82377378
87085_4325_00016,avenue Président Ramadier,16,,IN0194,1563731.07340000,5181896.08230000,1.24613908,45.82360756
87085_4325_00018,avenue Président Ramadier,18,,IN0193,1563723.32020000,5181906.68240000,1.24603632,45.82370138
87085_4325_00020,avenue Président Ramadier,20,,IN0192,1563717.75910000,5181914.11480000,1.24596266,45.82376714
87085_4325_00022,avenue Président Ramadier,22,,IN0192,1563707.21110000,5181928.24720000,1.24582294,45.82389217
87085_4346_00010,avenue Professeur de Léobardy,10,,NO1068,1563146.79020000,5180525.52010000,1.23901141,45.81116259
87085_4346_00034,avenue Professeur de Léobardy,34,,NO0002,1562804.41630000,5180363.63450000,1.23465344,45.80963815
87085_4348_00005,avenue Professeur Faure,5,,NS0006,1563519.67770000,5181051.32580000,1.24365889,45.81596659
87085_4348_00024,avenue Professeur Faure,24,,NP0021,1563410.69610000,5180952.51770000,1.24228494,45.81505612
87085_4487_00070,avenue Raymond Poulidor,70,,LN0302,1568188.10050000,5188752.62070000,1.30160449,45.88615528
87085_4487_00110,avenue Raymond Poulidor,110,,LL0102,1567956.32500000,5189047.10250000,1.29853792,45.88875982
87085_4599_00002,avenue Roland Dorgelès,2,,RC0092,1561081.05980000,5184158.15020000,1.21138952,45.84342581
87085_4599_00003,avenue Roland Dorgelès,3,,RC0138,1561048.62430000,5184172.53300000,1.21096789,45.84354864
87085_4599_00005,avenue Roland Dorgelès,5,,RC0137,1561026.74040000,5184195.40010000,1.21067961,45.84374992
87085_4599_00006,avenue Roland Dorgelès,6,,RC0094,1561021.42040000,5184219.52040000,1.21060416,45.84396581
87085_4599_00007,avenue Roland Dorgelès,7,,RC0136,1560997.56130000,5184213.95430000,1.21029868,45.84391092
87085_4599_00009,avenue Roland Dorgelès,9,,RC0135,1560969.97080000,5184225.09610000,1.20994034,45.84400557
87085_4599_00010,avenue Roland Dorgelès,10,,RC0112,1560835.90710000,5184279.78370000,1.20819896,45.84447039
87085_4599_00011,avenue Roland Dorgelès,11,,RC0134,1560947.74770000,5184233.21030000,1.20965195,45.84407407
87085_4599_00012,avenue Roland Dorgelès,12,,RC0126,1560806.78070000,5184294.28850000,1.20781987,45.84459497
87085_4599_00013,avenue Roland Dorgelès,13,,RC0133,1560932.54340000,5184239.00300000,1.20945458,45.84412310
87085_4599_00014,avenue Roland Dorgelès,14,,RC0067,1560775.69260000,5184329.78030000,1.20740945,45.84490794
87085_4599_00015,avenue Roland Dorgelès,15,,RC0133,1560919.70150000,5184243.20570000,1.20928808,45.84415831
87085_4599_00016,avenue Roland Dorgelès,16,,RC0065,1560761.66890000,5184353.41390000,1.20722210,45.84511769
87085_4599_00017,avenue Roland Dorgelès,17,,RC0132,1560905.90940000,5184247.45160000,1.20910933,45.84419371
87085_4599_00018,avenue Roland Dorgelès,18,,RC0064,1560749.36080000,5184374.41840000,1.20705759,45.84530415
87085_4599_00020,avenue Roland Dorgelès,20,,RC0063,1560742.47340000,5184393.56120000,1.20696340,45.84547495
87085_4599_00021,avenue Roland Dorgelès,21,,RC0131,1560852.87270000,5184259.88900000,1.20842309,45.84429486
87085_4599_00022,avenue Roland Dorgelès,22,,RC0062,1560735.55670000,5184405.41580000,1.20687093,45.84558019
87085_4599_00023,avenue Roland Dorgelès,23,,RC0130,1560827.65570000,5184264.80140000,1.20809710,45.84433394
87085_4599_00024,avenue Roland Dorgelès,24,,RC0061,1560728.93780000,5184416.76940000,1.20678245,45.84568098
87085_4599_00025,avenue Roland Dorgelès,25,,RC0129,1560803.89460000,5184275.76450000,1.20778809,45.84442775
87085_4599_00026,avenue Roland Dorgelès,26,,RC0060,1560713.20650000,5184434.52160000,1.20657482,45.84583748
87085_4599_00027,avenue Roland Dorgelès,27,,RC0128,1560788.24270000,5184287.07080000,1.20758336,45.84452629
87085_4599_00028,avenue Roland Dorgelès,28,,RC0059,1560702.85430000,5184451.32860000,1.20643670,45.84598657
87085_4599_00029,avenue Roland Dorgelès,29,,RC0127,1560768.63110000,5184308.91850000,1.20732461,45.84471885
87085_4599_00030,avenue Roland Dorgelès,30,,RC0058,1560688.36670000,5184466.49380000,1.20624583,45.84612005
87085_4599_00032,avenue Roland Dorgelès,32,,RC0057,1560672.78080000,5184479.55190000,1.20604143,45.84623435
87085_4599_00033,avenue Roland Dorgelès,33,,RC0045,1560734.65660000,5184366.88950000,1.20687051,45.84523344
87085_4599_00035,avenue Roland Dorgelès,35,,RC0055,1560703.53740000,5184419.12520000,1.20645483,45.84569702
87085_4599_00037,avenue Roland Dorgelès,37,,RC0056,1560688.73530000,5184441.16870000,1.20625791,45.84589231
87085_4599_00039,avenue Roland Dorgelès,39,,RC0032,1560647.72530000,5184475.11550000,1.20572021,45.84618937
87085_4725_00001,avenue Saint Eloi,1,,IM0323,1563948.36810000,5182256.70280000,1.24883286,45.82689456
87085_4725_00001_bis,avenue Saint Eloi,1,bis,IM0323,1563954.04580000,5182288.06590000,1.24889704,45.82717782
87085_4725_00002,avenue Saint Eloi,2,,HZ0170,1563954.74380000,5182195.11040000,1.24893232,45.82634177
87085_4725_00003,avenue Saint Eloi,3,,IM0757,1563957.41940000,5182306.93090000,1.24893511,45.82734818
87085_4725_00004,avenue Saint Eloi,4,,HZ0171,1563956.55430000,5182205.45490000,1.24895269,45.82643518
87085_4725_00004_ter,avenue Saint Eloi,4,ter,HZ0030,1563966.07790000,5182268.20210000,1.24905748,45.82700151
87085_4725_00006,avenue Saint Eloi,6,,HZ0029,1563968.28310000,5182283.47370000,1.24908154,45.82713932
87085_4725_00007,avenue Saint Eloi,7,,IL0110,1563981.81220000,5182472.30350000,1.24920220,45.82884063
87085_4725_00007_bis,avenue Saint Eloi,7,bis,IL0102,1563988.48540000,5182516.44790000,1.24927558,45.82923905
87085_4725_00008,avenue Saint Eloi,8,,HZ0025,1563969.21330000,5182289.47560000,1.24909181,45.82719350
87085_4725_00009,avenue Saint Eloi,9,,IL0091,1563993.04190000,5182545.88540000,1.24932589,45.82950476
87085_4725_00010,avenue Saint Eloi,10,,HZ0024,1563970.13630000,5182295.11760000,1.24910209,45.82724443
87085_4725_00011,avenue Saint Eloi,11,,IL0089,1563995.60490000,5182561.81790000,1.24935436,45.82964859
87085_4725_00014,avenue Saint Eloi,14,,IK0077,1563975.73040000,5182330.61940000,1.24916402,45.82756490
87085_4725_00016,avenue Saint Eloi,16,,IK0078,1563978.38210000,5182347.71230000,1.24919331,45.82771918
87085_4725_00018,avenue Saint Eloi,18,,IK0080,1563980.20820000,5182361.46070000,1.24921292,45.82784322
87085_4725_00020,avenue Saint Eloi,20,,IK0081,1563982.41410000,5182374.83180000,1.24923752,45.82796394
87085_4725_00022,avenue Saint Eloi,22,,IK0188,1563984.37810000,5182389.24070000,1.24925871,45.82809394
87085_4725_00024,avenue Saint Eloi,24,,IK0083,1563986.23380000,5182398.55490000,1.24927996,45.82817809
87085_4725_00026,avenue Saint Eloi,26,,IK0112,1563990.75060000,5182426.73010000,1.24933011,45.82843244
87085_4725_00026_bis,avenue Saint Eloi,26,bis,IK0112,1563993.07620000,5182441.85240000,1.24935576,45.82856893
87085_4725_00028,avenue Saint Eloi,28,,IK0113,1563995.41040000,5182457.21990000,1.24938144,45.82870763
87085_4725_00030,avenue Saint Eloi,30,,IK0115,1563998.51130000,5182477.51330000,1.24941560,45.82889080
87085_4725_00032,avenue Saint Eloi,32,,IK0116,1563999.97330000,5182487.25060000,1.24943166,45.82897868
87085_4725_00032_bis,avenue Saint Eloi,32,bis,IK0117,1564000.81810000,5182494.43400000,1.24944050,45.82904346
87085_4725_00034,avenue Saint Eloi,34,,IK0117,1564003.08650000,5182507.04380000,1.24946612,45.82915735
87085_4725_00036,avenue Saint Eloi,36,,IK0117,1564008.47070000,5182543.32100000,1.24952515,45.82948474
87085_4725_00038,avenue Saint Eloi,38,,IK0164,1564014.37110000,5182565.27960000,1.24959486,45.82968344
87085_4820_00001,avenue Saint Surin,1,,DH0164,1564174.16920000,5182903.70450000,1.25155551,45.83275934
87085_4820_00002,avenue Saint Surin,2,,DH0163,1564178.50440000,5182916.82290000,1.25160759,45.83287821
87085_4820_00003,avenue Saint Surin,3,,DH0165,1564165.82450000,5182911.24560000,1.25144599,45.83282553
87085_4820_00004,avenue Saint Surin,4,,DH0162,1564162.82060000,5182930.96940000,1.25140176,45.83300237
87085_4820_00006,avenue Saint Surin,6,,DH0334,1564153.33350000,5182939.46950000,1.25127727,45.83307696
87085_4820_00006_b,avenue Saint Surin,6,b,DH0331,1564146.13680000,5182945.66080000,1.25118291,45.83313123
87085_4820_00007,avenue Saint Surin,7,,DH0346,1564146.65150000,5182928.19610000,1.25119447,45.83297422
87085_4820_00008,avenue Saint Surin,8,,DH0332,1564139.56440000,5182951.70990000,1.25109662,45.83318434
87085_4820_00009,avenue Saint Surin,9,,DH0211,1564135.40840000,5182938.74590000,1.25104681,45.83306690
87085_4820_00010,avenue Saint Surin,10,,DH0143,1564132.03120000,5182958.35320000,1.25099780,45.83324262
87085_4820_00011,avenue Saint Surin,11,,DH0374,1564103.54020000,5182933.73920000,1.25063812,45.83301557
87085_4820_00012,avenue Saint Surin,12,,DH0142,1564127.39280000,5182962.70500000,1.25093688,45.83328085
87085_4820_00014,avenue Saint Surin,14,,DH0369,1564122.42380000,5182967.38780000,1.25087162,45.83332199
87085_4820_00014_b,avenue Saint Surin,14,b,DH0371,1564143.95180000,5183003.90050000,1.25113834,45.83365470
87085_4820_00014_c,avenue Saint Surin,14,c,DH0371,1564114.46610000,5183042.36560000,1.25074802,45.83399489
87085_4820_00015,avenue Saint Surin,15,,DH0374,1564115.52160000,5182956.19710000,1.25078596,45.83321996
87085_4820_00015_bis,avenue Saint Surin,15,bis,DH0374,1564108.01370000,5182963.33570000,1.25068732,45.83328269
87085_4820_00016,avenue Saint Surin,16,,DH0369,1564112.17330000,5182976.47310000,1.25073714,45.83340169
87085_4820_00017,avenue Saint Surin,17,,DH0374,1564101.49680000,5182969.21260000,1.25060180,45.83333427
87085_4820_00018,avenue Saint Surin,18,,DH0141,1564106.26010000,5182981.87340000,1.25065952,45.83344910
87085_4820_00019,avenue Saint Surin,19,,DH0261,1564091.33510000,5182978.44450000,1.25046842,45.83341531
87085_4820_00021,avenue Saint Surin,21,,DH0367,1564083.46560000,5182985.20300000,1.25036524,45.83347455
87085_4820_00022,avenue Saint Surin,22,,DH0140,1564090.04470000,5182996.37230000,1.25044675,45.83357632
87085_4820_00023,avenue Saint Surin,23,,DH0262,1564075.96610000,5182992.16950000,1.25026676,45.83353573
87085_4820_00025,avenue Saint Surin,25,,DH0263,1564068.18550000,5182999.07960000,1.25016468,45.83359636
87085_4820_00026,avenue Saint Surin,26,,DH0139,1564074.94650000,5183009.97670000,1.25024860,45.83369572
87085_4820_00027,avenue Saint Surin,27,,DH0264,1564062.32830000,5183004.29440000,1.25008783,45.83364211
87085_4820_00029,avenue Saint Surin,29,,DH0265,1564053.00620000,5183012.87470000,1.24996544,45.83371745
87085_4820_00030,avenue Saint Surin,30,,DH0444,1564058.95050000,5183024.45720000,1.25003866,45.83382282
87085_4820_00031,avenue Saint Surin,31,,DH0266,1564031.36330000,5183032.19530000,1.24968146,45.83388697
87085_4820_00032,avenue Saint Surin,32,,DH0349,1564048.91990000,5183033.58850000,1.24990700,45.83390298
87085_4820_00034,avenue Saint Surin,34,,DH0089,1564039.89230000,5183041.52430000,1.24978858,45.83397258
87085_4820_00035,avenue Saint Surin,35,,DH0354,1564006.58780000,5183054.90130000,1.24935620,45.83408633
87085_4820_00036,avenue Saint Surin,36,,DH0088,1564031.44590000,5183049.27240000,1.24967769,45.83404061
87085_4820_00037,avenue Saint Surin,37,,DH0271,1563991.85660000,5183067.96300000,1.24916293,45.83420091
87085_4820_00038,avenue Saint Surin,38,,DH0087,1564022.98760000,5183056.77350000,1.24956672,45.83410641
87085_4820_00039,avenue Saint Surin,39,,DH0272,1563983.56040000,5183075.11410000,1.24905415,45.83426360
87085_4820_00040,avenue Saint Surin,40,,DH0441,1564013.40710000,5183065.28910000,1.24944102,45.83418112
87085_4820_00041,avenue Saint Surin,41,,DH0392,1563976.16290000,5183081.66930000,1.24895709,45.83432110
87085_4820_00044,avenue Saint Surin,44,,DH0084,1564001.52340000,5183076.68430000,1.24928487,45.83428128
87085_4820_00046,avenue Saint Surin,46,,DH0381,1563990.38800000,5183086.45080000,1.24913880,45.83436693
87085_0495_00001,boulevard Bel-Air,1,,NS0066,1564143.33350000,5181335.60960000,1.25160173,45.81864733
87085_0495_00002,boulevard Bel-Air,2,,HY0129,1564148.68140000,5181373.72790000,1.25165976,45.81899129
87085_0495_00003,boulevard Bel-Air,3,,NS0066,1564132.08060000,5181342.24580000,1.25145508,45.81870481
87085_0495_00004,boulevard Bel-Air,4,,HY0129,1564129.30840000,5181386.03210000,1.25140705,45.81909814
87085_0495_00005,boulevard Bel-Air,5,,NS0066,1564120.03240000,5181349.73310000,1.25129796,45.81876978
87085_0495_00006,boulevard Bel-Air,6,,HY0129,1564111.68480000,5181397.80820000,1.25117699,45.81920059
87085_0495_00007,boulevard Bel-Air,7,,NS0066,1564107.49460000,5181357.26460000,1.25113453,45.81883505
87085_0495_00008,boulevard Bel-Air,8,,HY0129,1564104.58680000,5181402.38200000,1.25108437,45.81924034
87085_0495_00009,boulevard Bel-Air,9,,NS0066,1564093.71470000,5181365.76600000,1.25095485,45.81890881
87085_0495_00010,boulevard Bel-Air,10,,HY0129,1564087.84250000,5181413.33970000,1.25086585,45.81933560
87085_0495_00011,boulevard Bel-Air,11,,NS0066,1564080.20620000,5181374.16040000,1.25077868,45.81898165
87085_0495_00013,boulevard Bel-Air,13,,NS0066,1564066.26980000,5181382.79820000,1.25059694,45.81905660
87085_0495_00015,boulevard Bel-Air,15,,NS0066,1564052.49190000,5181391.53960000,1.25041722,45.81913251
87085_0495_00017,boulevard Bel-Air,17,,NS0066,1564035.78480000,5181401.57480000,1.25019943,45.81921948
87085_0495_00024,boulevard Bel-Air,24,,HY0201,1563907.73060000,5181522.89660000,1.24851763,45.82028552
87085_0495_00025,boulevard Bel-Air,25,,NS0115,1563937.35420000,5181453.18650000,1.24891848,45.81966429
87085_0495_00026,boulevard Bel-Air,26,,HY0201,1563892.65360000,5181532.15850000,1.24832104,45.82036585
87085_0495_00027,boulevard Bel-Air,27,,NS0115,1563908.01770000,5181471.79370000,1.24853579,45.81982587
87085_0495_00028,boulevard Bel-Air,28,,HY0201,1563879.39980000,5181540.17570000,1.24814825,45.82043535
87085_0495_00029,boulevard Bel-Air,29,,NS0115,1563874.18830000,5181492.46730000,1.24809470,45.82000515
87085_0495_00030,boulevard Bel-Air,30,,HY0201,1563863.99960000,5181549.39130000,1.24794751,45.82051520
87085_0495_00033,boulevard Bel-Air,33,,NS0115,1563855.45570000,5181525.07210000,1.24784447,45.82029474
87085_0495_00037,boulevard Bel-Air,37,,NS0115,1563835.01430000,5181537.10260000,1.24757807,45.82039892
87085_0495_00041,boulevard Bel-Air,41,,NS0115,1563805.52160000,5181555.23600000,1.24719349,45.82055620
87085_0495_00045,boulevard Bel-Air,45,,NS0115,1563776.35410000,5181573.43690000,1.24681307,45.82071415
87085_0495_00047,boulevard Bel-Air,47,,NS0115,1563749.38960000,5181589.85500000,1.24646150,45.82085650
87085_0495_00049,boulevard Bel-Air,49,,NS0061,1563718.95020000,5181591.48760000,1.24606941,45.82086516
87085_0495_00051,boulevard Bel-Air,51,,NS0061,1563708.80880000,5181595.78100000,1.24593772,45.82090177
87085_0495_00061,boulevard Bel-Air,61,,NN0097,1563609.02980000,5181661.70810000,1.24463529,45.82147504
87085_0495_00071,boulevard Bel-Air,71,,NN0072,1563507.61150000,5181673.54160000,1.24332709,45.82156137
87085_0495_00073,boulevard Bel-Air,73,,NN0072,1563489.38390000,5181674.69940000,1.24309225,45.82156817
87085_0495_00075,boulevard Bel-Air,75,,NN0072,1563471.23080000,5181675.33430000,1.24285851,45.82157028
87085_0495_00077,boulevard Bel-Air,77,,NN0072,1563455.43410000,5181675.78700000,1.24265514,45.82157122
87085_0495_00079,boulevard Bel-Air,79,,NN0070,1563379.92720000,5181672.09260000,1.24168472,45.82152299
87085_0875_00001,boulevard Carnot,1,,DW0067,1564980.94260000,5182784.19570000,1.26197111,45.83184316
87085_0875_00002,boulevard Carnot,2,,DW0208,1564960.14520000,5182817.70470000,1.26169407,45.83214051
87085_0875_00003,boulevard Carnot,3,,DW0066,1564968.95550000,5182790.88150000,1.26181498,45.83190095
87085_0875_00003_bis,boulevard Carnot,3,bis,DW0227,1564962.06300000,5182794.60100000,1.26172524,45.83193305
87085_0875_00003_ter,boulevard Carnot,3,ter,DW0227,1564956.38420000,5182797.57810000,1.26165133,45.83195872
87085_0875_00004,boulevard Carnot,4,,DW0041,1564939.30510000,5182828.54090000,1.26142285,45.83223389
87085_0875_00005,boulevard Carnot,5,,DW0231,1564928.40600000,5182811.21310000,1.26128746,45.83207588
87085_0875_00006,boulevard Carnot,6,,DW0042,1564928.35400000,5182834.20230000,1.26128033,45.83228267
87085_0875_00007,boulevard Carnot,7,,DW0065,1564915.67140000,5182812.70070000,1.26112317,45.83208676
87085_0875_00008,boulevard Carnot,8,,DW0043,1564888.59030000,5182854.85410000,1.26076283,45.83246064
87085_0875_00009,boulevard Carnot,9,,DW0065,1564886.36870000,5182827.91430000,1.26074181,45.83221786
87085_0875_00010,boulevard Carnot,10,,DW0224,1564850.85270000,5182874.42880000,1.26027170,45.83262931
87085_0875_00011_bis,boulevard Carnot,11,bis,DW0065,1564881.16530000,5182830.53920000,1.26067411,45.83224045
87085_0875_00012,boulevard Carnot,12,,DW0045,1564834.05330000,5182883.11700000,1.26005307,45.83270416
87085_0875_00014,boulevard Carnot,14,,DW0054,1564803.93250000,5182898.37590000,1.25966117,45.83283550
87085_0875_00014_bis,boulevard Carnot,14,bis,DW0055,1564793.55760000,5182903.74070000,1.25952615,45.83288172
87085_0875_00015,boulevard Carnot,15,,DW0064,1564872.50330000,5182838.19580000,1.26056050,45.83230762
87085_0875_00016,boulevard Carnot,16,,DW0056,1564780.51210000,5182910.71310000,1.25935631,45.83294188
87085_0875_00018,boulevard Carnot,18,,DW0058,1564767.26210000,5182917.45220000,1.25918391,45.83299989
87085_0875_00019,boulevard Carnot,19,,DW0064,1564867.53290000,5182840.84070000,1.26049579,45.83233044
87085_0875_00020,boulevard Carnot,20,,DW0152,1564745.15460000,5182929.19590000,1.25889611,45.83310119
87085_0875_00021,boulevard Carnot,21,,DW0064,1564860.83170000,5182844.15070000,1.26040863,45.83235890
87085_0875_00022,boulevard Carnot,22,,DW0153,1564732.11770000,5182936.08610000,1.25872640,45.83316061
87085_0875_00023,boulevard Carnot,23,,DW0064,1564845.27110000,5182852.30780000,1.26020609,45.83242922
87085_0875_00024,boulevard Carnot,24,,DW0162,1564719.58180000,5182942.61770000,1.25856324,45.83321690
87085_0875_00025,boulevard Carnot,25,,DW0064,1564839.43620000,5182855.39380000,1.26013014,45.83245583
87085_0875_00026,boulevard Carnot,26,,DW0163,1564708.33340000,5182948.38000000,1.25841687,45.83326652
87085_0875_00027,boulevard Carnot,27,,DW0064,1564834.46220000,5182857.60460000,1.26006551,45.83247474
87085_0875_00028,boulevard Carnot,28,,DW0190,1564700.16910000,5182952.69730000,1.25831059,45.83330375
87085_0875_00029,boulevard Carnot,29,,DW0064,1564828.62900000,5182860.90760000,1.25998951,45.83250331
87085_0875_00030,boulevard Carnot,30,,DW0191,1564685.54970000,5182960.25090000,1.25812033,45.83336882
87085_0875_00032,boulevard Carnot,32,,DW0191,1564671.86940000,5182967.28540000,1.25794230,45.83342941
87085_0875_00033,boulevard Carnot,33,,DW0064,1564822.25520000,5182864.58659999,1.25990646,45.83253515
87085_0875_00033_b,boulevard Carnot,33,b,DW0063,1564817.96890000,5182866.88850000,1.25985065,45.83255501
87085_0875_00035,boulevard Carnot,35,,DW0062,1564795.60130000,5182880.26640000,1.25955905,45.83267096
87085_0875_00037,boulevard Carnot,37,,DW0061,1564776.39160000,5182890.58960000,1.25930895,45.83276005
87085_0875_00039,boulevard Carnot,39,,DW0059,1564758.76330000,5182899.90990000,1.25907947,45.83284042
87085_0875_00041,boulevard Carnot,41,,DW0151,1564725.00600000,5182917.44820000,1.25864013,45.83299155
87085_0875_00043,boulevard Carnot,43,,DW0149,1564712.91390000,5182924.02550000,1.25848267,45.83304834
87085_0875_00045,boulevard Carnot,45,,DW0148,1564705.05220000,5182927.97360000,1.25838039,45.83308231
87085_0875_00047,boulevard Carnot,47,,DW0147,1564698.11260000,5182931.64980000,1.25829005,45.83311401
87085_0875_00049,boulevard Carnot,49,,DW0146,1564688.15030000,5182936.74050000,1.25816042,45.83315784
87085_0875_00051,boulevard Carnot,51,,DW0145,1564674.68420000,5182943.69010000,1.25798500,45.83321800
87085_0430_00001,boulevard de Beaublanc,1,,OE0001,1563384.80570000,5184276.79940000,1.24100727,45.84495472
87085_0430_00008,boulevard de Beaublanc,8,,BM0133,1563464.48150000,5184303.92180000,1.24202510,45.84521452
87085_0430_00010,boulevard de Beaublanc,10,,BM0133,1563489.15840000,5184330.89940000,1.24233506,45.84546210
87085_0430_00012,boulevard de Beaublanc,12,,BM0133,1563512.41570000,5184357.11960000,1.24262697,45.84570258
87085_0430_00014,boulevard de Beaublanc,14,,BM0133,1563536.82500000,5184383.44800000,1.24293368,45.84594427
87085_0430_00016,boulevard de Beaublanc,16,,BM0133,1563561.50330000,5184409.22350000,1.24324401,45.84618103
87085_0430_00019,boulevard de Beaublanc,19,,OE0049,1563534.40280000,5184448.63310000,1.24288399,45.84653016
87085_0430_00020,boulevard de Beaublanc,20,,BM0002,1563617.18630000,5184469.89210000,1.24394352,45.84673782
87085_0430_00023,boulevard de Beaublanc,23,,OE0049,1563554.68760000,5184480.99490000,1.24313590,45.84682530
87085_0430_00025,boulevard de Beaublanc,25,,OE0049,1563574.73520000,5184495.72030000,1.24338977,45.84696174
87085_0430_00028,boulevard de Beaublanc,28,,BM0003,1563679.14250000,5184538.19310000,1.24472163,45.84736451
87085_0430_00035,boulevard de Beaublanc,35,,OE0022,1563675.28310000,5184591.19970000,1.24465691,45.84784057
87085_0430_00037,boulevard de Beaublanc,37,,OE0022,1563686.60840000,5184603.70550000,1.24479914,45.84795531
87085_1945_00001,boulevard de Fleurus,1,,EH0085,1565137.45050000,5182720.70430000,1.26400293,45.83130272
87085_1945_00002,boulevard de Fleurus,2,,EH0010,1565113.61320000,5182718.04100000,1.26369693,45.83127409
87085_1945_00002_bis,boulevard de Fleurus,2,bis,EH0010,1565103.35460000,5182700.39360000,1.26356987,45.83111333
87085_1945_00003,boulevard de Fleurus,3,,EH0181,1565126.70720000,5182701.98980000,1.26386993,45.83113227
87085_1945_00004,boulevard de Fleurus,4,,EH0009,1565094.34320000,5182684.08060000,1.26345849,45.83096482
87085_1945_00005,boulevard de Fleurus,5,,EH0182,1565115.55080000,5182682.63760000,1.26373180,45.83095600
87085_1945_00006,boulevard de Fleurus,6,,EH0008,1565088.30550000,5182673.30080000,1.26338382,45.83086666
87085_1945_00007,boulevard de Fleurus,7,,EH0087,1565109.87780000,5182672.37460000,1.26366167,45.83086256
87085_1945_00007_bis,boulevard de Fleurus,7,bis,EH0192,1565099.11000000,5182653.12640000,1.26352851,45.83068730
87085_1945_00008,boulevard de Fleurus,8,,EH0008,1565081.31330000,5182661.42720000,1.26329717,45.83075848
87085_1945_00012,boulevard de Fleurus,12,,EH0008,1565059.61910000,5182628.26000000,1.26302732,45.83045586
87085_1945_00013,boulevard de Fleurus,13,,EH0090,1565074.51410000,5182609.40510000,1.26322428,45.83028918
87085_0657_00001,boulevard de la Borie,1,,BH0826,1563343.99150000,5184167.76260000,1.24051295,45.84396576
87085_0657_00018,boulevard de la Borie,18,,OH0158,1563207.40250000,5184084.89230000,1.23877849,45.84319314
87085_0657_00058,boulevard de la Borie,58,,OI0094,1563006.58380000,5183879.76040000,1.23625224,45.84130789
87085_0657_00100,boulevard de la Borie,100,,OK0023,1562700.25310000,5183567.24150000,1.23239890,45.83843552
87085_0657_00117,boulevard de la Borie,117,,OK0025,1562536.99460000,5183396.45650000,1.23034664,45.83686661
87085_1123_00001,boulevard de la Cité,1,,EO0354,1565235.72530000,5182620.71230000,1.26529558,45.83042250
87085_1123_00001_bis,boulevard de la Cité,1,bis,EO0232,1565226.30200000,5182610.10070000,1.26517730,45.83032520
87085_1123_00002,boulevard de la Cité,2,,EH0032,1565230.50360000,5182640.06000000,1.26522297,45.83059552
87085_1123_00003,boulevard de la Cité,3,,EO0318,1565220.08520000,5182603.04920000,1.26509928,45.83026054
87085_1123_00003_bis,boulevard de la Cité,3,bis,EO0318,1565211.30310000,5182592.92580000,1.26498911,45.83016776
87085_1123_00005,boulevard de la Cité,5,,EO0011,1565203.33840000,5182583.05210000,1.26488938,45.83007738
87085_1123_00007,boulevard de la Cité,7,,EO0012,1565192.62550000,5182564.86070000,1.26475663,45.82991163
87085_1123_00008,boulevard de la Cité,8,,EH0172,1565191.17480000,5182595.11000000,1.26472948,45.83018346
87085_1123_00009,boulevard de la Cité,9,,EO0013,1565186.17630000,5182552.62400000,1.26467708,45.82980029
87085_1123_00009_bis,boulevard de la Cité,9,bis,EO0014,1565180.49290000,5182538.83330000,1.26460781,45.82967512
87085_1123_00010,boulevard de la Cité,10,,EH0038,1565183.35950000,5182582.98480000,1.26463232,45.83007285
87085_1123_00011,boulevard de la Cité,11,,EO0024,1565177.01390000,5182530.19500000,1.26456546,45.82959673
87085_1123_00012,boulevard de la Cité,12,,EH0187,1565176.24820000,5182569.90490000,1.26454448,45.82995380
87085_1123_00013,boulevard de la Cité,13,,EO0025,1565174.45770000,5182522.64580000,1.26453469,45.82952832
87085_1123_00014,boulevard de la Cité,14,,EH0236,1565169.44200000,5182556.42200000,1.26446067,45.82983118
87085_1123_00014_b,boulevard de la Cité,14,b,EH0237,1565163.25070000,5182542.13450000,1.26438501,45.82970144
87085_1123_00015,boulevard de la Cité,15,,EO0026,1565169.22430000,5182508.18940000,1.26447140,45.82939725
87085_1123_00016,boulevard de la Cité,16,,EH0229,1565156.61070000,5182523.31090000,1.26430485,45.82953081
87085_1123_00017,boulevard de la Cité,17,,EO0037,1565163.76730000,5182490.44230000,1.26440616,45.82923654
87085_1123_00018,boulevard de la Cité,18,,EH0222,1565149.36660000,5182501.85150000,1.26421765,45.82933635
87085_1123_00019,boulevard de la Cité,19,,EO0038,1565161.20000000,5182480.37460000,1.26437594,45.82914547
87085_1123_00022,boulevard de la Cité,22,,EH0043,1565137.78870000,5182465.44910000,1.26407888,45.82900662
87085_1310_00003,boulevard de la Corderie,3,,DZ0252,1565269.68310000,5182193.51620000,1.26585226,45.82658626
87085_1310_00005,boulevard de la Corderie,5,,DZ0122,1565264.00560000,5182200.88660000,1.26577714,45.82665145
87085_1310_00005_bis,boulevard de la Corderie,5,bis,DZ0354,1565256.32150000,5182210.19160000,1.26567566,45.82673365
87085_1310_00007,boulevard de la Corderie,7,,DZ0118,1565245.42760000,5182223.88540000,1.26553165,45.82685470
87085_1310_00009,boulevard de la Corderie,9,,DZ0117,1565238.92370000,5182231.94770000,1.26544570,45.82692595
87085_1310_00011,boulevard de la Corderie,11,,DZ0116,1565234.94060000,5182236.84000000,1.26539308,45.82696918
87085_1310_00013,boulevard de la Corderie,13,,DZ0246,1565229.42400000,5182243.74240000,1.26532016,45.82703019
87085_1310_00015,boulevard de la Corderie,15,,DZ0340,1565212.90390000,5182264.36200000,1.26510181,45.82721244
87085_1310_00017,boulevard de la Corderie,17,,DZ0107,1565204.19650000,5182275.06670000,1.26498677,45.82730703
87085_1310_00019,boulevard de la Corderie,19,,DZ0345,1565190.90040000,5182291.77500000,1.26481100,45.82745472
87085_1310_00027,boulevard de la Corderie,27,,DZ0321,1565139.90600000,5182376.85970000,1.26413097,45.82821012
87085_1325_00001,boulevard de la Corniche,1,,EW0169,1566008.88250000,5181343.42520000,1.27560055,45.81908355
87085_1325_00002,boulevard de la Corniche,2,,EW0154,1566044.56990000,5181373.10950000,1.27605142,45.81935753
87085_1325_00003,boulevard de la Corniche,3,,EW0170,1565977.68950000,5181334.92280000,1.27520161,45.81900099
87085_1325_00004,boulevard de la Corniche,4,,EW0153,1566034.78200000,5181368.36630000,1.27592682,45.81931296
87085_1325_00005,boulevard de la Corniche,5,,EW0171,1565968.78600000,5181324.17320000,1.27509006,45.81890256
87085_1325_00007,boulevard de la Corniche,7,,EW0172,1565963.72210000,5181315.04700000,1.27502745,45.81881948
87085_1325_00009,boulevard de la Corniche,9,,EW0168,1565958.03770000,5181311.02110000,1.27495544,45.81878215
87085_1325_00010,boulevard de la Corniche,10,,EW0155,1565992.88920000,5181347.92360000,1.27539354,45.81912090
87085_1325_00011,boulevard de la Corniche,11,,EW0167,1565949.82830000,5181310.27700000,1.27485003,45.81877386
87085_1325_00012,boulevard de la Corniche,12,,EW0156,1565975.84140000,5181348.42620000,1.27517407,45.81912210
87085_1325_00013,boulevard de la Corniche,13,,EW0166,1565941.77810000,5181314.19140000,1.27474537,45.81880750
87085_1325_00014,boulevard de la Corniche,14,,EW0157,1565963.55500000,5181352.78600000,1.27501479,45.81915893
87085_1325_00015,boulevard de la Corniche,15,,EW0165,1565934.37550000,5181317.68350000,1.27464916,45.81883747
87085_1325_00016,boulevard de la Corniche,16,,EW0158,1565951.38040000,5181359.48450000,1.27485629,45.81921681
87085_1325_00017,boulevard de la Corniche,17,,EW0164,1565926.88700000,5181324.02600000,1.27455105,45.81889307
87085_1325_00018,boulevard de la Corniche,18,,EW0159,1565941.99110000,5181368.67370000,1.27473293,45.81929765
87085_1325_00018_bis,boulevard de la Corniche,18,bis,EW0277,1565936.37070000,5181379.36960000,1.27465764,45.81939277
87085_1325_00019,boulevard de la Corniche,19,,EW0163,1565924.13300000,5181329.36750000,1.27451413,45.81894058
87085_1325_00022_a,boulevard de la Corniche,22,a,EW0458,1565946.74300000,5181467.99370000,1.27476638,45.82019202
87085_1325_00022_b,boulevard de la Corniche,22,b,EW0458,1565946.12050000,5181449.25010000,1.27476360,45.82002329
87085_1325_00022_c,boulevard de la Corniche,22,c,EW0458,1565944.97370000,5181431.67410000,1.27475374,45.81986496
87085_1325_00023,boulevard de la Corniche,23,,EW0162,1565930.28860000,5181365.21380000,1.27458333,45.81926424
87085_1325_00024,boulevard de la Corniche,24,,EW0194,1565898.88270000,5181432.74440000,1.27416045,45.81986560
87085_1325_00025,boulevard de la Corniche,25,,EW0161,1565921.34830000,5181380.04790000,1.27446418,45.81939594
87085_1325_00026,boulevard de la Corniche,26,,EW0193,1565878.65960000,5181433.77520000,1.27389998,45.81987093
87085_1325_00028,boulevard de la Corniche,28,,EW0202,1565838.36570000,5181434.55750000,1.27338135,45.81987011
87085_1325_00030,boulevard de la Corniche,30,,EW0203,1565794.30690000,5181436.22660000,1.27281404,45.81987653
87085_1325_00031,boulevard de la Corniche,31,,EW0190,1565874.69260000,5181421.52430000,1.27385236,45.81975995
87085_1325_00033,boulevard de la Corniche,33,,EW0229,1565841.36810000,5181423.42180000,1.27342309,45.81977052
87085_1325_00035,boulevard de la Corniche,35,,EW0228,1565810.55450000,5181423.94200000,1.27302651,45.81976919
87085_1325_00037,boulevard de la Corniche,37,,EW0221,1565777.32700000,5181425.17230000,1.27259867,45.81977378
87085_1325_00042,boulevard de la Corniche,42,,EW0516,1565663.00730000,5181405.74610000,1.27113330,45.81957671
87085_1325_00044,boulevard de la Corniche,44,,EW0516,1565647.11810000,5181377.43750000,1.27093679,45.81931895
87085_1325_00046,boulevard de la Corniche,46,,EW0516,1565633.50630000,5181373.40860000,1.27076279,45.81928005
87085_0242_00010,boulevard des Arcades,10,,BS0677,1565041.58910000,5185010.40540000,1.26212636,45.85188113
87085_0242_00015,boulevard des Arcades,15,,BW0023,1564977.63380000,5185068.77030000,1.26128666,45.85239359
87085_3100_00003,boulevard des Lilas,3,,BP0051,1564061.23920000,5184974.73180000,1.24951644,45.85136707
87085_3100_00007,boulevard des Lilas,7,,BP0049,1564061.81550000,5185022.34390000,1.24951038,45.85179548
87085_3100_00008,boulevard des Lilas,8,,BT0313,1564076.50650000,5185037.69340000,1.24969516,45.85193646
87085_3100_00009,boulevard des Lilas,9,,BP0048,1564061.99010000,5185043.81100000,1.24950655,45.85198863
87085_3100_00010,boulevard des Lilas,10,,BT0313,1564076.37430000,5185071.43620000,1.24968391,45.85223997
87085_3100_00013,boulevard des Lilas,13,,BP0046,1564062.25160000,5185102.67210000,1.24949327,45.85251816
87085_3100_00015,boulevard des Lilas,15,,BV0498,1564062.47710000,5185196.26340000,1.24946968,45.85336011
87085_3100_00016,boulevard des Lilas,16,,BT0329,1564076.44730000,5185100.93460000,1.24967650,45.85250534
87085_3100_00017,boulevard des Lilas,17,,BV0497,1564063.14230000,5185244.22480000,1.24946468,45.85379168
87085_3100_00018,boulevard des Lilas,18,,BT0007,1564078.64350000,5185138.94980000,1.24969402,45.85284774
87085_3100_00019,boulevard des Lilas,19,,BV0496,1564063.23190000,5185262.16280000,1.24946075,45.85395306
87085_3100_00020,boulevard des Lilas,20,,BT0006,1564080.62950000,5185148.05430000,1.24971701,45.85293004
87085_3100_00021,boulevard des Lilas,21,,BV0495,1564063.49000000,5185277.84430000,1.24945964,45.85409418
87085_3100_00022,boulevard des Lilas,22,,BT0005,1564083.16180000,5185157.38080000,1.24974697,45.85301443
87085_3100_00023,boulevard des Lilas,23,,BV0494,1564065.29660000,5185293.78800000,1.24947838,45.85423796
87085_3100_00024,boulevard des Lilas,24,,BT0004,1564084.94080000,5185166.44570000,1.24976730,45.85309633
87085_3100_00025,boulevard des Lilas,25,,BV0493,1564069.50470000,5185306.98750000,1.24952882,45.85435753
87085_3100_00026,boulevard des Lilas,26,,BT0003,1564087.52570000,5185176.78860000,1.24979765,45.85318988
87085_3100_00027,boulevard des Lilas,27,,BV0492,1564074.15290000,5185315.33950000,1.24958630,45.85443358
87085_3100_00029,boulevard des Lilas,29,,BV0491,1564083.98960000,5185326.12430000,1.24970988,45.85453254
87085_3100_00031,boulevard des Lilas,31,,BV0490,1564091.75690000,5185333.03490000,1.24980792,45.85459624
87085_3100_00033,boulevard des Lilas,33,,BV0488,1564105.38960000,5185340.84610000,1.24998121,45.85466920
87085_3100_00035,boulevard des Lilas,35,,BV0487,1564116.08960000,5185344.61880000,1.25011789,45.85470525
87085_3100_00037,boulevard des Lilas,37,,BV0486,1564127.79910000,5185348.33330000,1.25026758,45.85474098
87085_3100_00039,boulevard des Lilas,39,,BV0485,1564138.43010000,5185352.02570000,1.25040340,45.85477629
87085_3100_00041,boulevard des Lilas,41,,BV0484,1564149.75070000,5185355.62410000,1.25054812,45.85481090
87085_3100_00043,boulevard des Lilas,43,,BV0483,1564160.44770000,5185359.27610000,1.25068479,45.85484587
87085_3100_00045,boulevard des Lilas,45,,BV0382,1564196.84200000,5185366.03670000,1.25115141,45.85491387
87085_3100_00047,boulevard des Lilas,47,,BV0381,1564215.37700000,5185365.56600000,1.25139016,45.85491330
87085_3100_00049,boulevard des Lilas,49,,BV0374,1564231.70750000,5185365.75690000,1.25160034,45.85491824
87085_3100_00051,boulevard des Lilas,51,,BV0373,1564247.45530000,5185365.30510000,1.25180320,45.85491729
87085_3100_00058,boulevard des Lilas,58,,BT0362,1564192.87640000,5185350.56140000,1.25110473,45.85477388
87085_4085_00001,boulevard des Petits Carmes,1,,EO0316,1565589.19290000,5182538.00460000,1.26986716,45.82974766
87085_4085_00001_a,boulevard des Petits Carmes,1,a,EO0316,1565580.10190000,5182542.11520000,1.26974902,45.82978287
87085_4085_00001_b,boulevard des Petits Carmes,1,b,EO0316,1565583.83720000,5182547.69030000,1.26979553,45.82983375
87085_4085_00003,boulevard des Petits Carmes,3,,EO0316,1565593.41890000,5182543.44450000,1.26992002,45.82979743
87085_4085_00006,boulevard des Petits Carmes,6,,EM0145,1565664.77750000,5182611.41310000,1.27081926,45.83042279
87085_4085_00008,boulevard des Petits Carmes,8,,EM0146,1565656.28980000,5182616.54180000,1.27070861,45.83046727
87085_4085_00010,boulevard des Petits Carmes,10,,EM0147,1565648.93990000,5182620.99570000,1.27061279,45.83050590
87085_4085_00012,boulevard des Petits Carmes,12,,EM0148,1565640.05160000,5182626.32550000,1.27049692,45.83055210
87085_4085_00021,boulevard des Petits Carmes,21,,EO0116,1565625.40580000,5182604.55220000,1.27031454,45.83035338
87085_4085_00023,boulevard des Petits Carmes,23,,EO0116,1565609.33400000,5182587.27410000,1.27011256,45.83019481
87085_4085_00025,boulevard des Petits Carmes,25,,EO0116,1565591.58780000,5182567.91990000,1.26988961,45.83001724
87085_4085_00027,boulevard des Petits Carmes,27,,EO0115,1565608.66090000,5182607.44360000,1.27009826,45.83037612
87085_4085_00028,boulevard des Petits Carmes,28,,EN0169,1565508.27320000,5182645.91110000,1.26879570,45.83070253
87085_4085_00029,boulevard des Petits Carmes,29,,EO0115,1565598.82580000,5182616.55290000,1.26996915,45.83045614
87085_4085_00031,boulevard des Petits Carmes,31,,EO0115,1565587.78130000,5182627.06860000,1.26982409,45.83054857
87085_4085_00033,boulevard des Petits Carmes,33,,EO0112,1565562.42030000,5182635.56230000,1.26949537,45.83062002
87085_4085_00035,boulevard des Petits Carmes,35,,EO0112,1565544.55450000,5182616.25900000,1.26927087,45.83044289
87085_4085_00037,boulevard des Petits Carmes,37,,EO0112,1565524.01870000,5182594.47770000,1.26901270,45.83024293
87085_4085_00039,boulevard des Petits Carmes,39,,EO0112,1565501.86480000,5182570.46980000,1.26873434,45.83002264
87085_4085_00041,boulevard des Petits Carmes,41,,EO0113,1565512.03380000,5182599.33710000,1.26885712,45.83028430
87085_4085_00043,boulevard des Petits Carmes,43,,EO0113,1565500.77680000,5182610.07570000,1.26870926,45.83037870
87085_5155_00004,boulevard de Vanteaux,4,,IV0664,1563235.83570000,5181664.46860000,1.23983302,45.82142578
87085_5155_00015,boulevard de Vanteaux,15,,NN0066,1563224.20410000,5181627.16780000,1.23969398,45.82108792
87085_5155_00029,boulevard de Vanteaux,29,,NN0031,1563049.91730000,5181540.29720000,1.23747637,45.82027179
87085_5155_00120,boulevard de Vanteaux,120,,IV0654,1562681.36880000,5181522.49890000,1.23273985,45.82003821
87085_5155_00149,boulevard de Vanteaux,149,,NK0189,1562483.76880000,5181616.16330000,1.23017084,45.82084130
87085_5155_00162,boulevard de Vanteaux,162,,IT0258,1562480.52450000,5181670.25860000,1.23011363,45.82132727
87085_5155_00170,boulevard de Vanteaux,170,,IT0259,1562446.32590000,5181693.15410000,1.22966709,45.82152639
87085_5155_00177,boulevard de Vanteaux,177,,NK0046,1562348.82370000,5181731.21720000,1.22840175,45.82184928
87085_5155_00179,boulevard de Vanteaux,179,,NK0046,1562336.97620000,5181742.48260000,1.22824609,45.82194825
87085_5155_00203,boulevard de Vanteaux,203,,NK0308,1562308.74820000,5181776.84590000,1.22787307,45.82225171
87085_5155_00209,boulevard de Vanteaux,209,,NK0308,1562239.09160000,5181867.55240000,1.22695088,45.82305372
87085_5155_00214,boulevard de Vanteaux,214,,IT0011,1562289.33900000,5181865.72700000,1.22759790,45.82304736
87085_5155_00216,boulevard de Vanteaux,216,,IT0011,1562276.41030000,5181882.24490000,1.22742683,45.82319336
87085_5155_00218,boulevard de Vanteaux,218,,IT0011,1562268.24450000,5181890.52270000,1.22731939,45.82326619
87085_5155_00220,boulevard de Vanteaux,220,,IT0011,1562258.84420000,5181903.47040000,1.22719474,45.82338077
87085_5155_00222,boulevard de Vanteaux,222,,IT0011,1562245.42630000,5181921.26050000,1.22701700,45.82353812
87085_5155_00224,boulevard de Vanteaux,224,,IT0304,1562223.09610000,5181940.03030000,1.22672432,45.82370249
87085_5155_00226,boulevard de Vanteaux,226,,IT0304,1562214.40660000,5181953.54000000,1.22660864,45.82382228
87085_5155_00231,boulevard de Vanteaux,231,,NK0044,1562172.48060000,5181954.63100000,1.22606889,45.82382369
87085_3355_00010,boulevard du Mas Bouyol,10,,ON0324,1562165.31590000,5182114.63280000,1.22593100,45.82526200
87085_3355_00011,boulevard du Mas Bouyol,11,,ON0327,1562117.85520000,5182128.64210000,1.22531617,45.82537806
87085_3355_00012,boulevard du Mas Bouyol,12,,ON0327,1562120.84330000,5182146.05240000,1.22534962,45.82553528
87085_3355_00013,boulevard du Mas Bouyol,13,,ON0327,1562124.56320000,5182165.94740000,1.22539178,45.82571499
87085_3355_00014,boulevard du Mas Bouyol,14,,ON0327,1562127.92430000,5182185.48950000,1.22542943,45.82589145
87085_3355_00015,boulevard du Mas Bouyol,15,,ON0327,1562130.92690000,5182204.67870000,1.22546256,45.82606467
87085_3355_00016,boulevard du Mas Bouyol,16,,ON0327,1562134.97930000,5182221.72460000,1.22550981,45.82621882
87085_3355_00017,boulevard du Mas Bouyol,17,,ON0326,1562164.28400000,5182130.44170000,1.22591304,45.82540356
87085_3355_00018,boulevard du Mas Bouyol,18,,ON0326,1562164.27240000,5182143.25920000,1.22590922,45.82551885
87085_3355_00019,boulevard du Mas Bouyol,19,,ON0326,1562164.95740000,5182157.51500000,1.22591394,45.82564723
87085_3355_00020,boulevard du Mas Bouyol,20,,ON0326,1562167.11830000,5182176.96580000,1.22593617,45.82582263
87085_3355_00021,boulevard du Mas Bouyol,21,,ON0326,1562170.52540000,5182196.71220000,1.22597435,45.82600094
87085_3355_00023,boulevard du Mas Bouyol,23,,ON0478,1562158.47780000,5182269.89370000,1.22579836,45.82665683
87085_3355_00034,boulevard du Mas Bouyol,34,,OM0049,1562252.12350000,5182495.29510000,1.22693873,45.82870320
87085_3355_00036,boulevard du Mas Bouyol,36,,OM0050,1562260.51680000,5182490.48360000,1.22704811,45.82866160
87085_3355_00084,boulevard du Mas Bouyol,84,,OL0041,1562126.97490000,5182890.67700000,1.22521499,45.83223478
87085_3355_00086,boulevard du Mas Bouyol,86,,OL0041,1562127.81400000,5182910.90810000,1.22521999,45.83241694
87085_3355_00086_bis,boulevard du Mas Bouyol,86,bis,OL0041,1562129.73900000,5182940.23740000,1.22523635,45.83268116
87085_3385_00005,boulevard du Mas Neuf,5,,CN0085,1566245.72030000,5184341.83310000,1.27781335,45.84610223
87085_3385_00009,boulevard du Mas Neuf,9,,CN0086,1566243.49890000,5184353.29380000,1.27778157,45.84620490
87085_3385_00011,boulevard du Mas Neuf,11,,CN0565,1566240.75130000,5184366.28860000,1.27774259,45.84632126
87085_3385_00015,boulevard du Mas Neuf,15,,CN0569,1566238.36540000,5184377.05040000,1.27770888,45.84641760
87085_3385_00017,boulevard du Mas Neuf,17,,CN0567,1566236.89750000,5184383.63920000,1.27768815,45.84647659
87085_3385_00019,boulevard du Mas Neuf,19,,CN0573,1566234.45570000,5184395.48300000,1.27765342,45.84658266
87085_3385_00023,boulevard du Mas Neuf,23,,CN0571,1566230.53000000,5184413.83590000,1.27759778,45.84674699
87085_3385_00025,boulevard du Mas Neuf,25,,CN0736,1566296.47000000,5184520.56790000,1.27841685,45.84771993
87085_3385_00027,boulevard du Mas Neuf,27,,CN0728,1566277.79560000,5184542.40690000,1.27817040,45.84791276
87085_3385_00028,boulevard du Mas Neuf,28,,CN0734,1566305.87390000,5184521.25940000,1.27853771,45.84772798
87085_3385_00030,boulevard du Mas Neuf,30,,CN0730,1566287.86830000,5184546.34670000,1.27829896,45.84795016
87085_5300_00001,boulevard du Vigenal,1,,BT0151,1564802.10530000,5185091.53230000,1.25902065,45.85256385
87085_5300_00002,boulevard du Vigenal,2,,BT0456,1564789.60240000,5185150.31350000,1.25884316,45.85309016
87085_5300_00003,boulevard du Vigenal,3,,BT0151,1564790.62630000,5185092.95950000,1.25887248,45.85257443
87085_5300_00004,boulevard du Vigenal,4,,BT0456,1564762.04870000,5185144.72800000,1.25849002,45.85303450
87085_5300_00005,boulevard du Vigenal,5,,BT0153,1564781.67530000,5185093.79990000,1.25875701,45.85258023
87085_5300_00006,boulevard du Vigenal,6,,BT0518,1564727.47500000,5185116.32700000,1.25805294,45.85277221
87085_5300_00007,boulevard du Vigenal,7,,BT0154,1564770.00650000,5185093.85110000,1.25860679,45.85257840
87085_5300_00008,boulevard du Vigenal,8,,BT0518,1564696.68480000,5185109.66520000,1.25765845,45.85270623
87085_5300_00010,boulevard du Vigenal,10,,BT0450,1564666.15910000,5185107.88580000,1.25726599,45.85268421
87085_5300_00011,boulevard du Vigenal,11,,BT0159,1564754.76350000,5185093.75720000,1.25841059,45.85257456
87085_5300_00012,boulevard du Vigenal,12,,BT0450,1564643.66920000,5185106.62580000,1.25697683,45.85266845
87085_5300_00013,boulevard du Vigenal,13,,BT0160,1564740.88090000,5185091.14840000,1.25823261,45.85254836
87085_5300_00014,boulevard du Vigenal,14,,BT0453,1564639.46050000,5185147.85130000,1.25691103,45.85303847
87085_5300_00015,boulevard du Vigenal,15,,BT0161,1564728.28980000,5185090.14630000,1.25807080,45.85253686
87085_5300_00016,boulevard du Vigenal,16,,BT0453,1564602.92320000,5185146.86160000,1.25644095,45.85302237
87085_5300_00017,boulevard du Vigenal,17,,BT0162,1564716.29200000,5185089.68790000,1.25791648,45.85253038
87085_5300_00018,boulevard du Vigenal,18,,BT0446,1564571.36530000,5185144.94480000,1.25603524,45.85299891
87085_5300_00019,boulevard du Vigenal,19,,BT0163,1564703.64700000,5185088.79800000,1.25775395,45.85251989
87085_5300_00020,boulevard du Vigenal,20,,BT0446,1564537.59310000,5185143.64070000,1.25560085,45.85298053
87085_5300_00021,boulevard du Vigenal,21,,BT0164,1564691.51580000,5185088.02680000,1.25759800,45.85251056
87085_5300_00022,boulevard du Vigenal,22,,BT0448,1564546.44800000,5185101.51170000,1.25572672,45.85260330
87085_5300_00023,boulevard du Vigenal,23,,BT0165,1564679.80930000,5185087.41000000,1.25744748,45.85250271
87085_5300_00024,boulevard du Vigenal,24,,BT0448,1564519.66510000,5185099.71970000,1.25538245,45.85258190
87085_5300_00028,boulevard du Vigenal,28,,BT0104,1564466.33180000,5185096.70790000,1.25469673,45.85254430
87085_5300_00029,boulevard du Vigenal,29,,BT0340,1564631.66410000,5185086.17320000,1.25682805,45.85248210
87085_5300_00030,boulevard du Vigenal,30,,BT0103,1564435.87970000,5185094.27050000,1.25430540,45.85251637
87085_5300_00031,boulevard du Vigenal,31,,BT0250,1564621.17230000,5185085.62650000,1.25669314,45.85247512
87085_5300_00032,boulevard du Vigenal,32,,BT0094,1564395.90920000,5185091.83640000,1.25379154,45.85248659
87085_5300_00034,boulevard du Vigenal,34,,BT0093,1564360.90410000,5185089.96680000,1.25334145,45.85246286
87085_5300_00035,boulevard du Vigenal,35,,BT0254,1564597.36120000,5185084.69440000,1.25638688,45.85246205
87085_5300_00036,boulevard du Vigenal,36,,BT0093,1564342.00270000,5185088.42060000,1.25309856,45.85244522
87085_5300_00037,boulevard du Vigenal,37,,BT0256,1564585.97740000,5185084.13710000,1.25624049,45.85245479
87085_5300_00038,boulevard du Vigenal,38,,BT0093,1564331.59040000,5185088.05210000,1.25296463,45.85243985
87085_5300_00039,boulevard du Vigenal,39,,BT0257,1564572.31540000,5185081.97830000,1.25606522,45.85243268
87085_5300_00044,boulevard du Vigenal,44,,BT0311,1564265.77250000,5185083.02140000,1.25211877,45.85238161
87085_5300_00046,boulevard du Vigenal,46,,BT0311,1564249.07860000,5185080.03640000,1.25190471,45.85235146
87085_5300_00048,boulevard du Vigenal,48,,BT0311,1564233.71690000,5185076.56800000,1.25170794,45.85231723
87085_5300_00050,boulevard du Vigenal,50,,BT0311,1564216.72810000,5185071.16210000,1.25149077,45.85226524
87085_5300_00052,boulevard du Vigenal,52,,BT0311,1564201.06640000,5185065.44170000,1.25129077,45.85221069
87085_5300_00054,boulevard du Vigenal,54,,BT0312,1564178.51960000,5185054.86830000,1.25100351,45.85211112
87085_5300_00056,boulevard du Vigenal,56,,BT0312,1564157.63380000,5185042.46050000,1.25073816,45.85199538
87085_5300_00058,boulevard du Vigenal,58,,BT0312,1564137.33920000,5185028.35490000,1.25048089,45.85186448
87085_5300_00060,boulevard du Vigenal,60,,BT0312,1564118.63620000,5185012.70990000,1.25024456,45.85172005
87085_5300_00061,boulevard du Vigenal,61,,BT0391,1564262.59540000,5185062.02820000,1.25208380,45.85219214
87085_5300_00062,boulevard du Vigenal,62,,BT0312,1564100.29570000,5184996.52240000,1.25001304,45.85157081
87085_5300_00063,boulevard du Vigenal,63,,BT0391,1564235.85280000,5185055.80690000,1.25174130,45.85213089
87085_5300_00065,boulevard du Vigenal,65,,BT0391,1564205.60820000,5185045.03340000,1.25135501,45.85202800
87085_5300_00067,boulevard du Vigenal,67,,BP0555,1564132.60440000,5184995.64190000,1.25042920,45.85156928
87085_5300_00069,boulevard du Vigenal,69,,BP0555,1564106.25050000,5184972.55230000,1.25009648,45.85135636
87085_5300_00070,boulevard du Vigenal,70,,BP0234,1564022.66900000,5184926.64030000,1.24903354,45.85092683
87085_5300_00076,boulevard du Vigenal,76,,BP0549,1563928.06550000,5184837.36350000,1.24784102,45.85010502
87085_5300_00077,boulevard du Vigenal,77,,BP0463,1563987.72740000,5184863.79780000,1.24860154,45.85035462
87085_5300_00079,boulevard du Vigenal,79,,BP0463,1563978.45190000,5184854.98610000,1.24848463,45.85027352
87085_5300_00081,boulevard du Vigenal,81,,BP0463,1563964.39510000,5184841.61530000,1.24830747,45.85015046
87085_5300_00083,boulevard du Vigenal,83,,BP0388,1563941.97950000,5184820.98110000,1.24802477,45.84996041
87085_5300_00088,boulevard du Vigenal,88,,BP0550,1563864.75910000,5184769.97850000,1.24704520,45.84948633
87085_5300_00090,boulevard du Vigenal,90,,BP0550,1563847.23050000,5184751.28570000,1.24682486,45.84931470
87085_5300_00092,boulevard du Vigenal,92,,BP0550,1563834.46680000,5184737.34040000,1.24666451,45.84918673
87085_5300_00094,boulevard du Vigenal,94,,BP0550,1563819.38630000,5184721.18420000,1.24647497,45.84903841
87085_5300_00096,boulevard du Vigenal,96,,BP0550,1563803.27370000,5184703.64310000,1.24627254,45.84887743
87085_5300_00099,boulevard du Vigenal,99,,BO0001,1563776.25330000,5184646.09180000,1.24594104,45.84835437
87085_5300_00102,boulevard du Vigenal,102,,BP0617,1563759.44580000,5184691.33780000,1.24571186,45.84875805
87085_5300_00103,boulevard du Vigenal,103,,BO0003,1563749.85650000,5184615.38160000,1.24560996,45.84807288
87085_2145_00002,boulevard Gambetta,2,,DY0604,1564806.28770000,5182300.73200000,1.25985953,45.82745980
87085_2145_00004,boulevard Gambetta,4,,DY0425,1564794.88970000,5182303.91870000,1.25971197,45.82748623
87085_2145_00005,boulevard Gambetta,5,,DY0465,1564787.83470000,5182284.81310000,1.25962657,45.82731298
87085_2145_00005_bis,boulevard Gambetta,5,bis,DY0465,1564778.71050000,5182287.72190000,1.25950834,45.82733735
87085_2145_00006,boulevard Gambetta,6,,DY0425,1564787.53540000,5182306.83460000,1.25961652,45.82751101
87085_2145_00007,boulevard Gambetta,7,,DY0465,1564768.27810000,5182291.81170000,1.25937296,45.82737209
87085_2145_00008,boulevard Gambetta,8,,DY0425,1564778.46890000,5182309.37250000,1.25949915,45.82753206
87085_2145_00009,boulevard Gambetta,9,,DY0431,1564758.71530000,5182295.28780000,1.25924893,45.82740148
87085_2145_00010,boulevard Gambetta,10,,DY0425,1564759.48550000,5182315.94550000,1.25925303,45.82758746
87085_2145_00011,boulevard Gambetta,11,,DY0432,1564747.90980000,5182299.20740000,1.25910879,45.82743461
87085_2145_00013,boulevard Gambetta,13,,DY0438,1564731.85590000,5182304.91220000,1.25890062,45.82748277
87085_2145_00015,boulevard Gambetta,15,,DY0587,1564713.97490000,5182310.80060000,1.25866888,45.82753222
87085_2145_00017,boulevard Gambetta,17,,DY0587,1564701.85850000,5182314.85090000,1.25851183,45.82756628
87085_2145_00018,boulevard Gambetta,18,,DY0412,1564730.42260000,5182326.35110000,1.25887614,45.82767535
87085_2145_00019,boulevard Gambetta,19,,DY0440,1564694.40050000,5182317.50130000,1.25841512,45.82758865
87085_2145_00021,boulevard Gambetta,21,,DY0441,1564684.15090000,5182320.93600000,1.25828227,45.82761753
87085_2145_00022,boulevard Gambetta,22,,DY0412,1564701.99100000,5182336.00100000,1.25850758,45.82775656
87085_2145_00023,boulevard Gambetta,23,,HT0046,1564658.16540000,5182330.91930000,1.25794509,45.82770222
87085_2145_00025,boulevard Gambetta,25,,HT0045,1564643.86090000,5182335.54310000,1.25775973,45.82774100
87085_2145_00027,boulevard Gambetta,27,,HT0044,1564634.12050000,5182338.88340000,1.25763345,45.82776913
87085_2145_00028,boulevard Gambetta,28,,DY0568,1564650.29010000,5182353.74480000,1.25783733,45.82790600
87085_2145_00029,boulevard Gambetta,29,,HT0043,1564623.32610000,5182342.95430000,1.25749341,45.82780363
87085_2145_00031,boulevard Gambetta,31,,HT0182,1564614.12710000,5182346.33450000,1.25737409,45.82783223
87085_2145_00032,boulevard Gambetta,32,,DY0458,1564638.54770000,5182357.87450000,1.25768507,45.82794084
87085_2145_00033,boulevard Gambetta,33,,HT0182,1564608.05140000,5182349.07420000,1.25729514,45.82785568
87085_2145_00034,boulevard Gambetta,34,,DY0567,1564625.12200000,5182363.26000000,1.25751080,45.82798665
87085_2145_00035,boulevard Gambetta,35,,HT0182,1564594.39640000,5182357.07650000,1.25711718,45.82792497
87085_2145_00036,boulevard Gambetta,36,,DY0567,1564615.38830000,5182367.63890000,1.25738432,45.82802412
87085_2145_00040,boulevard Gambetta,40,,DY0561,1564587.24690000,5182385.69770000,1.25701713,45.82818103
87085_2145_00041,boulevard Gambetta,41,,HT0107,1564573.70640000,5182371.14430000,1.25684699,45.82804745
87085_2145_00043,boulevard Gambetta,43,,HT0041,1564552.30470000,5182388.46330000,1.25656673,45.82819903
87085_2145_00044,boulevard Gambetta,44,,DY0562,1564569.19410000,5182400.05120000,1.25678079,45.82830659
87085_2145_00045,boulevard Gambetta,45,,HT0038,1564539.48320000,5182399.46070000,1.25639865,45.82829543
87085_2145_00047,boulevard Gambetta,47,,HT0037,1564531.00990000,5182407.27900000,1.25628742,45.82836409
87085_2145_00050,boulevard Gambetta,50,,DY0003,1564551.61210000,5182415.69490000,1.25655015,45.82844385
87085_2145_00051,boulevard Gambetta,51,,HT0036,1564522.46250000,5182415.48020000,1.25617512,45.82843618
87085_2145_00053,boulevard Gambetta,53,,DL0122,1564504.10310000,5182436.93300000,1.25593283,45.82862555
87085_2145_00055,boulevard Gambetta,55,,DL0244,1564498.50040000,5182445.09560000,1.25585844,45.82869787
87085_2145_00056,boulevard Gambetta,56,,DL0084,1564519.96580000,5182449.77930000,1.25613333,45.82874423
87085_2145_00057,boulevard Gambetta,57,,DL0120,1564490.16900000,5182455.76010000,1.25574823,45.82879216
87085_2145_00058,boulevard Gambetta,58,,DL0181,1564513.39430000,5182458.14210000,1.25604641,45.82881816
87085_2145_00059,boulevard Gambetta,59,,DL0214,1564483.59720000,5182464.54280000,1.25566119,45.82886987
87085_2145_00060,boulevard Gambetta,60,,DL0088,1564506.66910000,5182466.91940000,1.25595740,45.82889580
87085_2145_00061,boulevard Gambetta,61,,DL0214,1564478.01220000,5182472.02240000,1.25558722,45.82893606
87085_2145_00062,boulevard Gambetta,62,,DL0089,1564492.23630000,5182486.31720000,1.25576622,45.82906745
87085_2145_00063,boulevard Gambetta,63,,DL0214,1564472.44820000,5182479.31250000,1.25551357,45.82900054
87085_2145_00064,boulevard Gambetta,64,,DL0090,1564484.72110000,5182496.67750000,1.25566660,45.82915916
87085_2145_00065,boulevard Gambetta,65,,DL0116,1564467.50940000,5182485.72340000,1.25544821,45.82905723
87085_2145_00066,boulevard Gambetta,66,,DL0094,1564477.58780000,5182505.86260000,1.25557222,45.82924038
87085_2145_00067,boulevard Gambetta,67,,DL0195,1564462.36990000,5182493.11460000,1.25537999,45.82912271
87085_2145_00068,boulevard Gambetta,68,,DL0095,1564484.41170000,5182521.35370000,1.25565566,45.82938108
87085_2145_00069,boulevard Gambetta,69,,DL0195,1564453.00890000,5182505.20380000,1.25525613,45.82922961
87085_2145_00070,boulevard Gambetta,70,,DL0097,1564469.14430000,5182516.94450000,1.25546044,45.82933841
87085_2145_00071,boulevard Gambetta,71,,DL0114,1564447.12280000,5182512.54580000,1.25517832,45.82929450
87085_2145_00072,boulevard Gambetta,72,,DL0098,1564462.34300000,5182525.82560000,1.25537042,45.82941696
87085_2145_00073,boulevard Gambetta,73,,DL0112,1564440.84330000,5182522.41750000,1.25509473,45.82938206
87085_2145_00074,boulevard Gambetta,74,,DL0100,1564456.90650000,5182534.73990000,1.25529795,45.82949608
87085_2145_00075,boulevard Gambetta,75,,DL0111,1564436.12010000,5182534.57720000,1.25503052,45.82949052
87085_2145_00076,boulevard Gambetta,76,,DL0101,1564452.86790000,5182545.35430000,1.25524299,45.82959076
87085_2145_00077,boulevard Gambetta,77,,DL0110,1564434.25080000,5182541.85810000,1.25500442,45.82955564
87085_2145_00079,boulevard Gambetta,79,,DL0109,1564431.64320000,5182549.50860000,1.25496871,45.82962395
87085_2145_00081,boulevard Gambetta,81,,DL0107,1564428.02770000,5182560.80170000,1.25491900,45.82972483
87085_2215_00002,boulevard Georges Clémenceau,2,,CM0418,1565650.16200000,5184953.20760000,1.26997654,45.85148580
87085_2215_00004,boulevard Georges Clémenceau,4,,CM0417,1565639.26950000,5184951.57870000,1.26983678,45.85146901
87085_2215_00006,boulevard Georges Clémenceau,6,,CM0416,1565630.98820000,5184950.12620000,1.26973058,45.85145433
87085_2215_00008,boulevard Georges Clémenceau,8,,CM0415,1565621.73690000,5184948.65760000,1.26961190,45.85143931
87085_2215_00010,boulevard Georges Clémenceau,10,,CM0414,1565607.49020000,5184945.53840000,1.26942938,45.85140847
87085_2215_00012,boulevard Georges Clémenceau,12,,CM0413,1565597.78610000,5184944.13730000,1.26930485,45.85139397
87085_2215_00014,boulevard Georges Clémenceau,14,,CM0412,1565590.08880000,5184942.89620000,1.26920611,45.85138130
87085_2215_00016,boulevard Georges Clémenceau,16,,CM0411,1565581.27570000,5184941.20810000,1.26909313,45.85136439
87085_2215_00018,boulevard Georges Clémenceau,18,,CM0410,1565565.67240000,5184938.50290000,1.26889303,45.85133700
87085_2215_00020,boulevard Georges Clémenceau,20,,CM0409,1565557.03150000,5184937.04250000,1.26878220,45.85132218
87085_2215_00022,boulevard Georges Clémenceau,22,,CM0408,1565548.21690000,5184935.66570000,1.26866912,45.85130807
87085_2215_00024,boulevard Georges Clémenceau,24,,CM0407,1565538.47390000,5184933.98510000,1.26854417,45.85129104
87085_2215_00026,boulevard Georges Clémenceau,26,,CM0406,1565526.15730000,5184931.51640000,1.26838631,45.85126643
87085_2215_00029,boulevard Georges Clémenceau,29,,CM0809,1565495.34280000,5184893.96010000,1.26800015,45.85092256
87085_2215_00030,boulevard Georges Clémenceau,30,,CM0405,1565506.58530000,5184928.02610000,1.26813534,45.85123120
87085_2215_00032,boulevard Georges Clémenceau,32,,CM0404,1565498.40840000,5184926.74780000,1.26803043,45.85121810
87085_2215_00033,boulevard Georges Clémenceau,33,,CM0377,1565461.74060000,5184906.84930000,1.26756399,45.85103193
87085_2215_00034,boulevard Georges Clémenceau,34,,CM0403,1565489.88710000,5184925.30720000,1.26792114,45.85120348
87085_2215_00035,boulevard Georges Clémenceau,35,,CM0380,1565449.49020000,5184907.92500000,1.26740599,45.85103921
87085_2215_00036,boulevard Georges Clémenceau,36,,CM0402,1565474.55920000,5184923.93360000,1.26772421,45.85118812
87085_2215_00037,boulevard Georges Clémenceau,37,,CM0382,1565438.61540000,5184909.70350000,1.26726550,45.85105308
87085_2215_00038,boulevard Georges Clémenceau,38,,CM0401,1565462.06520000,5184924.47130000,1.26756323,45.85119051
87085_2215_00039,boulevard Georges Clémenceau,39,,CM0384,1565428.60220000,5184911.69250000,1.26713604,45.85106901
87085_2215_00040,boulevard Georges Clémenceau,40,,CM0400,1565454.39970000,5184925.05250000,1.26746439,45.85119424
87085_2215_00041,boulevard Georges Clémenceau,41,,CM0386,1565420.69440000,5184914.47420000,1.26703347,45.85109248
87085_2215_00042,boulevard Georges Clémenceau,42,,CM0399,1565440.33170000,5184927.36560000,1.26728265,45.85121229
87085_2215_00043,boulevard Georges Clémenceau,43,,CM0397,1565410.08480000,5184918.18830000,1.26689585,45.85112382
87085_2215_00044,boulevard Georges Clémenceau,44,,CM0398,1565427.27870000,5184930.58160000,1.26711372,45.85123867
87085_2215_00045,boulevard Georges Clémenceau,45,,CM0396,1565397.32500000,5184923.03180000,1.26673024,45.85116489
87085_2215_00047,boulevard Georges Clémenceau,47,,CM0395,1565381.51790000,5184923.18970000,1.26652671,45.85116322
87085_2235_00002,boulevard Georges Périn,2,,EH0005,1565015.57730000,5182743.14180000,1.26242833,45.83148065
87085_2235_00005,boulevard Georges Périn,5,,EH0163,1565037.59340000,5182731.93430000,1.26271479,45.83138416
87085_2235_00007,boulevard Georges Périn,7,,EH0163,1565038.59120000,5182726.76660000,1.26272908,45.83133786
87085_2235_00009,boulevard Georges Périn,9,,EH0163,1565039.62540000,5182722.36850000,1.26274362,45.83129850
87085_2235_00011,boulevard Georges Périn,11,,EH0165,1565041.07850000,5182713.77860000,1.26276473,45.83122152
87085_2235_00012,boulevard Georges Périn,12,,EH0005,1565029.53350000,5182668.37980000,1.26262891,45.83081086
87085_2235_00013,boulevard Georges Périn,13,,EH0165,1565042.19450000,5182707.46130000,1.26278087,45.83116491
87085_2235_00015,boulevard Georges Périn,15,,EH0165,1565043.27290000,5182701.13300000,1.26279652,45.83110819
87085_2235_00015_bis,boulevard Georges Périn,15,bis,EH0008,1565045.55600000,5182689.21450000,1.26282900,45.83100100
87085_2235_00017,boulevard Georges Périn,17,,EH0008,1565047.72050000,5182676.84860000,1.26286057,45.83089061
87085_2235_00017_bis,boulevard Georges Périn,17,bis,EH0008,1565049.89710000,5182666.47800000,1.26289100,45.83079800
87085_2235_00019,boulevard Georges Périn,19,,EH0008,1565051.49030000,5182656.18950000,1.26291488,45.83070551
87085_2235_00021,boulevard Georges Périn,21,,EH0008,1565055.45030000,5182635.73870000,1.26297158,45.83052232
87085_3145_00001,boulevard Louis Blanc,1,,EH0186,1565022.67060000,5182518.51680000,1.26258267,45.82946141
87085_3145_00002,boulevard Louis Blanc,2,,EH0145,1564996.58920000,5182512.55330000,1.26224874,45.82940264
87085_3145_00003,boulevard Louis Blanc,3,,EH0125,1565018.10280000,5182511.22300000,1.26252594,45.82939490
87085_3145_00004,boulevard Louis Blanc,4,,EH0144,1564986.09800000,5182493.85040000,1.26211899,45.82923234
87085_3145_00005,boulevard Louis Blanc,5,,EH0126,1565012.58470000,5182500.95880000,1.26245782,45.82930148
87085_3145_00006,boulevard Louis Blanc,6,,EH0143,1564979.17540000,5182481.80260000,1.26203329,45.82912260
87085_3145_00007,boulevard Louis Blanc,7,,EH0127,1565006.17270000,5182488.97180000,1.26237868,45.82919240
87085_3145_00008,boulevard Louis Blanc,8,,EH0142,1564971.86470000,5182468.38700000,1.26194299,45.82900049
87085_3145_00009,boulevard Louis Blanc,9,,EH0128,1565001.70320000,5182481.01870000,1.26232340,45.82911998
87085_3145_00010,boulevard Louis Blanc,10,,EH0141,1564965.34560000,5182457.42360000,1.26186218,45.82890059
87085_3145_00011,boulevard Louis Blanc,11,,EH0129,1564998.00930000,5182474.81290000,1.26227761,45.82906343
87085_3145_00012,boulevard Louis Blanc,12,,EH0139,1564959.19660000,5182446.35870000,1.26178617,45.82879984
87085_3145_00013,boulevard Louis Blanc,13,,EH0131,1564988.39040000,5182457.28580000,1.26215876,45.82890387
87085_3145_00014,boulevard Louis Blanc,14,,DY0265,1564942.39360000,5182418.91570000,1.26157766,45.82854968
87085_3145_00015,boulevard Louis Blanc,15,,EH0132,1564984.63580000,5182450.54690000,1.26211233,45.82884251
87085_3145_00017,boulevard Louis Blanc,17,,EH0134,1564979.86980000,5182442.39620000,1.26205330,45.82876826
87085_3145_00019,boulevard Louis Blanc,19,,EH0135,1564974.50330000,5182432.95060000,1.26198689,45.82868223
87085_3145_00021,boulevard Louis Blanc,21,,EH0136,1564968.72530000,5182422.84830000,1.26191538,45.82859022
87085_3145_00022,boulevard Louis Blanc,22,,DY0269,1564937.69510000,5182407.43500000,1.26152043,45.82844548
87085_3145_00022_bis,boulevard Louis Blanc,22,bis,DY0270,1564933.56030000,5182400.62470000,1.26146913,45.82838340
87085_3145_00023,boulevard Louis Blanc,23,,EH0137,1564961.82220000,5182410.14390000,1.26183012,45.82847458
87085_3145_00025,boulevard Louis Blanc,25,,EH0138,1564954.33540000,5182396.94580000,1.26173749,45.82835439
87085_3145_00026,boulevard Louis Blanc,26,,DY0280,1564897.01700000,5182354.18700000,1.26101196,45.82795849
87085_3145_00027,boulevard Louis Blanc,27,,DZ0004,1564913.13570000,5182342.79600000,1.26122257,45.82785919
87085_3145_00028,boulevard Louis Blanc,28,,DY0557,1564887.67210000,5182344.43710000,1.26089445,45.82786895
87085_3145_00029,boulevard Louis Blanc,29,,DZ0242,1564902.20690000,5182332.54670000,1.26108482,45.82776484
87085_3145_00029_bis,boulevard Louis Blanc,29,bis,DZ0366,1564895.03080000,5182325.93390000,1.26099434,45.82770395
87085_3145_00030,boulevard Louis Blanc,30,,DY0284,1564876.29020000,5182333.52250000,1.26075106,45.82776853
87085_3145_00031,boulevard Louis Blanc,31,,DZ0002,1564890.51960000,5182321.55540000,1.26093752,45.82766367
87085_3145_00031_bis,boulevard Louis Blanc,31,bis,DZ0002,1564884.04030000,5182315.80880000,1.26085577,45.82761071
87085_3145_00033,boulevard Louis Blanc,33,,DZ0001,1564876.50690000,5182309.03920000,1.26076073,45.82754833
87085_4565_00002,boulevard Robert Schuman,2,,SP0239,1565445.94880000,5185402.54330000,1.26722186,45.85548790
87085_4565_00004,boulevard Robert Schuman,4,,SP0239,1565461.69150000,5185413.65580001,1.26742142,45.85559094
87085_4790_00001,boulevard Saint Maurice,1,,EO0105,1565461.12920000,5182588.94960000,1.26820499,45.83018091
87085_4790_00002,boulevard Saint Maurice,2,,EN0093,1565445.70670000,5182611.95760000,1.26800009,45.83038486
87085_4790_00003,boulevard Saint Maurice,3,,EO0104,1565450.70460000,5182593.46080000,1.26806958,45.83021945
87085_4790_00005,boulevard Saint Maurice,5,,EO0098,1565442.28450000,5182597.05910000,1.26796022,45.83025017
87085_4790_00006,boulevard Saint Maurice,6,,EN0184,1565350.80640000,5182662.12890000,1.26676486,45.83081761
87085_4790_00007,boulevard Saint Maurice,7,,EO0334,1565433.40200000,5182600.69830000,1.26784490,45.83028117
87085_4790_00007_bis,boulevard Saint Maurice,7,bis,EO0333,1565422.58800000,5182605.31840000,1.26770446,45.83032061
87085_4790_00007_ter,boulevard Saint Maurice,7,ter,EO0332,1565412.02010000,5182609.76640000,1.26756722,45.83035856
87085_4790_00009,boulevard Saint Maurice,9,,EO0061,1565392.69890000,5182617.47320000,1.26731644,45.83042410
87085_4790_00011,boulevard Saint Maurice,11,,EO0060,1565366.28880000,5182634.42480000,1.26697184,45.83057142
87085_4790_00023_a,boulevard Saint Maurice,23,a,EO0059,1565345.28140000,5182645.52840000,1.26669841,45.83066719
87085_4790_00023_b,boulevard Saint Maurice,23,b,EO0059,1565329.50940000,5182647.65050000,1.26649486,45.83068320
87085_4790_00023_c,boulevard Saint Maurice,23,c,EO0059,1565312.47410000,5182648.12110000,1.26627551,45.83068409
87085_4790_00023_d,boulevard Saint Maurice,23,d,EO0059,1565296.79730000,5182647.23180000,1.26607403,45.83067302
87085_4790_00023_e,boulevard Saint Maurice,23,e,EO0059,1565279.56430000,5182644.85140000,1.26585294,45.83064823
87085_5160_00002,boulevard Vauban,2,,EW0144,1566106.32580000,5181460.24770000,1.27682169,45.82015342
87085_5160_00005,boulevard Vauban,5,,EY0095,1566089.16970000,5181400.89200000,1.27661749,45.81961614
87085_5160_00007,boulevard Vauban,7,,EY0094,1566078.37780000,5181384.97100000,1.27648308,45.81947082
87085_5160_00009,boulevard Vauban,9,,EY0093,1566069.32060000,5181371.72570000,1.27637024,45.81934991
87085_5160_00010,boulevard Vauban,10,,EW0148,1566083.27020000,5181423.67160000,1.27653525,45.81981991
87085_5160_00011,boulevard Vauban,11,,EY0092,1566061.37130000,5181359.76500000,1.27627130,45.81924076
87085_5160_00015,boulevard Vauban,15,,EY0077,1566046.35010000,5181337.56680000,1.27608423,45.81903815
87085_5160_00015_bis,boulevard Vauban,15,bis,EY0077,1566038.71420000,5181325.36260000,1.27598938,45.81892688
87085_5160_00017,boulevard Vauban,17,,EY0077,1566029.79470000,5181312.67590000,1.27587817,45.81881102
87085_5160_00017_bis,boulevard Vauban,17,bis,EY0077,1566020.32890000,5181299.19050000,1.27576014,45.81868786
87085_5160_00019,boulevard Vauban,19,,EY0013,1566006.46660000,5181278.64970000,1.27558752,45.81850039
87085_5160_00021,boulevard Vauban,21,,EY0012,1565997.91750000,5181266.39310000,1.27548095,45.81838846
87085_5160_00022,boulevard Vauban,22,,EW0173,1565987.61560000,5181278.96440000,1.27534491,45.81849955
87085_5160_00023,boulevard Vauban,23,,EY0011,1565990.92570000,5181257.48730000,1.27539348,45.81830699
87085_5160_00024,boulevard Vauban,24,,EW0174,1565979.32020000,5181267.85710000,1.27524128,45.81839801
87085_5160_00025,boulevard Vauban,25,,EY0010,1565982.87700000,5181247.39350000,1.27529274,45.81821462
87085_5160_00026,boulevard Vauban,26,,EW0175,1565971.21810000,5181257.85240000,1.27513983,45.81830643
87085_5160_00027,boulevard Vauban,27,,EY0009,1565973.45140000,5181237.02600000,1.27517436,45.81811952
87085_5160_00028,boulevard Vauban,28,,EW0176,1565962.90420000,5181248.54080000,1.27503546,45.81822105
87085_5160_00029,boulevard Vauban,29,,EY0007,1565964.31550000,5181227.32690000,1.27505953,45.81803049
87085_5160_00030,boulevard Vauban,30,,EW0177,1565956.18000000,5181240.98340000,1.27495106,45.81815176
87085_5160_00031,boulevard Vauban,31,,EY0006,1565955.10640000,5181217.59280000,1.27494377,45.81794113
87085_5160_00032,boulevard Vauban,32,,EW0178,1565946.90850000,5181231.10280000,1.27483453,45.81806107
87085_5160_00033,boulevard Vauban,33,,EY0005,1565945.91290000,5181208.37410000,1.27482806,45.81785641
87085_5160_00034,boulevard Vauban,34,,EW0179,1565934.24580000,5181218.91230000,1.27467502,45.81794894
87085_5160_00035,boulevard Vauban,35,,EY0003,1565936.32000000,5181199.32370000,1.27470717,45.81777313
87085_5160_00037,boulevard Vauban,37,,EY0001,1565927.21640000,5181191.85600000,1.27459213,45.81770418
87085_5260_00003,boulevard Victor Hugo,3,,DX0284,1564483.27040000,5182863.17710000,1.25554462,45.83245576
87085_5260_00004,boulevard Victor Hugo,4,,DM0072,1564468.73820000,5182877.59720000,1.25535355,45.83258261
87085_5260_00005,boulevard Victor Hugo,5,,DX0283,1564478.29880000,5182854.33810000,1.25548314,45.83237526
87085_5260_00005_bis,boulevard Victor Hugo,5,bis,DX0283,1564469.64110000,5182840.39040000,1.25537566,45.83224809
87085_5260_00005_ter,boulevard Victor Hugo,5,ter,DX0282,1564462.00100000,5182826.71880000,1.25528119,45.83212360
87085_5260_00006,boulevard Victor Hugo,6,,DM0075,1564451.80390000,5182861.03720000,1.25514030,45.83243030
87085_5260_00007,boulevard Victor Hugo,7,,DX0281,1564456.86780000,5182817.16640000,1.25521783,45.83203666
87085_5260_00009,boulevard Victor Hugo,9,,DX0538,1564442.89170000,5182793.83840000,1.25504456,45.83182406
87085_5260_00010,boulevard Victor Hugo,10,,DM0082,1564439.12910000,5182826.87380000,1.25498683,45.83212049
87085_5260_00012,boulevard Victor Hugo,12,,DM0083,1564434.96550000,5182819.23250000,1.25493540,45.83205093
87085_5260_00013,boulevard Victor Hugo,13,,DX0268,1564425.66010000,5182764.04120000,1.25483122,45.83155262
87085_5260_00014,boulevard Victor Hugo,14,,DM0084,1564431.17680000,5182813.17880000,1.25488835,45.83199572
87085_5260_00015,boulevard Victor Hugo,15,,DX0267,1564420.51120000,5182755.12400000,1.25476748,45.83147139
87085_5260_00016,boulevard Victor Hugo,16,,DM0085,1564425.70210000,5182803.94410000,1.25482051,45.83191157
87085_5260_00017,boulevard Victor Hugo,17,,DX0267,1564415.59780000,5182746.18470000,1.25470677,45.83139000
87085_5260_00018,boulevard Victor Hugo,18,,DM0139,1564418.53040000,5182791.38580000,1.25473176,45.83179719
87085_5260_00019,boulevard Victor Hugo,19,,DX0490,1564412.11710000,5182739.83340000,1.25466377,45.83133218
87085_5260_00020,boulevard Victor Hugo,20,,DM0139,1564411.96610000,5182780.54420000,1.25465035,45.83169837
87085_5260_00021,boulevard Victor Hugo,21,,DX0490,1564407.17520000,5182729.19300000,1.25460318,45.83123549
87085_5260_00022,boulevard Victor Hugo,22,,DM0089,1564407.10450000,5182772.25440000,1.25459012,45.83162284
87085_5260_00023,boulevard Victor Hugo,23,,DX0492,1564406.37370000,5182722.24340000,1.25459480,45.83117280
87085_5260_00024,boulevard Victor Hugo,24,,DM0090,1564402.17410000,5182763.94140000,1.25452902,45.83154709
87085_5260_00025,boulevard Victor Hugo,25,,DX0515,1564405.41020000,5182703.22120000,1.25458779,45.83100151
87085_5260_00026,boulevard Victor Hugo,26,,DM0091,1564395.93170000,5182752.83230000,1.25445183,45.83144592
87085_5260_00027,boulevard Victor Hugo,27,,DX0515,1564407.67170000,5182692.15500000,1.25462001,45.83090241
87085_5260_00028,boulevard Victor Hugo,28,,DM0093,1564391.12620000,5182741.11680000,1.25439329,45.83133959
87085_5260_00031,boulevard Victor Hugo,31,,DX0515,1564410.60000000,5182680.68580000,1.25466093,45.83079982
87085_5260_00032,boulevard Victor Hugo,32,,DM0095,1564382.43520000,5182706.76130000,1.25429115,45.83102883
87085_5260_00034,boulevard Victor Hugo,34,,DM0128,1564386.20050000,5182694.61160000,1.25434303,45.83092028
87085_5260_00036,boulevard Victor Hugo,36,,DM0145,1564388.48800000,5182686.67790000,1.25437470,45.83084936
87085_5260_00038,boulevard Victor Hugo,38,,DM0145,1564392.86220000,5182672.76120000,1.25443491,45.83072503
87085_0455_00001,carrefour Beaupeyrat,1,,HY0450,1564020.29610000,5182091.21770000,1.24980517,45.82542015
87085_0455_00002,carrefour Beaupeyrat,2,,HY0358,1564049.63050000,5182106.51530000,1.25017829,45.82556356
87085_0455_00003,carrefour Beaupeyrat,3,,HY0450,1564002.68350000,5182075.36270000,1.24958303,45.82527405
87085_0455_00005,carrefour Beaupeyrat,5,,IN0386,1564004.12350000,5182112.86890000,1.24959095,45.82561172
87085_0225_00006,chemin d'Antony,6,,AZ1050,1563444.83900000,5182887.59300000,1.24217468,45.83246998
87085_0225_00010,chemin d'Antony,10,,AZ0190,1563435.37990000,5182902.42510000,1.24204874,45.83260153
87085_0225_00011,chemin d'Antony,11,,AZ1052,1563419.72710000,5182907.56700000,1.24184585,45.83264467
87085_0225_00012,chemin d'Antony,12,,AZ0718,1563430.66650000,5182910.19700000,1.24198588,45.83267050
87085_0225_00013,chemin d'Antony,13,,AZ1054,1563410.86720000,5182914.25400000,1.24172994,45.83270306
87085_0225_00015,chemin d'Antony,15,,AZ0297,1563398.72650000,5182917.20770000,1.24157287,45.83272722
87085_0225_00016,chemin d'Antony,16,,AZ0299,1563405.32680000,5182920.66980000,1.24165682,45.83275968
87085_0225_00017,chemin d'Antony,17,,AZ0296,1563390.52440000,5182919.33420000,1.24146671,45.83274472
87085_0225_00018,chemin d'Antony,18,,AZ0300,1563390.31760000,5182924.28940000,1.24146264,45.83278926
87085_0225_00019,chemin d'Antony,19,,AZ0295,1563375.20290000,5182928.90940000,1.24126683,45.83282781
87085_0225_00020,chemin d'Antony,20,,AZ0301,1563378.78920000,5182932.65590000,1.24131191,45.83286223
87085_0225_00022,chemin d'Antony,22,,AZ0302,1563373.46050000,5182938.52740000,1.24124167,45.83291399
87085_0225_00024,chemin d'Antony,24,,AZ0303,1563367.32310000,5182945.91200000,1.24116059,45.83297920
87085_0225_00026,chemin d'Antony,26,,AZ0305,1563357.79800000,5182959.92050000,1.24103404,45.83310332
87085_0225_00027,chemin d'Antony,27,,AZ0963,1563352.12190000,5182953.19720000,1.24096290,45.83304171
87085_0225_00028,chemin d'Antony,28,,AZ0306,1563353.63220000,5182973.39180000,1.24097660,45.83322367
87085_0521_00001,chemin de Bellegarde,1,,SH0183,1558668.22520000,5186905.00380000,1.17952628,45.86764304
87085_0521_00006,chemin de Bellegarde,6,,SH0059,1558649.10600000,5186884.12710000,1.17928624,45.86745132
87085_0521_00008,chemin de Bellegarde,8,,SH0172,1558642.73360000,5186877.32150000,1.17920619,45.86738879
87085_0521_00010,chemin de Bellegarde,10,,SH0176,1558634.37420000,5186863.66820000,1.17910257,45.86726425
87085_0521_00014,chemin de Bellegarde,14,,SH0064,1558618.91980000,5186850.33870000,1.17890750,45.86714117
87085_0521_00015,chemin de Bellegarde,15,,SH0216,1558567.42880000,5186807.46020000,1.17825710,45.86674490
87085_0521_00018,chemin de Bellegarde,18,,SH0071,1558588.63940000,5186821.75659999,1.17852602,45.86687783
87085_0521_00020,chemin de Bellegarde,20,,SH0071,1558568.05060000,5186814.42240000,1.17826300,45.86680800
87085_0521_00022,chemin de Bellegarde,22,,SH0146,1558553.07050000,5186814.67519999,1.17807012,45.86680681
87085_0521_00026,chemin de Bellegarde,26,,SH0147,1558520.73140000,5186820.75870000,1.17765192,45.86685488
87085_0521_00028,chemin de Bellegarde,28,,SH0194,1558507.16750000,5186818.68800000,1.17747788,45.86683346
87085_0521_00029,chemin de Bellegarde,29,,SH0083,1558493.12450000,5186795.68800000,1.17730384,45.86662368
87085_0521_00031,chemin de Bellegarde,31,,SH0085,1558496.70650000,5186765.38260000,1.17735889,45.86635181
87085_0521_00033,chemin de Bellegarde,33,,SH0090,1558472.11470000,5186770.01680000,1.17704088,45.86638843
87085_0521_00034,chemin de Bellegarde,34,,SH0091,1558473.86080000,5186781.40820000,1.17706001,45.86649126
87085_0521_00035,chemin de Bellegarde,35,,SH0089,1558460.91380000,5186759.97980000,1.17689962,45.86629584
87085_0526_00017,chemin de Bellevue,17,,SH0170,1558641.38860000,5186919.56860000,1.17917643,45.86776854
87085_0526_00025,chemin de Bellevue,25,,SH0065,1558560.17870000,5186915.42700000,1.17813196,45.86771457
87085_0526_00027,chemin de Bellevue,27,,SH0066,1558541.11360000,5186903.92610000,1.17788986,45.86760720
87085_0526_00028,chemin de Bellevue,28,,SH0093,1558520.86970000,5186847.11710000,1.17764594,45.86709201
87085_0526_00031,chemin de Bellevue,31,,SH0067,1558515.78280000,5186886.83020000,1.17756873,45.86744820
87085_0526_00033,chemin de Bellevue,33,,SH0069,1558522.58920000,5186860.65830000,1.17766409,45.86721417
87085_0383_00002,chemin de la Basse,2,,SW0005,1567809.34680000,5184904.37360000,1.29778528,45.85146507
87085_2321_00002,chemin de la Grande-Chôme,2,,ND0149,1566870.38600000,5192594.63460000,1.28356431,45.92046230
87085_2321_00002_b,chemin de la Grande-Chôme,2,b,ND0150,1566873.82560000,5192606.80550000,1.28360526,45.92057245
87085_2321_00003,chemin de la Grande-Chôme,3,,ND0078,1566885.91330000,5192666.71950000,1.28374441,45.92111375
87085_2321_00004,chemin de la Grande-Chôme,4,,ND0110,1566880.17700000,5192626.27160000,1.28368171,45.92074879
87085_2321_00006,chemin de la Grande-Chôme,6,,ND0165,1566888.32800000,5192654.17590000,1.28377902,45.92100138
87085_2321_00007,chemin de la Grande-Chôme,7,,ND0176,1566928.69960000,5192678.63150000,1.28429300,45.92122900
87085_2321_00008,chemin de la Grande-Chôme,8,,ND0199,1566923.05830000,5192669.00580000,1.28422255,45.92114152
87085_2321_00008_b,chemin de la Grande-Chôme,8,b,ND0204,1566941.47330000,5192673.21270000,1.28445900,45.92118300
87085_2321_00009,chemin de la Grande-Chôme,9,,ND0173,1566947.24640000,5192682.33060000,1.28453100,45.92126600
87085_2321_00011,chemin de la Grande-Chôme,11,,ND0102,1566957.53180000,5192684.63010000,1.28466254,45.92128875
87085_2321_00014,chemin de la Grande-Chôme,14,,ND0026,1567002.32090000,5192693.51090000,1.28523737,45.92137731
87085_2321_00015,chemin de la Grande-Chôme,15,,ND0094,1566998.52720000,5192698.41310000,1.28504834,45.92160575
87085_4394_00012,chemin de Puy Mery,12,,TL0001,1565367.18970000,5178680.68160000,1.26808991,45.79500518
87085_4394_00016,chemin de Puy Mery,16,,TL0022,1565488.13110000,5178317.69070000,1.26974663,45.79176349
87085_4394_00018,chemin de Puy Mery,18,,TL0023,1565497.31250000,5178273.38710000,1.26987707,45.79136675
87085_4394_00019,chemin de Puy Mery,19,,TL0033,1565498.60360000,5178236.10520000,1.26990409,45.79103162
87085_4394_00020,chemin de Puy Mery,20,,TL0025,1565508.58480000,5178241.98740000,1.27003079,45.79108649
87085_4394_00028,chemin de Puy Mery,28,,TL0040,1565534.98690000,5178029.57370000,1.27042962,45.78918084
87085_b373_00006,chemin des Coussades,6,,SD0043,1556943.27000000,5188075.04700000,1.15696659,45.87781103
87085_b373_00009,chemin des Coussades,9,,SD0010,1556792.92240000,5188081.50890000,1.15502839,45.87783784
87085_b373_00014,chemin des Coussades,14,,SD0037,1556842.34340000,5188081.88160000,1.15566475,45.87785149
87085_b373_00024,chemin des Coussades,24,,SD0006,1556597.93070000,5188487.43850000,1.15239587,45.88144862
87085_b373_00026,chemin des Coussades,26,,SD0024,1556570.57340000,5188511.31490000,1.15203639,45.88165768
87085_b373_00028,chemin des Coussades,28,,SD0025,1556538.21730000,5188535.92460000,1.15161230,45.88187230
87085_b373_00030,chemin des Coussades,30,,SD0007,1556694.13520000,5188416.71010000,1.15365606,45.88083247
87085_b373_00038,chemin des Coussades,38,,SD0001,1556294.79780000,5188713.88560000,1.14842388,45.88342224
87085_b373_00051,chemin des Coussades,51,,SD0031,1556628.71300000,5188427.81310000,1.15281015,45.88091870
87085_b373_00055,chemin des Coussades,55,,SD0030,1556580.93050000,5188482.86840000,1.15245390,45.88126674
87085_b373_00055_b,chemin des Coussades,55,b,SD0029,1556581.98880000,5188483.92680000,1.15219160,45.88141370
87085_b373_00057,chemin des Coussades,57,,SD0028,1556554.14170000,5188505.46960000,1.15182651,45.88160167
87085_2003_00001,chemin des Fonts Saladas,1,,SC0074,1558431.00230000,5187860.85530000,1.17618984,45.87619242
87085_2003_00004,chemin des Fonts Saladas,4,,SC0085,1558421.70400000,5187859.98280000,1.17607035,45.87618266
87085_2003_00006,chemin des Fonts Saladas,6,,SC0205,1558419.17660000,5187848.88290000,1.17604107,45.87608229
87085_2003_00008,chemin des Fonts Saladas,8,,SC0205,1558417.95810000,5187830.15550000,1.17603090,45.87591358
87085_2003_00010,chemin des Fonts Saladas,10,,SC0188,1558413.61890000,5187810.47050000,1.17598083,45.87573561
87085_2003_00014,chemin des Fonts Saladas,14,,SC0189,1558404.08900000,5187774.63690000,1.17586867,45.87541131
87085_2003_00014_b,chemin des Fonts Saladas,14,b,SC0190,1558399.74650000,5187759.94210000,1.17581700,45.87527800
87085_2003_00015,chemin des Fonts Saladas,15,,SC0220,1558403.32210000,5187736.66550000,1.17587000,45.87506959
87085_2003_00016,chemin des Fonts Saladas,16,,SC0190,1558396.97500000,5187753.35640000,1.17578333,45.87521842
87085_2003_00016_bis,chemin des Fonts Saladas,16,bis,SC0190,1558390.41690000,5187742.02940000,1.17570222,45.87511518
87085_2003_00018,chemin des Fonts Saladas,18,,SC0087,1558386.95400000,5187718.72870000,1.17566450,45.87490487
87085_2003_00021,chemin des Fonts Saladas,21,,SC0210,1558404.24360000,5187672.05920000,1.17590092,45.87448862
87085_2003_00023,chemin des Fonts Saladas,23,,SC0209,1558401.67410000,5187618.35360000,1.17588367,45.87400500
87085_2003_00027,chemin des Fonts Saladas,27,,SH0005,1558394.03440000,5187560.63070000,1.17580232,45.87348419
87085_2003_00029,chemin des Fonts Saladas,29,,SH0006,1558406.44420000,5187520.10370000,1.17597408,45.87312219
87085_2003_00030,chemin des Fonts Saladas,30,,SE0042,1558386.91140000,5187593.74950000,1.17570082,45.87378063
87085_2003_00031,chemin des Fonts Saladas,31,,SH0007,1558410.34680000,5187491.64260000,1.17603273,45.87286698
87085_2003_00033,chemin des Fonts Saladas,33,,SH0009,1558413.16470000,5187466.70370000,1.17607638,45.87264322
87085_2003_00035,chemin des Fonts Saladas,35,,SH0010,1558476.72010000,5187452.74120000,1.17689893,45.87253072
87085_2003_00035_c,chemin des Fonts Saladas,35,c,SH0227,1558478.30760000,5187437.92449999,1.17692374,45.87239776
87085_2003_00037,chemin des Fonts Saladas,37,,SH0018,1558417.54920000,5187421.28640000,1.17614623,45.87223558
87085_2003_00039,chemin des Fonts Saladas,39,,SH0019,1558419.05710000,5187400.78220000,1.17617170,45.87205145
87085_2003_00045,chemin des Fonts Saladas,45,,SH0138,1558424.64390000,5187362.48500000,1.17625494,45.87170811
87085_2003_00047,chemin des Fonts Saladas,47,,SH0139,1558426.76790000,5187320.91530000,1.17629455,45.87133461
87085_2003_00053,chemin des Fonts Saladas,53,,SH0159,1558433.78990000,5187272.54150000,1.17639923,45.87090092
87085_2003_00055,chemin des Fonts Saladas,55,,SE0044,1558416.83470000,5187330.01510000,1.17616395,45.87141442
87085_2003_00058,chemin des Fonts Saladas,58,,SE0044,1558420.85590000,5187308.40100000,1.17622211,45.87122082
87085_2003_00060,chemin des Fonts Saladas,60,,SE0105,1558426.38140000,5187274.85640000,1.17630315,45.87092021
87085_2003_00061,chemin des Fonts Saladas,61,,SH0022,1558441.42930000,5187221.26360000,1.17651273,45.87044123
87085_2003_00064,chemin des Fonts Saladas,64,,SE0109,1558431.51020000,5187233.26240000,1.17638146,45.87054712
87085_2003_00065,chemin des Fonts Saladas,65,,SH0024,1558450.04180000,5187134.22350000,1.17664929,45.86966005
87085_2003_00066,chemin des Fonts Saladas,66,,SE0109,1558435.74790000,5187205.11930000,1.17644433,45.87029484
87085_2003_00067,chemin des Fonts Saladas,67,,SH0123,1558445.39120000,5187116.86720000,1.17659453,45.86950296
87085_2003_00070,chemin des Fonts Saladas,70,,SE0050,1558443.32900000,5187152.29440000,1.17655753,45.86982122
87085_2003_00081,chemin des Fonts Saladas,81,,SH0127,1558410.94180000,5186960.27880000,1.17619711,45.86808730
87085_2003_00087,chemin des Fonts Saladas,87,,SH0114,1558386.75130000,5186916.66810000,1.17589848,45.86769003
87085_2003_00088,chemin des Fonts Saladas,88,,SE0092,1558377.04860000,5186914.49220000,1.17577419,45.86766845
87085_2003_00090,chemin des Fonts Saladas,90,,SE0091,1558354.95660000,5186892.44590000,1.17549623,45.86746559
87085_2003_00092,chemin des Fonts Saladas,92,,SE0112,1558329.95210000,5186867.21470000,1.17518171,45.86723347
87085_0376_00001,chemin du Bas Coudert,1,,OZ0064,1560030.32410000,5182470.04420000,1.19835723,45.82802748
87085_0376_00003,chemin du Bas Coudert,3,,OZ0063,1560016.84960000,5182476.04410000,1.19818210,45.82807871
87085_0376_00005,chemin du Bas Coudert,5,,OZ0096,1559982.60190000,5182492.88330000,1.19773652,45.82822321
87085_0376_00005_b,chemin du Bas Coudert,5,b,OZ0096,1559964.87480000,5182498.17500000,1.19750688,45.82826720
87085_0376_00018,chemin du Bas Coudert,18,,OZ0107,1559866.99900000,5182506.65940000,1.19624501,45.82832359
87085_0376_00020,chemin du Bas Coudert,20,,OZ0047,1559854.87220000,5182508.70550000,1.19608837,45.82833952
87085_0381_00005,chemin du Bas Leycuras,5,,TK0002,1565174.66260000,5178734.31680000,1.26559901,45.79544997
87085_0381_00011,chemin du Bas Leycuras,11,,TK0008,1565427.22300000,5178726.49260000,1.26884913,45.79542903
87085_0381_00016,chemin du Bas Leycuras,16,,TL0003,1565558.98810000,5178654.06150000,1.27056385,45.79480321
87085_0381_00018,chemin du Bas Leycuras,18,,TL0038,1565548.36520000,5178705.41730000,1.27041290,45.79526312
87085_0381_00020,chemin du Bas Leycuras,20,,TL0004,1565594.02750000,5178663.84000000,1.27101173,45.79489802
87085_0381_00020_b,chemin du Bas Leycuras,20,b,TL0004,1565603.48640000,5178650.54460000,1.27113708,45.79478027
87085_0381_00023,chemin du Bas Leycuras,23,,TK0009,1565533.44510000,5178722.16270000,1.27021635,45.79541084
87085_0381_00030,chemin du Bas Leycuras,30,,TL0011,1565810.19210000,5178527.14350000,1.27382968,45.79371053
87085_0381_00034,chemin du Bas Leycuras,34,,TL0012,1565849.08010000,5178505.91910000,1.27433568,45.79352718
87085_0381_00035,chemin du Bas Leycuras,35,,TM0020,1565626.17750000,5178643.70070000,1.27143079,45.79472313
87085_0381_00047,chemin du Bas Leycuras,47,,TM0038,1565722.83870000,5178592.84560001,1.27268803,45.79428453
87085_0381_00049,chemin du Bas Leycuras,49,,TM0037,1565733.79250000,5178586.81310000,1.27283057,45.79423240
87085_0381_00053,chemin du Bas Leycuras,53,,TM0039,1565782.68760000,5178560.61930000,1.27346665,45.79400630
87085_0381_00055,chemin du Bas Leycuras,55,,TM0029,1565796.18140000,5178554.11050000,1.27364200,45.79395000
87085_0381_00063,chemin du Bas Leycuras,63,,TM0025,1565819.20020000,5178534.90170000,1.27394336,45.79378208
87085_0381_00077,chemin du Bas Leycuras,77,,TM0010,1565855.03680000,5178514.56410000,1.27440987,45.79360611
87085_4032_00018,chemin du Petit- Beaune,18,,KX0226,1567036.56430000,5192739.14740000,1.28566608,45.92179447
87085_4032_00020,chemin du Petit- Beaune,20,,KX0225,1567030.61710000,5192767.98740000,1.28558142,45.92205275
87085_4032_00020_b,chemin du Petit- Beaune,20,b,KX0330,1567024.53160000,5192794.71040000,1.28549600,45.92229200
87085_4032_00023,chemin du Petit- Beaune,23,,ND0066,1567023.26470000,5192756.70790000,1.28548978,45.92194986
87085_4032_00024,chemin du Petit- Beaune,24,,KX0326,1567087.09710000,5192843.82230000,1.28628838,45.92274586
87085_4032_00025,chemin du Petit- Beaune,25,,ND0108,1566981.68860000,5192801.93840000,1.28494134,45.92234868
87085_4032_00026,chemin du Petit- Beaune,26,,KX0324,1567061.57750000,5192847.13710000,1.28595852,45.92277074
87085_4032_00027,chemin du Petit- Beaune,27,,ND0182,1566958.37330000,5192799.62850000,1.28464146,45.92232338
87085_4032_00037,chemin du Petit- Beaune,37,,KX0205,1567000.43030000,5192824.96690000,1.28517652,45.92255946
87085_4032_00039,chemin du Petit- Beaune,39,,KX0204,1567009.08060000,5192855.76480000,1.28527947,45.92283818
87085_x097_00010,chemin rural 190,10,,SE0115,1558212.82280000,5186855.79480000,1.17367689,45.86710659
87085_x097_00039,chemin rural 190,39,,SE0062,1557882.60930000,5186891.13390000,1.16941454,45.86735628
87085_x100_00028,chemin rural 215,28,,RO0033,1560708.25630000,5185121.36140000,1.20631198,45.85201490
87085_x021_00029,chemin rural 54,29,,None,1559328.41260000,5182338.06530000,1.18936418,45.82669707
87085_x118_00025,chemin rural de Crochat,25,,TS0009,1567138.19090000,5179509.70410000,1.29063610,45.80280702
87085_x118_00116,chemin rural de Crochat,116,,TS0023,1567229.43850000,5179108.69020000,1.29192034,45.79921723
87085_x118_00161,chemin rural de Crochat,161,,TT0003,1567205.77140000,5179060.65140000,1.29162921,45.79878052
87085_x081_00014,chemin rural de la Mazelle,14,,LK0037,1568496.50050000,5188875.77020000,1.30554327,45.88732218
87085_x081_00016,chemin rural de la Mazelle,16,,LK0038,1568501.51200000,5188894.19540000,1.30560277,45.88748889
87085_x120_00116,chemin rural Les Tuileries,116,,LI0029,1568192.14110000,5189675.93430000,1.30140286,45.89446184
87085_a025_00001,cité de l'Amphithéâtre,1,,DK0099,1564085.24440000,5182667.13920000,1.25047805,45.83061374
87085_a025_00002,cité de l'Amphithéâtre,2,,DK0073,1564096.73930000,5182668.45120000,1.25062560,45.83062781
87085_a025_00003,cité de l'Amphithéâtre,3,,DK0097,1564079.70990000,5182675.95350000,1.25040434,45.83069193
87085_a025_00003_bis,cité de l'Amphithéâtre,3,bis,DK0098,1564075.99240000,5182681.92550000,1.25035482,45.83074492
87085_a025_00004,cité de l'Amphithéâtre,4,,DK0074,1564088.69090000,5182681.41820000,1.25051836,45.83074286
87085_a025_00005,cité de l'Amphithéâtre,5,,DK0096,1564068.12990000,5182686.25850000,1.25025242,45.83078234
87085_a025_00006,cité de l'Amphithéâtre,6,,DK0075,1564084.66150000,5182687.62960000,1.25046476,45.83079794
87085_a025_00007,cité de l'Amphithéâtre,7,,DK0095,1564055.21310000,5182683.99680000,1.25008684,45.83075944
87085_a025_00008,cité de l'Amphithéâtre,8,,DK0121,1564092.45690000,5182707.49570000,1.25055945,45.83097819
87085_a025_00008_bis,cité de l'Amphithéâtre,8,bis,DK0121,1564100.18640000,5182715.59750000,1.25065663,45.83105260
87085_a025_00008_ter,cité de l'Amphithéâtre,8,ter,DK0121,1564092.38990000,5182722.51360000,1.25055435,45.83111327
87085_a025_00009,cité de l'Amphithéâtre,9,,DK0083,1564047.18280000,5182685.55600000,1.24998306,45.83077188
87085_a025_00010,cité de l'Amphithéâtre,10,,DK0078,1564079.50500000,5182709.13920000,1.25039232,45.83099042
87085_a025_00012,cité de l'Amphithéâtre,12,,DK0079,1564072.36290000,5182704.03100000,1.25030186,45.83094305
87085_a025_00014,cité de l'Amphithéâtre,14,,DK0080,1564064.32400000,5182699.40030000,1.25019972,45.83089981
87085_a025_00014_bis,cité de l'Amphithéâtre,14,bis,DK0081,1564055.87070000,5182695.23760000,1.25009212,45.83086069
87085_a025_00016,cité de l'Amphithéâtre,16,,DK0082,1564049.25170000,5182692.49060000,1.25000773,45.83083467
87085_a055_00001,cité des Arcades,1,,BS0024,1564871.14970000,5185050.57130000,1.25992099,45.85220896
87085_a055_00002,cité des Arcades,2,,BS0024,1564885.59610000,5185045.08570000,1.26010851,45.85216245
87085_a055_00003,cité des Arcades,3,,BS0024,1564904.28110000,5185039.70410000,1.26035055,45.85211772
87085_a055_00004,cité des Arcades,4,,BS0024,1564922.04160000,5185034.98990000,1.26058051,45.85207880
87085_a055_00005,cité des Arcades,5,,BS0025,1564963.36260000,5185036.77060000,1.26111194,45.85210293
87085_a055_00006,cité des Arcades,6,,BS0025,1564980.56800000,5185032.56400000,1.26133461,45.85206847
87085_a140_00001,cité du Mas Neuf,1,,CN0538,1566316.06110000,5184393.03590000,1.27870452,45.84657651
87085_a140_00001_bis,cité du Mas Neuf,1,bis,CN0538,1566293.95790000,5184404.92390000,1.27841670,45.84667916
87085_a140_00001_ter,cité du Mas Neuf,1,ter,CN0539,1566271.18750000,5184423.79510000,1.27811835,45.84684449
87085_a140_00002,cité du Mas Neuf,2,,CN0093,1566312.22570000,5184426.21490000,1.27864592,45.84687423
87085_a140_00002_bis,cité du Mas Neuf,2,bis,CN0536,1566332.74910000,5184407.04110000,1.27891543,45.84670574
87085_a140_00003,cité du Mas Neuf,3,,CN0538,1566342.46820000,5184461.54950000,1.27902537,45.84719797
87085_a140_00003_bis,cité du Mas Neuf,3,bis,CN0538,1566354.74650000,5184438.18520000,1.27918991,45.84699018
87085_a140_00003_ter,cité du Mas Neuf,3,ter,CN0539,1566346.49150000,5184495.33530000,1.27906776,45.84750268
87085_a140_00004,cité du Mas Neuf,4,,CN0539,1566283.05440000,5184447.73990000,1.27826444,45.84706219
87085_a140_00004_bis,cité du Mas Neuf,4,bis,CN0538,1566303.99720000,5184461.40640000,1.27853021,45.84718920
87085_a140_00005,cité du Mas Neuf,5,,CN0539,1566320.21790000,5184474.04690000,1.27873548,45.84730607
87085_a140_00005_bis,cité du Mas Neuf,5,bis,CN0539,1566335.47300000,5184480.15710000,1.27893015,45.84736400
87085_a080_00001,cité Henri Lafarge,1,,IW0423,1562782.72930000,5182266.99430000,1.23383148,45.82675558
87085_a080_00001_bis,cité Henri Lafarge,1,bis,IW0423,1562776.20080000,5182263.44220001,1.23374849,45.82672232
87085_a080_00002,cité Henri Lafarge,2,,IW0423,1562765.52650000,5182256.01120000,1.23361327,45.82665335
87085_a080_00003,cité Henri Lafarge,3,,IW0423,1562750.39470000,5182245.63600000,1.23342153,45.82655700
87085_a080_00004,cité Henri Lafarge,4,,IW0423,1562734.03280000,5182235.33010000,1.23321394,45.82646102
87085_a080_00005,cité Henri Lafarge,5,,IW0423,1562719.09570000,5182225.89669999,1.23302444,45.82637318
87085_a080_00006,cité Henri Lafarge,6,,IW0423,1562702.06160000,5182214.98000001,1.23280838,45.82627158
87085_a080_00007,cité Henri Lafarge,7,,IW0423,1562686.46140000,5182204.39450000,1.23261067,45.82617325
87085_a080_00008,cité Henri Lafarge,8,,IW0423,1562671.31830000,5182194.50680000,1.23241865,45.82608128
87085_a080_00009,cité Henri Lafarge,9,,IW0423,1562654.34080000,5182183.03660000,1.23220348,45.82597471
87085_a080_00010,cité Henri Lafarge,10,,IW0423,1562634.11020000,5182170.05780000,1.23194688,45.82585392
87085_a080_00011,cité Henri Lafarge,11,,IW0423,1562592.91850000,5182151.71940000,1.23142211,45.82568072
87085_a080_00012,cité Henri Lafarge,12,,IW0423,1562579.32450000,5182168.30440000,1.23124246,45.82582720
87085_a080_00013,cité Henri Lafarge,13,,IW0423,1562558.52990000,5182171.24330000,1.23097406,45.82584948
87085_a080_00014,cité Henri Lafarge,14,,IW0423,1562539.58050000,5182174.83710000,1.23072921,45.82587802
87085_a080_00015,cité Henri Lafarge,15,,IW0423,1562523.44660000,5182179.00720000,1.23052042,45.82591231
87085_a080_00016,cité Henri Lafarge,16,,IW0423,1562718.37890000,5182165.71560000,1.23303239,45.82583168
87085_a080_00017,cité Henri Lafarge,17,,IW0423,1562702.64750000,5182160.18960000,1.23283156,45.82577883
87085_a080_00018,cité Henri Lafarge,18,,IW0423,1562687.16220000,5182153.90030000,1.23263411,45.82571916
87085_a080_00019,cité Henri Lafarge,19,,IW0423,1562675.75500000,5182150.53370000,1.23248829,45.82568660
87085_a080_00020,cité Henri Lafarge,20,,IW0423,1562664.02400000,5182146.77370000,1.23233843,45.82565044
87085_a080_00021,cité Henri Lafarge,21,,IW0423,1562650.63790000,5182142.74260000,1.23216734,45.82561150
87085_a080_00022,cité Henri Lafarge,22,,IW0423,1562642.38840000,5182140.16590000,1.23206193,45.82558668
87085_a080_00023,cité Henri Lafarge,23,,IW0423,1562627.06920000,5182135.46400000,1.23186617,45.82554132
87085_a080_00024,cité Henri Lafarge,24,,IW0423,1562669.88910000,5182132.63160000,1.23241793,45.82552439
87085_a095_00001,cité Léon Betoulle,1,,IM0092,1563245.66700000,5182744.63310000,1.23965231,45.83114440
87085_a095_00002,cité Léon Betoulle,2,,IM0092,1563240.72860000,5182720.72790000,1.23959556,45.83092838
87085_a095_00003,cité Léon Betoulle,3,,IM0092,1563236.67550000,5182694.55650000,1.23955085,45.83069215
87085_a095_00004,cité Léon Betoulle,4,,IM0092,1563231.47080000,5182665.68380000,1.23949209,45.83043139
87085_a095_00005,cité Léon Betoulle,5,,IM0092,1563228.84300000,5182703.65610000,1.23944747,45.83077245
87085_a125_00001,cité Louis Casimir Ranson,1,,IM0358,1563657.42690000,5182236.25010000,1.24509507,45.82665297
87085_a125_00001_b,cité Louis Casimir Ranson,1,b,IM0358,1563656.92710000,5182255.69270000,1.24508312,45.82682777
87085_a125_00002,cité Louis Casimir Ranson,2,,IM0358,1563658.76210000,5182264.88080000,1.24510413,45.82691078
87085_a125_00003,cité Louis Casimir Ranson,3,,IM0358,1563662.67860000,5182295.45530000,1.24514585,45.82718659
87085_a125_00004,cité Louis Casimir Ranson,4,,IM0358,1563665.40190000,5182306.69920000,1.24517771,45.82728828
87085_a125_00005,cité Louis Casimir Ranson,5,,IM0358,1563676.00070000,5182305.90320000,1.24531431,45.82728322
87085_a145_00001,cité Montplaisir,1,,CS0138,1566143.85520000,5183630.61340000,1.27670028,45.83968455
87085_a145_00002,cité Montplaisir,2,,CS0138,1566162.79960000,5183641.92890000,1.27694095,45.83979002
87085_a145_00003,cité Montplaisir,3,,CS0138,1566186.01720000,5183666.22930000,1.27723300,45.84001314
87085_a145_00004,cité Montplaisir,4,,CS0138,1566202.00230000,5183686.88510000,1.27743298,45.84020206
87085_a145_00005,cité Montplaisir,5,,CS0138,1566215.88900000,5183707.24330000,1.27760604,45.84038790
87085_a145_00006,cité Montplaisir,6,,CS0138,1566243.51150000,5183720.00230000,1.27795800,45.84050805
87085_a145_00007,cité Montplaisir,7,,CS0138,1566260.94440000,5183730.32970000,1.27817950,45.84060434
87085_a145_00008,cité Montplaisir,8,,CS0279,1566147.07420000,5183612.39550000,1.27674678,45.83952129
87085_a145_00009,cité Montplaisir,9,,CS0279,1566163.81950000,5183623.01840000,1.27695934,45.83962011
87085_a145_00010,cité Montplaisir,10,,CS0282,1566185.69780000,5183633.13310000,1.27723810,45.83971536
87085_a145_00011,cité Montplaisir,11,,CS0283,1566193.85190000,5183634.88010000,1.27734256,45.83973266
87085_a145_00012,cité Montplaisir,12,,CS0284,1566208.71530000,5183640.26200000,1.27753236,45.83978396
87085_a145_00013,cité Montplaisir,13,,CS0285,1566216.23300000,5183643.97920000,1.27762808,45.83981887
87085_a145_00014,cité Montplaisir,14,,CS0286,1566228.43720000,5183654.03630000,1.27778235,45.83991171
87085_a145_00015,cité Montplaisir,15,,CS0287,1566234.38240000,5183660.84510000,1.27785697,45.83997412
87085_a145_00016,cité Montplaisir,16,,CS0288,1566241.84850000,5183672.73580000,1.27794975,45.84008253
87085_a145_00017,cité Montplaisir,17,,CS0289,1566245.42830000,5183681.31380000,1.27799344,45.84016039
87085_a145_00018,cité Montplaisir,18,,CS0290,1566252.38040000,5183697.58120000,1.27807839,45.84030808
87085_a145_00019,cité Montplaisir,19,,CS0291,1566256.53980000,5183704.90690000,1.27812988,45.84037479
87085_a160_00001,cité Rodolphe Maon,1,,ON0327,1562125.07510000,5182053.86380000,1.22543050,45.82470684
87085_a160_00002,cité Rodolphe Maon,2,,ON0327,1562096.25360000,5182053.74230000,1.22505970,45.82469997
87085_a160_00003,cité Rodolphe Maon,3,,ON0327,1562070.70060000,5182061.77780000,1.22472862,45.82476713
87085_a160_00004,cité Rodolphe Maon,4,,ON0327,1562064.17500000,5182090.65130000,1.22463638,45.82502555
87085_a160_00005,cité Rodolphe Maon,5,,ON0327,1562068.96220000,5182110.53760000,1.22469227,45.82520540
87085_a160_00006,cité Rodolphe Maon,6,,ON0327,1562053.57960000,5182144.10850000,1.22448471,45.82550430
87085_a160_00007,cité Rodolphe Maon,7,,ON0327,1562065.83540000,5182163.57830000,1.22463682,45.82568190
87085_a160_00008,cité Rodolphe Maon,8,,ON0327,1562073.80730000,5182181.30390000,1.22473431,45.82584295
87085_a160_00009,cité Rodolphe Maon,9,,ON0327,1562081.77630000,5182198.67370000,1.22483186,45.82600080
87085_a160_00010,cité Rodolphe Maon,10,,ON0327,1562090.44530000,5182214.61460000,1.22493883,45.82614593
87085_a160_00010_bis,cité Rodolphe Maon,10,bis,ON0327,1562099.84910000,5182233.39600000,1.22505445,45.82631677
87085_a175_00001,cité Victor Thuillat,1,,CX0299,1564560.06790000,5184041.28710000,1.25620092,45.84306866
87085_a175_00002,cité Victor Thuillat,2,,CX0299,1564532.40650000,5184021.71630000,1.25585040,45.84288716
87085_a175_00003,cité Victor Thuillat,3,,CX0299,1564521.41900000,5184044.21760000,1.25570264,45.84308741
87085_a175_00004,cité Victor Thuillat,4,,CX0299,1564503.66810000,5184061.20640000,1.25546938,45.84323674
87085_a175_00005,cité Victor Thuillat,5,,CX0299,1564481.86060000,5184049.32260000,1.25519205,45.84312554
87085_a175_00006,cité Victor Thuillat,6,,CX0299,1564475.71900000,5184055.22210000,1.25511134,45.84317740
87085_a175_00007,cité Victor Thuillat,7,,CX0299,1564501.63820000,5184072.11860000,1.25544018,45.84333450
87085_a175_00008,cité Victor Thuillat,8,,CX0299,1564522.00580000,5184074.41260000,1.25570168,45.84335915
87085_a175_00009,cité Victor Thuillat,9,,CX0299,1564545.21120000,5184076.53380000,1.25599976,45.84338280
87085_a175_00010,cité Victor Thuillat,10,,CX0299,1564566.63660000,5184078.82340000,1.25627488,45.84340762
87085_a175_00011,cité Victor Thuillat,11,,CX0299,1564583.75690000,5184084.83380000,1.25649355,45.84346506
87085_a175_00012,cité Victor Thuillat,12,,CX0299,1564588.99650000,5184063.87230000,1.25656689,45.84327753
87085_a175_00013,cité Victor Thuillat,13,,CX0299,1564577.51440000,5184053.88550000,1.25642192,45.84318543
87085_1203_00002,clos de l'Echalier,2,,LA0035,1568149.69440000,5191528.79420000,1.30034656,45.91112129
87085_1203_00003,clos de l'Echalier,3,,LA0013,1568115.67070000,5191510.94040000,1.29991301,45.91095415
87085_1203_00004,clos de l'Echalier,4,,LA0034,1568136.58200000,5191526.31100000,1.30017826,45.91109643
87085_1203_00005,clos de l'Echalier,5,,LA0014,1568096.72400000,5191507.77860000,1.29966972,45.91092207
87085_1203_00007,clos de l'Echalier,7,,LA0010,1568116.63440000,5191472.65290000,1.29993596,45.91060991
87085_1203_00008,clos de l'Echalier,8,,LA0018,1568084.04070000,5191514.87350000,1.29950432,45.91098345
87085_1203_00009,clos de l'Echalier,9,,LA0009,1568116.30700000,5191458.78040000,1.29993556,45.91048506
87085_1203_00010,clos de l'Echalier,10,,LA0017,1568074.17470000,5191504.98340000,1.29937990,45.91089259
87085_1203_00011,clos de l'Echalier,11,,LA0008,1568121.31400000,5191439.83810000,1.30000529,45.91031562
87085_1203_00012,clos de l'Echalier,12,,LA0016,1568071.38990000,5191489.91550000,1.29934816,45.91075651
87085_1203_00014,clos de l'Echalier,14,,LA0015,1568071.66130000,5191473.45250000,1.29935618,45.91060847
87085_1203_00016,clos de l'Echalier,16,,LA0001,1568072.12000000,5191459.24450000,1.29936600,45.91048075
87085_1203_00018,clos de l'Echalier,18,,LA0002,1568078.08820000,5191451.15620000,1.29944514,45.91040914
87085_1203_00020,clos de l'Echalier,20,,LA0003,1568089.38210000,5191446.12150000,1.29959207,45.91036601
87085_1203_00022,clos de l'Echalier,22,,LA0004,1568103.95900000,5191440.19410000,1.29978155,45.91031549
87085_1203_00024,clos de l'Echalier,24,,LA0005,1568118.22730000,5191429.11440000,1.29996846,45.91021857
87085_1192_00002,clos de la Béchade,2,,KZ0158,1568208.18250000,5191813.38760000,1.30102204,45.91369260
87085_1192_00004,clos de la Béchade,4,,KZ0159,1568223.35040000,5191825.83780000,1.30121409,45.91380751
87085_1192_00006,clos de la Béchade,6,,KZ0160,1568268.99630000,5191824.35200000,1.30180276,45.91380290
87085_1192_00008,clos de la Béchade,8,,KZ0161,1568267.57700000,5191813.82880000,1.30178736,45.91370796
87085_1192_00009,clos de la Béchade,9,,KZ0169,1568266.25760000,5191865.68530000,1.30175611,45.91417419
87085_1192_00010,clos de la Béchade,10,,KZ0162,1568274.42810000,5191803.77840000,1.30187842,45.91361887
87085_1192_00011,clos de la Béchade,11,,KZ0168,1568274.78770000,5191854.81170000,1.30186903,45.91407801
87085_1192_00015,clos de la Béchade,15,,KZ0167,1568284.10980000,5191842.60070000,1.30199252,45.91396996
87085_1192_00017,clos de la Béchade,17,,KZ0166,1568293.45620000,5191830.48960000,1.30211630,45.91386280
87085_1192_00019,clos de la Béchade,19,,KZ0165,1568299.53230000,5191817.65110000,1.30219814,45.91374848
87085_1192_00021,clos de la Béchade,21,,KZ0164,1568296.08450000,5191807.51810000,1.30215649,45.91365666
87085_1192_00023,clos de la Béchade,23,,KZ0163,1568287.83080000,5191801.80970000,1.30205169,45.91360373
87085_1194_00002,clos de la Belette,2,,KZ0179,1568168.08470000,5191792.92480000,1.30051091,45.91350083
87085_1194_00003,clos de la Belette,3,,KZ0197,1568163.58790000,5191776.52250000,1.30045747,45.91335242
87085_1194_00004,clos de la Belette,4,,KZ0180,1568154.15130000,5191781.19750000,1.30033457,45.91339266
87085_1194_00005,clos de la Belette,5,,KZ0198,1568143.77920000,5191760.06750000,1.30020671,45.91320059
87085_1194_00006,clos de la Belette,6,,KZ0211,1568144.69020000,5191772.98740000,1.30021490,45.91331699
87085_1194_00007,clos de la Belette,7,,KZ0199,1568142.14950000,5191725.71920000,1.30019516,45.91289129
87085_1194_00008,clos de la Belette,8,,KZ0210,1568134.06980000,5191761.59810000,1.30008116,45.91321250
87085_1194_00009,clos de la Belette,9,,KZ0200,1568159.33100000,5191723.01510000,1.30041732,45.91287027
87085_1194_00010,clos de la Belette,10,,KZ0209,1568125.37580000,5191745.62690000,1.29997351,45.91306716
87085_1194_00011,clos de la Belette,11,,KZ0196,1568175.13450000,5191729.18470000,1.30061929,45.91292880
87085_1194_00012,clos de la Belette,12,,KZ0208,1568122.44340000,5191731.86440000,1.29993951,45.91294279
87085_1194_00014,clos de la Belette,14,,KZ0207,1568118.61120000,5191715.47430000,1.29989463,45.91279462
87085_1194_00015,clos de la Belette,15,,KZ0195,1568180.10920000,5191717.67350000,1.30068657,45.91282621
87085_1194_00016,clos de la Belette,16,,KZ0206,1568116.07050000,5191702.06230000,1.29986558,45.91267348
87085_1194_00017,clos de la Belette,17,,KZ0194,1568177.76220000,5191703.83330000,1.30066013,45.91270125
87085_1194_00024,clos de la Belette,24,,KZ0201,1568164.76970000,5191688.24750000,1.30049698,45.91255856
87085_1194_00026,clos de la Belette,26,,KZ0193,1568177.49310000,5191689.27100000,1.30066066,45.91257021
87085_1202_00001,clos de la Chôme,1,,LA0019,1568112.63180000,5191534.71320000,1.29986731,45.91116741
87085_1202_00003,clos de la Chôme,3,,LA0020,1568102.58170000,5191568.16560000,1.29972859,45.91146641
87085_1202_00004,clos de la Chôme,4,,LA0033,1568120.07660000,5191565.39620000,1.29995481,45.91144486
87085_1202_00005,clos de la Chôme,5,,LA0021,1568088.67020000,5191574.72690000,1.29954751,45.91152276
87085_1202_00006,clos de la Chôme,6,,LA0032,1568123.73450000,5191583.57550000,1.29999694,45.91160909
87085_1202_00007,clos de la Chôme,7,,LA0022,1568088.14150000,5191582.49530000,1.29953855,45.91159254
87085_1202_00008,clos de la Chôme,8,,LA0031,1568126.51050000,5191598.51210000,1.30002861,45.91174399
87085_1202_00009,clos de la Chôme,9,,LA0023,1568090.93280000,5191597.20690000,1.29957048,45.91172541
87085_1202_00011,clos de la Chôme,11,,LA0024,1568092.90800000,5191607.91670000,1.29959298,45.91182214
87085_1006_00002,clos de la Renardière,2,,PL0208,1559425.56820000,5184108.88600000,1.19009642,45.84264620
87085_1006_00004,clos de la Renardière,4,,PL0208,1559433.50570000,5184114.04540000,1.19019707,45.84269423
87085_1006_00006,clos de la Renardière,6,,PL0208,1559438.26820000,5184117.35270000,1.19025740,45.84272495
87085_1006_00008,clos de la Renardière,8,,PL0208,1559442.95130000,5184120.68650000,1.19031670,45.84275590
87085_1006_00010,clos de la Renardière,10,,PL0208,1559450.09510000,5184125.52840000,1.19040723,45.84280092
87085_1006_00012,clos de la Renardière,12,,PL0208,1559455.73070000,5184129.33840000,1.19047865,45.84283634
87085_1006_00014,clos de la Renardière,14,,PL0208,1559462.47760000,5184134.02150000,1.19056412,45.84287984
87085_1006_00016,clos de la Renardière,16,,PL0208,1559467.47820000,5184137.35530000,1.19062750,45.84291086
87085_1006_00018,clos de la Renardière,18,,PL0208,1559472.16130000,5184140.53030000,1.19068685,45.84294037
87085_1006_00020,clos de la Renardière,20,,PL0208,1559479.46380000,5184145.37220000,1.19077942,45.84298542
87085_1006_00022,clos de la Renardière,22,,PL0245,1559509.86450000,5184144.34030000,1.19117100,45.84298235
87085_1006_00024,clos de la Renardière,24,,PL0245,1559515.50010000,5184139.49840000,1.19124495,45.84293995
87085_1006_00026,clos de la Renardière,26,,PL0245,1559519.78640000,5184135.29150000,1.19130135,45.84290298
87085_1006_00028,clos de la Renardière,28,,PL0245,1559525.73950000,5184130.13210000,1.19137948,45.84285779
87085_1238_00004,clos du Marguil,4,,LA0116,1568232.43650000,5191438.62590000,1.30143763,45.91032605
87085_1238_00006,clos du Marguil,6,,LA0115,1568232.25000000,5191425.89810000,1.30143872,45.91021152
87085_1238_00008,clos du Marguil,8,,LA0114,1568232.79560000,5191409.05690000,1.30145038,45.91006013
87085_1238_00010,clos du Marguil,10,,LA0113,1568223.48700000,5191394.12000000,1.30133453,45.90992397
87085_1238_00012,clos du Marguil,12,,LA0112,1568225.22300000,5191387.06090000,1.30135884,45.90986081
87085_1238_00014,clos du Marguil,14,,LA0111,1568241.15900000,5191394.65130000,1.30156212,45.90993215
87085_1238_00016,clos du Marguil,16,,LA0110,1568260.17540000,5191392.93100000,1.30180765,45.90992032
87085_1251_00001,clos du Saris,1,,LA0046,1568226.15470000,5191538.77950000,1.30132914,45.91122579
87085_1251_00002,clos du Saris,2,,LA0101,1568236.55240000,5191527.20090000,1.30146632,45.91112362
87085_1251_00003,clos du Saris,3,,LA0048,1568240.24300000,5191538.74600000,1.30151071,45.91122819
87085_1251_00004,clos du Saris,4,,LA0100,1568255.14930000,5191526.93950000,1.30170605,45.91112484
87085_1251_00005,clos du Saris,5,,LA0049,1568256.59650000,5191538.44850000,1.30172154,45.91122865
87085_1251_00006,clos du Saris,6,,LA0099,1568280.59090000,5191516.95400000,1.30203666,45.91103990
87085_1251_00007,clos du Saris,7,,LA0050,1568273.84800000,5191534.99520000,1.30194480,45.91120089
87085_1251_00008,clos du Saris,8,,LA0098,1568290.24580000,5191494.60980000,1.30216722,45.91084075
87085_1251_00009,clos du Saris,9,,LA0051,1568293.79070000,5191525.49570000,1.30220441,45.91111926
87085_1251_00014,clos du Saris,14,,LA0067,1568305.10320000,5191505.98680000,1.30235555,45.91094594
87085_1251_00016,clos du Saris,16,,LA0066,1568301.65070000,5191514.25170000,1.30230879,45.91101963
87085_1251_00018,clos du Saris,18,,LA0065,1568307.60850000,5191521.23740000,1.30238365,45.91108361
87085_1251_00020,clos du Saris,20,,LA0064,1568311.24960000,5191528.56340000,1.30242856,45.91115021
87085_1251_00022,clos du Saris,22,,LA0063,1568312.24370000,5191534.03080000,1.30243987,45.91119958
87085_1251_00024,clos du Saris,24,,LA0062,1568312.32080000,5191541.43820000,1.30243883,45.91126623
87085_1251_00026,clos du Saris,26,,LA0061,1568312.24070000,5191549.15310000,1.30243568,45.91133561
87085_1251_00028,clos du Saris,28,,LA0060,1568312.14490000,5191553.80360000,1.30243316,45.91137743
87085_0790_00001,cours Bugeaud,1,,EI0103,1565264.25060000,5183116.27470000,1.26552376,45.83488597
87085_0790_00002,cours Bugeaud,2,,EI0013,1565013.10120000,5183041.13200000,1.26231300,45.83416100
87085_0790_00003,cours Bugeaud,3,,EI0102,1565243.75700000,5183108.33500000,1.26526225,45.83481053
87085_0790_00004,cours Bugeaud,4,,EI0014,1564993.83280000,5183033.79550000,1.26206689,45.83409099
87085_0790_00005,cours Bugeaud,5,,EI0101,1565235.23380000,5183105.04660000,1.26515349,45.83477928
87085_0790_00006,cours Bugeaud,6,,EI0015,1564981.51450000,5183028.98610000,1.26190972,45.83404531
87085_0790_00006_bis,cours Bugeaud,6,bis,EI0016,1564969.54900000,5183024.50690000,1.26175699,45.83400266
87085_0790_00007,cours Bugeaud,7,,EI0158,1565221.67190000,5183099.71220000,1.26498045,45.83472864
87085_0790_00008,cours Bugeaud,8,,EI0016,1564948.76150000,5183016.29700000,1.26149179,45.83392473
87085_0790_00009,cours Bugeaud,9,,EI0098,1565204.79060000,5183092.77840000,1.26476515,45.83466296
87085_0790_00013,cours Bugeaud,13,,EI0160,1565193.85080000,5183088.46290000,1.26462558,45.83462199
87085_0790_00015,cours Bugeaud,15,,EI0095,1565150.65090000,5183071.86740000,1.26407429,45.83446424
87085_0790_00017,cours Bugeaud,17,,EI0094,1565139.59160000,5183067.02750000,1.26393333,45.83441853
87085_0790_00019,cours Bugeaud,19,,EI0092,1565132.37610000,5183064.49100000,1.26384118,45.83439430
87085_0790_00021,cours Bugeaud,21,,EI0090,1565122.08510000,5183060.59500000,1.26370984,45.83435723
87085_0790_00023,cours Bugeaud,23,,EI0089,1565113.12920000,5183056.85440000,1.26359564,45.83432183
87085_0790_00025,cours Bugeaud,25,,EI0159,1565100.22930000,5183052.04890000,1.26343098,45.83427607
87085_0790_00027,cours Bugeaud,27,,EI0183,1565082.78450000,5183045.17130000,1.26320841,45.83421078
87085_0790_00029,cours Bugeaud,29,,EI0086,1565070.49520000,5183040.24160000,1.26305164,45.83416402
87085_0790_00031,cours Bugeaud,31,,EI0085,1565060.88520000,5183036.75550000,1.26292895,45.83413078
87085_0790_00033,cours Bugeaud,33,,EI0029,1565029.38670000,5183024.34800000,1.26252708,45.83401298
87085_0790_00033_bis,cours Bugeaud,33,bis,EI0029,1565014.51430000,5183018.42280000,1.26233736,45.83395676
87085_0790_00035,cours Bugeaud,35,,EI0163,1565005.10510000,5183014.88250000,1.26221726,45.83392307
87085_0790_00037,cours Bugeaud,37,,EI0026,1564995.21670000,5183010.83320000,1.26209115,45.83388470
87085_0790_00039,cours Bugeaud,39,,EI0025,1564984.80420000,5183006.75820000,1.26195830,45.83384600
87085_0790_00041,cours Bugeaud,41,,EI0024,1564975.49600000,5183002.92180000,1.26183959,45.83380966
87085_0790_00043,cours Bugeaud,43,,EI0021,1564964.73780000,5182998.89200000,1.26170228,45.83377130
87085_2185_00001,cours Gay-Lussac,1,,EK0009,1564969.11320000,5183179.57280000,1.26170783,45.83539749
87085_2185_00002,cours Gay-Lussac,2,,DT0095,1565300.29570000,5183333.92800000,1.26592663,45.83685096
87085_2185_00003,cours Gay-Lussac,3,,EK0008,1564933.99360000,5183165.72600000,1.26125976,45.83526603
87085_2185_00004,cours Gay-Lussac,4,,DT0096,1565293.03080000,5183330.79740000,1.26583402,45.83682137
87085_2185_00005,cours Gay-Lussac,5,,EK0007,1564917.45490000,5183159.63630000,1.26104863,45.83520800
87085_2185_00006,cours Gay-Lussac,6,,DT0344,1565275.33670000,5183323.96870000,1.26560821,45.83675648
87085_2185_00007,cours Gay-Lussac,7,,EK0006,1564900.78980000,5183149.94970000,1.26083689,45.83511759
87085_2185_00008,cours Gay-Lussac,8,,DT0107,1565256.51620000,5183316.37720000,1.26536813,45.83668450
87085_2185_00010,cours Gay-Lussac,10,,DT0108,1565246.60230000,5183312.24150000,1.26524170,45.83664535
87085_2185_00012,cours Gay-Lussac,12,,DT0108,1565228.15280000,5183305.23250000,1.26500623,45.83657869
87085_2185_00014,cours Gay-Lussac,14,,DT0345,1565221.38690000,5183302.32120000,1.26491998,45.83655117
87085_2185_00018,cours Gay-Lussac,18,,DT0347,1565207.21150000,5183296.66170000,1.26473913,45.83649748
87085_2185_00022,cours Gay-Lussac,22,,DT0118,1565194.87000000,5183291.94100000,1.26458163,45.83645260
87085_2185_00024,cours Gay-Lussac,24,,DT0119,1565186.26380000,5183288.60480000,1.26447181,45.83642090
87085_2185_00026,cours Gay-Lussac,26,,DT0120,1565178.79280000,5183285.75740000,1.26437646,45.83639382
87085_2185_00028,cours Gay-Lussac,28,,DT0121,1565168.51630000,5183281.39800000,1.26424543,45.83635259
87085_2185_00030,cours Gay-Lussac,30,,DT0352,1565131.12390000,5183266.72260000,1.26376833,45.83621325
87085_2185_00032,cours Gay-Lussac,32,,DT0352,1565116.79450000,5183261.11930000,1.26358549,45.83616003
87085_2185_00036,cours Gay-Lussac,36,,DT0180,1565075.56900000,5183244.92420000,1.26305949,45.83600626
87085_2185_00038,cours Gay-Lussac,38,,DT0181,1565067.46360000,5183241.73040000,1.26295607,45.83597594
87085_2185_00044,cours Gay-Lussac,44,,DV0184,1565010.83900000,5183219.43130000,1.26223361,45.83576423
87085_2185_00046,cours Gay-Lussac,46,,DV0098,1564991.27130000,5183211.73720000,1.26198395,45.83569118
87085_2185_00046_bis,cours Gay-Lussac,46,bis,DV0097,1564968.75010000,5183202.93790000,1.26169659,45.83560760
87085_2185_00048,cours Gay-Lussac,48,,DV0175,1564931.21750000,5183188.00010000,1.26121777,45.83546585
87085_2185_00050,cours Gay-Lussac,50,,DV0094,1564916.23990000,5183182.00720000,1.26102671,45.83540900
87085_2185_00052,cours Gay-Lussac,52,,DV0093,1564895.93610000,5183174.01240000,1.26076766,45.83533310
87085_2185_00054,cours Gay-Lussac,54,,DV0092,1564882.38120000,5183170.38420000,1.26059424,45.83529780
87085_2700_00001,cours Jean Pénicaud,1,,IN0180,1564044.82340000,5182137.37160000,1.25010771,45.82584018
87085_2700_00002,cours Jean Pénicaud,2,,HZ0201,1564059.03280000,5182151.62540000,1.25028651,45.82597121
87085_2700_00002_bis,cours Jean Pénicaud,2,bis,HZ0162,1564047.05830000,5182153.19050000,1.25013199,45.82598293
87085_2700_00003,cours Jean Pénicaud,3,,IN0179,1564033.63590000,5182139.77270000,1.24996308,45.82585957
87085_2700_00004,cours Jean Pénicaud,4,,HZ0163,1564034.88750000,5182155.44090000,1.24997475,45.82600076
87085_2700_00004_bis,cours Jean Pénicaud,4,bis,HZ0165,1564008.16980000,5182160.98890000,1.24962941,45.82604539
87085_2700_00004_ter,cours Jean Pénicaud,4,ter,HZ0166,1563996.62970000,5182163.43470000,1.24948023,45.82606511
87085_2700_00005,cours Jean Pénicaud,5,,IN0178,1564022.72570000,5182142.10560000,1.24982204,45.82587840
87085_2700_00005_bis,cours Jean Pénicaud,5,bis,IN0176,1564008.38600000,5182145.04310000,1.24963670,45.82590199
87085_2700_00006,cours Jean Pénicaud,6,,HZ0243,1563983.80490000,5182166.10130000,1.24931446,45.82608656
87085_2700_00007,cours Jean Pénicaud,7,,IN0174,1563988.33730000,5182149.38040000,1.24937751,45.82593704
87085_2700_00008,cours Jean Pénicaud,8,,HZ0168,1563974.24270000,5182168.20890000,1.24919083,45.82610363
87085_2700_00008_bis,cours Jean Pénicaud,8,bis,HZ0169,1563955.94510000,5182171.89850000,1.24895435,45.82613320
87085_2700_00009,cours Jean Pénicaud,9,,IN0173,1563975.48910000,5182152.11750000,1.24921142,45.82595912
87085_2700_00009_bis,cours Jean Pénicaud,9,bis,IN0324,1563962.98230000,5182154.57600000,1.24904980,45.82597877
87085_2700_00010,cours Jean Pénicaud,10,,IM0332,1563788.39060000,5182206.34310000,1.24678866,45.82640989
87085_2700_00011,cours Jean Pénicaud,11,,IN0323,1563953.24510000,5182156.60420000,1.24892393,45.82599508
87085_2700_00012,cours Jean Pénicaud,12,,IM0333,1563775.20700000,5182209.12830000,1.24661824,45.82643233
87085_2700_00013,cours Jean Pénicaud,13,,IN0170,1563941.76440000,5182159.13060000,1.24877550,45.82601554
87085_2700_00014,cours Jean Pénicaud,14,,IM0334,1563764.21510000,5182211.60040000,1.24647611,45.82645239
87085_2700_00015,cours Jean Pénicaud,15,,IN0452,1563915.63270000,5182164.49570000,1.24843774,45.82605863
87085_2700_00015_bis,cours Jean Pénicaud,15,bis,IN0451,1563903.75280000,5182166.95740000,1.24828419,45.82607843
87085_2700_00016,cours Jean Pénicaud,16,,IM0347,1563738.54550000,5182216.88290000,1.24614432,45.82649482
87085_2700_00017,cours Jean Pénicaud,17,,IN0167,1563893.51140000,5182169.06520000,1.24815181,45.82609536
87085_2700_00019,cours Jean Pénicaud,19,,IN0165,1563883.34860000,5182171.08630000,1.24802048,45.82611153
87085_2700_00021,cours Jean Pénicaud,21,,IN0162,1563866.01900000,5182174.65840000,1.24779649,45.82614023
87085_2700_00021_bis,cours Jean Pénicaud,21,bis,IN0349,1563854.00190000,5182177.26660000,1.24764112,45.82616132
87085_2700_00023,cours Jean Pénicaud,23,,IN0349,1563846.74290000,5182178.61680000,1.24754734,45.82617203
87085_2700_00025,cours Jean Pénicaud,25,,IN0160,1563837.39400000,5182180.57550000,1.24742649,45.82618779
87085_2700_00025_bis,cours Jean Pénicaud,25,bis,IN0419,1563818.52620000,5182184.54100000,1.24718260,45.82621973
87085_2700_00027,cours Jean Pénicaud,27,,IN0419,1563744.85970000,5182199.81820000,1.24623040,45.82634257
87085_2765_00001,cours Jourdan,1,,EI0140,1565166.34560000,5182838.73240000,1.26434165,45.83237012
87085_2765_00002,cours Jourdan,2,,EI0129,1565184.45470000,5182906.71800000,1.26455563,45.83298525
87085_2765_00003,cours Jourdan,3,,EI0139,1565166.07640000,5182847.01190000,1.26433587,45.83244455
87085_2765_00004,cours Jourdan,4,,EI0128,1565183.59460000,5182924.94370000,1.26453945,45.83314903
87085_2765_00005,cours Jourdan,5,,EI0138,1565165.41120000,5182858.93260000,1.26432396,45.83255165
87085_2765_00006,cours Jourdan,6,,EI0124,1565182.55400000,5182945.74070000,1.26452022,45.83333591
87085_2765_00007,cours Jourdan,7,,EI0152,1565165.16740000,5182869.66480000,1.26431782,45.83264815
87085_2765_00008,cours Jourdan,8,,EI0122,1565181.93220000,5182960.91460000,1.26450797,45.83347228
87085_2765_00009,cours Jourdan,9,,EI0131,1565164.55140000,5182882.91270000,1.26430617,45.83276720
87085_2765_00010,cours Jourdan,10,,EI0121,1565181.38390000,5182974.15490000,1.26449720,45.83359128
87085_2765_00012,cours Jourdan,12,,EI0117,1565180.68220000,5182988.80860000,1.26448406,45.83372296
87085_2765_00013,cours Jourdan,13,,EI0061,1565162.13640000,5182929.97360000,1.26426190,45.83319007
87085_2765_00014,cours Jourdan,14,,EI0116,1565179.76310000,5183005.16480000,1.26446764,45.83386991
87085_2765_00016,cours Jourdan,16,,EI0112,1565179.25340000,5183019.93790000,1.26445694,45.83400271
87085_2765_00017,cours Jourdan,17,,EI0064,1565161.26080000,5182949.87930000,1.26424505,45.83336896
87085_2765_00018,cours Jourdan,18,,EI0187,1565178.56250000,5183030.41270000,1.26444511,45.83409680
87085_2765_00018_bis,cours Jourdan,18,bis,EI0187,1565178.61320000,5183036.64720000,1.26444401,45.83415289
87085_2765_00019,cours Jourdan,19,,EI0065,1565160.81950000,5182960.77220000,1.26423631,45.83346686
87085_2765_00020,cours Jourdan,20,,EI0151,1565178.01920000,5183041.46220000,1.26443502,45.83419609
87085_2765_00021,cours Jourdan,21,,EI0068,1565160.07690000,5182973.02730000,1.26422332,45.83357696
87085_2765_00022,cours Jourdan,22,,EI0151,1565177.67420000,5183051.08320000,1.26442788,45.83428257
87085_2765_00023,cours Jourdan,23,,EI0069,1565158.52430000,5183012.54490000,1.26419225,45.83393214
87085_2765_00024,cours Jourdan,24,,EI0160,1565177.12120000,5183069.48980000,1.26441560,45.83444804
87085_2765_00025,cours Jourdan,25,,EI0176,1565157.86610000,5183022.58960000,1.26418096,45.83402237
87085_2765_00027,cours Jourdan,27,,EI0175,1565156.97750000,5183046.57280000,1.26416280,45.83423794
87085_2765_00029,cours Jourdan,29,,EI0093,1565156.62360000,5183055.92730000,1.26415562,45.83432202
87085_2765_00031,cours Jourdan,31,,EI0095,1565156.14990000,5183065.90260000,1.26414673,45.83441166
87085_5230_00003,cours Vergniaud,3,,EI0012,1565020.11130000,5183070.75640000,1.26239469,45.83442863
87085_5230_00005,cours Vergniaud,5,,EI0011,1565015.10670000,5183083.67620000,1.26232666,45.83454387
87085_5230_00005_bis,cours Vergniaud,5,bis,EI0010,1565012.00050000,5183092.29380000,1.26228426,45.83462078
87085_5230_00005_ter,cours Vergniaud,5,ter,EI0009,1565009.19220000,5183099.09810000,1.26224621,45.83468144
87085_5230_00009,cours Vergniaud,9,,EK0043,1564993.20810000,5183141.85480000,1.26202850,45.83506292
87085_5230_00011,cours Vergniaud,11,,EK0010,1564983.61700000,5183166.35530000,1.26189819,45.83528144
87085_0611_00022,esplanade Blanqui,22,,HS0550,1564865.36220000,5182101.75470000,1.26067559,45.82568149
87085_0611_00027,esplanade Blanqui,27,,HS0550,1564870.29030000,5182090.78950000,1.26194879,45.82510205
87085_2466_00002,esplanade Henri Frenay,2,,BW0037,1565652.75810000,5185680.54740000,1.26980654,45.85802915
87085_x148_00001,esplanade Jean Moulin,1,,LR0071,1567261.80610000,5187918.18470000,1.28990370,45.87847070
87085_4598_00008,esplanade Roger Gonthier,8,,EK0069,1565409.13660000,5183240.25810001,1.26735360,45.83602965
87085_4598_00012,esplanade Roger Gonthier,12,,EK0069,1565388.12860000,5183251.52940000,1.26708008,45.83612693
87085_0303_00001,impasse Auguste Renoir,1,,DK0018,1563992.69670000,5182801.58350000,1.24924911,45.83180484
87085_0303_00002,impasse Auguste Renoir,2,,DK0030,1563986.24050000,5182787.38660000,1.24917004,45.83167586
87085_0303_00003,impasse Auguste Renoir,3,,DK0019,1564002.56620000,5182803.83540000,1.24937548,45.83182705
87085_0303_00003_bis,impasse Auguste Renoir,3,bis,DK0019,1564007.62970000,5182804.94960000,1.24944032,45.83183808
87085_0303_00004,impasse Auguste Renoir,4,,DK0029,1564002.10870000,5182790.69470000,1.24937331,45.83170875
87085_0303_00008,impasse Auguste Renoir,8,,DK0027,1564021.59940000,5182795.12140000,1.24962287,45.83175243
87085_0330_00004,impasse Babeuf,4,,DT0048,1565056.62560000,5183605.87200000,1.26271436,45.83924948
87085_0330_00005,impasse Babeuf,5,,DT0044,1565072.71230000,5183596.98200000,1.26292389,45.83917267
87085_0330_00007,impasse Babeuf,7,,DT0045,1565075.34910000,5183586.77140000,1.26296070,45.83908133
87085_0330_00009,impasse Babeuf,9,,DT0046,1565077.34010000,5183578.64830000,1.26298860,45.83900865
87085_0330_00016,impasse Babeuf,16,,DT0048,1565069.11400000,5183559.09360000,1.26288822,45.83883113
87085_0568_00005,impasse Bernard Palissy,5,,DM0163,1564233.62770000,5182946.14510000,1.25230866,45.83315286
87085_0747_00003,impasse Brillat-Savarin,3,,BC0078,1563717.31340000,5183352.64970000,1.24554916,45.83670747
87085_0747_00004,impasse Brillat-Savarin,4,,BC0281,1563726.79490000,5183362.92790000,1.24566827,45.83680181
87085_0747_00005,impasse Brillat-Savarin,5,,BC0077,1563713.65690000,5183363.12260000,1.24549913,45.83680096
87085_0747_00006,impasse Brillat-Savarin,6,,BC0016,1563722.73280000,5183373.73430000,1.24561293,45.83689821
87085_0747_00007,impasse Brillat-Savarin,7,,BC0032,1563705.99410000,5183384.32340000,1.24539451,45.83699015
87085_0747_00009,impasse Brillat-Savarin,9,,BC0031,1563700.86030000,5183398.60410000,1.24532439,45.83711760
87085_0747_00010,impasse Brillat-Savarin,10,,BC0279,1563716.68030000,5183390.98010000,1.24553014,45.83705215
87085_0747_00011,impasse Brillat-Savarin,11,,BC0030,1563697.41850000,5183408.44000000,1.24527730,45.83720539
87085_0747_00012,impasse Brillat-Savarin,12,,BC0019,1563713.23270000,5183400.23090000,1.24548315,45.83713468
87085_0747_00013,impasse Brillat-Savarin,13,,BC0029,1563693.12280000,5183419.76690000,1.24521881,45.83730643
87085_0747_00014,impasse Brillat-Savarin,14,,BC0316,1563708.01160000,5183414.57450000,1.24541189,45.83726268
87085_0829_00004,impasse Camille Desmoulins,4,,NP0017,1563565.18340000,5181132.30610000,1.24422134,45.81670408
87085_0829_00005,impasse Camille Desmoulins,5,,NP0002,1563547.65790000,5181131.63090000,1.24399607,45.81669453
87085_0829_00006,impasse Camille Desmoulins,6,,NP0016,1563558.09490000,5181136.69860000,1.24412890,45.81674218
87085_0829_00010,impasse Camille Desmoulins,10,,NP0008,1563539.17940000,5181156.11340000,1.24388005,45.81691308
87085_0829_00012,impasse Camille Desmoulins,12,,NP0007,1563533.19470000,5181157.49860000,1.24380266,45.81692435
87085_0829_00014,impasse Camille Desmoulins,14,,NP0006,1563528.58910000,5181155.89540000,1.24374386,45.81690902
87085_0829_00016,impasse Camille Desmoulins,16,,NP0023,1563525.57130000,5181155.57750000,1.24370513,45.81690556
87085_0829_00018,impasse Camille Desmoulins,18,,NP0005,1563524.06940000,5181146.48870000,1.24368839,45.81682350
87085_3157_00006,impasse Casimir Ranson,6,,IN0147,1563863.65600000,5182092.72240000,1.24778928,45.82540270
87085_3157_00008,impasse Casimir Ranson,8,,IN0148,1563857.18650000,5182081.48840000,1.24770922,45.82530037
87085_3157_00010,impasse Casimir Ranson,10,,IN0149,1563836.27440000,5182070.70510000,1.24744320,45.82519923
87085_3157_00012,impasse Casimir Ranson,12,,IN0151,1563827.49620000,5182067.20600000,1.24733124,45.82516601
87085_3157_00015,impasse Casimir Ranson,15,,IN0130,1563827.52690000,5182062.01130000,1.24733311,45.82511929
87085_3157_00016,impasse Casimir Ranson,16,,IN0439,1563800.52300000,5182057.05720000,1.24698706,45.82506938
87085_3157_00019,impasse Casimir Ranson,19,,IN0475,1563790.49280000,5182048.87950000,1.24686000,45.82499400
87085_3157_00024,impasse Casimir Ranson,24,,IN0305,1563751.70780000,5182042.37270000,1.24636312,45.82492761
87085_0992_00003,impasse Charles Bichet,3,,HR0472,1565057.92310000,5181279.42780000,1.26338400,45.81832197
87085_0992_00004,impasse Charles Bichet,4,,HR0495,1565065.62350000,5181289.88440000,1.26348013,45.81841754
87085_0992_00007,impasse Charles Bichet,7,,HR0046,1565039.28890000,5181296.80810000,1.26313939,45.81847466
87085_0992_00008,impasse Charles Bichet,8,,HR0030,1565045.30520000,5181308.87260000,1.26321340,45.81858436
87085_0992_00011,impasse Charles Bichet,11,,HR0045,1565023.34540000,5181311.93290000,1.26293002,45.81860759
87085_0992_00012,impasse Charles Bichet,12,,HR0543,1565029.34780000,5181323.94230000,1.26300388,45.81871680
87085_0992_00014,impasse Charles Bichet,14,,HR0538,1565020.09140000,5181332.90400000,1.26288227,45.81879559
87085_0992_00015,impasse Charles Bichet,15,,HR0043,1565013.30120000,5181321.59010000,1.26279809,45.81869249
87085_0992_00016,impasse Charles Bichet,16,,HR0031,1565010.02150000,5181342.65520000,1.26274998,45.81888134
87085_0992_00017,impasse Charles Bichet,17,,HR0042,1565006.13530000,5181328.17790000,1.26270405,45.81875034
87085_0992_00018,impasse Charles Bichet,18,,HR0032,1564998.55160000,5181352.92630000,1.26259954,45.81897148
87085_0992_00019,impasse Charles Bichet,19,,HR0041,1564999.50850000,5181334.30850000,1.26261707,45.81880419
87085_0992_00022,impasse Charles Bichet,22,,HR0034,1564982.88010000,5181367.43320000,1.26239384,45.81909890
87085_0992_00023,impasse Charles Bichet,23,,HR0039,1564980.22420000,5181352.30030000,1.26236392,45.81896225
87085_0992_00025,impasse Charles Bichet,25,,HR0038,1564970.66920000,5181361.42730000,1.26223843,45.81904248
87085_0992_00027,impasse Charles Bichet,27,,HR0362,1564960.35900000,5181371.12610000,1.26210306,45.81912770
87085_1048_00003,impasse Château-Gaillard,3,,IT0172,1562553.05270000,5181813.78070000,1.23100575,45.82263282
87085_1048_00004,impasse Château-Gaillard,4,,IT0110,1562558.04290000,5181840.73630000,1.23106225,45.82287630
87085_1048_00005,impasse Château-Gaillard,5,,IT0171,1562550.23450000,5181825.36690000,1.23096618,45.82273648
87085_1048_00006,impasse Château-Gaillard,6,,IT0480,1562554.95890000,5181854.19180000,1.23101873,45.82299672
87085_1048_00007,impasse Château-Gaillard,7,,None,1562548.20460000,5181837.91350000,1.23093648,45.82284894
87085_1048_00008,impasse Château-Gaillard,8,,IT0112,1562551.75430000,5181867.87250000,1.23097359,45.82311915
87085_1048_00009,impasse Château-Gaillard,9,,IT0354,1562545.22790000,5181847.69710000,1.23089538,45.82293635
87085_1048_00010,impasse Château-Gaillard,10,,IT0113,1562549.18160000,5181879.06590000,1.23093729,45.82321932
87085_1048_00011,impasse Château-Gaillard,11,,IT0169,1562542.30240000,5181860.23540000,1.23085416,45.82304856
87085_1048_00012,impasse Château-Gaillard,12,,IT0114,1562547.27460000,5181886.65860000,1.23091058,45.82328724
87085_1048_00013,impasse Château-Gaillard,13,,IT0168,1562539.66610000,5181870.96170000,1.23081717,45.82314452
87085_1048_00014,impasse Château-Gaillard,14,,IT0115,1562545.01410000,5181896.40630000,1.23087871,45.82337448
87085_1048_00015,impasse Château-Gaillard,15,,None,1562537.16820000,5181883.02110000,1.23078159,45.82325250
87085_1048_00016,impasse Château-Gaillard,16,,IT0469,1562543.10220000,5181904.19480000,1.23085188,45.82344416
87085_1048_00017,impasse Château-Gaillard,17,,IT0162,1562531.29910000,5181907.67690000,1.23069903,45.82347312
87085_1048_00018,impasse Château-Gaillard,18,,IT0122,1562537.45690000,5181928.42970000,1.23077232,45.82366103
87085_1048_00020,impasse Château-Gaillard,20,,IT0476,1562533.98740000,5181942.61030000,1.23072363,45.82378790
87085_1048_00021,impasse Château-Gaillard,21,,None,1562523.33020000,5181942.16910000,1.23058664,45.82378180
87085_1048_00022,impasse Château-Gaillard,22,,IT0547,1562535.72440000,5181957.96520000,1.23074159,45.82392638
87085_1048_00024,impasse Château-Gaillard,24,,IT0505,1562525.91140000,5181964.01720000,1.23061360,45.82397885
87085_1048_00031,impasse Château-Gaillard,31,,IT0550,1562513.48380000,5181980.00970000,1.23044913,45.82412023
87085_1145_00002,impasse Claude Bernard,2,,IV0159,1563138.64310000,5181743.31410000,1.23856011,45.82211570
87085_1145_00004,impasse Claude Bernard,4,,IV0158,1563147.13560000,5181757.27800000,1.23866540,45.82224301
87085_1145_00005,impasse Claude Bernard,5,,IV0141,1563142.97440000,5181771.11300000,1.23860793,45.82236663
87085_1145_00007,impasse Claude Bernard,7,,IV0344,1563147.75140000,5181779.40850000,1.23866703,45.82244220
87085_1145_00008,impasse Claude Bernard,8,,IV0157,1563162.85510000,5181783.77430000,1.23886011,45.82248448
87085_1145_00009,impasse Claude Bernard,9,,IV0143,1563157.31990000,5181794.94470000,1.23878572,45.82258386
87085_1145_00010,impasse Claude Bernard,10,,IV0156,1563166.10450000,5181789.50170000,1.23890029,45.82253665
87085_1145_00011,impasse Claude Bernard,11,,IV0372,1563163.33480000,5181805.07730000,1.23886022,45.82267621
87085_1145_00013,impasse Claude Bernard,13,,IV0689,1563168.63910000,5181814.09060000,1.23892591,45.82275834
87085_2132_00001,impasse Claude Galien,1,,BM0148,1563506.58440000,5184221.01090000,1.24259058,45.84447705
87085_2132_00001_bis,impasse Claude Galien,1,bis,BM0148,1563499.84440000,5184213.64600000,1.24250592,45.84440947
87085_2132_00003,impasse Claude Galien,3,,BM0148,1563485.20340000,5184197.77890000,1.24232198,45.84426383
87085_1431_00001,impasse Croix Verte,1,,HV0707,1564764.46270000,5181623.74610000,1.25951174,45.82136169
87085_1431_00002,impasse Croix Verte,2,,HV0707,1564768.96360000,5181626.26780000,1.25956894,45.82138526
87085_1431_00003,impasse Croix Verte,3,,HV0707,1564755.22700000,5181632.57410000,1.25939043,45.82143928
87085_1431_00004,impasse Croix Verte,4,,HV0707,1564754.00250000,5181640.06870000,1.25937257,45.82150646
87085_1431_00005,impasse Croix Verte,5,,HV0707,1564746.48530000,5181643.12250000,1.25927499,45.82153245
87085_1431_00006,impasse Croix Verte,6,,HV0707,1564746.27860000,5181654.42350000,1.25926916,45.82163407
87085_1431_00007,impasse Croix Verte,7,,HV0707,1564740.15180000,5181655.67860000,1.25918998,45.82164416
87085_1431_00008,impasse Croix Verte,8,,HV0707,1564731.89320000,5181677.81620000,1.25907749,45.82184168
87085_1431_00010,impasse Croix Verte,10,,HV0707,1564720.91930000,5181699.02460000,1.25893034,45.82203030
87085_1431_00012,impasse Croix Verte,12,,HV0703,1564721.11590000,5181723.01570000,1.25892612,45.82224615
87085_0160_00001,impasse d'Ambazac,1,,CT1107,1565800.96190000,5183953.59589999,1.27219700,45.84252300
87085_0160_00002,impasse d'Ambazac,2,,CT1521,1565793.72450000,5183943.11730000,1.27210675,45.84242746
87085_0160_00004,impasse d'Ambazac,4,,CT1522,1565801.71210000,5183946.57200000,1.27220859,45.84246010
87085_0160_00005,impasse d'Ambazac,5,,CT1196,1565816.28130000,5183960.58090000,1.27239220,45.84258896
87085_0160_00006,impasse d'Ambazac,6,,CT1230,1565810.48760000,5183949.98520000,1.27232058,45.84249252
87085_0160_00010,impasse d'Ambazac,10,,CT1228,1565825.08280000,5183956.27310000,1.27250668,45.84255193
87085_0160_00012,impasse d'Ambazac,12,,CT0834,1565836.09870000,5183961.04130000,1.27264713,45.84259697
87085_0160_00015,impasse d'Ambazac,15,,CT1204,1565872.18330000,5183983.38830000,1.27310534,45.84280504
87085_0160_00018,impasse d'Ambazac,18,,CT1226,1565860.54900000,5183971.32470000,1.27295896,45.84269425
87085_0160_00019,impasse d'Ambazac,19,,CT1208,1565887.66850000,5183989.80440000,1.27330286,45.84286577
87085_0160_00020,impasse d'Ambazac,20,,CT1224,1565873.02960000,5183976.93690000,1.27311803,45.84274717
87085_0160_00021,impasse d'Ambazac,21,,CT0868,1565899.38900000,5183994.89230000,1.27345229,45.84291383
87085_0160_00022,impasse d'Ambazac,22,,CT1222,1565881.87050000,5183980.88540000,1.27323072,45.84278441
87085_0160_00023,impasse d'Ambazac,23,,CT1210,1565911.43030000,5184000.12090000,1.27360582,45.84296321
87085_0160_00024,impasse d'Ambazac,24,,CT1220,1565888.28540000,5183983.28220000,1.27331262,45.84280722
87085_0160_00025,impasse d'Ambazac,25,,CT0890,1565922.23990000,5184004.69640000,1.27374367,45.84300648
87085_0160_00027,impasse d'Ambazac,27,,CT1212,1565937.06290000,5184011.45270000,1.27393257,45.84307014
87085_0160_00029,impasse d'Ambazac,29,,CT1214,1565951.76080000,5184017.83610000,1.27411997,45.84313043
87085_0160_00030,impasse d'Ambazac,30,,CT1218,1565919.18160000,5183996.34340000,1.27370664,45.84293074
87085_0160_00032,impasse d'Ambazac,32,,CT1216,1565926.63420000,5184002.55890000,1.27380083,45.84298811
87085_0322_00001,impasse d'Auzette,1,,EV0040,1565563.90080000,5181973.96780000,1.26969940,45.82466886
87085_0322_00002,impasse d'Auzette,2,,EV0039,1565573.87380000,5181969.12220000,1.26982907,45.82462722
87085_0322_00003,impasse d'Auzette,3,,EV0041,1565571.46610000,5181972.90410000,1.26979704,45.82466077
87085_0322_00005,impasse d'Auzette,5,,EV0042,1565587.07750000,5181970.05670000,1.26999870,45.82463821
87085_2572_00001,impasse d'Isly,1,,EI0040,1565047.91360000,5182967.14220000,1.26278156,45.83350202
87085_2572_00002,impasse d'Isly,2,,EI0178,1565039.26250000,5182973.13840000,1.26266855,45.83355426
87085_2572_00003,impasse d'Isly,3,,EI0039,1565032.56440000,5182961.71800000,1.26258556,45.83345021
87085_2572_00005,impasse d'Isly,5,,EI0189,1565023.84640000,5182958.19910000,1.26247436,45.83341684
87085_1470_00002,impasse Daguerre,2,,DS0232,1565393.93350000,5183647.28480000,1.26704395,45.83968812
87085_1470_00003,impasse Daguerre,3,,DS0230,1565405.00850000,5183657.43790000,1.26718365,45.83978163
87085_1470_00004,impasse Daguerre,4,,DS0233,1565406.91070000,5183646.67320000,1.26721114,45.83968516
87085_1470_00005,impasse Daguerre,5,,DS0323,1565414.19960000,5183657.24460000,1.26730199,45.83978169
87085_1470_00006,impasse Daguerre,6,,DS0234,1565414.10930000,5183646.55460000,1.26730383,45.83968551
87085_1470_00007,impasse Daguerre,7,,DS0322,1565420.50710000,5183656.79670000,1.26738330,45.83977889
87085_1470_00008,impasse Daguerre,8,,DS0235,1565424.54450000,5183646.05850000,1.26743827,45.83968309
87085_1470_00010,impasse Daguerre,10,,DS0236,1565429.77180000,5183646.22290000,1.26750550,45.83968559
87085_1470_00012,impasse Daguerre,12,,DS0237,1565437.66800000,5183645.96160000,1.26760720,45.83968478
87085_1470_00014,impasse Daguerre,14,,DS0238,1565443.65320000,5183645.42460000,1.26768438,45.83968112
87085_1495_00001,impasse Danton,1,,IW0161,1562902.70010000,5182251.97410000,1.23537944,45.82664439
87085_1495_00003,impasse Danton,3,,IW0420,1562892.16870000,5182244.60150000,1.23524604,45.82657597
87085_1495_00004,impasse Danton,4,,IW0162,1562880.22100000,5182249.88840000,1.23509080,45.82662114
87085_1495_00005,impasse Danton,5,,IW0157,1562880.86900000,5182236.99400000,1.23510281,45.82650528
87085_1495_00006,impasse Danton,6,,IW0369,1562870.95260000,5182243.32710000,1.23497341,45.82656027
87085_1495_00007,impasse Danton,7,,IW0156,1562873.00350000,5182231.32840000,1.23500322,45.82645275
87085_1495_00008,impasse Danton,8,,IW0163,1562864.78950000,5182239.02750000,1.23489534,45.82652037
87085_1495_00009,impasse Danton,9,,IW0505,1562864.59490000,5182225.27580000,1.23489676,45.82639663
87085_1495_00010,impasse Danton,10,,IW0164,1562858.63980000,5182234.76770000,1.23481742,45.82648082
87085_1495_00011_b,impasse Danton,11,b,IW0627,1562851.16520000,5182216.26550000,1.23472652,45.82631289
87085_1495_00012,impasse Danton,12,,IW0165,1562850.55930000,5182229.05800000,1.23471508,45.82642785
87085_1495_00014,impasse Danton,14,,IW0166,1562841.90580000,5182222.92590000,1.23460548,45.82637096
87085_1495_00015,impasse Danton,15,,IW0377,1562838.01950000,5182206.95440000,1.23456003,45.82622652
87085_1495_00016,impasse Danton,16,,IW0167,1562826.39330000,5182212.11290000,1.23440897,45.82627060
87085_1495_00018,impasse Danton,18,,IW0476,1562818.02910000,5182200.52110000,1.23430465,45.82616466
87085_0713_00003,impasse de Brégefort,3,,BE0586,1563769.41860000,5184145.41040001,1.24599501,45.84384911
87085_0713_00005,impasse de Brégefort,5,,BE0594,1563779.00440000,5184147.11320000,1.24611791,45.84386633
87085_0713_00007,impasse de Brégefort,7,,BE0596,1563798.29730000,5184150.04110000,1.24636540,45.84389649
87085_0713_00009,impasse de Brégefort,9,,BE0673,1563811.07920000,5184152.11550000,1.24652933,45.84391768
87085_0713_00009_b,impasse de Brégefort,9,b,BE0673,1563815.11410000,5184156.81190001,1.24657993,45.84396073
87085_0713_00011,impasse de Brégefort,11,,BE0466,1563828.91690000,5184153.48230000,1.24675853,45.84393351
87085_1068_00001,impasse de Chatou,1,,CN0250,1566055.78930000,5184105.12550000,1.27543459,45.84393593
87085_1068_00009,impasse de Chatou,9,,CN0251,1566066.18470000,5184070.81440000,1.27557796,45.84362930
87085_1068_00010,impasse de Chatou,10,,CN0258,1566060.80970000,5184061.96570000,1.27551124,45.84354866
87085_1068_00012,impasse de Chatou,12,,CN0257,1566063.57740000,5184052.75010000,1.27554943,45.84346630
87085_1068_00013,impasse de Chatou,13,,CN0645,1566070.63630000,5184056.00160000,1.27563938,45.84349692
87085_1068_00014,impasse de Chatou,14,,CN0256,1566067.20710000,5184040.76240000,1.27559949,45.84335917
87085_1068_00015,impasse de Chatou,15,,CN0744,1566073.75250000,5184046.68590000,1.27568209,45.84341373
87085_1983_00003,impasse de Fontaury,3,,CW0107,1564951.57690000,5183920.82520000,1.26127387,45.84206205
87085_1983_00004,impasse de Fontaury,4,,CW0116,1564960.75870000,5183925.36330000,1.26139077,45.84210467
87085_1983_00005,impasse de Fontaury,5,,CW0108,1564955.90830000,5183930.73860000,1.26132684,45.84215207
87085_1983_00006,impasse de Fontaury,6,,CW0115,1564967.32050000,5183939.61900000,1.26147122,45.84223420
87085_1983_00007,impasse de Fontaury,7,,CW0109,1564960.18320000,5183939.98320000,1.26137926,45.84223607
87085_1983_00008,impasse de Fontaury,8,,CW0114,1564975.02140000,5183955.96570000,1.26156575,45.84238276
87085_1983_00009,impasse de Fontaury,9,,CW0110,1564964.48790000,5183948.99350000,1.26143213,45.84231797
87085_1983_00009_bis,impasse de Fontaury,9,bis,CW0110,1564966.81330000,5183953.96740000,1.26146066,45.84236317
87085_1983_00011,impasse de Fontaury,11,,CW0112,1564968.80000000,5183957.95020000,1.26148512,45.84239939
87085_1983_00013,impasse de Fontaury,13,,CW0113,1564974.68510000,5183963.77990000,1.26155922,45.84245299
87085_0350_00001,impasse de la Baleine,1,,DS0125,1565599.90670000,5183647.99880000,1.26969468,45.83973484
87085_0350_00002,impasse de la Baleine,2,,DS0133,1565594.74800000,5183645.55540000,1.26962897,45.83971185
87085_0350_00003,impasse de la Baleine,3,,DS0126,1565606.89540000,5183643.93930000,1.26978576,45.83969969
87085_0350_00004,impasse de la Baleine,4,,DS0131,1565613.66250000,5183634.44890000,1.26987550,45.83961564
87085_0350_00005,impasse de la Baleine,5,,DS0127,1565618.69830000,5183636.96290000,1.26993961,45.83963923
87085_0350_00005_bis,impasse de la Baleine,5,bis,DS0128,1565627.14330000,5183631.77950000,1.27004975,45.83959426
87085_0350_00006,impasse de la Baleine,6,,DS0130,1565627.51260000,5183625.93160000,1.27005614,45.83954172
87085_0350_00007,impasse de la Baleine,7,,DS0129,1565634.29190000,5183627.17800000,1.27014304,45.83955426
87085_3118_00001,impasse de la Loi,1,,DY0311,1564839.50740000,5182384.04880000,1.26026356,45.82821582
87085_3468_00003,impasse de la Mauvendière,3,,DI0196,1563835.64480000,5182974.91940000,1.24717902,45.83333302
87085_3468_00004,impasse de la Mauvendière,4,,DI0268,1563843.35940000,5182995.74700000,1.24727240,45.83352190
87085_3468_00006,impasse de la Mauvendière,6,,DI0268,1563834.61930000,5182984.99120000,1.24716297,45.83342342
87085_3468_00010,impasse de la Mauvendière,10,,DI0004,1563815.19640000,5182965.41880000,1.24691857,45.83324351
87085_3468_00012,impasse de la Mauvendière,12,,DI0005,1563811.34490000,5182963.11960000,1.24686965,45.83322206
87085_3468_00014,impasse de la Mauvendière,14,,DI0006,1563805.41970000,5182954.04600000,1.24679597,45.83313927
87085_3468_00016,impasse de la Mauvendière,16,,DI0009,1563812.58040000,5182943.09770000,1.24689122,45.83304220
87085_3468_00018,impasse de la Mauvendière,18,,DI0221,1563823.19470000,5182932.18450000,1.24703091,45.83294613
87085_3468_00028,impasse de la Mauvendière,28,,DI0026,1563817.57200000,5182883.71190000,1.24697228,45.83250898
87085_3962_00001,impasse de la Pélisserie,1,,HN0251,1564533.42770000,5180300.23160000,1.25691198,45.80941042
87085_3962_00002,impasse de la Pélisserie,2,,HN0257,1564525.78950000,5180291.80690000,1.25681610,45.80933313
87085_3962_00004,impasse de la Pélisserie,4,,HN0299,1564547.45570000,5180272.74330000,1.25710016,45.80916590
87085_3962_00008,impasse de la Pélisserie,8,,HN0247,1564587.49940000,5180139.97230000,1.25765261,45.80797943
87085_3962_00011,impasse de la Pélisserie,11,,HN0029,1564618.43520000,5180187.11140000,1.25803727,45.80840956
87085_4003_00001,impasse de la Perdrix,1,,IW0629,1562258.70360000,5182239.16740000,1.22709677,45.82640051
87085_4460_00005,impasse de la Rampe,5,,EV0136,1565855.63730000,5181976.45950000,1.27345241,45.82474823
87085_4460_00007,impasse de la Rampe,7,,EV0135,1565853.95560000,5181971.94940000,1.27343203,45.82470733
87085_4460_00008,impasse de la Rampe,8,,EV0125,1565850.18530000,5181966.58620000,1.27338501,45.82465835
87085_4460_00009,impasse de la Rampe,9,,EV0134,1565852.16480000,5181966.54250000,1.27341050,45.82465835
87085_4460_00010,impasse de la Rampe,10,,EV0126,1565848.59260000,5181962.50110000,1.27336566,45.82462129
87085_4460_00011,impasse de la Rampe,11,,EV0133,1565849.26450000,5181958.41920000,1.27337544,45.82458471
87085_4460_00012,impasse de la Rampe,12,,EV0474,1565846.55150000,5181956.49420000,1.27334107,45.82456686
87085_4460_00013,impasse de la Rampe,13,,EV0440,1565845.81920000,5181948.63530000,1.27333384,45.82449602
87085_4460_00014,impasse de la Rampe,14,,EV0128,1565844.60840000,5181951.41740000,1.27331749,45.82452081
87085_4460_00015,impasse de la Rampe,15,,EV0439,1565844.26940000,5181944.16140000,1.27331515,45.82445547
87085_4460_00017,impasse de la Rampe,17,,EV0437,1565841.90570000,5181936.92420000,1.27328676,45.82438991
87085_4460_00018,impasse de la Rampe,18,,EV0129,1565832.05320000,5181938.43890000,1.27315957,45.82440161
87085_4543_00001,impasse de la Ribière,1,,HO0235,1564551.17810000,5180368.66330000,1.25712104,45.81002950
87085_4543_00016,impasse de la Ribière,16,,HO0346,1564600.82430000,5180270.48340000,1.25778728,45.80915608
87085_4543_00020,impasse de la Ribière,20,,HO0026,1564625.99130000,5180244.56640000,1.25811830,45.80892789
87085_4568_00005,impasse de la Roche,5,,EW0046,1565339.57570000,5181323.33470000,1.26699524,45.81877213
87085_4568_00006,impasse de la Roche,6,,EW0019,1565337.90260000,5181314.01070000,1.26697633,45.81868793
87085_4568_00007,impasse de la Roche,7,,EW0545,1565344.55140000,5181327.32140000,1.26705814,45.81880897
87085_4568_00009,impasse de la Roche,9,,EW0044,1565350.22690000,5181332.84710000,1.26712961,45.81885978
87085_4568_00010,impasse de la Roche,10,,EW0023,1565367.50640000,5181291.98030000,1.26736336,45.81849554
87085_4568_00011,impasse de la Roche,11,,EW0545,1565346.87900000,5181323.57900000,1.26708913,45.81877576
87085_4568_00012,impasse de la Roche,12,,EW0021,1565362.59840000,5181298.55730000,1.26729837,45.81855375
87085_4568_00013,impasse de la Roche,13,,EW0037,1565356.38920000,5181319.07060000,1.26721275,45.81873706
87085_4568_00016,impasse de la Roche,16,,EW0018,1565345.03730000,5181299.07650000,1.26707230,45.81855498
87085_4568_00017,impasse de la Roche,17,,EW0036,1565377.69720000,5181332.44290000,1.26748314,45.81886152
87085_4568_00018,impasse de la Roche,18,,EW0017,1565337.46170000,5181286.08540000,1.26697847,45.81843663
87085_3612_00005,impasse de Montplaisir,5,,EL0600,1565910.59280000,5183648.09020000,1.27369326,45.83979631
87085_3612_00007,impasse de Montplaisir,7,,EL0571,1565895.85100000,5183654.46840000,1.27350175,45.83985081
87085_3612_00008,impasse de Montplaisir,8,,EL0742,1565888.73560000,5183667.67120000,1.27340649,45.83996819
87085_3612_00009,impasse de Montplaisir,9,,EL0572,1565886.30830000,5183658.38780000,1.27337784,45.83988421
87085_3612_00012,impasse de Montplaisir,12,,EL0008,1565877.16120000,5183682.89900000,1.27325327,45.84010292
87085_3612_00013,impasse de Montplaisir,13,,EL0573,1565875.87520000,5183665.54670000,1.27324156,45.83994657
87085_3612_00014,impasse de Montplaisir,14,,EL0007,1565872.47190000,5183697.11060000,1.27318895,45.84022985
87085_3612_00016,impasse de Montplaisir,16,,EL0003,1565868.64260000,5183708.60140000,1.27313646,45.84033247
87085_3612_00017,impasse de Montplaisir,17,,EL0574,1565872.05750000,5183673.00090000,1.27319035,45.84001289
87085_3612_00018,impasse de Montplaisir,18,,EL0002,1565865.19260000,5183718.84730000,1.27308920,45.84042396
87085_3612_00019,impasse de Montplaisir,19,,EL0575,1565868.18280000,5183683.94170000,1.27313742,45.84011055
87085_3737_00003,impasse de Naugeat,3,,NP0009,1563549.68980000,5181166.66150000,1.24401227,45.81701005
87085_3737_00005,impasse de Naugeat,5,,NP0022,1563557.31560000,5181190.00440000,1.24410375,45.81722154
87085_3737_00009,impasse de Naugeat,9,,NP0013,1563571.42370000,5181210.34370000,1.24427948,45.81740731
87085_3737_00011,impasse de Naugeat,11,,NP0012,1563574.03270000,5181215.14750000,1.24431168,45.81745104
87085_3737_00015,impasse de Naugeat,15,,NP0014,1563578.57760000,5181218.23960000,1.24436928,45.81747975
87085_3767_00003,impasse de Nexon,3,,HR0001,1565241.70350000,5181470.71490000,1.26569479,45.82007874
87085_3767_00005,impasse de Nexon,5,,HR0011,1565226.46530000,5181466.42250000,1.26549994,45.82003714
87085_3767_00007,impasse de Nexon,7,,HR0352,1565221.85040000,5181440.26560000,1.26544790,45.81980094
87085_3767_00009,impasse de Nexon,9,,HR0013,1565205.42670000,5181459.56640000,1.26523119,45.81997134
87085_3767_00009_b,impasse de Nexon,9,b,HR0556,1565214.36960000,5181462.50330000,1.26534542,45.81999952
87085_3767_00015,impasse de Nexon,15,,HR0013,1565166.05660000,5181448.87720000,1.26472800,45.81986700
87085_3767_00021,impasse de Nexon,21,,HR0375,1565142.00730000,5181414.97570000,1.26442776,45.81955779
87085_0253_00005,impasse des Argentiers,5,,IK0027,1564306.97870000,5182395.98450000,1.25340787,45.82821833
87085_0253_00006,impasse des Argentiers,6,,IK0022,1564300.74870000,5182401.84770000,1.25332605,45.82826984
87085_0253_00007,impasse des Argentiers,7,,IK0026,1564293.78510000,5182383.24220000,1.25324170,45.82810110
87085_0253_00008,impasse des Argentiers,8,,IK0023,1564285.42360000,5182391.34140000,1.25313182,45.82817231
87085_0253_00009,impasse des Argentiers,9,,IK0025,1564287.41130000,5182378.24370000,1.25316109,45.82805488
87085_0253_00011,impasse des Argentiers,11,,IK0024,1564283.16580000,5182381.69310000,1.25310549,45.82808507
87085_0299_00012,impasse des Audouines,12,,CN0475,1566447.50070000,5184256.42530000,1.28043436,45.84537316
87085_0299_00014,impasse des Audouines,14,,CN0119,1566457.85110000,5184279.03430000,1.28056130,45.84557855
87085_0299_00016,impasse des Audouines,16,,CN0124,1566458.45000000,5184282.42940000,1.28056807,45.84560921
87085_0299_00018,impasse des Audouines,18,,CN0124,1566456.57930000,5184286.07260000,1.28054297,45.84564162
87085_0299_00020,impasse des Audouines,20,,CN0124,1566451.59500000,5184289.22280000,1.28047794,45.84566899
87085_0879_00007,impasse des Carriers,7,,EV0457,1565825.24080000,5181936.87350000,1.27307235,45.82438620
87085_0973_00001,impasse des Charentes,1,,CZ0037,1564472.68770000,5183402.87220000,1.25525628,45.83730854
87085_0973_00002,impasse des Charentes,2,,CZ0027,1564455.26460000,5183390.89630000,1.25503543,45.83719737
87085_0973_00002_bis,impasse des Charentes,2,bis,CZ0276,1564433.97650000,5183393.89760000,1.25476061,45.83722018
87085_0973_00004,impasse des Charentes,4,,CZ0275,1564424.42140000,5183396.84150000,1.25463681,45.83724478
87085_0973_00015,impasse des Charentes,15,,CZ0209,1564443.58350000,5183381.97010000,1.25488761,45.83711478
87085_1435_00001,impasse des Cros,1,,CN0261,1566018.12420000,5184090.73050000,1.27495381,45.84379910
87085_1435_00009,impasse des Cros,9,,CN0262,1566004.06250000,5184039.58040000,1.27478708,45.84333623
87085_1435_00010,impasse des Cros,10,,CN0580,1565996.39070000,5184045.95140000,1.27468656,45.84339205
87085_1435_00011,impasse des Cros,11,,CN0263,1566008.03040000,5184024.16420000,1.27484245,45.84319833
87085_1435_00014,impasse des Cros,14,,CN0490,1565998.98660000,5184032.18600000,1.27472381,45.84326872
87085_1435_00016,impasse des Cros,16,,CN0494,1566000.60000000,5184026.25970000,1.27474623,45.84321573
87085_1435_00018,impasse des Cros,18,,CN0672,1566002.38290000,5184019.80070000,1.27477098,45.84315797
87085_1435_00020,impasse des Cros,20,,EK0069,1566005.65420000,5184011.86680000,1.27481530,45.84308724
87085_2935_00007,impasse des Laques,7,,CN0828,1566106.54240000,5184125.65090000,1.27608213,45.84413045
87085_2935_00010,impasse des Laques,10,,CN0248,1566106.23840000,5184105.88400000,1.27608372,45.84395258
87085_2935_00013,impasse des Laques,13,,CN0244,1566115.74310000,5184102.94680000,1.27620688,45.84392801
87085_2935_00015,impasse des Laques,15,,CN0816,1566119.76190000,5184093.54360000,1.27626123,45.84384420
87085_2935_00016,impasse des Laques,16,,CN0646,1566118.51750000,5184073.54860000,1.27625078,45.84366409
87085_2935_00017,impasse des Laques,17,,CN0815,1566123.59840000,5184081.50500000,1.27631396,45.84373665
87085_2935_00021,impasse des Laques,21,,CN0243,1566131.60190000,5184060.37810000,1.27642286,45.84354816
87085_3070_00007,impasse des Lèzes,7,,EL0149,1565969.44080000,5183059.43180000,1.27461479,45.83451244
87085_3070_00008,impasse des Lèzes,8,,EL0133,1565975.23150000,5183045.97500000,1.27469307,45.83439251
87085_3070_00009,impasse des Lèzes,9,,EL0148,1565976.08090000,5183054.69050000,1.27470157,45.83447108
87085_3070_00011,impasse des Lèzes,11,,EL0147,1565985.73150000,5183047.72600000,1.27482770,45.83441031
87085_3070_00013,impasse des Lèzes,13,,EL0143,1565995.71820000,5183040.76830000,1.27495816,45.83434967
87085_3102_00001,impasse des Lilas,1,,BT0006,1564093.84800000,5185144.97810000,1.24988804,45.85290498
87085_3102_00001_b,impasse des Lilas,1,b,BT0007,1564090.67300000,5185135.45309999,1.24984986,45.85281867
87085_3102_00005,impasse des Lilas,5,,BT0005,1564095.91410000,5185153.56990000,1.24991221,45.85298267
87085_3102_00007,impasse des Lilas,7,,BT0004,1564098.92410000,5185164.13060000,1.24994797,45.85307827
87085_3540_00001,impasse des Moineaux,1,,DR0099,1565153.54550000,5183767.03790000,1.26391651,45.84071828
87085_3540_00003,impasse des Moineaux,3,,DR0100,1565142.08090000,5183766.64830000,1.26376907,45.84071252
87085_3540_00005,impasse des Moineaux,5,,DR0101,1565131.36930000,5183766.35540000,1.26363129,45.84070779
87085_4193_00025,impasse des Places,25,,IV0792,1562754.71230000,5181659.23370000,1.23364444,45.82128286
87085_4193_00027,impasse des Places,27,,IV0603,1562752.41900000,5181653.32010000,1.23361662,45.82122920
87085_4652_00001,impasse des Ruchoux,1,,BH0317,1563614.30470000,5183767.62990000,1.24410574,45.84042002
87085_4652_00002,impasse des Ruchoux,2,,BH0326,1563615.52360000,5183777.06520000,1.24411875,45.84050514
87085_4652_00005,impasse des Ruchoux,5,,BH0318,1563598.88310000,5183762.60540000,1.24390868,45.84037177
87085_4652_00006,impasse des Ruchoux,6,,BH0325,1563595.43310000,5183770.69990000,1.24386198,45.84044390
87085_4652_00007,impasse des Ruchoux,7,,BH0319,1563589.71190000,5183759.37670000,1.24379157,45.84034090
87085_4652_00008,impasse des Ruchoux,8,,BH0324,1563584.54250000,5183767.35120000,1.24372277,45.84041161
87085_4652_00009,impasse des Ruchoux,9,,BH0320,1563580.70680000,5183756.28370000,1.24367654,45.84031129
87085_4652_00011,impasse des Ruchoux,11,,BH0321,1563572.57400000,5183753.44360000,1.24357268,45.84028413
87085_4652_00012,impasse des Ruchoux,12,,BH0323,1563564.06310000,5183760.42080000,1.24346116,45.84034521
87085_4652_00014,impasse des Ruchoux,14,,BH0322,1563551.41290000,5183759.13170000,1.24329872,45.84033110
87085_4652_00016,impasse des Ruchoux,16,,BH0948,1563545.99500000,5183754.04340000,1.24323043,45.84028425
87085_5010_00002,impasse des Teinturiers,2,,HS0166,1565116.53590000,5181722.54180000,1.26401379,45.82231954
87085_5010_00004,impasse des Teinturiers,4,,HS0165,1565118.80940000,5181729.88580000,1.26404099,45.82238605
87085_5010_00006,impasse des Teinturiers,6,,HS0164,1565120.90520000,5181735.76530000,1.26406630,45.82243935
87085_5096_00003,impasse des Trois Châtains,3,,EM0219,1565516.16050000,5183012.25570000,1.26879472,45.83399957
87085_5096_00005,impasse des Trois Châtains,5,,EM0220,1565507.07240000,5183022.90010000,1.26867478,45.83409354
87085_5096_00005_bis,impasse des Trois Châtains,5,bis,EM0220,1565502.92890000,5183027.83200000,1.26862008,45.83413710
87085_5096_00007,impasse des Trois Châtains,7,,EM0453,1565500.23330000,5183030.80840000,1.26858456,45.83416335
87085_5096_00009,impasse des Trois Châtains,9,,EM0453,1565492.83080000,5183040.03200000,1.26848672,45.83424487
87085_5048_00010,impasse de Toulouse,10,,ET0028,1565996.19680000,5181689.11030000,1.27534103,45.82219074
87085_5048_00019,impasse de Toulouse,19,,ET0035,1565990.42090000,5181697.23900000,1.27526445,45.82226274
87085_5048_00025,impasse de Toulouse,25,,ET0034,1565986.00690000,5181695.46970000,1.27520815,45.82224596
87085_5154_00001,impasse de Vanteaux,1,,IV0746,1562783.61080000,5181636.92440000,1.23402261,45.82108794
87085_5154_00002,impasse de Vanteaux,2,,IV0742,1562788.56600000,5181646.93690000,1.23408351,45.82117899
87085_5154_00003,impasse de Vanteaux,3,,IV0770,1562799.05650000,5181646.53160000,1.23421859,45.82117744
87085_5154_00006,impasse de Vanteaux,6,,IV0620,1562802.40720000,5181656.62840000,1.23425882,45.82126893
87085_5238_00001,impasse de Verthamont,1,,NK0098,1562128.72580000,5181218.96330000,1.22571682,45.81719721
87085_5238_00003,impasse de Verthamont,3,,NK0099,1562119.12000000,5181236.33720000,1.22558826,45.81735157
87085_5238_00004,impasse de Verthamont,4,,NK0117,1562126.83730000,5181245.95760000,1.22568479,45.81743966
87085_5238_00005,impasse de Verthamont,5,,NK0100,1562113.24650000,5181247.24550000,1.22550957,45.81744852
87085_5238_00006,impasse de Verthamont,6,,NK0118,1562119.08230000,5181259.80810000,1.22558105,45.81756270
87085_5238_00007,impasse de Verthamont,7,,NK0101,1562107.02540000,5181253.94369999,1.22542762,45.81750753
87085_5238_00008,impasse de Verthamont,8,,NK0119,1562115.01070000,5181263.65420000,1.22552756,45.81759648
87085_5238_00009,impasse de Verthamont,9,,NK0102,1562097.41490000,5181256.78320001,1.22530316,45.81753114
87085_5238_00010,impasse de Verthamont,10,,NK0123,1562104.07300000,5181267.91970000,1.22538563,45.81763266
87085_5238_00015,impasse de Verthamont,15,,NK0316,1562041.58500000,5181257.44729999,1.22458473,45.81752592
87085_5238_00016,impasse de Verthamont,16,,NK0127,1562049.05990000,5181268.64570000,1.22467768,45.81762816
87085_5238_00018,impasse de Verthamont,18,,NK0320,1562036.80270000,5181266.82710000,1.22452051,45.81760934
87085_5238_00019,impasse de Verthamont,19,,NK0318,1562024.13090000,5181256.57670000,1.22436043,45.81751459
87085_5238_00021,impasse de Verthamont,21,,NK0312,1561973.94590000,5181255.19140000,1.22371520,45.81749206
87085_5238_00022,impasse de Verthamont,22,,NK0322,1561987.56630000,5181263.42170000,1.22388806,45.81756883
87085_5238_00024,impasse de Verthamont,24,,None,1561973.19240000,5181262.15020000,1.22370351,45.81755451
87085_1560_00002,impasse Diderot,2,,NS0076,1563964.37050000,5181271.77910000,1.24931737,45.81803777
87085_1560_00002_bis,impasse Diderot,2,bis,NS0075,1563958.54950000,5181267.39040000,1.24924372,45.81799714
87085_1560_00003,impasse Diderot,3,,NS0078,1563958.75750000,5181287.25170000,1.24924078,45.81817585
87085_1560_00004,impasse Diderot,4,,NS0074,1563955.72980000,5181265.02070000,1.24920812,45.81797527
87085_1560_00006,impasse Diderot,6,,NS0073,1563951.11230000,5181261.18520000,1.24914980,45.81793985
87085_1560_00007,impasse Diderot,7,,NS0080,1563969.14490000,5181276.34770000,1.24937750,45.81807981
87085_1560_00008,impasse Diderot,8,,NS0072,1563935.79340000,5181251.86440000,1.24895535,45.81785298
87085_1560_00009,impasse Diderot,9,,NS0099,1563968.57200000,5181268.67530000,1.24937230,45.81801068
87085_1560_00010,impasse Diderot,10,,NS0071,1563922.50090000,5181249.30910000,1.24878507,45.81782736
87085_1560_00011,impasse Diderot,11,,NS0084,1563958.87780000,5181261.09320000,1.24924973,45.81794056
87085_3044_00005,impasse Dom Duclou,5,,DS0142,1565519.76540000,5183550.69440000,1.26869046,45.83884386
87085_3044_00009,impasse Dom Duclou,9,,DS0141,1565527.08700000,5183533.08640000,1.26878962,45.83868689
87085_3044_00011,impasse Dom Duclou,11,,DS0140,1565533.23020000,5183529.23580000,1.26886976,45.83865346
87085_1210_00001,impasse du Clos Jargot,1,,EP0435,1565884.90450000,5182401.71210000,1.27371037,45.82857936
87085_1210_00002,impasse du Clos Jargot,2,,EP0304,1565880.49060000,5182401.61180000,1.27365360,45.82857759
87085_1210_00004,impasse du Clos Jargot,4,,EP0061,1565846.09530000,5182360.11810000,1.27322259,45.82819762
87085_1210_00004_b,impasse du Clos Jargot,4,b,EP0467,1565886.25910000,5182391.23320000,1.27373073,45.82848536
87085_1210_00006,impasse du Clos Jargot,6,,EP0437,1565894.18200000,5182383.07930000,1.27383495,45.82841355
87085_1210_00007,impasse du Clos Jargot,7,,EP0433,1565911.23840000,5182374.69280000,1.27405676,45.82834144
87085_1210_00008,impasse du Clos Jargot,8,,EP0439,1565903.15500000,5182373.67700000,1.27395303,45.82833072
87085_1210_00010,impasse du Clos Jargot,10,,EP0441,1565913.91710000,5182362.54830000,1.27409462,45.82823271
87085_1210_00011,impasse du Clos Jargot,11,,EP0431,1565925.58790000,5182359.61330000,1.27424561,45.82820858
87085_1210_00012,impasse du Clos Jargot,12,,EP0443,1565926.91560000,5182350.15810000,1.27426533,45.82812379
87085_1210_00012_bis,impasse du Clos Jargot,12,bis,EP0367,1565908.73690000,5182319.04260000,1.27404010,45.82784034
87085_1225_00004,impasse du Clos la Planche,4,,ER0337,1566192.65180000,5182121.90120000,1.27774824,45.82612222
87085_1225_00005,impasse du Clos la Planche,5,,ER0589,1566187.38460000,5182111.49300000,1.27768336,45.82602757
87085_1225_00006,impasse du Clos la Planche,6,,ER0623,1566171.40990000,5182111.09790000,1.27747792,45.82602091
87085_1225_00007,impasse du Clos la Planche,7,,ER0588,1566176.38560000,5182105.71720000,1.27754344,45.82597347
87085_1228_00002,impasse du Clos les Brunes,2,,BH0507,1563516.40240000,5183411.21280000,1.24294692,45.83719443
87085_1228_00006,impasse du Clos les Brunes,6,,BH0508,1563526.29940000,5183434.55700000,1.24306766,45.83740639
87085_1228_00012,impasse du Clos les Brunes,12,,BH0510,1563533.30580000,5183445.07160000,1.24315484,45.83750237
87085_1597_00001,impasse Du Guesclin,1,,IV0646,1562738.08850000,5181503.22470000,1.23347509,45.81987615
87085_1597_00002,impasse Du Guesclin,2,,IV0650,1562778.81460000,5181521.82990000,1.23399374,45.82005164
87085_1597_00003,impasse Du Guesclin,3,,IV0647,1562749.38720000,5181508.36030000,1.23361898,45.81992461
87085_1597_00004,impasse Du Guesclin,4,,IV0649,1562767.37200000,5181516.49350000,1.23384805,45.82000136
87085_1597_00008,impasse Du Guesclin,8,,IV0651,1562744.66980000,5181546.26280000,1.23354748,45.82026462
87085_1597_00009,impasse Du Guesclin,9,,IV0653,1562730.90740000,5181538.52570000,1.23337262,45.82019227
87085_1597_00010,impasse Du Guesclin,10,,IV0652,1562736.37960000,5181544.84130000,1.23344122,45.82025018
87085_3387_00001,impasse du Mas Neuf,1,,SV0007,1566549.45540000,5184612.17710000,1.28164787,45.84859317
87085_3387_00003,impasse du Mas Neuf,3,,SV0008,1566538.36450000,5184623.38170000,1.28150199,45.84869181
87085_3387_00004,impasse du Mas Neuf,4,,SV0029,1566550.12220000,5184624.23270000,1.28165310,45.84870174
87085_3387_00005,impasse du Mas Neuf,5,,SV0009,1566531.90870000,5184630.16760000,1.28141701,45.84875160
87085_3387_00006,impasse du Mas Neuf,6,,SV0028,1566536.60330000,5184637.66260000,1.28147535,45.84881993
87085_3387_00007,impasse du Mas Neuf,7,,SV0010,1566528.05580000,5184634.02840000,1.28136634,45.84878558
87085_3387_00009,impasse du Mas Neuf,9,,SV0078,1566514.17760000,5184648.87670000,1.28118357,45.84891646
87085_3387_00011,impasse du Mas Neuf,11,,SV0012,1566503.60000000,5184658.77360000,1.28104466,45.84900343
87085_3387_00012,impasse du Mas Neuf,12,,SV0027,1566523.10200000,5184650.81710000,1.28129791,45.84893564
87085_3387_00013,impasse du Mas Neuf,13,,SV0013,1566493.68940000,5184668.70860000,1.28091432,45.84909088
87085_3387_00014,impasse du Mas Neuf,14,,SV0026,1566509.84070000,5184664.17080000,1.28112349,45.84905319
87085_3387_00015,impasse du Mas Neuf,15,,SV0014,1566478.94050000,5184683.50070000,1.28072036,45.84922108
87085_3387_00016,impasse du Mas Neuf,16,,SV0025,1566502.56270000,5184671.48040000,1.28102777,45.84911753
87085_3387_00018,impasse du Mas Neuf,18,,SV0024,1566495.45500000,5184678.63430000,1.28093429,45.84918051
87085_3387_00019,impasse du Mas Neuf,19,,SV0015,1566468.07120000,5184694.42030000,1.28057741,45.84931719
87085_3387_00020,impasse du Mas Neuf,20,,SV0023,1566488.00310000,5184686.15820000,1.28083628,45.84924674
87085_3387_00021,impasse du Mas Neuf,21,,SV0016,1566460.74550000,5184701.83770000,1.28048105,45.84938250
87085_3387_00022,impasse du Mas Neuf,22,,SV0021,1566478.90400000,5184695.29860000,1.28071661,45.84932720
87085_3387_00023,impasse du Mas Neuf,23,,SV0017,1566450.04920000,5184710.76670000,1.28034088,45.84946074
87085_3387_00024,impasse du Mas Neuf,24,,SV0020,1566466.15170000,5184707.87640000,1.28054896,45.84943787
87085_3387_00025,impasse du Mas Neuf,25,,SV0018,1566442.86480000,5184717.06960000,1.28024664,45.84951604
87085_3387_00026,impasse du Mas Neuf,26,,SV0019,1566451.22380000,5184722.15230000,1.28035283,45.84956339
87085_1604_00001,impasse Dupleix,1,,EL0488,1565763.50450000,5183461.83310000,1.27185221,45.83809212
87085_1604_00003,impasse Dupleix,3,,EL0486,1565758.99580000,5183466.02520000,1.27179302,45.83812895
87085_1604_00004,impasse Dupleix,4,,EL0793,1565759.90770000,5183482.76480000,1.27180008,45.83827971
87085_1604_00005,impasse Dupleix,5,,EL0485,1565753.93730000,5183470.89530000,1.27172655,45.83817177
87085_1604_00006,impasse Dupleix,6,,EL0834,1565755.38330000,1565755.38330000,1.27174050,45.83832238
87085_1604_00007,impasse Dupleix,7,,EL0484,1565747.27340000,5183477.35450000,1.27163899,45.83822857
87085_2900_00001,impasse Edouard Lalo,1,,EX0089,1566161.76550000,5180778.87480000,1.27772455,45.81403482
87085_2900_00004,impasse Edouard Lalo,4,,EX0129,1566159.16500000,5180764.98110000,1.27769496,45.81390933
87085_2900_00006,impasse Edouard Lalo,6,,EX0128,1566168.95240000,5180755.31590000,1.27782356,45.81382429
87085_2900_00007,impasse Edouard Lalo,7,,EX0205,1566188.62620000,5180750.67790000,1.27807794,45.81378639
87085_2900_00008,impasse Edouard Lalo,8,,EX0127,1566177.63540000,5180745.31990000,1.27793804,45.81373606
87085_2900_00011,impasse Edouard Lalo,11,,EX0498,1566202.46270000,5180735.74410000,1.27826009,45.81365475
87085_2900_00012,impasse Edouard Lalo,12,,EX0119,1566208.22290000,5180714.26370000,1.27834016,45.81346264
87085_2900_00014,impasse Edouard Lalo,14,,EX0118,1566218.56520000,5180703.88430000,1.27847609,45.81337128
87085_2900_00015,impasse Edouard Lalo,15,,EX0096,1566212.85660000,5180725.41940000,1.27839667,45.81356389
87085_1734_00003,impasse Encombe Vineuse,3,,CY0119,1564392.15240000,5183805.36600000,1.25410626,45.84091332
87085_1734_00004,impasse Encombe Vineuse,4,,CY0117,1564401.41070000,5183814.47000000,1.25422285,45.84099704
87085_1785_00001,impasse Etienne de Silhouette,1,,DP0143,1564601.88020000,5183487.03410000,1.25689523,45.83809107
87085_1785_00002,impasse Etienne de Silhouette,2,,DP0253,1564592.53030000,5183478.31760000,1.25677735,45.83801082
87085_1785_00003,impasse Etienne de Silhouette,3,,DP0142,1564610.86630000,5183484.80020000,1.25701151,45.83807275
87085_1785_00004,impasse Etienne de Silhouette,4,,DP0252,1564616.66930000,5183472.25170000,1.25708973,45.83796101
87085_1785_00005,impasse Etienne de Silhouette,5,,DP0132,1564622.92690000,5183482.04460000,1.25716750,45.83805033
87085_1785_00006,impasse Etienne de Silhouette,6,,DP0252,1564641.98540000,5183465.86940000,1.25741734,45.83790858
87085_1785_00007,impasse Etienne de Silhouette,7,,DP0133,1564633.19610000,5183478.88640000,1.25730055,45.83802395
87085_1785_00008,impasse Etienne de Silhouette,8,,DP0252,1564650.05520000,5183460.31310001,1.25752276,45.83786019
87085_1785_00009,impasse Etienne de Silhouette,9,,DP0134,1564648.16130000,5183475.45240000,1.25749412,45.83799600
87085_1785_00011,impasse Etienne de Silhouette,11,,DP0245,1564659.00120000,5183475.96860000,1.25763348,45.83800278
87085_1350_00001,impasse François Couperin,1,,EX0120,1566184.25170000,5180728.75310000,1.27802776,45.81358831
87085_1350_00003,impasse François Couperin,3,,EX0121,1566176.43160000,5180720.63970000,1.27792942,45.81351381
87085_1350_00005,impasse François Couperin,5,,EX0122,1566170.93450000,5180708.11110000,1.27786219,45.81340004
87085_1350_00007,impasse François Couperin,7,,EX0123,1566175.38590000,5180689.89460000,1.27792452,45.81323703
87085_1350_00008,impasse François Couperin,8,,EX0126,1566158.58110000,5180703.68400000,1.27770450,45.81335781
87085_1350_00010,impasse François Couperin,10,,EX0125,1566161.03510000,5180697.06560000,1.27773791,45.81329875
87085_1350_00012,impasse François Couperin,12,,EX0124,1566164.42250000,5180686.87270000,1.27778433,45.81320772
87085_2064_00009,impasse François Sarre,9,,IM1399,1563299.62050000,5182480.30250000,1.24042200,45.82877700
87085_2064_00010,impasse François Sarre,10,,IM1230,1563305.70590000,5182488.10770000,1.24049783,45.82884875
87085_1113_00001,impasse Frédéric Chopin,1,,DI0076,1563966.57830000,5182733.42070000,1.24893230,45.83118651
87085_2259_00012,impasse Gluck,12,,EX0041,1566048.02890000,5181019.38220000,1.27619443,45.81617620
87085_2259_00014,impasse Gluck,14,,EX0043,1566053.12730000,5181020.21120000,1.27625979,45.81618465
87085_0490_00001,impasse Henri Becquerel,1,,IM0233,1563523.96190000,5182643.01460000,1.24326230,45.83028557
87085_0490_00003,impasse Henri Becquerel,3,,IM1382,1563533.51730000,5182644.40090000,1.24338486,45.83029994
87085_0490_00008,impasse Henri Becquerel,8,,IM0711,1563553.06490000,5182631.85260000,1.24363996,45.83019094
87085_0490_00009,impasse Henri Becquerel,9,,IM1374,1563554.54240000,5182647.32210000,1.24365458,45.83033039
87085_2585_00001,impasse Jacquard,1,,DS0108,1565604.08270000,5183687.93910000,1.26973725,45.84009494
87085_2585_00003,impasse Jacquard,3,,DS0109,1565612.20200000,5183683.49060000,1.26984300,45.84005651
87085_2585_00004,impasse Jacquard,4,,DS0121,1565607.92820000,5183680.81690000,1.26978874,45.84003162
87085_2585_00006,impasse Jacquard,6,,DS0120,1565617.05360000,5183676.85500000,1.26990729,45.83999777
87085_2585_00008,impasse Jacquard,8,,DS0118,1565623.06180000,5183674.08270000,1.26998539,45.83997400
87085_2585_00009,impasse Jacquard,9,,DS0110,1565638.74950000,5183671.32010000,1.27018807,45.83995222
87085_2585_00010,impasse Jacquard,10,,DS0117,1565629.37430000,5183670.91400000,1.27006752,45.83994673
87085_2585_00011,impasse Jacquard,11,,DS0111,1565644.28940000,5183668.78680000,1.27026008,45.83993051
87085_2585_00012,impasse Jacquard,12,,DS0116,1565636.77660000,5183667.73960000,1.27016368,45.83991962
87085_2585_00013,impasse Jacquard,13,,DS0112,1565656.80380000,5183662.94660000,1.27042278,45.83988042
87085_2585_00014,impasse Jacquard,14,,DS0115,1565650.56190000,5183661.24010000,1.27034292,45.83986385
87085_2585_00015,impasse Jacquard,15,,DS0113,1565664.01040000,5183660.04410000,1.27051634,45.83985572
87085_2587_00002,impasse Jacques Cartier,2,,NM0038,1562584.13980000,5181406.37260000,1.23152213,45.81897418
87085_2587_00003,impasse Jacques Cartier,3,,NM0024,1562595.30970000,5181413.67130000,1.23166375,45.81904207
87085_2587_00004,impasse Jacques Cartier,4,,NM0037,1562583.96040000,5181395.67850000,1.23152288,45.81887795
87085_2587_00005,impasse Jacques Cartier,5,,NM0025,1562595.30590000,5181404.15200000,1.23166642,45.81895644
87085_2587_00006,impasse Jacques Cartier,6,,NM0036,1562583.84520000,5181385.05540000,1.23152443,45.81878236
87085_2587_00007,impasse Jacques Cartier,7,,NM0026,1562595.19940000,5181394.60360000,1.23166778,45.81887052
87085_2587_00008,impasse Jacques Cartier,8,,NM0035,1562583.61740000,5181375.47920000,1.23152423,45.81869617
87085_2587_00009,impasse Jacques Cartier,9,,NM0027,1562594.96690000,5181384.46630000,1.23166768,45.81877928
87085_2587_00010,impasse Jacques Cartier,10,,NM0034,1562583.43170000,5181364.82780000,1.23152489,45.81860032
87085_2587_00011,impasse Jacques Cartier,11,,NM0028,1562594.48450000,5181373.93860000,1.23166448,45.81868449
87085_2587_00012,impasse Jacques Cartier,12,,NM0033,1562579.50800000,5181355.06730000,1.23147720,45.81851174
87085_2587_00013,impasse Jacques Cartier,13,,NM0029,1562594.40550000,5181364.76740000,1.23166609,45.81860197
87085_2587_00014,impasse Jacques Cartier,14,,NM0032,1562579.16060000,5181344.47130000,1.23147576,45.81841635
87085_2587_00015,impasse Jacques Cartier,15,,NM0030,1562598.33670000,5181351.82990000,1.23172036,45.81848638
87085_2587_00017,impasse Jacques Cartier,17,,NM0031,1562598.26900000,5181343.50990000,1.23172186,45.81841152
87085_1506_00001,impasse Jacques Daviel,1,,BM0148,1563644.66030000,5184301.10840000,1.24434506,45.84522497
87085_1506_00003,impasse Jacques Daviel,3,,BM0148,1563671.54990000,5184272.99780000,1.24469914,45.84497743
87085_1506_00005,impasse Jacques Daviel,5,,BM0148,1563634.09290000,5184270.96290000,1.24421759,45.84495170
87085_1506_00007,impasse Jacques Daviel,7,,BM0148,1563612.98800000,5184272.95410000,1.24394538,45.84496543
87085_2615_00001,impasse Jean-Antoine Chaptal,1,,BT0178,1564740.14150000,5185020.49250000,1.25824298,45.85191262
87085_2615_00002,impasse Jean-Antoine Chaptal,2,,BT0172,1564740.00460000,5185035.73790000,1.25823693,45.85204974
87085_2615_00003,impasse Jean-Antoine Chaptal,3,,BT0179,1564724.83570000,5185022.69760000,1.25804533,45.85192945
87085_2615_00004,impasse Jean-Antoine Chaptal,4,,BT0171,1564725.00360000,5185031.81170000,1.25804493,45.85201147
87085_2615_00005,impasse Jean-Antoine Chaptal,5,,BT0180,1564714.79330000,5185021.96500000,1.25791626,45.85192088
87085_2615_00006,impasse Jean-Antoine Chaptal,6,,BT0170,1564711.58820000,5185031.03090000,1.25787245,45.85200180
87085_2615_00007,impasse Jean-Antoine Chaptal,7,,BT0181,1564700.48920000,5185021.34990000,1.25773230,45.85191253
87085_2615_00008,impasse Jean-Antoine Chaptal,8,,BT0169,1564699.76160000,5185030.49710000,1.25772035,45.85199467
87085_2615_00009,impasse Jean-Antoine Chaptal,9,,BT0182,1564687.71670000,5185020.93240000,1.25756799,45.85190626
87085_2615_00010,impasse Jean-Antoine Chaptal,10,,BT0168,1564686.80820000,5185029.85310000,1.25755379,45.85198633
87085_2649_00003,impasse Jean Dorat,3,,BE0221,1564095.10020000,5183927.60630000,1.25024850,45.84195430
87085_2649_00005,impasse Jean Dorat,5,,BE0218,1564085.07940000,5183926.03490000,1.25011997,45.84193818
87085_2649_00007,impasse Jean Dorat,7,,BE0515,1564078.88920000,5183925.05790000,1.25004057,45.84192817
87085_2649_00009,impasse Jean Dorat,9,,BE0514,1564066.92930000,5183923.19960000,1.24988716,45.84190909
87085_2649_00010,impasse Jean Dorat,10,,BE0228,1564052.18080000,5183931.03970000,1.24969512,45.84197670
87085_2714_00003,impasse Jean Rougerie,3,,ON0339,1562002.18580000,5182101.85760000,1.22383556,45.82511392
87085_2714_00005,impasse Jean Rougerie,5,,ON0338,1562008.83280000,5182082.47170000,1.22392665,45.82494087
87085_2714_00007,impasse Jean Rougerie,7,,ON0337,1562015.22110000,5182065.83860000,1.22401362,45.82479253
87085_2714_00009,impasse Jean Rougerie,9,,ON0336,1562028.11910000,5182054.26310000,1.22418290,45.82469099
87085_2714_00011,impasse Jean Rougerie,11,,ON0335,1562024.03710000,5182038.09300000,1.22413501,45.82454471
87085_2757_00003,impasse Joseph Roux,3,,BT0500,1564649.54630000,5184966.28220000,1.25709202,45.85140714
87085_2757_00005,impasse Joseph Roux,5,,BT0227,1564635.61600000,5184964.51710000,1.25691320,45.85138852
87085_2757_00006,impasse Joseph Roux,6,,BT0241,1564634.93300000,5184973.47240000,1.25690188,45.85146894
87085_2757_00010,impasse Joseph Roux,10,,BT0240,1564609.94740000,5184970.25040000,1.25658115,45.85143504
87085_2757_00013,impasse Joseph Roux,13,,BT0374,1564584.96230000,5184957.86000000,1.25626301,45.85131866
87085_2757_00016,impasse Joseph Roux,16,,BT0237,1564583.26880000,5184966.68580000,1.25623873,45.85139772
87085_2990_00003,impasse Lelong,3,,DS0089,1565632.82600000,5183714.98560000,1.27009963,45.84034386
87085_2990_00004,impasse Lelong,4,,DS0104,1565631.57730000,5183710.00640000,1.27008495,45.84029882
87085_2990_00005,impasse Lelong,5,,DS0388,1565643.56180000,5183709.39510000,1.27023936,45.84029567
87085_2990_00006,impasse Lelong,6,,DS0104,1565637.42990000,5183706.92440000,1.27016113,45.84027224
87085_2990_00008,impasse Lelong,8,,DS0103,1565645.33220000,5183702.83970000,1.27026398,45.84023704
87085_2990_00010,impasse Lelong,10,,DS0102,1565652.12890000,5183699.28100000,1.27035245,45.84020636
87085_2990_00012,impasse Lelong,12,,DS0101,1565657.39900000,5183696.57440000,1.27042104,45.84018304
87085_2990_00013,impasse Lelong,13,,DS0093,1565673.74720000,5183693.61950000,1.27063227,45.84015965
87085_2990_00014,impasse Lelong,14,,DS0100,1565662.62080000,5183693.80140000,1.27048902,45.84015911
87085_2990_00015,impasse Lelong,15,,DS0094,1565682.83110000,5183688.89210000,1.27075050,45.84011890
87085_2990_00016,impasse Lelong,16,,DS0099,1565670.55590000,5183689.66790000,1.27059230,45.84012348
87085_2990_00018,impasse Lelong,18,,DS0098,1565678.41830000,5183685.46490000,1.27069467,45.84008721
87085_2990_00019,impasse Lelong,19,,DS0096,1565693.85830000,5183683.02230000,1.27089407,45.84006825
87085_2990_00020,impasse Lelong,20,,DS0344,1565684.39900000,5183682.26780000,1.27077253,45.84005962
87085_2990_00021,impasse Lelong,21,,DS0096,1565695.63220000,5183697.71110000,1.27091279,45.84020073
87085_2990_00024,impasse Lelong,24,,EK0069,1565701.99620000,5183675.73910000,1.27100084,45.84000432
87085_2990_00027,impasse Lelong,27,,DS0092,1565668.54200000,5183711.42310000,1.27056030,45.84031879
87085_2990_00029,impasse Lelong,29,,DS0091,1565658.88680000,5183716.37000000,1.27043465,45.84036140
87085_3065_00006,impasse Le Verrier,6,,OL0048,1562310.10910000,5183073.02600000,1.22751940,45.83391179
87085_3065_00007,impasse Le Verrier,7,,OL0057,1562315.52290000,5183066.45240000,1.22759095,45.83385375
87085_3065_00008,impasse Le Verrier,8,,OL0049,1562297.74270000,5183063.98990000,1.22736285,45.83382803
87085_3065_00009,impasse Le Verrier,9,,OL0056,1562300.07220000,5183055.07670000,1.22739538,45.83374832
87085_3065_00010,impasse Le Verrier,10,,OL0050,1562287.92260000,5183056.70600000,1.22723856,45.83376054
87085_3065_00011,impasse Le Verrier,11,,OL0114,1562287.03480000,5183045.18920000,1.22723044,45.83365677
87085_3065_00012,impasse Le Verrier,12,,OL0051,1562277.45970000,5183049.09110000,1.22710610,45.83368995
87085_3065_00013,impasse Le Verrier,13,,OL0113,1562273.36890000,5183034.76310000,1.22705756,45.83356024
87085_3065_00014,impasse Le Verrier,14,,OL0052,1562267.45800000,5183041.68790000,1.22697951,45.83362135
87085_3147_00001,impasse Louis Bourdery,1,,DH0165,1564138.18440000,5182913.05680000,1.25108979,45.83283637
87085_3147_00003,impasse Louis Bourdery,3,,DH0166,1564130.61180000,5182904.55200000,1.25099474,45.83275836
87085_3147_00029,impasse Louis Bourdery,29,,DH0246,1564071.66250000,5182923.81370000,1.25023071,45.83291998
87085_3215_00001,impasse Maillol,1,,CT0565,1565715.60560000,5183886.28840000,1.27111717,45.84190100
87085_3785_00003,impasse Niépce,3,,EX0195,1565640.91410000,5180940.33170000,1.27097907,45.81538570
87085_3785_00005,impasse Niépce,5,,EX0158,1565649.17450000,5180929.27750000,1.27108842,45.81528787
87085_3785_00006,impasse Niépce,6,,EX0156,1565635.20070000,5180932.49360000,1.27090775,45.81531407
87085_3785_00007,impasse Niépce,7,,EX0157,1565660.21040000,5180914.25350000,1.27123459,45.81515488
87085_3785_00008,impasse Niépce,8,,EX0150,1565646.67950000,5180916.79030000,1.27105981,45.81517505
87085_3785_00009,impasse Niépce,9,,EX0284,1565667.97160000,5180906.87150000,1.27133649,45.81508999
87085_3785_00010,impasse Niépce,10,,EX0149,1565657.05380000,5180903.01510000,1.27119712,45.81505316
87085_3785_00012,impasse Niépce,12,,EX0148,1565660.10630000,5180898.95630000,1.27123752,45.81501725
87085_3788_00003,impasse Nobel,3,,BT0510,1564642.88380000,5185035.22700000,1.25698683,45.85202602
87085_3788_00005,impasse Nobel,5,,BT0243,1564631.95960000,5185034.44300000,1.25684643,45.85201682
87085_3788_00006,impasse Nobel,6,,BT0342,1564636.32120000,5185048.01630000,1.25689875,45.85213978
87085_3788_00007,impasse Nobel,7,,BT0242,1564621.86870000,5185034.24370000,1.25671658,45.85201304
87085_3788_00008,impasse Nobel,8,,BT0341,1564630.51510000,5185047.74350000,1.25682408,45.85213618
87085_3788_00011,impasse Nobel,11,,BT0239,1564601.38670000,5185033.16560000,1.25645322,45.85199931
87085_3788_00013,impasse Nobel,13,,BT0338,1564591.51290000,5185032.78680000,1.25632622,45.85199396
87085_3788_00015,impasse Nobel,15,,BT0354,1564581.10430000,5185032.18300000,1.25619240,45.85198648
87085_3788_00017,impasse Nobel,17,,BT0355,1564569.79310000,5185031.77080000,1.25604691,45.85198054
87085_3788_00018,impasse Nobel,18,,BT0336,1564572.39230000,5185044.49410000,1.25607678,45.85209550
87085_3945_00008,impasse Paul Thomas,8,,HV0701,1564564.94030000,5182018.77470000,1.25683344,45.82487595
87085_3945_00010,impasse Paul Thomas,10,,HV0701,1564551.81930000,5182002.53340000,1.25666919,45.82472726
87085_3945_00014,impasse Paul Thomas,14,,HV0701,1564546.36140000,5181992.54570000,1.25660178,45.82463634
87085_4708_00008,impasse Saint Christophe,8,,CV1764,1565502.79330000,5183801.02700000,1.26840198,45.84109243
87085_4708_00010,impasse Saint Christophe,10,,CV1764,1565503.65870000,5183805.15390000,1.26841196,45.84112972
87085_4708_00012,impasse Saint Christophe,12,,CV1255,1565496.46630000,5183806.86480000,1.26831891,45.84114371
87085_4708_00014,impasse Saint Christophe,14,,CV1253,1565488.93550000,5183809.16590000,1.26822134,45.84116293
87085_4713_00001,impasse Sainte Claire,1,,NN0069,1563307.77310000,5181552.17740000,1.24079048,45.82042995
87085_4713_00002,impasse Sainte Claire,2,,NN0084,1563332.89370000,5181533.05930000,1.24111910,45.82026297
87085_4713_00004,impasse Sainte Claire,4,,NN0077,1563359.98500000,5181517.40680000,1.24147210,45.82012755
87085_4713_00016,impasse Sainte Claire,16,,NN0082,1563361.21900000,5181607.21080000,1.24146246,45.82093563
87085_4713_00016_b,impasse Sainte Claire,16,b,NN0106,1563377.26080000,5181594.63600000,1.24167242,45.82082570
87085_4713_00016_c,impasse Sainte Claire,16,c,NN0106,1563389.30240000,5181586.46610000,1.24182967,45.82075460
87085_4713_00016_d,impasse Sainte Claire,16,d,NN0106,1563394.08470000,5181595.50820000,1.24188863,45.82083688
87085_4713_00016_e,impasse Sainte Claire,16,e,NN0106,1563395.02940000,5181608.28120000,1.24189715,45.82095197
87085_4713_00016_f,impasse Sainte Claire,16,f,NN0106,1563402.51990000,5181619.48740000,1.24199034,45.82105427
87085_4713_00016_g,impasse Sainte Claire,16,g,NN0106,1563414.42340000,5181635.70290000,1.24213888,45.82120250
87085_4713_00016_h,impasse Sainte Claire,16,h,NN0129,1563441.43370000,5181627.74760000,1.24248865,45.82113630
87085_4713_00016_i,impasse Sainte Claire,16,i,NN0116,1563427.16900000,5181610.71050000,1.24230996,45.82098021
87085_4713_00016_j,impasse Sainte Claire,16,j,NN0120,1563416.02680000,5181584.73530000,1.24217399,45.82074433
87085_4713_00018,impasse Sainte Claire,18,,NN0082,1563375.68610000,5181628.45040000,1.24164256,45.82112956
87085_4713_00020,impasse Sainte Claire,20,,NN0082,1563387.92590000,5181644.66300000,1.24179543,45.82127784
87085_4713_00022,impasse Sainte Claire,22,,NN0071,1563445.34500000,5181653.78160000,1.24253158,45.82137126
87085_4822_00004,impasse Saint Surin,4,,DH0054,1564002.75380000,5183147.26320000,1.24928073,45.83491642
87085_4822_00006,impasse Saint Surin,6,,DH0057,1564012.90580000,5183169.16910000,1.24940518,45.83511548
87085_4822_00007,impasse Saint Surin,7,,DH0438,1564019.08830000,5183160.56560000,1.24948718,45.83503931
87085_4822_00007_bis,impasse Saint Surin,7,bis,DH0439,1564027.67240000,5183168.66800000,1.24959536,45.83511389
87085_4822_00007_ter,impasse Saint Surin,7,ter,DH0439,1564024.81880000,5183173.77400000,1.24955719,45.83515926
87085_4822_00008,impasse Saint Surin,8,,DH0058,1564017.83760000,5183180.93010000,1.24946532,45.83522225
87085_4822_00008_bis,impasse Saint Surin,8,bis,DH0058,1564001.76420000,5183192.90770000,1.24925508,45.83532682
87085_4822_00009,impasse Saint Surin,9,,DH0353,1564027.59630000,5183180.18230000,1.24959112,45.83521745
87085_4822_00010,impasse Saint Surin,10,,DH0059,1564025.46230000,5183197.45530000,1.24955877,45.83537241
87085_4822_00011,impasse Saint Surin,11,,DH0064,1564030.46510000,5183186.93150000,1.24962613,45.83527873
87085_4822_00013,impasse Saint Surin,13,,DH0060,1564035.89610000,5183197.91580000,1.24969292,45.83537862
87085_5037_00011,impasse Thiers,11,,CT1069,1565705.50100000,5184017.83370000,1.27095035,45.84308236
87085_5037_00014,impasse Thiers,14,,CT1067,1565722.14800000,5184053.00280000,1.27115479,45.84340198
87085_5037_00015,impasse Thiers,15,,CT1100,1565729.83800000,5184061.13930000,1.27125150,45.84347667
87085_5037_00016,impasse Thiers,16,,CT1059,1565732.81490000,5184045.77190000,1.27129411,45.84333901
87085_5037_00022,impasse Thiers,22,,CT1071,1565710.47980000,5184040.81560000,1.27100801,45.84329007
87085_5037_00024,impasse Thiers,24,,CT1071,1565696.46910000,5184026.54370000,1.27083167,45.84315895
87085_5183_00001,impasse Vénassier,1,,CV0387,1565477.02150000,5183929.68800000,1.26803427,45.84224477
87085_5183_00007,impasse Vénassier,7,,CV0382,1565450.64860000,5183965.79690000,1.26768472,45.84256443
87085_5183_00011,impasse Vénassier,11,,CV0903,1565406.87910000,5183997.46430000,1.26711250,45.84284073
87085_5183_00011_bis,impasse Vénassier,11,bis,CV0904,1565420.69040000,5183979.52550000,1.26729528,45.84268207
87085_5183_00013,impasse Vénassier,13,,CV0381,1565414.25070000,5184005.82070000,1.26720503,45.84291735
87085_5183_00015,impasse Vénassier,15,,CV0381,1565431.51260000,5183981.61330000,1.26743399,45.84270297
87085_3372_00001,mail du Mas Loubier,1,,BR0337,1564654.80830000,5184185.89730000,1.25737959,45.84438817
87085_3372_00003,mail du Mas Loubier,3,,BR0336,1564653.33490000,5184196.54780000,1.25735762,45.84448369
87085_3372_00005,mail du Mas Loubier,5,,BR0333,1564651.37210000,5184205.47600000,1.25732984,45.84456362
87085_3372_00006,mail du Mas Loubier,6,,BR0802,1564693.23780000,5184204.70640000,1.25786893,45.84456493
87085_3372_00007,mail du Mas Loubier,7,,BR0332,1564649.39410000,5184218.78780000,1.25730064,45.84468297
87085_3372_00008,mail du Mas Loubier,8,,BR0297,1564692.49100000,5184210.00220000,1.25785782,45.84461242
87085_3372_00009,mail du Mas Loubier,9,,BR0329,1564647.15130000,5184230.92820000,1.25726835,45.84479174
87085_3372_00010,mail du Mas Loubier,10,,BR0298,1564691.33310000,5184215.47540000,1.25784138,45.84466143
87085_3372_00011,mail du Mas Loubier,11,,BR0328,1564646.39030000,5184236.87880000,1.25725688,45.84484512
87085_3372_00012,mail du Mas Loubier,12,,BR0299,1564690.10410000,5184222.70050000,1.25782353,45.84472618
87085_3372_00013,mail du Mas Loubier,13,,BR0325,1564645.15400000,5184243.77970000,1.25723902,45.84490695
87085_3372_00014,mail du Mas Loubier,14,,BR0760,1564689.13730000,5184229.26170000,1.25780923,45.84478501
87085_3372_00016,mail du Mas Loubier,16,,BR0301,1564687.22450000,5184238.72660000,1.25778195,45.84486978
87085_3372_00017,mail du Mas Loubier,17,,BR0324,1564642.77820000,5184256.98470000,1.25720472,45.84502527
87085_3372_00018,mail du Mas Loubier,18,,BR0302,1564686.09470000,5184247.62970000,1.25776490,45.84494965
87085_3372_00019,mail du Mas Loubier,19,,BR0322,1564640.72770000,5184269.20400000,1.25717489,45.84513479
87085_3372_00020,mail du Mas Loubier,20,,BR0305,1564684.52930000,5184256.39400000,1.25774228,45.84502818
87085_3372_00021,mail du Mas Loubier,21,,BR0321,1564639.07600000,5184277.58340000,1.25715127,45.84520984
87085_3372_00022,mail du Mas Loubier,22,,BR0306,1564682.77010000,5184265.45670000,1.25771709,45.84510936
87085_3372_00023,mail du Mas Loubier,23,,BR0318,1564638.17280000,5184284.47840000,1.25713770,45.84527169
87085_3372_00024,mail du Mas Loubier,24,,BR0307,1564681.57390000,5184273.28440000,1.25769949,45.84517954
87085_3372_00025,mail du Mas Loubier,25,,BR0317,1564636.67720000,5184292.36670000,1.25711623,45.84534235
87085_3372_00026,mail du Mas Loubier,26,,BR0310,1564679.70700000,5184283.48890000,1.25767258,45.84527096
87085_0015_00002,passage Achille Fèvre,2,,VA0136,1566604.67160000,5184343.31330000,1.28243327,45.84618528
87085_0015_00004,passage Achille Fèvre,4,,VA0133,1566612.74580000,5184347.81680000,1.28253595,45.84622736
87085_0015_00006,passage Achille Fèvre,6,,VA0132,1566622.76400000,5184353.41540000,1.28266335,45.84627967
87085_0015_00008,passage Achille Fèvre,8,,VA0131,1566630.45410000,5184357.64170000,1.28276116,45.84631918
87085_0015_00010,passage Achille Fèvre,10,,VA0130,1566638.79340000,5184362.36500000,1.28286720,45.84636329
87085_0015_00012,passage Achille Fèvre,12,,VA0127,1566648.75360000,5184368.03350000,1.28299383,45.84641621
87085_0772_00004,passage Broussais,4,,NS0061,1563705.74200000,5181475.60510000,1.24593232,45.81982011
87085_0772_00006,passage Broussais,6,,NS0061,1563700.01370000,5181456.02190000,1.24586417,45.81964281
87085_0772_00008,passage Broussais,8,,NS0061,1563714.01320000,5181456.07800000,1.24604427,45.81964609
87085_0772_00010,passage Broussais,10,,NS0061,1563732.40990000,5181456.27940000,1.24628089,45.81965155
87085_1138_00008,passage des Clairettes,8,,DL0141,1564338.83830000,5182534.57500000,1.25377872,45.82947131
87085_3987_00003,passage des Pénitents Noirs,3,,HS0028,1565150.09250000,5182128.39400000,1.26433173,45.82597701
87085_3987_00004,passage des Pénitents Noirs,4,,DZ0144,1565144.03660000,5182120.56020000,1.26425601,45.82590536
87085_3987_00005,passage des Pénitents Noirs,5,,HS0027,1565151.62190000,5182121.35640000,1.26435338,45.82591400
87085_3987_00007,passage des Pénitents Noirs,7,,HS0026,1565149.20810000,5182118.67230000,1.26432308,45.82588939
87085_3622_00004,passage du Moulin à Vent,4,,IW0173,1562849.38280000,5182301.03070000,1.23467941,45.82707505
87085_3622_00005,passage du Moulin à Vent,5,,IW0490,1562833.43510000,5182280.88560000,1.23447996,45.82689065
87085_3622_00007,passage du Moulin à Vent,7,,IW0490,1562822.83440000,5182273.88230000,1.23434555,45.82682554
87085_3622_00009,passage du Moulin à Vent,9,,IW0169,1562814.20140000,5182268.33880000,1.23423605,45.82677395
87085_3622_00011,passage du Moulin à Vent,11,,IW0423,1562803.02360000,5182261.88930000,1.23409407,45.82671370
87085_2958_00004,passage Lavoisier,4,,AZ0152,1563654.75330000,5182729.06610000,1.24492091,45.83108559
87085_2958_00006,passage Lavoisier,6,,AZ0154,1563649.69750000,5182736.45350000,1.24485376,45.83115104
87085_2958_00007,passage Lavoisier,7,,AZ0159,1563645.88820000,5182728.33780000,1.24480704,45.83107728
87085_2958_00027,passage Lavoisier,27,,AZ0965,1563616.40720000,5182781.78920000,1.24441251,45.83155226
87085_2958_00033,passage Lavoisier,33,,AZ0164,1563611.35050000,5182803.74250000,1.24434121,45.83174874
87085_3490_00005_bis,passage Mermoz,5,bis,EH0207,1564935.61710000,5182516.63910000,1.26146301,45.82942743
87085_3597_00001,passage Montjovis,1,,BD0019,1563780.76770000,5183457.10310000,1.24633618,45.83765966
87085_3597_00004,passage Montjovis,4,,BD0022,1563797.10180000,5183461.37740000,1.24654518,45.83770135
87085_3597_00007,passage Montjovis,7,,BD0011,1563806.81110000,5183472.66570000,1.24666694,45.83780481
87085_3597_00008,passage Montjovis,8,,BD0022,1563808.52340000,5183468.60560001,1.24669013,45.83776863
87085_3597_00012,passage Montjovis,12,,BD0033,1563828.05410000,5183488.53810000,1.24693583,45.83795180
87085_3597_00013,passage Montjovis,13,,BD0010,1563822.78340000,5183489.36570000,1.24686777,45.83795820
87085_3597_00014,passage Montjovis,14,,BD0034,1563835.88940000,5183495.21360000,1.24703478,45.83801340
87085_3597_00015,passage Montjovis,15,,BD0008,1563835.08540000,5183500.58910000,1.24702291,45.83806160
87085_3597_00018,passage Montjovis,18,,BD0214,1563854.37740000,5183510.86210000,1.24726829,45.83815783
87085_3597_00021,passage Montjovis,21,,BD0004,1563853.84020000,5183518.70080000,1.24725915,45.83822824
87085_x052_00001,passerelle de Montplaisir,1,,EK0069,1565757.28750000,5183829.88320000,1.27166940,45.84140174
87085_5017_00003,petite rue du Temple,3,,DX0098,1564688.88550000,5182631.65000000,1.25825575,45.83041352
87085_5017_00004,petite rue du Temple,4,,DX0095,1564690.66380000,5182634.13250000,1.25827793,45.83043620
87085_5017_00006,petite rue du Temple,6,,DX0096,1564684.37640000,5182641.26900000,1.25819502,45.83049916
87085_5017_00007,petite rue du Temple,7,,DX0097,1564679.85930000,5182642.46880000,1.25813655,45.83050906
87085_3254_00012,petit faubourg Manigne,12,,DZ0187,1565019.88440000,5182215.95360000,1.26263176,45.82673912
87085_3254_00013,petit faubourg Manigne,13,,DZ0201,1565019.10090000,5182205.37020000,1.26262465,45.82664377
87085_3254_00014,petit faubourg Manigne,14,,DZ0185,1565011.61490000,5182227.15920000,1.26252221,45.82683830
87085_0056_00002,place Aimé Césaire,2,,HS0468,1564748.82590000,5182207.91180000,1.25914626,45.82661353
87085_0610_00001,place Blanqui,1,,HS0548,1564975.59270000,5182058.22330000,1.26210614,45.82531155
87085_0610_00002,place Blanqui,2,,HS0011,1565012.14790000,5182079.89950000,1.26257041,45.82551372
87085_0610_00004,place Blanqui,4,,HS0005,1565006.92430000,5182096.45100000,1.26249855,45.82566158
87085_0610_00005,place Blanqui,5,,HS0548,1564964.36540000,5182073.67460000,1.26195734,45.82544834
87085_0610_00006,place Blanqui,6,,HS0006,1565004.26640000,5182104.92200000,1.26246197,45.82573726
87085_0610_00007,place Blanqui,7,,HS0548,1564957.10140000,5182083.75110000,1.26186105,45.82553756
87085_0610_00008,place Blanqui,8,,HS0007,1565001.48670000,5182113.95350000,1.26242367,45.82581796
87085_0610_00010,place Blanqui,10,,DZ0238,1564979.20520000,5182119.56340000,1.26213540,45.82586405
87085_4680_00001,place Carnot,1,,DP0205,1564691.67390000,5183673.58270000,1.25799834,45.83978686
87085_4680_00002,place Carnot,2,,CW0049,1564719.11710000,5183694.66800000,1.25834560,45.83998194
87085_4680_00003,place Carnot,3,,DP0170,1564664.28700000,5183671.95070000,1.25764632,45.83976679
87085_4680_00004,place Carnot,4,,CW0001,1564713.93930000,5183711.00840000,1.25827437,45.84012791
87085_4680_00006,place Carnot,6,,CW0001,1564711.04670000,5183719.03140000,1.25823488,45.84019951
87085_4680_00007,place Carnot,7,,CY0062,1564633.21700000,5183714.78170001,1.25723438,45.84014596
87085_4680_00008,place Carnot,8,,CW0002,1564703.40870000,5183727.86100000,1.25813409,45.84027743
87085_4680_00010,place Carnot,10,,CW0183,1564694.17220000,5183731.96550000,1.25801406,45.84031254
87085_4680_00012,place Carnot,12,,CX0155,1564659.01310000,5183728.79030000,1.25756244,45.84027706
87085_0060_00001,place d'Aine,1,,DL0023,1564471.09830000,5182627.84580000,1.25545433,45.83033642
87085_0060_00001_bis,place d'Aine,1,bis,DL0039,1564464.46570000,5182614.20870000,1.25537282,45.83021243
87085_0060_00002,place d'Aine,2,,DX0248,1564477.29360000,5182646.25920000,1.25552886,45.83050328
87085_0060_00003,place d'Aine,3,,DL0040,1564452.49200000,5182589.26720000,1.25522578,45.82998571
87085_0060_00004,place d'Aine,4,,DX0249,1564472.73320000,5182648.63610000,1.25546950,45.83052376
87085_0060_00005,place d'Aine,5,,DL0044,1564447.19750000,5182577.61110000,1.25516093,45.82987981
87085_0060_00006,place d'Aine,6,,DX0250,1564466.06590000,5182651.51230000,1.25538290,45.83054832
87085_0060_00007,place d'Aine,7,,DL0106,1564418.76530000,5182570.32750000,1.25479712,45.82980869
87085_0060_00008,place d'Aine,8,,DX0251,1564459.90140000,5182654.59230000,1.25530270,45.83057481
87085_0060_00009,place d'Aine,9,,DL0104,1564408.08570000,5182575.66140000,1.25465820,45.82985457
87085_0060_00010,place d'Aine,10,,DX0529,1564453.81350000,5182657.74770000,1.25522347,45.83060199
87085_0060_00011,place d'Aine,11,,DL0103,1564400.40720000,5182579.35770000,1.25455835,45.82988630
87085_0060_00012,place d'Aine,12,,DX0253,1564448.12040000,5182660.67580000,1.25514939,45.83062721
87085_0060_00014,place d'Aine,14,,DX0254,1564442.09040000,5182663.35460000,1.25507104,45.83065012
87085_0060_00015,place d'Aine,15,,DL0019,1564375.26680000,5182605.05130000,1.25422760,45.83011247
87085_0060_00016,place d'Aine,16,,DX0258,1564436.23450000,5182666.26200000,1.25499487,45.83067512
87085_0060_00017,place d'Aine,17,,DL0020,1564383.08010000,5182621.33450000,1.25432354,45.83026049
87085_0060_00018,place d'Aine,18,,DX0258,1564431.13660000,5182668.54110000,1.25492862,45.83069462
87085_0060_00020,place d'Aine,20,,DX0259,1564425.13370000,5182671.33750000,1.25485059,45.83071859
87085_0060_00022,place d'Aine,22,,DX0259,1564414.32690000,5182676.64700000,1.25471003,45.83076422
87085_0437_00001,place de Beaubreuil,1,,LR0081,1567364.71040000,5187971.94350000,1.29121413,45.87897415
87085_0437_00001_b,place de Beaubreuil,1,b,LR0081,1567424.61220000,5188073.64950000,1.29195753,45.87990062
87085_0437_00001_c,place de Beaubreuil,1,c,LR0081,1567335.27540000,5187949.12310000,1.29084133,45.87876319
87085_0437_00003,place de Beaubreuil,3,,LR0081,1567391.82600000,5188011.01060000,1.29155257,45.87933082
87085_0437_00005,place de Beaubreuil,5,,LR0072,1567427.14580000,5188059.81470000,1.29199399,45.87977666
87085_0437_00007,place de Beaubreuil,7,,LR0087,1567426.35200000,5188086.00850000,1.29197653,45.88001213
87085_0437_00009,place de Beaubreuil,9,,LR0087,1567433.27740000,5188105.35440000,1.29206038,45.88018750
87085_0437_00011,place de Beaubreuil,11,,LR0087,1567447.73040000,5188127.28360000,1.29224047,45.88038755
87085_0437_00015,place de Beaubreuil,15,,LR0087,1567466.41440000,5188162.78580000,1.29247131,45.88071052
87085_0437_00017,place de Beaubreuil,17,,LR0086,1567486.93130000,5188189.68620000,1.29272814,45.88095646
87085_0437_00023,place de Beaubreuil,23,,LR0001,1567393.26860000,5188218.26130000,1.29151388,45.88119544
87085_0437_00034,place de Beaubreuil,34,,LR0066,1567317.71830000,5188154.84829999,1.29055833,45.88061042
87085_0437_00041,place de Beaubreuil,41,,LR0087,1567580.56530000,5188121.26480000,1.29395301,45.88035902
87085_0437_00043,place de Beaubreuil,43,,LR0087,1567615.07970000,5188115.37730000,1.29439917,45.88031271
87085_0437_00045,place de Beaubreuil,45,,LR0002,1567605.83300000,5188090.50680001,1.29428694,45.88008720
87085_0437_00047,place de Beaubreuil,47,,LR0002,1567588.51600000,5188059.55060000,1.29407244,45.87980540
87085_1278_00002,place de Compostelle,2,,EP0002,1565713.83820000,5182425.09850000,1.27150262,45.82875635
87085_1278_00003,place de Compostelle,3,,EP0002,1565728.31550000,5182417.72700000,1.27169097,45.82869287
87085_1278_00004,place de Compostelle,4,,EP0002,1565736.64300000,5182418.76920000,1.27179783,45.82870387
87085_1278_00005,place de Compostelle,5,,EP0002,1565745.14810000,5182419.88910000,1.27190696,45.82871560
87085_1278_00006,place de Compostelle,6,,EP0249,1565724.60960000,5182394.69290000,1.27164971,45.82848494
87085_1278_00007,place de Compostelle,7,,EP0250,1565716.61470000,5182400.37840000,1.27154525,45.82853452
87085_1278_00008,place de Compostelle,8,,EP0251,1565704.17050000,5182406.97630000,1.27138328,45.82859144
87085_0192_00001,place de l'Ancienne Comédie,1,,DX0059,1564690.98180000,5182721.53980000,1.25825742,45.83122254
87085_0192_00003,place de l'Ancienne Comédie,3,,DX0058,1564680.12290000,5182724.60880000,1.25811682,45.83124801
87085_0192_00005,place de l'Ancienne Comédie,5,,DX0055,1564670.33070000,5182729.16840000,1.25798953,45.83128710
87085_0192_00006,place de l'Ancienne Comédie,6,,DX0031,1564674.81420000,5182740.66610000,1.25804399,45.83139141
87085_1693_00002,place de l'Eglise Saint Christophe,2,,LA0089,1568402.87070000,5191488.39100000,1.30362030,45.91080640
87085_1693_00004,place de l'Eglise Saint Christophe,4,,LA0089,1568411.63380000,5191484.97040000,1.30373417,45.91077730
87085_1693_00008,place de l'Eglise Saint Christophe,8,,LC0026,1568394.79200000,5191458.59310001,1.30352437,45.91053680
87085_1693_00009,place de l'Eglise Saint Christophe,9,,LA0093,1568380.50450000,5191470.76400000,1.30333691,45.91064354
87085_1693_00010,place de l'Eglise Saint Christophe,10,,LA0094,1568329.81210000,5191467.06720000,1.30268466,45.91060057
87085_1693_00011,place de l'Eglise Saint Christophe,11,,LA0097,1568327.06310000,5191469.00480000,1.30264871,45.91061747
87085_1693_00012,place de l'Eglise Saint Christophe,12,,LA0092,1568337.76970000,5191476.90850000,1.30278451,45.91069063
87085_1693_00014,place de l'Eglise Saint Christophe,14,,LA0081,1568370.48230000,5191512.62810000,1.30319626,45.91101822
87085_1800_00004,place de l'Etoile de Fontaury,4,,CV1278,1565059.63950000,5184105.11920000,1.26261297,45.84374109
87085_1835_00001,place de l'Evéché,1,,EO0348,1565284.35750000,5182397.35200000,1.26598397,45.82842277
87085_1835_00004,place de l'Evéché,4,,EO0328,1565267.26060000,5182431.40590000,1.26575443,45.82872575
87085_0369_00002,place de la Barreyrrette,2,,DY0049,1564601.36860000,5182443.98910000,1.25718242,45.82870818
87085_0369_00004,place de la Barreyrrette,4,,DY0551,1564597.01980000,5182449.73100000,1.25712485,45.82875897
87085_0369_00005,place de la Barreyrrette,5,,DY0071,1564593.57110000,5182452.38090000,1.25707972,45.82878213
87085_0369_00006,place de la Barreyrrette,6,,DY0070,1564591.76160000,5182456.06690000,1.25705540,45.82881493
87085_0369_00007,place de la Barreyrrette,7,,DY0077,1564589.96430000,5182462.63630000,1.25703043,45.82887367
87085_0369_00008,place de la Barreyrrette,8,,DY0077,1564584.41790000,5182469.43920000,1.25695714,45.82893378
87085_0369_00009,place de la Barreyrrette,9,,DY0068,1564581.90440000,5182469.24080000,1.25692485,45.82893150
87085_0369_00011,place de la Barreyrrette,11,,DY0501,1564573.68940000,5182463.51910000,1.25682076,45.82887841
87085_0369_00012,place de la Barreyrrette,12,,DY0506,1564574.17020000,5182456.26640000,1.25682899,45.82881326
87085_1125_00001,place de la Cité,1,,EO0276,1565156.82200000,5182445.36130000,1.26432943,45.82882965
87085_1125_00002,place de la Cité,2,,EH0043,1565134.58560000,5182461.92320000,1.26403865,45.82897427
87085_1125_00004,place de la Cité,4,,EH0044,1565129.65420000,5182462.17500000,1.26397513,45.82897557
87085_1125_00006,place de la Cité,6,,EH0045,1565124.05360000,5182463.29040000,1.26390275,45.82898450
87085_1125_00008,place de la Cité,8,,EH0046,1565118.96840000,5182466.75210000,1.26383634,45.82901465
87085_1125_00010,place de la Cité,10,,EH0116,1565105.37340000,5182460.72430000,1.26366309,45.82895776
87085_3620_00001,place de la Motte,1,,DL0064,1564571.10250000,5182497.02040000,1.25677803,45.82917926
87085_3620_00003,place de la Motte,3,,DL0068,1564563.97690000,5182500.37560000,1.25668540,45.82920804
87085_3620_00004,place de la Motte,4,,DY0080,1564603.87570000,5182519.88520000,1.25719331,45.82939140
87085_3620_00005,place de la Motte,5,,DL0074,1564557.39220000,5182503.43550000,1.25659981,45.82923427
87085_3620_00006,place de la Motte,6,,DL0063,1564592.11990000,5182518.68780000,1.25704238,45.82937831
87085_3620_00007,place de la Motte,7,,DL0075,1564550.78950000,5182506.72900000,1.25651392,45.82926260
87085_3620_00008,place de la Motte,8,,DY0081,1564612.04980000,5182520.59690000,1.25729829,45.82939941
87085_3620_00009,place de la Motte,9,,DL0076,1564542.37480000,5182510.72270000,1.25640451,45.82929687
87085_3620_00010,place de la Motte,10,,DY0083,1564614.42570000,5182521.28230000,1.25732867,45.82940604
87085_3620_00011,place de la Motte,11,,DL0077,1564535.41500000,5182514.26310000,1.25631396,45.82932734
87085_3620_00012,place de la Motte,12,,DY0084,1564612.42400000,5182527.63980000,1.25730113,45.82946284
87085_3620_00013,place de la Motte,13,,DL0078,1564529.48770000,5182517.04830000,1.25623690,45.82935123
87085_3620_00014,place de la Motte,14,,DX0565,1564623.21360000,5182545.45090000,1.25743495,45.82962518
87085_3620_00015,place de la Motte,15,,DL0060,1564523.56340000,5182534.82740000,1.25615566,45.82951000
87085_3620_00016,place de la Motte,16,,DX0144,1564631.04710000,5182553.03930000,1.25753361,45.82969499
87085_3620_00017,place de la Motte,17,,DL0061,1564526.28610000,5182540.03590000,1.25618923,45.82955739
87085_3620_00019,place de la Motte,19,,DL0062,1564532.22060000,5182553.85570000,1.25626170,45.82968287
87085_3620_00020,place de la Motte,20,,DX0147,1564628.07260000,5182560.94670000,1.25749311,45.82976553
87085_3620_00021,place de la Motte,21,,DL0032,1564543.70250000,5182578.54550000,1.25640249,45.82990723
87085_3620_00022,place de la Motte,22,,DX0151,1564623.64070000,5182567.82100000,1.25743415,45.82982650
87085_3620_00022_b,place de la Motte,22,b,DX0573,1564609.67070000,5182560.28040000,1.25725651,45.82975592
87085_3620_00023,place de la Motte,23,,DL0031,1564547.20320000,5182586.69400000,1.25644524,45.82998122
87085_3620_00024,place de la Motte,24,,DX0152,1564621.58620000,5182570.92950000,1.25740683,45.82985406
87085_3620_00025,place de la Motte,25,,DL0030,1564550.27470000,5182593.99550000,1.25648271,45.83004751
87085_3620_00026,place de la Motte,26,,DX0155,1564619.82680000,5182573.90490000,1.25738336,45.82988048
87085_3620_00028,place de la Motte,28,,DX0156,1564617.58540000,5182576.03770000,1.25735391,45.82989922
87085_3620_00030,place de la Motte,30,,DX0158,1564614.41960000,5182573.81800000,1.25731380,45.82987863
87085_3620_00032,place de la Motte,32,,DX0188,1564593.91610000,5182580.21840000,1.25704816,45.82993217
87085_3620_00034,place de la Motte,34,,DX0509,1564589.27920000,5182578.58430000,1.25698895,45.82991656
87085_3620_00036,place de la Motte,36,,DX0190,1564584.56320000,5182577.83770000,1.25692848,45.82990891
87085_3620_00040,place de la Motte,40,,DX0193,1564576.23180000,5182585.21190000,1.25681919,45.82997361
87085_3620_00042,place de la Motte,42,,DX0194,1564570.02080000,5182592.17820000,1.25673731,45.83003505
87085_3620_00044,place de la Motte,44,,DX0195,1564560.78950000,5182605.16750000,1.25661486,45.83015008
87085_4312_00001,place de la Préfecture,1,,DW0145,1564664.08030000,5182940.73140000,1.25784954,45.83318901
87085_4530_00001,place de la République,1,,DW0227,1564922.59420000,5182788.03370000,1.26121918,45.83186623
87085_4530_00011,place de la République,11,,DW0127,1564788.68750000,5182735.51440000,1.25951079,45.83136747
87085_4530_00012,place de la République,12,,DW0128,1564782.18850000,5182750.08470000,1.25942306,45.83149726
87085_4530_00014,place de la République,14,,DW0204,1564760.74270000,5182784.82310000,1.25913732,45.83180554
87085_4530_00015,place de la République,15,,DW0204,1564775.00760000,5182796.65060000,1.25931756,45.83191474
87085_4530_00016,place de la République,16,,DW0210,1564785.13490000,5182805.08400000,1.25944551,45.83199259
87085_4530_00017,place de la République,17,,DW0136,1564795.96710000,5182814.43880000,1.25958227,45.83207887
87085_4530_00018,place de la République,18,,DW0137,1564803.90460000,5182821.90010000,1.25968232,45.83214755
87085_4530_00019,place de la République,19,,DW0064,1564825.73090000,5182838.62520000,1.25995848,45.83230229
87085_4530_00023,place de la République,23,,DW0064,1564832.04770000,5182835.30870000,1.26004070,45.83227370
87085_4530_00025,place de la République,25,,DW0064,1564837.94050000,5182833.25230000,1.26011711,45.83225636
87085_4530_00026,place de la République,26,,DW0064,1564845.69950000,5182828.34060000,1.26021834,45.83221370
87085_4530_00028,place de la République,28,,DW0064,1564853.69940000,5182824.58590000,1.26032234,45.83218150
87085_4530_00029,place de la République,29,,DW0064,1564859.96660000,5182821.27940000,1.26040392,45.83215299
87085_4530_00030,place de la République,30,,DW0064,1564865.15580000,5182818.84970000,1.26047138,45.83213215
87085_4530_00031,place de la République,31,,DW0064,1564876.24820000,5182812.28490000,1.26061597,45.83207528
87085_4530_00031_a,place de la République,31,a,DW0064,1564878.31340000,5182811.24049999,1.26064284,45.83206629
87085_4530_00031_b,place de la République,31,b,DW0065,1564884.92800000,5182807.63549999,1.26072897,45.83203516
87085_4530_00034,place de la République,34,,DW0065,1564897.21800000,5182802.01550000,1.26088870,45.83198702
87085_4530_00035,place de la République,35,,DW0065,1564906.00220000,5182797.46470000,1.26100302,45.83194780
87085_4530_00036,place de la République,36,,DW0065,1564911.40490000,5182794.59930000,1.26107335,45.83192309
87085_1525_00001,place Denis Dussoubs,1,,DX0357,1564515.08300000,5182884.90050000,1.25594788,45.83265744
87085_1525_00002,place Denis Dussoubs,2,,DX0003,1564527.55280000,5182903.04680000,1.25610323,45.83282313
87085_1525_00003,place Denis Dussoubs,3,,DX0285,1564495.22810000,5182879.75970000,1.25569383,45.83260728
87085_1525_00004,place Denis Dussoubs,4,,DX0002,1564528.08250000,5182912.72280000,1.25610732,45.83291028
87085_1525_00005,place Denis Dussoubs,5,,DM0071,1564475.35070000,5182891.26060000,1.25543479,45.83270682
87085_1525_00006,place Denis Dussoubs,6,,DO0128,1564517.46600000,5182932.38020000,1.25596516,45.83308502
87085_1525_00007,place Denis Dussoubs,7,,DM0070,1564471.28430000,5182898.71610000,1.25538036,45.83277309
87085_1525_00008,place Denis Dussoubs,8,,DO0125,1564511.13810000,5182936.39900000,1.25588260,45.83311992
87085_1525_00009,place Denis Dussoubs,9,,DM0068,1564469.26150000,5182908.63200000,1.25535153,45.83286189
87085_1525_00010,place Denis Dussoubs,10,,DN0051,1564494.63420000,5182942.46740000,1.25566851,45.83317126
87085_1525_00011,place Denis Dussoubs,11,,DM0067,1564469.58530000,5182914.50430000,1.25535404,45.83291478
87085_1525_00012,place Denis Dussoubs,12,,DN0052,1564489.29030000,5182937.05310000,1.25560126,45.83312150
87085_1525_00013,place Denis Dussoubs,13,,DM0140,1564470.90090000,5182917.84350000,1.25537003,45.83294507
87085_1525_00015,place Denis Dussoubs,15,,DM0140,1564471.81610000,5182920.72610000,1.25538100,45.83297118
87085_1525_00017,place Denis Dussoubs,17,,DM0062,1564474.88610000,5182926.27080000,1.25541894,45.83302167
87085_0360_00001,place des Bancs,1,,DY0407,1564723.69220000,5182450.50390000,1.25875461,45.82879085
87085_0360_00002,place des Bancs,2,,DY0361,1564736.16550000,5182460.91110000,1.25891218,45.82888692
87085_0360_00003,place des Bancs,3,,DY0160,1564708.09990000,5182463.16240000,1.25855041,45.82890165
87085_0360_00005,place des Bancs,5,,DY0158,1564703.36810000,5182469.04040000,1.25848787,45.82895360
87085_0360_00007,place des Bancs,7,,DY0158,1564700.21830000,5182472.69070000,1.25844631,45.82898582
87085_0360_00009,place des Bancs,9,,DY0158,1564695.96910000,5182477.94220000,1.25839015,45.82903222
87085_0360_00011,place des Bancs,11,,DY0556,1564692.79690000,5182481.41440000,1.25834836,45.82906283
87085_0360_00012,place des Bancs,12,,DY0471,1564719.42240000,5182490.49460000,1.25868841,45.82914975
87085_0360_00013,place des Bancs,13,,DY0555,1564688.73980000,5182486.27970000,1.25829478,45.82910580
87085_0360_00014,place des Bancs,14,,DY0179,1564710.46440000,5182500.48960000,1.25857033,45.82923790
87085_0360_00016,place des Bancs,16,,DY0499,1564708.16790000,5182503.36800000,1.25853997,45.82926334
87085_0360_00017,place des Bancs,17,,DY0554,1564679.38320000,5182497.67310000,1.25817118,45.82920645
87085_0360_00018,place des Bancs,18,,DY0177,1564705.81040000,5182506.65980000,1.25850871,45.82929249
87085_0360_00019,place des Bancs,19,,DY0089,1564672.97220000,5182504.79000000,1.25808668,45.82926921
87085_0360_00020,place des Bancs,20,,DY0176,1564703.09780000,5182510.19460000,1.25847281,45.82932375
87085_0360_00022,place des Bancs,22,,DY0170,1564699.92730000,5182514.44620000,1.25843082,45.82936137
87085_0360_00023,place des Bancs,23,,DY0088,1564664.14890000,5182515.09510000,1.25797024,45.82936017
87085_0360_00024,place des Bancs,24,,DY0170,1564694.35210000,5182521.14270000,1.25835719,45.82942052
87085_0360_00025,place des Bancs,25,,DY0087,1564661.90640000,5182517.37440000,1.25794075,45.82938023
87085_0360_00026,place des Bancs,26,,DY0563,1564690.41250000,5182525.52180000,1.25830526,45.82945913
87085_0360_00028,place des Bancs,28,,DY0593,1564686.74470000,5182530.54120000,1.25825665,45.82950356
87085_0870_00001,place des Carmes,1,,DL0166,1564231.67250000,5182585.15840000,1.25238545,45.82990519
87085_0870_00001_bis,place des Carmes,1,bis,DL0166,1564226.51080000,5182584.16970000,1.25231931,45.82989528
87085_0870_00002,place des Carmes,2,,DK0101,1564073.26160000,5182645.50570000,1.25032997,45.83041676
87085_0870_00003,place des Carmes,3,,DL0217,1564219.11760000,5182583.25640000,1.25222443,45.82988561
87085_0870_00003_bis,place des Carmes,3,bis,DL0217,1564201.65410000,5182578.52770000,1.25200105,45.82983962
87085_0870_00004,place des Carmes,4,,DK0127,1564064.24130000,5182641.70940000,1.25021497,45.83038083
87085_0870_00004_bis,place des Carmes,4,bis,DK0103,1564053.92500000,5182638.02780000,1.25008326,45.83034567
87085_0870_00004_ter,place des Carmes,4,ter,DK0128,1564055.31860000,5182657.53860000,1.25009568,45.83052146
87085_0870_00005,place des Carmes,5,,DL0171,1564193.58840000,5182576.15290000,1.25189793,45.82981666
87085_0870_00006,place des Carmes,6,,DK0104,1564041.44590000,5182635.31070000,1.24992345,45.83031876
87085_0870_00007,place des Carmes,7,,DL0171,1564187.86480000,5182574.43710000,1.25182476,45.82980010
87085_0870_00008,place des Carmes,8,,DK0105,1564024.15070000,5182632.78160000,1.24970161,45.83029259
87085_0870_00009,place des Carmes,9,,DL0172,1564181.43290000,5182572.91970000,1.25174243,45.82978518
87085_0870_00011,place des Carmes,11,,DL0173,1564173.93240000,5182570.98220000,1.25164646,45.82976627
87085_0870_00013,place des Carmes,13,,DL0174,1564166.85670000,5182569.02360000,1.25155596,45.82974725
87085_0870_00015,place des Carmes,15,,IK0160,1564124.65280000,5182569.72920000,1.25101269,45.82974526
87085_0870_00017,place des Carmes,17,,IK0159,1564105.49310000,5182572.01110000,1.25076550,45.82976201
87085_0870_00023,place des Carmes,23,,IK0011,1564088.76980000,5182586.25730000,1.25054628,45.82988685
87085_0870_00025,place des Carmes,25,,IK0010,1564079.93970000,5182588.96610000,1.25043189,45.82990948
87085_0870_00027,place des Carmes,27,,IK0008,1564070.47150000,5182590.28770000,1.25030968,45.82991949
87085_0870_00029,place des Carmes,29,,IK0007,1564062.97100000,5182590.15890000,1.25021320,45.82991685
87085_0870_00031,place des Carmes,31,,IK0184,1564057.15770000,5182589.92640000,1.25013846,45.82991361
87085_0870_00033,place des Carmes,33,,IK0005,1564047.97500000,5182589.80510000,1.25002033,45.82991071
87085_0870_00035,place des Carmes,35,,IK0186,1564039.41820000,5182589.78900000,1.24991023,45.82990887
87085_0870_00037,place des Carmes,37,,IK0147,1564032.27690000,5182589.59010000,1.24981839,45.82990567
87085_0870_00037_bis,place des Carmes,37,bis,IK0168,1564020.53050000,5182589.80090000,1.24966718,45.82990524
87085_0870_00041,place des Carmes,41,,IL0178,1563989.88850000,5182607.63280000,1.24926780,45.83005960
87085_0975_00001,place des Charentes,1,,BN0005,1564286.59750000,5183503.34940000,1.25283300,45.83817569
87085_0975_00003,place des Charentes,3,,BN0007,1564303.16980000,5183497.40710000,1.25304796,45.83812550
87085_0975_00004,place des Charentes,4,,BN0012,1564321.18130000,5183491.24250000,1.25328150,45.83807360
87085_0975_00005,place des Charentes,5,,CZ0230,1564323.42080000,5183465.39230000,1.25331762,45.83784151
87085_0975_00006,place des Charentes,6,,CZ0016,1564313.46290000,5183458.18380000,1.25319150,45.83777470
87085_0975_00007,place des Charentes,7,,CZ0231,1564301.58520000,5183450.01450000,1.25304094,45.83769887
87085_0975_00008,place des Charentes,8,,CZ0007,1564290.30910000,5183441.70340000,1.25289817,45.83762188
87085_0975_00012,place des Charentes,12,,BN0017,1564233.20450000,5183453.71350000,1.25215986,45.83771865
87085_0975_00016,place des Charentes,16,,BN0069,1564208.33360000,5183520.12400000,1.25182102,45.83831113
87085_2580_00001,place des Jacobins,1,,HS0011,1565049.28620000,5182148.90960001,1.26302889,45.82614179
87085_2580_00003,place des Jacobins,3,,HS0008,1565009.71150000,5182124.35690000,1.26252658,45.82591316
87085_2580_00004,place des Jacobins,4,,DZ0196,1565030.45760000,5182162.06400000,1.26278293,45.82625643
87085_2580_00005,place des Jacobins,5,,HS0009,1565022.95250000,5182132.06920000,1.26269478,45.82598513
87085_2580_00006,place des Jacobins,6,,DZ0197,1565026.91130000,5182168.92640000,1.26273538,45.82631746
87085_2580_00008,place des Jacobins,8,,DZ0198,1565022.86980000,5182177.30400000,1.26268102,45.82639203
87085_2580_00010,place des Jacobins,10,,DZ0199,1565018.63510000,5182185.55350000,1.26262422,45.82646541
87085_2580_00012,place des Jacobins,12,,DZ0200,1565015.11220000,5182192.67650000,1.26257689,45.82652880
87085_2580_00013,place des Jacobins,13,,DZ0206,1564992.95690000,5182154.62880000,1.26230250,45.82618218
87085_2580_00014,place des Jacobins,14,,DZ0201,1565011.69440000,5182199.63380000,1.26253096,45.82659071
87085_2580_00016,place des Jacobins,16,,DZ0202,1565008.58050000,5182205.64700000,1.26248920,45.82664419
87085_2580_00018,place des Jacobins,18,,DZ0203,1565005.25550000,5182212.37360000,1.26244453,45.82670405
87085_2580_00019,place des Jacobins,19,,DZ0379,1564992.49440000,5182202.12490000,1.26228321,45.82660935
87085_4945_00001,place de Stalingrad,1,,DW0059,1564748.61930000,5182896.59840000,1.25894987,45.83280864
87085_4945_00002,place de Stalingrad,2,,DW0151,1564718.97380000,5182903.76600000,1.25856635,45.83286728
87085_4945_00003,place de Stalingrad,3,,DW0060,1564742.95160000,5182887.58690000,1.25887947,45.83272646
87085_4945_00004,place de Stalingrad,4,,DW0150,1564705.96830000,5182898.25670000,1.25840054,45.83281516
87085_4945_00006,place de Stalingrad,6,,DW0142,1564686.67440000,5182890.25400000,1.25815451,45.83273938
87085_4945_00010,place de Stalingrad,10,,DX0007,1564669.90690000,5182865.00420000,1.25794584,45.83250894
87085_4910_00002,place du 63 ème R. I.,2,,CW0029,1564768.57770000,5183916.96140000,1.25891963,45.84199132
87085_4910_00003,place du 63 ème R. I.,3,,CW0091,1564794.45510000,5183923.89290000,1.25925074,45.84205876
87085_4910_00005,place du 63 ème R. I.,5,,CW0092,1564800.17510000,5183946.66790000,1.25931795,45.84226476
87085_2008_00002,place du Forum,2,,DZ0289,1565017.09110000,5182384.44270000,1.26254852,45.82825424
87085_2008_00003,place du Forum,3,,DZ0315,1565009.88410000,5182349.85920000,1.26246549,45.82794172
87085_2008_00004,place du Forum,4,,DZ0315,1565004.26630000,5182327.40710000,1.26239951,45.82773865
87085_2008_00006,place du Forum,6,,DZ0308,1564997.34470000,5182306.80909999,1.26231600,45.82755200
87085_2008_00007,place du Forum,7,,DZ0347,1565000.18670000,5182294.58240000,1.26235600,45.82744300
87085_2008_00008,place du Forum,8,,DZ0319,1564997.07780000,5182299.27880000,1.26231500,45.82748400
87085_2008_00012,place du Forum,12,,DZ0283,1564988.14420000,5182311.91610000,1.26219600,45.82759600
87085_2008_00014,place du Forum,14,,DZ0254,1564985.07280000,5182316.11500000,1.26215600,45.82763300
87085_4220_00001,place du Poids Public,1,,DY0580,1564717.33650000,5182406.42290000,1.25868523,45.82839307
87085_4220_00002,place du Poids Public,2,,DY0403,1564729.34480000,5182412.88090000,1.25883793,45.82845352
87085_4220_00003,place du Poids Public,3,,DY0578,1564709.22540000,5182410.58820000,1.25857969,45.82842894
87085_4220_00004,place du Poids Public,4,,DY0404,1564725.63640000,5182421.41830000,1.25878781,45.82852959
87085_4220_00005,place du Poids Public,5,,DY0164,1564700.55640000,5182428.39620000,1.25846313,45.82858743
87085_4220_00006,place du Poids Public,6,,DY0406,1564723.72290000,5182430.14810000,1.25876073,45.82860774
87085_4220_00007,place du Poids Public,7,,DY0165,1564703.08560000,5182435.68510000,1.25849362,45.82865349
87085_4220_00008,place du Poids Public,8,,DY0408,1564722.58030000,5182440.71660000,1.25874305,45.82870259
87085_4220_00009,place du Poids Public,9,,DY0166,1564705.09890000,5182441.44440000,1.25851790,45.82870570
87085_4220_00011,place du Poids Public,11,,DY0167,1564708.22660000,5182451.09950000,1.25855543,45.82879317
87085_4330_00001,place du Présidial,1,,DX0036,1564621.22860000,5182692.79240000,1.25736792,45.83095022
87085_4330_00002,place du Présidial,2,,DX0542,1564594.63510000,5182703.41030000,1.25702272,45.83104050
87085_4330_00003,place du Présidial,3,,DX0563,1564589.44500000,5182670.91510000,1.25696508,45.83074716
87085_4330_00004,place du Présidial,4,,DX0203,1564584.06810000,5182678.66540000,1.25689371,45.83081582
87085_1795_00001,place Etienne Pinchaud,1,,DX0167,1564641.53820000,5182670.91880000,1.25763542,45.83075745
87085_1795_00002,place Etienne Pinchaud,2,,DX0202,1564620.12910000,5182650.78240000,1.25736560,45.83057210
87085_1795_00003,place Etienne Pinchaud,3,,DX0168,1564636.92060000,5182668.81990000,1.25757659,45.83073766
87085_1795_00011,place Etienne Pinchaud,11,,DX0173,1564626.61140000,5182645.09380000,1.25745062,45.83052220
87085_1970_00001,place Fontaine des Barres,1,,DX0326,1564575.15420000,5182808.30960000,1.25674248,45.83198029
87085_1970_00002,place Fontaine des Barres,2,,DX0398,1564581.54280000,5182820.19330000,1.25682135,45.83208845
87085_1970_00004,place Fontaine des Barres,4,,DX0339,1564575.14850000,5182823.15740000,1.25673823,45.83211385
87085_2020_00001,place Fournier,1,,DW0073,1564922.26930000,5182737.20790000,1.26122928,45.83140895
87085_2020_00003,place Fournier,3,,DW0074,1564911.35460000,5182732.76390000,1.26109008,45.83136683
87085_2020_00005,place Fournier,5,,DW0075,1564904.62220000,5182730.24760000,1.26100415,45.83134288
87085_2020_00007,place Fournier,7,,DW0080,1564892.69960000,5182725.63410000,1.26085202,45.83129903
87085_2020_00009,place Fournier,9,,DW0082,1564884.09650000,5182720.44600000,1.26074278,45.83125067
87085_2020_00011,place Fournier,11,,DW0083,1564874.17520000,5182712.91890000,1.26061722,45.83118101
87085_2020_00013,place Fournier,13,,DW0115,1564850.20390000,5182711.23150000,1.26030923,45.83116112
87085_2027_00001,place Franklin Roosevelt,1,,DZ0205,1564986.96740000,5182182.34880000,1.26221765,45.82643037
87085_2027_00003,place Franklin Roosevelt,3,,DZ0208,1564975.24510000,5182179.84000000,1.26206752,45.82640550
87085_2027_00007,place Franklin Roosevelt,7,,DZ0245,1564960.22620000,5182178.78230000,1.26187456,45.82639303
87085_2027_00009,place Franklin Roosevelt,9,,DZ0245,1564952.34480000,5182177.85220000,1.26177341,45.82638312
87085_2027_00011,place Franklin Roosevelt,11,,DZ0245,1564947.11890000,5182177.06910000,1.26170639,45.82637505
87085_2027_00015,place Franklin Roosevelt,15,,DZ0245,1564939.63810000,5182172.40840000,1.26161145,45.82633165
87085_2377_00001,place Gustave Philippon,1,,HV0318,1564344.72720000,5181649.43710000,1.25410420,45.82151014
87085_2377_00001_b,place Gustave Philippon,1,b,HV0319,1564345.65320000,5181639.11830000,1.25411903,45.82141750
87085_2377_00002,place Gustave Philippon,2,,HV0322,1564329.14840000,5181666.59100000,1.25389893,45.82166138
87085_2377_00003,place Gustave Philippon,3,,HV0321,1564343.27190000,5181620.33280000,1.25409369,45.82124805
87085_2377_00008,place Gustave Philippon,8,,HY0425,1564286.13150000,5181622.09720000,1.25335803,45.82125265
87085_2377_00009,place Gustave Philippon,9,,HY0425,1564327.96630000,5181596.69590000,1.25390344,45.82103240
87085_2377_00010,place Gustave Philippon,10,,HY0425,1564272.93140000,5181607.94390000,1.25319219,45.82112272
87085_2377_00011,place Gustave Philippon,11,,HY0425,1564321.03820000,5181585.68770000,1.25381741,45.82093201
87085_2377_00012,place Gustave Philippon,12,,HY0425,1564256.91510000,5181589.36760000,1.25299137,45.82095246
87085_2377_00014,place Gustave Philippon,14,,HY0425,1564260.72150000,5181575.43770000,1.25304427,45.82082790
87085_2377_00015,place Gustave Philippon,15,,HY0425,1564324.99040000,5181562.62030000,1.25387476,45.82072528
87085_2377_00016,place Gustave Philippon,16,,HY0425,1564264.09130000,5181559.46150000,1.25309214,45.82068485
87085_2377_00017,place Gustave Philippon,17,,HY0425,1564281.20200000,5181552.33280000,1.25331429,45.82062410
87085_2415_00002,place Haute-Vienne,2,,DY0284,1564870.60220000,5182330.46010000,1.26067874,45.82773986
87085_2415_00002_bis,place Haute-Vienne,2,bis,DY0284,1564867.62600000,5182334.04340000,1.26063943,45.82777151
87085_2415_00004,place Haute-Vienne,4,,DY0285,1564861.20680000,5182341.61410000,1.26055471,45.82783836
87085_2415_00004_bis,place Haute-Vienne,4,bis,DY0285,1564856.57340000,5182347.57160000,1.26049341,45.82789104
87085_2415_00010,place Haute-Vienne,10,,DY0424,1564803.15220000,5182317.68410000,1.25981442,45.82761168
87085_2496_00001,place Henri Queuille,1,,HP0224,1565487.20650000,5180872.12580000,1.26902075,45.81474211
87085_2496_00005,place Henri Queuille,5,,EX0259,1565565.23700000,5180911.51890000,1.27001356,45.81511172
87085_2496_00007,place Henri Queuille,7,,EX0256,1565567.78980000,5180899.87480000,1.27004966,45.81500748
87085_2496_00009,place Henri Queuille,9,,EX0182,1565572.05500000,5180886.80180000,1.27010818,45.81489071
87085_2496_00010,place Henri Queuille,10,,TV0001,1565537.49350000,5180855.08880000,1.26967243,45.81459868
87085_2496_00011,place Henri Queuille,11,,EX0183,1565574.07580000,5180875.24470000,1.27013740,45.81478714
87085_2661_00001,place Jean Giono,1,,RC0101,1560963.55800000,5184262.43220000,1.20984699,45.84434013
87085_2661_00002,place Jean Giono,2,,RC0102,1560958.32790000,5184271.12390000,1.20977716,45.84441726
87085_2661_00003,place Jean Giono,3,,RC0103,1560953.32210000,5184279.51640000,1.20971030,45.84449174
87085_2661_00004,place Jean Giono,4,,RC0109,1560947.18770000,5184289.65220000,1.20962841,45.84458167
87085_2770_00001,place Jourdan,1,,EI0181,1565073.22720000,5182801.94120000,1.26315369,45.83202090
87085_2770_00002,place Jourdan,2,,EI0180,1565113.68000000,5182814.37000000,1.26367080,45.83214060
87085_2770_00009,place Jourdan,9,,EI0144,1565136.31230000,5182822.13310000,1.26395983,45.83221491
87085_2770_00010,place Jourdan,10,,EI0142,1565149.38650000,5182825.88120000,1.26412702,45.83225119
87085_2770_00011,place Jourdan,11,,EI0141,1565157.05000000,5182828.19680000,1.26422499,45.83227353
87085_2770_00012,place Jourdan,12,,EI0140,1565162.42240000,5182830.30610000,1.26429353,45.83229355
87085_2770_00013,place Jourdan,13,,EN0016,1565213.54310000,5182805.62510000,1.26495830,45.83208156
87085_2770_00015,place Jourdan,15,,EN0189,1565216.22690000,5182780.02970000,1.26500001,45.83185184
87085_2770_00016,place Jourdan,16,,EN0190,1565217.37130000,5182769.32240000,1.26501774,45.83175574
87085_2770_00017,place Jourdan,17,,EN0021,1565218.18020000,5182762.76050000,1.26502999,45.83169687
87085_2770_00018,place Jourdan,18,,EN0022,1565207.90960000,5182757.70400000,1.26489924,45.83164937
87085_2770_00021,place Jourdan,21,,EH0012,1565167.49390000,5182745.38040000,1.26438261,45.83153059
87085_2770_00024,place Jourdan,24,,EH0010,1565109.86810000,5182727.36700000,1.26364612,45.83135725
87085_2770_00025,place Jourdan,25,,EH0010,1565096.82360000,5182723.29660000,1.26347940,45.83131808
87085_2770_00026,place Jourdan,26,,EH0010,1565084.74400000,5182719.37910000,1.26332506,45.83128047
87085_2770_00027,place Jourdan,27,,EH0164,1565076.85780000,5182730.45680000,1.26322047,45.83137857
87085_2770_00028,place Jourdan,28,,EH0007,1565071.02420000,5182749.46450000,1.26314006,45.83154841
87085_2770_00029,place Jourdan,29,,EH0006,1565066.16120000,5182763.80070000,1.26307346,45.83167642
87085_2770_00031,place Jourdan,31,,EH0006,1565039.65290000,5182763.37370000,1.26273246,45.83166738
87085_2965_00001,place Lazare Carnot,1,,HZ0107,1564259.25080000,5182124.55430000,1.25287036,45.82576724
87085_2965_00002,place Lazare Carnot,2,,HZ0103,1564248.75640000,5182151.90980000,1.25272760,45.82601124
87085_2965_00003,place Lazare Carnot,3,,HZ0108,1564247.31200000,5182116.79250000,1.25271893,45.82569506
87085_2965_00004,place Lazare Carnot,4,,HZ0138,1564226.17080000,5182140.36400000,1.25244025,45.82590292
87085_2965_00006,place Lazare Carnot,6,,HZ0138,1564225.65830000,5182132.82750000,1.25243579,45.82583503
87085_2965_00008,place Lazare Carnot,8,,HZ0138,1564229.00210000,5182123.97060000,1.25248131,45.82575602
87085_3005_00006,place Léon Betoulle,6,,DY0465,1564791.00470000,5182270.70670000,1.25967132,45.82718670
87085_3005_00008,place Léon Betoulle,8,,DY0466,1564785.41710000,5182267.65240000,1.25960028,45.82715813
87085_3005_00010,place Léon Betoulle,10,,DY0427,1564776.98740000,5182263.02470000,1.25949312,45.82711484
87085_3005_00012,place Léon Betoulle,12,,DY0428,1564770.00020000,5182259.27450000,1.25940427,45.82707973
87085_3005_00014,place Léon Betoulle,14,,DY0429,1564764.17550000,5182256.09950000,1.25933021,45.82705003
87085_3005_00016,place Léon Betoulle,16,,DY0594,1564756.31490000,5182251.90570000,1.25923025,45.82701076
87085_3189_00004,place Lucien Berdasé,4,,CZ0210,1564478.98320000,5183357.10540000,1.25535020,45.83689808
87085_3225_00002,place Maison-Dieu,2,,EK0069,1565375.52240000,5183271.53490000,1.26691224,45.83630442
87085_3225_00003,place Maison-Dieu,3,,EK0069,1565379.80100000,5183279.92050000,1.26696496,45.83638069
87085_3225_00003_bis,place Maison-Dieu,3,bis,EK0069,1565385.74480000,5183291.06530000,1.26703833,45.83648211
87085_3225_00004,place Maison-Dieu,4,,EK0069,1565393.38750000,5183304.61210000,1.26713289,45.83660547
87085_3225_00005,place Maison-Dieu,5,,EK0058,1565389.65850000,5183321.05010000,1.26708030,45.83675261
87085_3225_00007,place Maison-Dieu,7,,EK0058,1565366.39220000,5183334.30120000,1.26677716,45.83686726
87085_3225_00008,place Maison-Dieu,8,,EK0002,1565356.51420000,5183339.53500000,1.26664857,45.83691240
87085_3225_00009,place Maison-Dieu,9,,EK0002,1565349.38540000,5183343.51320000,1.26655571,45.83694679
87085_3225_00010,place Maison-Dieu,10,,EK0002,1565340.16030000,5183348.91000000,1.26643548,45.83699354
87085_3255_00001,place Manigne,1,,DZ0315,1564969.53710000,5182380.57050000,1.26193770,45.82821007
87085_3255_00002,place Manigne,2,,EH0138,1564952.51920000,5182389.47560000,1.26171622,45.82828683
87085_3255_00004,place Manigne,4,,DY0271,1564928.37070000,5182397.27190000,1.26140330,45.82835222
87085_3255_00006,place Manigne,6,,DY0272,1564920.53560000,5182395.11980000,1.26130309,45.82833133
87085_3255_00008,place Manigne,8,,DY0569,1564913.89600000,5182383.44280000,1.26122093,45.82822498
87085_3255_00010,place Manigne,10,,DY0569,1564913.21280000,5182377.70200000,1.26121375,45.82817320
87085_3255_00011,place Manigne,11,,DZ0263,1564965.66190000,5182360.92580000,1.26189335,45.82803259
87085_3255_00013,place Manigne,13,,DZ0053,1564962.53240000,5182359.24600000,1.26185356,45.82801687
87085_3255_00014,place Manigne,14,,DY0277,1564905.59350000,5182366.64610000,1.26111882,45.82807225
87085_3255_00015,place Manigne,15,,DZ0052,1564958.95740000,5182357.40490000,1.26180807,45.82799960
87085_3255_00017,place Manigne,17,,DZ0051,1564954.59520000,5182355.04910000,1.26175260,45.82797755
87085_3255_00019,place Manigne,19,,DZ0050,1564945.91720000,5182350.37000000,1.26164225,45.82793376
87085_3270_00002,place Marceau,2,,CW0057,1564851.01880000,5183705.12390000,1.26004027,45.84010193
87085_3270_00004,place Marceau,4,,CW0060,1564842.82420000,5183702.03080000,1.25993568,45.84007249
87085_3270_00006,place Marceau,6,,CW0061,1564836.06790000,5183699.19960000,1.25984952,45.84004570
87085_3270_00008,place Marceau,8,,CW0062,1564828.98680000,5183696.54740000,1.25975913,45.84002045
87085_3270_00010,place Marceau,10,,CW0063,1564821.15620000,5183693.36940000,1.25965924,45.83999032
87085_3270_00012,place Marceau,12,,CW0065,1564811.89870000,5183689.80500000,1.25954110,45.83995644
87085_3942_00001,place Paul Parbelle,1,,EV0336,1565288.69130000,5181484.10690000,1.26629557,45.82020841
87085_3942_00002,place Paul Parbelle,2,,HR0001,1565256.46880000,5181472.18760000,1.26588434,45.82009488
87085_3942_00003,place Paul Parbelle,3,,EV0003,1565304.83310000,5181480.36050000,1.26650429,45.82017787
87085_3942_00005,place Paul Parbelle,5,,EV0387,1565316.59190000,5181479.64190000,1.26665578,45.82017371
87085_3942_00006,place Paul Parbelle,6,,HR0004,1565257.94530000,5181452.98710000,1.26590872,45.81992245
87085_3942_00008,place Paul Parbelle,8,,HR0004,1565258.73190000,5181441.51150000,1.26592205,45.81981937
87085_3942_00012,place Paul Parbelle,12,,HR0006,1565256.66290000,5181423.10150000,1.26590059,45.81965336
87085_3942_00014,place Paul Parbelle,14,,HR0007,1565253.95460000,5181416.42400000,1.26586762,45.81959276
87085_4665_00002,place Sabinus Valière,2,,NN0030,1563043.55570000,5181431.56070000,1.23742549,45.81929238
87085_4665_00004,place Sabinus Valière,4,,NN0030,1563036.40740000,5181451.37730000,1.23732788,45.81946922
87085_4665_00006,place Sabinus Valière,6,,NN0030,1563030.15790000,5181462.44730000,1.23724433,45.81956756
87085_4665_00008,place Sabinus Valière,8,,NN0030,1563024.64170000,5181477.62100000,1.23716904,45.81970296
87085_4665_00010,place Sabinus Valière,10,,NN0030,1563019.24130000,5181492.18380000,1.23709541,45.81983288
87085_4665_00012,place Sabinus Valière,12,,NN0030,1563012.28520000,5181510.20230000,1.23700078,45.81999358
87085_4665_00014,place Sabinus Valière,14,,NN0030,1562996.56590000,5181491.22990000,1.23680395,45.81981978
87085_4665_00016,place Sabinus Valière,16,,NN0030,1562980.24850000,5181482.80330000,1.23659642,45.81974073
87085_4665_00018,place Sabinus Valière,18,,NN0030,1562963.57130000,5181474.38950000,1.23638426,45.81966172
87085_4697_00001,place Saint Aurélien,1,,DY0118,1564649.31670000,5182420.62240000,1.25780598,45.82850742
87085_4697_00003,place Saint Aurélien,3,,DY0030,1564633.08150000,5182413.44640000,1.25759909,45.82843967
87085_4740_00003,place Sainte Félicité,3,,HS0206,1565184.65950000,5181652.73260000,1.26490986,45.82170492
87085_4740_00005,place Sainte Félicité,5,,HS0477,1565181.22980000,5181644.99130000,1.26486790,45.82163461
87085_4740_00007,place Sainte Félicité,7,,HS0208,1565176.30080000,5181631.44240000,1.26480828,45.82151177
87085_4740_00008,place Sainte Félicité,8,,HS0181,1565169.58560000,5181660.88830000,1.26471363,45.82177533
87085_4740_00010,place Sainte Félicité,10,,HS0180,1565161.56070000,5181645.70990000,1.26461463,45.82163722
87085_4730_00006,place Saint Etienne,6,,EO0049,1565276.79340000,5182477.60840000,1.26586415,45.82914324
87085_4730_00008,place Saint Etienne,8,,EO0043,1565267.09810000,5182463.08030000,1.26574346,45.82901065
87085_4795_00001,place Saint-Michel,1,,DX0154,1564628.78480000,5182597.80980000,1.25749190,45.83009728
87085_4795_00003,place Saint-Michel,3,,DX0156,1564618.11770000,5182591.61970000,1.25735638,45.83003950
87085_4795_00004,place Saint-Michel,4,,DX0178,1564622.47400000,5182621.21660000,1.25740410,45.83030660
87085_4795_00005,place Saint-Michel,5,,DX0185,1564605.44640000,5182594.69340000,1.25719246,45.83006465
87085_4795_00006,place Saint-Michel,6,,DX0177,1564620.00550000,5182625.94910000,1.25737100,45.83034868
87085_4795_00007,place Saint-Michel,7,,DX0184,1564606.24480000,5182599.31820000,1.25720143,45.83010641
87085_4795_00008,place Saint-Michel,8,,DX0176,1564618.32510000,5182629.57250000,1.25734836,45.83038094
87085_4795_00009,place Saint-Michel,9,,DX0182,1564605.49080000,5182610.47630000,1.25718858,45.83020664
87085_4795_00010,place Saint-Michel,10,,DX0175,1564616.86660000,5182633.17840000,1.25732857,45.83041309
87085_4795_00011,place Saint-Michel,11,,DX0181,1564604.43960000,5182615.97250000,1.25717351,45.83025587
87085_4795_00012,place Saint-Michel,12,,DX0201,1564613.58210000,5182641.13960000,1.25728407,45.83048406
87085_4795_00013,place Saint-Michel,13,,DX0180,1564603.40290000,5182621.35010000,1.25715865,45.83030404
87085_4795_00015,place Saint-Michel,15,,DX0179,1564595.45310000,5182627.53990000,1.25705461,45.83035816
87085_4795_00017,place Saint-Michel,17,,DX0200,1564585.20750000,5182634.26710000,1.25692088,45.83041666
87085_4810_00002,place Saint Pierre,2,,DW0081,1564906.84260000,5182695.52370000,1.26104248,45.83103095
87085_4810_00004,place Saint Pierre,4,,DW0084,1564904.79610000,5182691.01080000,1.26101741,45.83098995
87085_4810_00006,place Saint Pierre,6,,DW0085,1564902.81530000,5182687.21710000,1.26099299,45.83095544
87085_4810_00008,place Saint Pierre,8,,DW0086,1564899.27820000,5182680.28430000,1.26094942,45.83089238
87085_4810_00010,place Saint Pierre,10,,DY0237,1564888.33320000,5182655.24520000,1.26081562,45.83066498
87085_4810_00014,place Saint Pierre,14,,EH0005,1564948.14150000,5182678.82630000,1.26157861,45.83088886
87085_4810_00016,place Saint Pierre,16,,EH0241,1564927.60980000,5182694.38380000,1.26131004,45.83102477
87085_5375_00001_a,place Wilson,1,a,EH0100,1565050.31070000,5182524.20530000,1.26293674,45.82951800
87085_5375_00001_b,place Wilson,1,b,EH0100,1565047.09300000,5182520.05960000,1.26289650,45.82948008
87085_5375_00002,place Wilson,2,,EH0063,1565059.34290000,5182535.65200000,1.26304976,45.82962275
87085_5375_00003,place Wilson,3,,EH0212,1565041.59910000,5182513.54900000,1.26282764,45.82942043
87085_5375_00004,place Wilson,4,,EH0099,1565058.92130000,5182556.95640000,1.26303835,45.82981431
87085_5375_00005,place Wilson,5,,EH0186,1565030.60730000,5182514.81110000,1.26268584,45.82942963
87085_5380_00001,place Winston Churchill,1,,DM0088,1564374.85080000,5182781.09290000,1.25417258,45.83169599
87085_5380_00002,place Winston Churchill,2,,DM0142,1564372.27520000,5182802.26650000,1.25413346,45.83188595
87085_5380_00003,place Winston Churchill,3,,DM0089,1564374.93500000,5182771.16690000,1.25417646,45.83160671
87085_5380_00004,place Winston Churchill,4,,DM0125,1564359.12610000,5182801.02350000,1.25396461,45.83187217
87085_5380_00005,place Winston Churchill,5,,DM0092,1564377.18420000,5182759.98250000,1.25420856,45.83150655
87085_5380_00006,place Winston Churchill,6,,DM0103,1564328.02350000,5182795.69150000,1.25356587,45.83181807
87085_5380_00007,place Winston Churchill,7,,DM0108,1564378.83900000,5182753.21960000,1.25423177,45.83144604
87085_5380_00008,place Winston Churchill,8,,DM0022,1564275.09110000,5182830.38760000,1.25287492,45.83211974
87085_5380_00008_bis,place Winston Churchill,8,bis,DM0020,1564238.95700000,5182862.92840000,1.25240075,45.83240533
87085_5380_00010,place Winston Churchill,10,,DM0100,1564346.71500000,5182697.73290000,1.25383404,45.83094057
87085_5380_00012,place Winston Churchill,12,,DH0164,1564171.32460000,5182887.03730000,1.25152361,45.83260885
87085_5380_00013,place Winston Churchill,13,,DM0100,1564354.00370000,5182702.63530000,1.25392645,45.83098610
87085_5380_00014,place Winston Churchill,14,,DH0166,1564158.87840000,5182873.42990000,1.25136729,45.83248399
87085_5380_00015,place Winston Churchill,15,,DK0043,1564208.76250000,5182756.65110000,1.25204221,45.83144335
87085_5380_00016,place Winston Churchill,16,,DH0373,1564147.95280000,5182861.23920000,1.25123014,45.83237217
87085_5380_00017,place Winston Churchill,17,,DK0042,1564196.37740000,5182764.94250000,1.25188049,45.83151549
87085_5380_00017_bis,place Winston Churchill,17,bis,DK0040,1564181.00320000,5182775.63250000,1.25167963,45.83160861
87085_5380_00018,place Winston Churchill,18,,DH0175,1564135.36220000,5182847.06620000,1.25107212,45.83224218
87085_5380_00023,place Winston Churchill,23,,DK0037,1564112.52280000,5182822.71850000,1.25078510,45.83201865
87085_4536_00004,pont de la Révolution,4,,HR0013,1565166.65420000,5181427.71410000,1.26474128,45.81967721
87085_3743_00002,port du Naveix,2,,EM0325,1565768.01670000,5182642.43140000,1.27213909,45.83072197
87085_3743_00018,port du Naveix,18,,EM0143,1565687.94470000,5182614.06540000,1.27111664,45.83045117
87085_3743_00020,port du Naveix,20,,EM0144,1565676.83390000,5182607.06520000,1.27097562,45.83038603
87085_0323_00003,quai d'Auzette,3,,EV0049,1565560.71060000,5182030.77040000,1.26964247,45.82517921
87085_0323_00011,quai d'Auzette,11,,EV0045,1565558.08970000,5182008.26690000,1.26961504,45.82497627
87085_0323_00017,quai d'Auzette,17,,EV0046,1565557.91220000,5181990.13310000,1.26961783,45.82481311
87085_3165_00004,quai Louis Goujaud,4,,EO0317,1565560.50000000,5182482.84590000,1.26951336,45.82924587
87085_3165_00006,quai Louis Goujaud,6,,EO0317,1565558.07930000,5182477.31280000,1.26948376,45.82919562
87085_3165_00008,quai Louis Goujaud,8,,EO0272,1565549.46530000,5182456.15200000,1.26937883,45.82900358
87085_4780_00002,quai Saint Martial,2,,HS0566,1565399.74390000,5182115.55730000,1.26754760,45.82591044
87085_4780_00009,quai Saint Martial,9,,HS0186,1565196.70650000,5181711.37890000,1.26504841,45.82223484
87085_4780_00011,quai Saint Martial,11,,HS0185,1565187.80480000,5181703.76220000,1.26493602,45.82216458
87085_4780_00012,quai Saint Martial,12,,HS0057,1565395.46170000,5182071.91940000,1.26750472,45.82551705
87085_4780_00013,quai Saint Martial,13,,HS0183,1565176.30480000,5181694.97290000,1.26479052,45.82208326
87085_4780_00014,quai Saint Martial,14,,HS0056,1565390.84920000,5182061.71790000,1.26744822,45.82542438
87085_4780_00015,quai Saint Martial,15,,HS0182,1565159.87340000,5181681.51670000,1.26458289,45.82195900
87085_4780_00016,quai Saint Martial,16,,HS0055,1565384.63350000,5182048.05930000,1.26737207,45.82530030
87085_4780_00018,quai Saint Martial,18,,HS0054,1565380.77500000,5182039.61600000,1.26732479,45.82522359
87085_4780_00020,quai Saint Martial,20,,HS0053,1565376.78450000,5182031.08930000,1.26727583,45.82514610
87085_4780_00024,quai Saint Martial,24,,HS0081,1565366.25440000,5182005.95210000,1.26714738,45.82491792
87085_4780_00026,quai Saint Martial,26,,HS0081,1565360.61180000,5181993.31890000,1.26707831,45.82480317
87085_4780_00028,quai Saint Martial,28,,HS0080,1565357.77000000,5181986.91740000,1.26704354,45.82474503
87085_4780_00046,quai Saint Martial,46,,HS0077,1565307.02580000,5181875.90950000,1.26642172,45.82373651
87085_4780_00048,quai Saint Martial,48,,HS0076,1565302.10510000,5181865.37480000,1.26636136,45.82364078
87085_4780_00050,quai Saint Martial,50,,HS0075,1565296.61300000,5181854.51340000,1.26629374,45.82354200
87085_4780_00062,quai Saint Martial,62,,HS0170,1565232.28040000,5181772.45130000,1.26548900,45.82279120
87085_4780_00074,quai Saint Martial,74,,HS0169,1565156.32330000,5181712.49250000,1.26452852,45.82223695
87085_4780_00076,quai Saint Martial,76,,HS0171,1565139.70900000,5181700.53580000,1.26431811,45.82212613
87085_4780_00078,quai Saint Martial,78,,HS0174,1565129.07790000,5181691.70980000,1.26418381,45.82204465
87085_4780_00080,quai Saint Martial,80,,HS0243,1565104.98290000,5181675.57600000,1.26387832,45.82189479
87085_4780_00090,quai Saint Martial,90,,HS0254,1565039.43970000,5181627.56370000,1.26304851,45.82145004
87085_4836_00046,quai Salvador Allende,46,,HV0611,1564634.85930000,5181390.69420000,1.25790986,45.81923975
87085_4241_00005,rampe du Pont Neuf,5,,EP0268,1565611.85820000,5182108.04850000,1.27027898,45.82588437
87085_4241_00007,rampe du Pont Neuf,7,,EP0452,1565619.26650000,5182104.29140001,1.27037536,45.82585202
87085_4241_00009,rampe du Pont Neuf,9,,EP0451,1565629.74400000,5182098.57640000,1.27051177,45.82580266
87085_3290_00002,rond point Margaine,2,,CZ0033,1564352.20920000,5183316.63820000,1.25373010,45.83650906
87085_3290_00003,rond point Margaine,3,,DN0001,1564343.33610000,5183298.32630000,1.25362108,45.83634258
87085_3290_00004,rond point Margaine,4,,CZ0032,1564350.04660000,5183324.49920000,1.25370005,45.83657935
87085_3290_00005,rond point Margaine,5,,DE0372,1564312.90610000,5183308.60950000,1.25322656,45.83642908
87085_3290_00006,rond point Margaine,6,,CZ0029,1564372.32740000,5183355.11760000,1.25397815,45.83685917
87085_3290_00007,rond point Margaine,7,,DE0014,1564314.07030000,5183326.07200000,1.25323661,45.83658640
87085_3290_00008_c,rond point Margaine,8,c,CZ0030,1564373.01200000,5183373.56560000,1.25398176,45.83702526
87085_3290_00008_d,rond point Margaine,8,d,CZ0030,1564361.73520000,5183375.84850000,1.25383599,45.83704357
87085_3290_00008_e,rond point Margaine,8,e,CZ0030,1564356.16200000,5183363.35940000,1.25376779,45.83693012
87085_3290_00010,rond point Margaine,10,,CZ0001,1564334.12850000,5183336.07570000,1.25349193,45.83668034
87085_1271_00015,route de Condat,15,,HO0358,1564525.08070000,5180897.73480000,1.25663635,45.81478368
87085_1271_00022,route de Condat,22,,HW0036,1564005.20740000,5180834.92030000,1.24996625,45.81411605
87085_1271_00024,route de Condat,24,,HW0039,1563990.73670000,5180831.35680000,1.24978110,45.81408113
87085_1271_00026,route de Condat,26,,HW0161,1563988.74990000,5180848.54500000,1.24975069,45.81423536
87085_1271_00026_bis,route de Condat,26,bis,HW0038,1563973.55810000,5180840.18900000,1.24955762,45.81415718
87085_1271_00028,route de Condat,28,,HW0054,1563948.62670000,5180824.05370000,1.24924146,45.81400711
87085_1271_00036,route de Condat,36,,HW0040,1563987.18340000,5180823.60520000,1.24973759,45.81401070
87085_1271_00037,route de Condat,37,,HW0006,1563821.82550000,5180692.72000000,1.24764744,45.81280060
87085_1271_00040,route de Condat,40,,HW0053,1563948.10860000,5180795.17480000,1.24924296,45.81374722
87085_1271_00042,route de Condat,42,,HW0052,1563929.89820000,5180784.42090000,1.24901174,45.81364688
87085_1271_00044,route de Condat,44,,HW0120,1563917.10460000,5180778.15370000,1.24884893,45.81358798
87085_1271_00048,route de Condat,48,,HW0045,1563899.61710000,5180769.23450000,1.24862650,45.81350428
87085_2341_00004,route de Grossereix,4,,MP0037,1567399.50880000,5189656.89320000,1.29119700,45.89413800
87085_2341_00010,route de Grossereix,10,,MP0037,1567390.87770000,5189704.33740000,1.29107235,45.89456313
87085_2341_00018,route de Grossereix,18,,MP0069,1567425.28450000,5189711.28700000,1.29151369,45.89463229
87085_2341_00019,route de Grossereix,19,,MP0039,1567324.31270000,5189709.56830000,1.29021334,45.89459733
87085_2341_00021,route de Grossereix,21,,MP0043,1567288.14410000,5189705.41170000,1.28974853,45.89455296
87085_2341_00024,route de Grossereix,24,,MP0068,1567388.21190000,5189716.44470000,1.29103466,45.89467153
87085_2341_00026,route de Grossereix,26,,MP0067,1567358.37300000,5189717.56450000,1.29064993,45.89467584
87085_2341_00030,route de Grossereix,30,,MP0282,1567321.68710000,5189720.83900001,1.29017640,45.89469821
87085_2341_00031,route de Grossereix,31,,MP0018,1567216.95240000,5189680.51180000,1.28883826,45.89431521
87085_2341_00034,route de Grossereix,34,,MP0046,1567282.29430000,5189714.33140000,1.28967070,45.89463206
87085_2341_00038,route de Grossereix,38,,MP0047,1567251.22700000,5189690.60820000,1.28927703,45.89441266
87085_2341_00042,route de Grossereix,42,,MP0048,1567214.99330000,5189693.37060000,1.28880947,45.89443050
87085_2341_00044,route de Grossereix,44,,MP0049,1567185.18950000,5189698.64730000,1.28842404,45.89447221
87085_2341_00046,route de Grossereix,46,,MP0252,1567170.60870000,5189703.36310000,1.28823489,45.89451181
87085_2341_00046_bis,route de Grossereix,46,bis,MP0252,1567178.91440000,5189731.10260000,1.28833421,45.89476295
87085_2341_00046_d,route de Grossereix,46,d,MP0261,1567184.32670000,5189767.32670000,1.28839391,45.89508985
87085_2341_00046_e,route de Grossereix,46,e,MP0052,1567185.89380000,5189780.00140000,1.28841059,45.89520417
87085_2341_00046_ter,route de Grossereix,46,ter,MP0252,1567184.17170000,5189748.29690000,1.28839718,45.89491864
87085_2341_00052,route de Grossereix,52,,MW0079,1566990.45010000,5189949.79130000,1.28584558,45.89669372
87085_2341_00054,route de Grossereix,54,,MW0077,1566993.82830000,5189799.04380000,1.28593091,45.89533831
87085_4743_00003,route de Saint-Florent,3,,MM0131,1565614.39870000,5189007.81570000,1.26838123,45.88795232
87085_4743_00005,route de Saint-Florent,5,,MM0171,1565589.81490000,5189011.31570000,1.26806360,45.88797900
87085_4743_00007,route de Saint-Florent,7,,MM0165,1565566.88090000,5189014.80230000,1.26776700,45.88800600
87085_4743_00008,route de Saint-Florent,8,,MM0097,1565592.17150000,5189018.45230000,1.26809193,45.88804365
87085_4743_00010,route de Saint-Florent,10,,MM0096,1565557.02510000,5189023.58180000,1.26763776,45.88808292
87085_4743_00016,route de Saint-Florent,16,,MM0096,1565530.97750000,5189083.74290000,1.26728537,45.88861900
87085_4743_00018,route de Saint-Florent,18,,MM0011,1565534.33830000,5189099.07780000,1.26732436,45.88875760
87085_4743_00020,route de Saint-Florent,20,,MM0010,1565539.00510000,5189112.22230000,1.26738079,45.88887676
87085_4743_00022,route de Saint-Florent,22,,MM0012,1565544.87440000,5189127.05030000,1.26745224,45.88901129
87085_1438_00004,route des Crouzettes,4,,LM0089,1567690.78080000,5188836.38200000,1.29517538,45.88681317
87085_1438_00010,route des Crouzettes,10,,LM0106,1567695.51790000,5188917.53300000,1.29521402,45.88754409
87085_1438_00011,route des Crouzettes,11,,LM0072,1567682.27070000,5189016.47270000,1.29501609,45.88843156
87085_1438_00012,route des Crouzettes,12,,LM0099,1567699.18070000,5188950.92610000,1.29525200,45.88784518
87085_1438_00014,route des Crouzettes,14,,LM0100,1567696.84400000,5188971.07880000,1.29521634,45.88802602
87085_1438_00031,route des Crouzettes,31,,LM0084,1567632.88290000,5189323.45860000,1.29429520,45.89118357
87085_1438_00032,route des Crouzettes,32,,LL0044,1567644.01370000,5189317.10970000,1.29444034,45.89112860
87085_1438_00032_b,route des Crouzettes,32,b,LL0045,1567653.35640000,5189347.22070000,1.29455239,45.89140127
87085_1438_00032_c,route des Crouzettes,32,c,LL0045,1567657.48390000,5189376.43079999,1.29459750,45.89166483
87085_1438_00034,route des Crouzettes,34,,LL0031,1567623.52400000,5189345.66630000,1.29416851,45.89138154
87085_1438_00036,route des Crouzettes,36,,LL0036,1567609.38080000,5189346.89460000,1.29398597,45.89138986
87085_1438_00038,route des Crouzettes,38,,LL0043,1567594.73900000,5189345.25040000,1.29379781,45.89137225
87085_2302_00002,route du Grand-Beaune,2,,ND0043,1566839.67540000,5192567.63540000,1.28317598,45.92021347
87085_2302_00003,route du Grand-Beaune,3,,ND0114,1566838.14700000,5192545.16740000,1.28316252,45.92001106
87085_2302_00004,route du Grand-Beaune,4,,ND0044,1566828.62070000,5192549.99470000,1.28303840,45.92005264
87085_2302_00005,route du Grand-Beaune,5,,ND0042,1566829.25070000,5192533.04230000,1.28305123,45.91990026
87085_2302_00007,route du Grand-Beaune,7,,ND0127,1566816.26250000,5192509.66380000,1.28289032,45.91968744
87085_2302_00012,route du Grand-Beaune,12,,ND0047,1566795.79830000,5192491.22470000,1.28263169,45.91951760
87085_2302_00016,route du Grand-Beaune,16,,ND0121,1566784.03370000,5192458.19740000,1.28248924,45.91921822
87085_2302_00019,route du Grand-Beaune,19,,NE0128,1566807.10540000,5192231.86150000,1.28284951,45.91718669
87085_2302_00024,route du Grand-Beaune,24,,NE0113,1566756.43250000,5192301.50940000,1.28217706,45.91780337
87085_2302_00026,route du Grand-Beaune,26,,NE0030,1566747.82090000,5192267.22740000,1.28207560,45.91749332
87085_2302_00049,route du Grand-Beaune,49,,NB0058,1566848.28850000,5191728.88650000,1.28352001,45.91267014
87085_2302_00051,route du Grand-Beaune,51,,NB0110,1566867.76390000,5191677.29210000,1.28378532,45.91220979
87085_2302_00061_a,route du Grand-Beaune,61,a,NB0104,1567079.96320000,5191568.43940000,1.28655013,45.91127171
87085_2302_00061_b,route du Grand-Beaune,61,b,NB0103,1567046.70510000,5191546.82290000,1.28612753,45.91107082
87085_2302_00062,route du Grand-Beaune,62,,NA0159,1566883.30630000,5191628.19730000,1.28399925,45.91177117
87085_2302_00063,route du Grand-Beaune,63,,NB0114,1567014.09510000,5191483.85750000,1.28572476,45.91049809
87085_2302_00063_b,route du Grand-Beaune,63,b,NB0115,1567028.54140000,5191466.55370000,1.28591572,45.91034523
87085_2302_00064,route du Grand-Beaune,64,,NA0158,1566916.42850000,5191576.54880000,1.28444043,45.91131298
87085_2302_00065,route du Grand-Beaune,65,,NB0001,1567046.70320000,5191447.22170000,1.28615513,45.91017485
87085_2302_00067,route du Grand-Beaune,67,,MZ0010,1567084.44490000,5191402.92370000,1.28665377,45.90978367
87085_2302_00074,route du Grand-Beaune,74,,NA0081,1567030.28000000,5191450.51580000,1.28594258,45.91020130
87085_2302_00075,route du Grand-Beaune,75,,MZ0008,1567179.68420000,5191273.29340000,1.28791699,45.90863599
87085_2302_00086,route du Grand-Beaune,86,,MZ0006,1567172.13210000,5191245.05570000,1.28782750,45.90838052
87085_3840_00042,route du Palais,42,,SW0031,1567630.59750000,5184627.63260000,1.29556048,45.84894120
87085_3840_00071,route du Palais,71,,SW0008,1567968.64220000,5184853.68030000,1.29984983,45.85103966
87085_3840_00072,route du Palais,72,,SW0050,1567985.50230000,5184834.25570000,1.30007220,45.85086816
87085_3840_00086,route du Palais,86,,SW0051,1568161.30710000,5184967.45690000,1.30229877,45.85210013
87085_3840_00090,route du Palais,90,,SW0010,1568208.66790000,5185003.54010000,1.30289856,45.85243380
87085_3840_00092,route du Palais,92,,SW0011,1568219.52550000,5185011.23020000,1.30303622,45.85250506
87085_3840_00099,route du Palais,99,,SW0007,1568301.09170000,5185089.22780000,1.30406487,45.85322233
87085_4308_00003,route du Pré Saint Yrieix,3,,HN0278,1564198.45510000,5179149.67560000,1.25292785,45.79899443
87085_4308_00005,route du Pré Saint Yrieix,5,,HN0280,1564210.51680000,5179141.05610000,1.25308540,45.79891927
87085_4308_00007,route du Pré Saint Yrieix,7,,HN0279,1564217.07850000,5179135.76440000,1.25317129,45.79887297
87085_4308_00015,route du Pré Saint Yrieix,15,,HN0148,1564317.47360000,5179025.16340000,1.25449362,45.79789785
87085_4308_00023,route du Pré Saint Yrieix,23,,HN0149,1564401.29680000,5178964.75880000,1.25558865,45.79737099
87085_4308_00031,route du Pré Saint Yrieix,31,,HN0295,1564494.15240000,5178935.02040000,1.25679118,45.79712177
87085_4308_00035,route du Pré Saint Yrieix,35,,HN0155,1564540.87890000,5178920.88070000,1.25739608,45.79700377
87085_4308_00039,route du Pré Saint Yrieix,39,,HN0157,1564594.87380000,5178900.53400000,1.25809619,45.79683137
87085_4308_00043,route du Pré Saint Yrieix,43,,HN0159,1564651.80330000,5178881.04160000,1.25883380,45.79666722
87085_4308_00047,route du Pré Saint Yrieix,47,,HN0161,1564706.67650000,5178860.68770000,1.25954521,45.79649491
87085_4308_00051,route du Pré Saint Yrieix,51,,HN0163,1564761.79230000,5178834.18380000,1.26026145,45.79626733
87085_4308_00053,route du Pré Saint Yrieix,53,,HN0165,1564793.57230000,5178818.11640000,1.26067466,45.79612904
87085_4308_00059,route du Pré Saint Yrieix,59,,HN0166,1564859.45770000,5178783.91320000,1.26153156,45.79583430
87085_1610_00001,rue Abbé Duployé,1,,VA0054,1566558.85340000,5184476.22360000,1.28180660,45.84737200
87085_1610_00004,rue Abbé Duployé,4,,VA0057,1566582.95410000,5184484.31810000,1.28211458,45.84744950
87085_1610_00005,rue Abbé Duployé,5,,VA0051,1566569.56060000,5184488.10440000,1.28194113,45.84748096
87085_1610_00006,rue Abbé Duployé,6,,VA0058,1566590.59680000,5184492.98880000,1.28221055,45.84752898
87085_1610_00007,rue Abbé Duployé,7,,VA0050,1566576.49290000,5184495.82140000,1.28202822,45.84755172
87085_1610_00008,rue Abbé Duployé,8,,VA0156,1566597.85450000,5184501.02890000,1.28230174,45.84760271
87085_1610_00009,rue Abbé Duployé,9,,VA0049,1566582.83740000,5184502.92320000,1.28210791,45.84761684
87085_1610_00010,rue Abbé Duployé,10,,VA0060,1566605.53970000,5184509.74590000,1.28239824,45.84768262
87085_1610_00011,rue Abbé Duployé,11,,VA0048,1566589.68510000,5184510.72420000,1.28219389,45.84768834
87085_1610_00012,rue Abbé Duployé,12,,VA0061,1566614.35270000,5184519.66910000,1.28250893,45.84777359
87085_1610_00014,rue Abbé Duployé,14,,VA0062,1566626.62170000,5184533.23810000,1.28266309,45.84789804
87085_1610_00015,rue Abbé Duployé,15,,VA0047,1566599.21960000,5184521.17750000,1.28231372,45.84778423
87085_1610_00017,rue Abbé Duployé,17,,VA0046,1566610.27010000,5184533.56930000,1.28245252,45.84789784
87085_1610_00018,rue Abbé Duployé,18,,VA0063,1566639.21610000,5184547.36940000,1.28282129,45.84802760
87085_1610_00019,rue Abbé Duployé,19,,VA0045,1566617.23610000,5184541.31700000,1.28254004,45.84796889
87085_1610_00021,rue Abbé Duployé,21,,VA0044,1566624.71740000,5184549.71570000,1.28263401,45.84804589
87085_1610_00023,rue Abbé Duployé,23,,VA0043,1566633.27880000,5184559.24450000,1.28274157,45.84813327
87085_0009_00001,rue Abbé Pierre,1,,PL0138,1559310.02920000,5184270.97820000,1.18856191,45.84408065
87085_0009_00002,rue Abbé Pierre,2,,PL0128,1559292.99820000,5184272.07660000,1.18834238,45.84408704
87085_0009_00003,rue Abbé Pierre,3,,PL0139,1559305.08520000,5184253.25840000,1.18850346,45.84392024
87085_0009_00004,rue Abbé Pierre,4,,PL0129,1559288.02690000,5184250.99710000,1.18828457,45.84389641
87085_0009_00005,rue Abbé Pierre,5,,PL0142,1559297.36690000,5184219.00140000,1.18841415,45.84361051
87085_0009_00006,rue Abbé Pierre,6,,PL0130,1559280.53900000,5184215.53820000,1.18819858,45.84357591
87085_0009_00007,rue Abbé Pierre,7,,PL0143,1559295.25990000,5184195.97870000,1.18839377,45.84340298
87085_0009_00008,rue Abbé Pierre,8,,PL0131,1559279.90110000,5184196.10340000,1.18819606,45.84340096
87085_0009_00009,rue Abbé Pierre,9,,PL0144,1559298.66080000,5184171.47120000,1.18844472,45.84318322
87085_0009_00010,rue Abbé Pierre,10,,PL0132,1559281.42890000,5184177.37110000,1.18822121,45.84323276
87085_0009_00011,rue Abbé Pierre,11,,PL0145,1559304.97460000,5184151.02000000,1.18853197,45.84300054
87085_0009_00012,rue Abbé Pierre,12,,PL0133,1559285.81880000,5184156.45560000,1.18828383,45.84304552
87085_0009_00014,rue Abbé Pierre,14,,PL0134,1559291.45950000,5184141.76980000,1.18836073,45.84291457
87085_0009_00015,rue Abbé Pierre,15,,PL0146,1559314.89400000,5184131.25950000,1.18866543,45.84282482
87085_0009_00016,rue Abbé Pierre,16,,PL0135,1559301.61900000,5184122.00730000,1.18849728,45.84273888
87085_0009_00017,rue Abbé Pierre,17,,PL0156,1559334.85570000,5184106.85740000,1.18892949,45.84260940
87085_0009_00018,rue Abbé Pierre,18,,PL0136,1559321.82060000,5184097.60340000,1.18876443,45.84252349
87085_0009_00019,rue Abbé Pierre,19,,PL0157,1559356.81520000,5184092.03900000,1.18921646,45.84248059
87085_0009_00020,rue Abbé Pierre,20,,PL0137,1559337.55030000,5184084.03560000,1.18897085,45.84240466
87085_0009_00021,rue Abbé Pierre,21,,PL0208,1559404.51320000,5184073.62380000,1.18983575,45.84232469
87085_0009_00022,rue Abbé Pierre,22,,PL0195,1559366.12190000,5184070.49750000,1.18934254,45.84228872
87085_0009_00023,rue Abbé Pierre,23,,PL0208,1559411.80980000,5184074.09320000,1.18992952,45.84233041
87085_0009_00025,rue Abbé Pierre,25,,PL0208,1559418.79190000,5184074.31510000,1.19001932,45.84233383
87085_0009_00026,rue Abbé Pierre,26,,PL0176,1559387.58010000,5184057.20570000,1.18962261,45.84217354
87085_0009_00027,rue Abbé Pierre,27,,PL0208,1559425.97590000,5184075.10830000,1.19011155,45.84234244
87085_0009_00029,rue Abbé Pierre,29,,PL0208,1559433.38620000,5184075.39440000,1.19020684,45.84234652
87085_0009_00031,rue Abbé Pierre,31,,PL0208,1559441.51510000,5184075.82250000,1.19031134,45.84235204
87085_0009_00033,rue Abbé Pierre,33,,PL0208,1559447.79020000,5184076.78490000,1.19039182,45.84236198
87085_0009_00034,rue Abbé Pierre,34,,PL0207,1559459.44770000,5184063.77200000,1.19054566,45.84224730
87085_0009_00035,rue Abbé Pierre,35,,PL0208,1559453.96790000,5184076.93810000,1.19047129,45.84236462
87085_0009_00036,rue Abbé Pierre,36,,PL0206,1559478.69410000,5184061.29480000,1.19079410,45.84222895
87085_0009_00037,rue Abbé Pierre,37,,PL0208,1559460.82280000,5184077.45420000,1.19055936,45.84237066
87085_0009_00038,rue Abbé Pierre,38,,PL0205,1559493.38740000,5184056.44310000,1.19098463,45.84218831
87085_0009_00039,rue Abbé Pierre,39,,PL0208,1559466.94040000,5184078.15340000,1.19063789,45.84237820
87085_0009_00040,rue Abbé Pierre,40,,PL0204,1559506.94930000,5184049.52560000,1.19116120,45.84212886
87085_0009_00041,rue Abbé Pierre,41,,PL0208,1559473.42120000,5184078.48680000,1.19072121,45.84238252
87085_0009_00042,rue Abbé Pierre,42,,PL0203,1559518.14090000,5184041.75450000,1.19130751,45.84206124
87085_0009_00043,rue Abbé Pierre,43,,PL0209,1559500.05640000,5184072.81830000,1.19106568,45.84233698
87085_0009_00044,rue Abbé Pierre,44,,PL0202,1559529.30870000,5184030.43170000,1.19145456,45.84196167
87085_0009_00045,rue Abbé Pierre,45,,PL0209,1559505.22520000,5184068.96100000,1.19113333,45.84230334
87085_0009_00046,rue Abbé Pierre,46,,PL0201,1559540.41830000,5184013.70600000,1.19160243,45.84181348
87085_0009_00047,rue Abbé Pierre,47,,PL0209,1559511.91320000,5184065.42250000,1.19122044,45.84227287
87085_0009_00048,rue Abbé Pierre,48,,PL0226,1559550.10110000,5183992.62660000,1.19173321,45.84162584
87085_0009_00049,rue Abbé Pierre,49,,PL0209,1559520.37070000,5184059.06950000,1.19133115,45.84221745
87085_0009_00050,rue Abbé Pierre,50,,PL0227,1559558.66540000,5183978.39380000,1.19184760,45.84149956
87085_0009_00051,rue Abbé Pierre,51,,PL0209,1559525.39390000,5184054.06140000,1.19139727,45.84217343
87085_0009_00052,rue Abbé Pierre,52,,PL0228,1559564.66120000,5183968.88440000,1.19192755,45.84141525
87085_0009_00053,rue Abbé Pierre,53,,PL0209,1559529.90370000,5184049.72280000,1.19145658,45.84213532
87085_0009_00055,rue Abbé Pierre,55,,PL0209,1559536.19570000,5184044.45650000,1.19153910,45.84208923
87085_0009_00057,rue Abbé Pierre,57,,PL0209,1559542.53060000,5184038.81480001,1.19162228,45.84203978
87085_0009_00059,rue Abbé Pierre,59,,PL0221,1559555.54350000,5184019.31650000,1.19179546,45.84186704
87085_0009_00061,rue Abbé Pierre,61,,PL0222,1559562.12760000,5184005.82000000,1.19188415,45.84174698
87085_0009_00063,rue Abbé Pierre,63,,PL0223,1559570.04780000,5183991.76660000,1.19199019,45.84162218
87085_0009_00065,rue Abbé Pierre,65,,PL0245,1559576.17440000,5183978.02890000,1.19207305,45.84149986
87085_0009_00069,rue Abbé Pierre,69,,PL0236,1559592.43690000,5183955.57200000,1.19228892,45.84130117
87085_0009_00086,rue Abbé Pierre,86,,PL0159,1559676.88820000,5183859.30240000,1.19340394,45.84045242
87085_0009_00088,rue Abbé Pierre,88,,PL0159,1559682.07830000,5183836.04890000,1.19347753,45.84024431
87085_0009_00090,rue Abbé Pierre,90,,PL0159,1559687.91190000,5183838.06320000,1.19355202,45.84026362
87085_0009_00092,rue Abbé Pierre,92,,PL0159,1559696.83260000,5183840.22280000,1.19366620,45.84028486
87085_0009_00094,rue Abbé Pierre,94,,PL0159,1559702.41640000,5183841.80600000,1.19373760,45.84030024
87085_0009_00095,rue Abbé Pierre,95,,PL0234,1559681.86750000,5183930.91920000,1.19344712,45.84109766
87085_0009_00096,rue Abbé Pierre,96,,PL0159,1559707.26900000,5183843.06650000,1.19379969,45.84031257
87085_0009_00097,rue Abbé Pierre,97,,PL0233,1559695.57120000,5183953.86410000,1.19361679,45.84130686
87085_0009_00098,rue Abbé Pierre,98,,PL0159,1559713.09510000,5183844.59040000,1.19387423,45.84032747
87085_0009_00099,rue Abbé Pierre,99,,PL0232,1559713.14400000,5183980.91590000,1.19383506,45.84155379
87085_0009_00100,rue Abbé Pierre,100,,PL0159,1559719.55090000,5183846.26630000,1.19395682,45.84034386
87085_0009_00102,rue Abbé Pierre,102,,PL0159,1559725.06270000,5183847.79280000,1.19402731,45.84035872
87085_0009_00104,rue Abbé Pierre,104,,PL0159,1559730.49560000,5183848.93000000,1.19409690,45.84037006
87085_0009_00106,rue Abbé Pierre,106,,PL0159,1559736.41550000,5183850.53320000,1.19417263,45.84038569
87085_0009_00108,rue Abbé Pierre,108,,PL0159,1559746.72490000,5183847.32930000,1.19430625,45.84035897
87085_0019_00001_b,rue Achille Zavatta,1,b,OR0228,1562314.25190000,5184700.34310000,1.22710650,45.84855116
87085_0019_00002,rue Achille Zavatta,2,,OR0118,1562344.85780000,5184716.04170000,1.22749596,45.84869850
87085_0019_00002_bis,rue Achille Zavatta,2,bis,OR0117,1562323.65880000,5184721.84730000,1.22722142,45.84874648
87085_0019_00003,rue Achille Zavatta,3,,OR0194,1562287.58180000,5184719.71060000,1.22675764,45.84872003
87085_0019_00004,rue Achille Zavatta,4,,OR0116,1562302.31930000,5184728.68920000,1.22694477,45.84880375
87085_0019_00004_bis,rue Achille Zavatta,4,bis,OR0203,1562293.08700000,5184730.82210000,1.22682532,45.84882109
87085_0019_00005,rue Achille Zavatta,5,,OR0142,1562255.99690000,5184707.43520000,1.22635460,45.84860328
87085_0019_00006,rue Achille Zavatta,6,,OR0202,1562278.14070000,5184730.70820000,1.22663296,45.84881707
87085_0019_00006_bis,rue Achille Zavatta,6,bis,OR0195,1562271.46090000,5184729.29060000,1.22654739,45.84880298
87085_0019_00008,rue Achille Zavatta,8,,OR0199,1562264.49220000,5184726.31200000,1.22645854,45.84877479
87085_0019_00010,rue Achille Zavatta,10,,OR0197,1562256.61620000,5184721.89290000,1.22635842,45.84873346
87085_0019_00012,rue Achille Zavatta,12,,OR0196,1562251.67400000,5184718.59300000,1.22629575,45.84870279
87085_0019_00014,rue Achille Zavatta,14,,OR0200,1562236.19700000,5184706.95750000,1.22609987,45.84859502
87085_0019_00016,rue Achille Zavatta,16,,OR0198,1562207.39110000,5184695.66570000,1.22573231,45.84848767
87085_0019_00017,rue Achille Zavatta,17,,OR0097,1562159.62950000,5184693.81360000,1.22511805,45.84846144
87085_0019_00018,rue Achille Zavatta,18,,OR0166,1562185.04440000,5184696.76710000,1.22544435,45.84849310
87085_0019_00019,rue Achille Zavatta,19,,OR0098,1562140.99830000,5184701.49530000,1.22487603,45.84852680
87085_0019_00020,rue Achille Zavatta,20,,OR0167,1562163.80940000,5184704.64280000,1.22516875,45.84855969
87085_0019_00021,rue Achille Zavatta,21,,RP0286,1562123.21510000,5184708.93480000,1.22464498,45.84859016
87085_0019_00022,rue Achille Zavatta,22,,OR0201,1562145.32170000,5184712.26580000,1.22492859,45.84862455
87085_0019_00023,rue Achille Zavatta,23,,RP0065,1562100.32130000,5184718.35850000,1.22434759,45.84867034
87085_0019_00024,rue Achille Zavatta,24,,OR0210,1562126.91090000,5184720.19300000,1.22468933,45.84869217
87085_0019_00031,rue Achille Zavatta,31,,RP0279,1561977.45610000,5184739.87340000,1.22275987,45.84883922
87085_0019_00032,rue Achille Zavatta,32,,RP0055,1562040.88390000,5184755.35980000,1.22357188,45.84899126
87085_0019_00033,rue Achille Zavatta,33,,RP0113,1561948.45680000,5184722.51280000,1.22239157,45.84867723
87085_0019_00034,rue Achille Zavatta,34,,RP0054,1562018.89790000,5184757.71160000,1.22328819,45.84900800
87085_0019_00035,rue Achille Zavatta,35,,RP0131,1561937.87810000,5184701.10530000,1.22226155,45.84848253
87085_0019_00036,rue Achille Zavatta,36,,RP0053,1561998.38550000,5184754.65360000,1.22302503,45.84897637
87085_0019_00037,rue Achille Zavatta,37,,RP0110,1561922.31520000,5184701.36390000,1.22206115,45.84848174
87085_0019_00038,rue Achille Zavatta,38,,RP0278,1561981.10250000,5184752.13820000,1.22280328,45.84895028
87085_0019_00039,rue Achille Zavatta,39,,RP0111,1561924.70960000,5184712.31810000,1.22208883,45.84858075
87085_0019_00040,rue Achille Zavatta,40,,RP0289,1561959.22870000,5184748.49330000,1.22252277,45.84891310
87085_0019_00041,rue Achille Zavatta,41,,RP0112,1561939.42190000,5184726.77650000,1.22227405,45.84871377
87085_0019_00042,rue Achille Zavatta,42,,RP0272,1561917.33330000,5184771.72970000,1.22197680,45.84911371
87085_0019_00043,rue Achille Zavatta,43,,RP0152,1561898.15520000,5184762.36220000,1.22173263,45.84902559
87085_0019_00044,rue Achille Zavatta,44,,RP0145,1561872.35270000,5184790.28940000,1.22139247,45.84927163
87085_0019_00045,rue Achille Zavatta,45,,RP0207,1561847.42190000,5184746.17010000,1.22108424,45.84886974
87085_0019_00046,rue Achille Zavatta,46,,RP0146,1561850.73570000,5184804.05380000,1.22111025,45.84939110
87085_0019_00047,rue Achille Zavatta,47,,RP0208,1561826.63150000,5184730.01660000,1.22082126,45.84872026
87085_0019_00048,rue Achille Zavatta,48,,RP0147,1561834.91700000,5184825.41180000,1.22090048,45.84958005
87085_0019_00049,rue Achille Zavatta,49,,RP0246,1561800.29060000,5184711.31840000,1.22048758,45.84854676
87085_0019_00050,rue Achille Zavatta,50,,RP0148,1561821.63100000,5184828.67510000,1.22072852,45.84960673
87085_0019_00051,rue Achille Zavatta,51,,RP0245,1561785.00350000,5184704.02550000,1.22029290,45.84847809
87085_0019_00052,rue Achille Zavatta,52,,RP0149,1561816.51360000,5184820.67000000,1.22066495,45.84953369
87085_0019_00053,rue Achille Zavatta,53,,RP0244,1561767.97030000,5184698.65880000,1.22007519,45.84842639
87085_0019_00054,rue Achille Zavatta,54,,RP0150,1561825.56680000,5184808.61180000,1.22078496,45.84942704
87085_0019_00055,rue Achille Zavatta,55,,RP0243,1561750.32840000,5184696.42030000,1.21984875,45.84840270
87085_0019_00056,rue Achille Zavatta,56,,RP0151,1561853.03550000,5184791.28690000,1.22114352,45.84927672
87085_0019_00057,rue Achille Zavatta,57,,RP0242,1561732.48060000,5184697.19350000,1.21961879,45.84840607
87085_0019_00058,rue Achille Zavatta,58,,RP0209,1561834.59550000,5184752.34260000,1.22091736,45.84892269
87085_0019_00059,rue Achille Zavatta,59,,RP0241,1561711.72130000,5184702.50430000,1.21935004,45.84844967
87085_0019_00060,rue Achille Zavatta,60,,RP0210,1561811.53670000,5184735.24650000,1.22062546,45.84876427
87085_0019_00061,rue Achille Zavatta,61,,RP0240,1561693.62140000,5184710.64870000,1.21911471,45.84851929
87085_0019_00062,rue Achille Zavatta,62,,RP0211,1561790.26730000,5184720.57350000,1.22035589,45.84862800
87085_0019_00063,rue Achille Zavatta,63,,RP0239,1561676.24570000,5184720.85070000,1.21888812,45.84860756
87085_0019_00065,rue Achille Zavatta,65,,RP0238,1561662.21380000,5184729.03280000,1.21870514,45.84867834
87085_0019_00067,rue Achille Zavatta,67,,RP0237,1561643.16960000,5184737.62350000,1.21845753,45.84875179
87085_0019_00068,rue Achille Zavatta,68,,RP0214,1561696.67110000,5184723.93530000,1.21915015,45.84863942
87085_0019_00069,rue Achille Zavatta,69,,RP0236,1561616.89770000,5184739.78570000,1.21811873,45.84876595
87085_0019_00070,rue Achille Zavatta,70,,RP0215,1561680.55580000,5184733.26570000,1.21894002,45.84872011
87085_0019_00072,rue Achille Zavatta,72,,RP0216,1561666.12100000,5184741.83670000,1.21875175,45.84879431
87085_0019_00076,rue Achille Zavatta,76,,RP0235,1561612.41290000,5184751.43830000,1.21805764,45.84886987
87085_0020_00003,rue Adolphe Mandonnaud,3,,HT0138,1564622.27870000,5182177.99480000,1.25752638,45.82631952
87085_0020_00009,rue Adolphe Mandonnaud,9,,HT0059,1564610.34490000,5182142.94450000,1.25738269,45.82600187
87085_0020_00012,rue Adolphe Mandonnaud,12,,HT0064,1564600.19740000,5182135.92330000,1.25725410,45.82593671
87085_0025_00001,rue Adrien Dubouché,1,,DX0220,1564548.06100000,5182622.64590000,1.25644615,45.83030480
87085_0025_00002,rue Adrien Dubouché,2,,DX0196,1564557.46490000,5182616.24250000,1.25656896,45.83024905
87085_0025_00003,rue Adrien Dubouché,3,,DX0219,1564547.11060000,5182629.41860000,1.25643201,45.83036554
87085_0025_00004,rue Adrien Dubouché,4,,DX0197,1564555.95620000,5182624.98860000,1.25654708,45.83032743
87085_0025_00005,rue Adrien Dubouché,5,,DX0218,1564545.38760000,5182638.86190000,1.25640718,45.83045015
87085_0025_00006,rue Adrien Dubouché,6,,DX0198,1564554.32310000,5182634.43110000,1.25652341,45.83041205
87085_0025_00007,rue Adrien Dubouché,7,,DX0217,1564542.60220000,5182649.50380000,1.25636834,45.83054533
87085_0025_00008,rue Adrien Dubouché,8,,DX0203,1564548.23440000,5182662.59050000,1.25643713,45.83066416
87085_0025_00008_bis,rue Adrien Dubouché,8,bis,DX0485,1564542.23940000,5182684.08140000,1.25635393,45.83085630
87085_0025_00008_ter,rue Adrien Dubouché,8,ter,DX0212,1564539.28730000,5182692.62080000,1.25631353,45.83093254
87085_0025_00009,rue Adrien Dubouché,9,,DX0216,1564541.61780000,5182654.67140000,1.25635421,45.83059162
87085_0025_00010,rue Adrien Dubouché,10,,DX0211,1564537.62610000,5182699.58640000,1.25629019,45.83099487
87085_0025_00010_bis,rue Adrien Dubouché,10,bis,DX0210,1564538.16780000,5182710.64880000,1.25629405,45.83109449
87085_0025_00010_ter,rue Adrien Dubouché,10,ter,DX0209,1564536.45330000,5182717.75200000,1.25626998,45.83115805
87085_0025_00011,rue Adrien Dubouché,11,,DX0215,1564539.23200000,5182662.41580000,1.25632133,45.83066082
87085_0025_00012,rue Adrien Dubouché,12,,DX0541,1564534.73080000,5182723.43210000,1.25624600,45.83120900
87085_0025_00012_bis,rue Adrien Dubouché,12,bis,DX0208,1564535.14890000,5182731.82930000,1.25624923,45.83128443
87085_0025_00013,rue Adrien Dubouché,13,,DX0213,1564537.71660000,5182667.60330000,1.25630037,45.83070718
87085_0025_00014,rue Adrien Dubouché,14,,DX0555,1564521.94360000,5182776.31330000,1.25606677,45.83168198
87085_0025_00014_a,rue Adrien Dubouché,14,a,DX0308,1564520.81910000,5182786.23520000,1.25604950,45.83177102
87085_0025_00015,rue Adrien Dubouché,15,,DX0229,1564534.63580000,5182680.66350000,1.25625705,45.83082406
87085_0025_00017,rue Adrien Dubouché,17,,DX0230,1564533.20700000,5182685.71480000,1.25623724,45.83086922
87085_0025_00018,rue Adrien Dubouché,18,,DX0310,1564518.78420000,5182803.23040000,1.25601852,45.83192350
87085_0025_00019,rue Adrien Dubouché,19,,DX0441,1564531.99420000,5182690.28430000,1.25622034,45.83091008
87085_0025_00020,rue Adrien Dubouché,20,,DX0311,1564517.97030000,5182811.45710000,1.25600573,45.83199734
87085_0025_00021,rue Adrien Dubouché,21,,DX0454,1564531.04230000,5182693.72180000,1.25620712,45.83094082
87085_0025_00022,rue Adrien Dubouché,22,,DX0312,1564516.99360000,5182821.01510000,1.25599047,45.83208313
87085_0025_00025,rue Adrien Dubouché,25,,DX0382,1564528.71320000,5182702.07820000,1.25617480,45.83101553
87085_0025_00026,rue Adrien Dubouché,26,,DX0352,1564514.45120000,5182846.24240000,1.25595064,45.83230956
87085_0025_00027,rue Adrien Dubouché,27,,DX0235,1564526.45730000,5182709.93600000,1.25614355,45.83108577
87085_0025_00028,rue Adrien Dubouché,28,,DX0353,1564513.12330000,5182855.68260000,1.25593090,45.83239422
87085_0025_00029,rue Adrien Dubouché,29,,DX0236,1564524.79720000,5182714.77630000,1.25612083,45.83112899
87085_0025_00030,rue Adrien Dubouché,30,,DX0357,1564510.99660000,5182874.65350000,1.25589818,45.83256446
87085_0025_00031,rue Adrien Dubouché,31,,DX0237,1564523.04420000,5182721.90050000,1.25609626,45.83119273
87085_0025_00033,rue Adrien Dubouché,33,,DX0424,1564521.34500000,5182730.49610000,1.25607197,45.83126971
87085_0025_00039,rue Adrien Dubouché,39,,DX0302,1564515.96850000,5182759.33640000,1.25599466,45.83152809
87085_0025_00041,rue Adrien Dubouché,41,,DX0301,1564515.15190000,5182764.86190000,1.25598260,45.83157763
87085_0025_00043,rue Adrien Dubouché,43,,DX0300,1564514.60710000,5182770.21670000,1.25597408,45.83162570
87085_0025_00045,rue Adrien Dubouché,45,,DX0299,1564514.15720000,5182773.40470000,1.25596739,45.83165429
87085_0025_00047,rue Adrien Dubouché,47,,DX0298,1564513.83500000,5182776.50950000,1.25596237,45.83168215
87085_0025_00049,rue Adrien Dubouché,49,,DX0297,1564513.37760000,5182780.10880000,1.25595547,45.83171444
87085_0025_00051,rue Adrien Dubouché,51,,DX0512,1564512.45260000,5182789.50200000,1.25594092,45.83179875
87085_0025_00051_bis,rue Adrien Dubouché,51,bis,DX0437,1564508.84620000,5182800.96000000,1.25589128,45.83190112
87085_0025_00053,rue Adrien Dubouché,53,,DX0293,1564509.32880000,5182814.38590000,1.25589371,45.83202198
87085_0025_00055,rue Adrien Dubouché,55,,DX0292,1564508.58470000,5182820.86980000,1.25588230,45.83208016
87085_0025_00059,rue Adrien Dubouché,59,,DX0291,1564507.56810000,5182830.26570000,1.25586657,45.83216449
87085_0025_00061,rue Adrien Dubouché,61,,DX0290,1564507.18260000,5182835.45390000,1.25586015,45.83221108
87085_0025_00063,rue Adrien Dubouché,63,,DX0287,1564506.42670000,5182841.15240000,1.25584882,45.83226219
87085_0025_00065,rue Adrien Dubouché,65,,DX0286,1564502.20070000,5182844.41190000,1.25579352,45.83229068
87085_0025_00067,rue Adrien Dubouché,67,,DX0284,1564501.37370000,5182855.31470000,1.25577980,45.83238860
87085_0025_00069,rue Adrien Dubouché,69,,DX0285,1564503.17290000,5182866.85060000,1.25579970,45.83249272
87085_0027_00001,rue Adrien Duquerroix,1,,MZ0064,1567806.35490000,5191317.25730000,1.29598032,45.90915238
87085_0027_00002,rue Adrien Duquerroix,2,,MZ0064,1567802.28850000,5191308.30530000,1.29593039,45.90907107
87085_0027_00003,rue Adrien Duquerroix,3,,MZ0064,1567808.31080000,5191312.24970000,1.29600691,45.90910771
87085_0027_00004,rue Adrien Duquerroix,4,,MZ0064,1567804.49810000,5191303.79470000,1.29596010,45.90903092
87085_0027_00005,rue Adrien Duquerroix,5,,MZ0064,1567817.16920000,5191296.70310000,1.29612534,45.90896957
87085_0027_00006,rue Adrien Duquerroix,6,,MZ0064,1567806.20240000,5191298.53950000,1.29598352,45.90898398
87085_0027_00007,rue Adrien Duquerroix,7,,MZ0064,1567821.34680000,5191288.68240000,1.29618139,45.90889822
87085_0027_00008,rue Adrien Duquerroix,8,,MZ0064,1567808.17050000,5191295.02930000,1.29600985,45.90895278
87085_0027_00009,rue Adrien Duquerroix,9,,MZ0064,1567829.95170000,5191272.63880000,1.29629670,45.90875556
87085_0027_00010,rue Adrien Duquerroix,10,,MZ0064,1567809.37360000,5191289.52870000,1.29602687,45.90890353
87085_0027_00011,rue Adrien Duquerroix,11,,MZ0064,1567833.63840000,5191265.62040000,1.29634614,45.90869313
87085_0027_00012,rue Adrien Duquerroix,12,,MZ0064,1567810.58690000,5191285.27580000,1.29604367,45.90886551
87085_0027_00013,rue Adrien Duquerroix,13,,MZ0064,1567841.24090000,5191249.08580000,1.29644867,45.90854586
87085_0027_00014_a,rue Adrien Duquerroix,14,a,MZ0064,1567825.31490000,5191241.28310000,1.29624559,45.90847260
87085_0027_00014_b,rue Adrien Duquerroix,14,b,MZ0064,1567826.91930000,5191236.50440000,1.29626758,45.90842992
87085_0027_00014_c,rue Adrien Duquerroix,14,c,MZ0064,1567828.85240000,5191231.72300000,1.29629381,45.90838728
87085_0027_00014_d,rue Adrien Duquerroix,14,d,MZ0064,1567829.97050000,5191227.76990000,1.29630931,45.90835194
87085_0027_00015,rue Adrien Duquerroix,15,,MZ0064,1567845.42450000,5191241.81370000,1.29650458,45.90848124
87085_0027_00016_a,rue Adrien Duquerroix,16,a,MZ0064,1567836.76390000,5191219.45730000,1.29639914,45.90827847
87085_0027_00016_b,rue Adrien Duquerroix,16,b,MZ0064,1567838.21070000,5191215.50150000,1.29641888,45.90824316
87085_0027_00016_c,rue Adrien Duquerroix,16,c,MZ0064,1567839.49580000,5191211.87580000,1.29643644,45.90821079
87085_0027_00016_d,rue Adrien Duquerroix,16,d,MZ0064,1567840.12500000,5191208.41960000,1.29644550,45.90817982
87085_0027_00017,rue Adrien Duquerroix,17,,MZ0064,1567852.78970000,5191226.77870000,1.29660364,45.90834741
87085_0027_00018_a,rue Adrien Duquerroix,18,a,MZ0064,1567845.82780000,5191199.25240000,1.29652151,45.90809846
87085_0027_00018_b,rue Adrien Duquerroix,18,b,MZ0064,1567847.27330000,5191195.13230000,1.29654127,45.90806167
87085_0027_00018_c,rue Adrien Duquerroix,18,c,MZ0064,1567848.71210000,5191190.19060000,1.29656118,45.90801750
87085_0027_00018_d,rue Adrien Duquerroix,18,d,MZ0064,1567849.99580000,5191186.40060000,1.29657876,45.90798365
87085_0027_00019,rue Adrien Duquerroix,19,,MZ0064,1567857.21280000,5191218.25670000,1.29666298,45.90827160
87085_0027_00021,rue Adrien Duquerroix,21,,MZ0064,1567863.06840000,5191201.73640000,1.29674299,45.90812412
87085_0027_00023,rue Adrien Duquerroix,23,,MZ0064,1567867.00050000,5191194.21670000,1.29679573,45.90805723
87085_0030_00001,rue Adrien Pressemane,1,,EM0062,1565713.73630000,5183152.31430000,1.27129818,45.83529809
87085_0030_00002,rue Adrien Pressemane,2,,EM0015,1565700.29010000,5183157.75590000,1.27112361,45.83534441
87085_0030_00003,rue Adrien Pressemane,3,,EM0061,1565704.29530000,5183142.30770000,1.27117947,45.83520623
87085_0030_00004,rue Adrien Pressemane,4,,EM0016,1565690.72320000,5183147.27020000,1.27100342,45.83524822
87085_0030_00005,rue Adrien Pressemane,5,,EM0060,1565694.71030000,5183131.78830000,1.27105906,45.83510973
87085_0030_00006,rue Adrien Pressemane,6,,EM0017,1565681.72000000,5183137.44260000,1.27089031,45.83515806
87085_0030_00007,rue Adrien Pressemane,7,,EM0042,1565661.18440000,5183112.57970000,1.27063298,45.83493039
87085_0030_00008,rue Adrien Pressemane,8,,EM0018,1565667.48050000,5183128.40070000,1.27070958,45.83507394
87085_0030_00009,rue Adrien Pressemane,9,,EM0041,1565645.54490000,5183108.10140000,1.27043296,45.83488705
87085_0030_00011,rue Adrien Pressemane,11,,EM0040,1565630.61950000,5183103.77860000,1.27024210,45.83484525
87085_0030_00013,rue Adrien Pressemane,13,,EM0039,1565615.06510000,5183099.08490000,1.27004324,45.83479998
87085_0030_00014,rue Adrien Pressemane,14,,EM0021,1565622.96720000,5183115.04480000,1.27014047,45.83494510
87085_0030_00015,rue Adrien Pressemane,15,,EM0038,1565600.78070000,5183094.74740000,1.26986062,45.83475817
87085_0030_00016,rue Adrien Pressemane,16,,EM0022,1565608.71630000,5183110.85100000,1.26995824,45.83490459
87085_0030_00017,rue Adrien Pressemane,17,,EM0037,1565584.78220000,5183090.18380000,1.26965601,45.83471399
87085_0030_00018,rue Adrien Pressemane,18,,EM0023,1565591.97300000,5183105.66140000,1.26974422,45.83485463
87085_0030_00019,rue Adrien Pressemane,19,,EM0036,1565568.18230000,5183085.14330000,1.26944380,45.83466541
87085_0030_00020,rue Adrien Pressemane,20,,EM0024,1565561.27010000,5183096.45870000,1.26935168,45.83476584
87085_0030_00021,rue Adrien Pressemane,21,,EM0035,1565551.93290000,5183080.00560000,1.26923612,45.83461601
87085_0030_00022,rue Adrien Pressemane,22,,EM0033,1565537.94930000,5183089.51550000,1.26905350,45.83469883
87085_0037_00001,rue Adrien Tixier,1,,BH0634,1563197.84730000,5183691.82890000,1.23876739,45.83965543
87085_0037_00007,rue Adrien Tixier,7,,BH0633,1563201.47820000,5183652.33130000,1.23882536,45.83930085
87085_0037_00009,rue Adrien Tixier,9,,BH0632,1563206.32050000,5183648.62580000,1.23888874,45.83926848
87085_0037_00010,rue Adrien Tixier,10,,BH0629,1563190.05760000,5183638.89420000,1.23868220,45.83917770
87085_0037_00011,rue Adrien Tixier,11,,BH0631,1563203.85450000,5183641.51370000,1.23885902,45.83920401
87085_0037_00015,rue Adrien Tixier,15,,BH0630,1563190.24000000,5183622.45710000,1.23868923,45.83902988
87085_0037_00019,rue Adrien Tixier,19,,BH0647,1563175.93820000,5183609.84660000,1.23850876,45.83891359
87085_0037_00021,rue Adrien Tixier,21,,BH0649,1563169.17460000,5183614.89710000,1.23842027,45.83895768
87085_0037_00022,rue Adrien Tixier,22,,BH0624,1563121.79290000,5183664.20110000,1.23779643,45.83939176
87085_0037_00025,rue Adrien Tixier,25,,BH0650,1563153.89830000,5183627.11650000,1.23822019,45.83906456
87085_0037_00028,rue Adrien Tixier,28,,BH0625,1563141.53410000,5183687.79430000,1.23804378,45.83960793
87085_0037_00029,rue Adrien Tixier,29,,BH0651,1563138.40420000,5183639.54350000,1.23801724,45.83917326
87085_0037_00032,rue Adrien Tixier,32,,BH0626,1563165.84110000,5183684.54840000,1.23835754,45.83958356
87085_0037_00033,rue Adrien Tixier,33,,BH0652,1563121.74800000,5183652.62990000,1.23779915,45.83928767
87085_0037_00034,rue Adrien Tixier,34,,BH0627,1563171.69360000,5183679.35870000,1.23843434,45.83953805
87085_0037_00037,rue Adrien Tixier,37,,BH0653,1563100.38670000,5183669.27010000,1.23751949,45.83943310
87085_0037_00039,rue Adrien Tixier,39,,BH0654,1563084.95220000,5183672.87790000,1.23731982,45.83946248
87085_0037_00045,rue Adrien Tixier,45,,BH0620,1563093.72670000,5183688.18770000,1.23742838,45.83960195
87085_0037_00049,rue Adrien Tixier,49,,BH0619,1563114.72080000,5183692.31670000,1.23769740,45.83964327
87085_0037_00053,rue Adrien Tixier,53,,BH0618,1563137.77720000,5183696.55450000,1.23799294,45.83968598
87085_0050_00004,rue Aigueperse,4,,DP0107,1564757.52420000,5183402.68070000,1.25892207,45.83736289
87085_0050_00006,rue Aigueperse,6,,DP0242,1564749.55610000,5183405.02160000,1.25881887,45.83738239
87085_0050_00007,rue Aigueperse,7,,DO0025,1564716.36930000,5183405.97770000,1.25839150,45.83738446
87085_0050_00008,rue Aigueperse,8,,DP0111,1564743.04940000,5183406.59440000,1.25873469,45.83739525
87085_0050_00009,rue Aigueperse,9,,DO0024,1564708.85590000,5183407.47640000,1.25829438,45.83739646
87085_0050_00010,rue Aigueperse,10,,DP0112,1564735.31870000,5183408.38750000,1.25863469,45.83740986
87085_0050_00011,rue Aigueperse,11,,DO0023,1564701.90610000,5183409.31200000,1.25820442,45.83741161
87085_0050_00012,rue Aigueperse,12,,DP0113,1564725.35270000,5183410.97790000,1.25850570,45.83743120
87085_0050_00013,rue Aigueperse,13,,DO0138,1564694.79600000,5183411.10880000,1.25811241,45.83742637
87085_0050_00015,rue Aigueperse,15,,DO0021,1564687.76170000,5183413.46430000,1.25802122,45.83744618
87085_0050_00018,rue Aigueperse,18,,DP0240,1564704.74550000,5183416.62360000,1.25823891,45.83747794
87085_0050_00020,rue Aigueperse,20,,DP0190,1564697.43880000,5183423.65590000,1.25814289,45.83753976
87085_0050_00021,rue Aigueperse,21,,DO0020,1564669.75030000,5183418.04060000,1.25778813,45.83748380
87085_0050_00022,rue Aigueperse,22,,DP0174,1564687.44990000,5183426.27260000,1.25801360,45.83756133
87085_0050_00023,rue Aigueperse,23,,DO0019,1564663.64850000,5183419.63920000,1.25770915,45.83749698
87085_0050_00025,rue Aigueperse,25,,DO0018,1564656.04500000,5183421.59090000,1.25761075,45.83751304
87085_0050_00027,rue Aigueperse,27,,DO0017,1564649.01050000,5183423.44800000,1.25751969,45.83752836
87085_0050_00028,rue Aigueperse,28,,DP0245,1564658.56440000,5183434.11140000,1.25763965,45.83762616
87085_0050_00029,rue Aigueperse,29,,DO0016,1564642.11510000,5183425.17400000,1.25743047,45.83754253
87085_0050_00031,rue Aigueperse,31,,DO0015,1564634.77320000,5183426.71550000,1.25733554,45.83755495
87085_0050_00033,rue Aigueperse,33,,DO0144,1564627.00460000,5183428.67760000,1.25723501,45.83757107
87085_0050_00035,rue Aigueperse,35,,DO0010,1564615.27770000,5183431.41380000,1.25708332,45.83759337
87085_0050_00037,rue Aigueperse,37,,DO0009,1564607.84420000,5183433.38420000,1.25698710,45.83760964
87085_0050_00039,rue Aigueperse,39,,DO0002,1564594.25140000,5183437.16350000,1.25681110,45.83764096
87085_0050_00041,rue Aigueperse,41,,DO0001,1564580.38070000,5183440.68700000,1.25663159,45.83766992
87085_0070_00001,rue Alain,1,,CM0324,1565795.74570000,5184878.39320000,1.27187153,45.85084123
87085_0070_00002,rue Alain,2,,CM0299,1565799.11990000,5184889.56950000,1.27191185,45.85094243
87085_0070_00003,rue Alain,3,,CM0323,1565780.76980000,5184885.47060000,1.27167678,45.85090197
87085_0070_00004,rue Alain,4,,CM0301,1565783.61330000,5184898.51430000,1.27170974,45.85101986
87085_0070_00005,rue Alain,5,,CM0322,1565774.04290000,5184890.71500000,1.27158872,45.85094784
87085_0070_00006,rue Alain,6,,CM0302,1565775.57900000,5184905.29920000,1.27160442,45.85107933
87085_0070_00007,rue Alain,7,,CM0321,1565763.56000000,5184901.13370000,1.27145086,45.85103951
87085_0070_00008,rue Alain,8,,CM0311,1565765.35240000,5184919.33070000,1.27146885,45.85120355
87085_0070_00009,rue Alain,9,,CM0320,1565758.65400000,5184907.72310000,1.27138587,45.85109783
87085_0070_00010,rue Alain,10,,CM0312,1565761.79690000,5184927.88500000,1.27142069,45.85127981
87085_0070_00011,rue Alain,11,,CM0319,1565751.96670000,5184920.57830000,1.27129619,45.85121216
87085_0070_00012,rue Alain,12,,CM0314,1565757.89470000,5184945.10010000,1.27136565,45.85143391
87085_0070_00013,rue Alain,13,,CM0318,1565749.00630000,5184929.18050000,1.27125568,45.85128897
87085_0070_00015,rue Alain,15,,CM0315,1565746.69500000,5184944.26510000,1.27122171,45.85142421
87085_0069_00005,rue Alain Colas,5,,PR0173,1560160.22370000,5184048.46970000,1.19956950,45.84225253
87085_0069_00006,rue Alain Colas,6,,PR0114,1560158.15160000,5184059.24650000,1.19953970,45.84234905
87085_0086_00004,rue Alain Grafeuil,4,,TZ0081,1566131.52680000,5185478.18090000,1.27602684,45.85630215
87085_0086_00006,rue Alain Grafeuil,6,,TZ0082,1566115.49300000,5185459.76590000,1.27582555,45.85613337
87085_0086_00008,rue Alain Grafeuil,8,,TZ0083,1566106.60300000,5185453.73340000,1.27571279,45.85607738
87085_0086_00010,rue Alain Grafeuil,10,,TZ0084,1566092.47420000,5185447.38340000,1.27553266,45.85601750
87085_0086_00012,rue Alain Grafeuil,12,,TZ0099,1566083.10790000,5185443.89090000,1.27541305,45.85598426
87085_0086_00014,rue Alain Grafeuil,14,,TZ0100,1566071.20160000,5185439.76340000,1.27526092,45.85594481
87085_0086_00016,rue Alain Grafeuil,16,,TZ0101,1566059.77160000,5185435.63590000,1.27511492,45.85590546
87085_0086_00018,rue Alain Grafeuil,18,,TZ0102,1566045.32530000,5185430.71460000,1.27493031,45.85585837
87085_0086_00020,rue Alain Grafeuil,20,,TZ0103,1566036.27650000,5185427.38080000,1.27481475,45.85582662
87085_0086_00022,rue Alain Grafeuil,22,,TZ0104,1566022.30650000,5185420.87200000,1.27463672,45.85576534
87085_0086_00024,rue Alain Grafeuil,24,,TZ0105,1566016.59150000,5185416.90320000,1.27456425,45.85572853
87085_0086_00026,rue Alain Grafeuil,26,,TZ0106,1566009.13020000,5185409.28320000,1.27447032,45.85565853
87085_0086_00028,rue Alain Grafeuil,28,,TZ0107,1566004.36770000,5185398.48820000,1.27441202,45.85556049
87085_0068_00001,rue Alain Mimoun,1,,PZ0144,1561954.81680000,5184127.09270000,1.22264450,45.84332241
87085_0068_00002,rue Alain Mimoun,2,,PZ0145,1561964.63290000,5184146.30150000,1.22276532,45.84349718
87085_0068_00003,rue Alain Mimoun,3,,PZ0143,1561945.08010000,5184137.14690000,1.22251629,45.84341090
87085_0068_00004,rue Alain Mimoun,4,,PZ0146,1561974.07850000,5184162.09720000,1.22288236,45.84364116
87085_0068_00005,rue Alain Mimoun,5,,PZ0139,1561962.33100000,5184162.01780000,1.22273118,45.84363809
87085_0068_00007,rue Alain Mimoun,7,,PZ0138,1561968.68100000,5184182.97280000,1.22280689,45.84382787
87085_0072_00001,rue Albert Calmette,1,,ON0165,1562160.70230000,5182372.36440000,1.22579761,45.82757906
87085_0072_00002_g,rue Albert Calmette,2,g,OM0005,1562175.00480000,5182427.17880000,1.22596593,45.82807501
87085_0072_00002_h,rue Albert Calmette,2,h,OM0005,1562172.22080000,5182451.82280000,1.22592304,45.82829613
87085_0072_00003,rue Albert Calmette,3,,ON0164,1562148.38410000,5182387.38920000,1.22563480,45.82771174
87085_0072_00005,rue Albert Calmette,5,,ON0159,1562134.98510000,5182403.35310000,1.22545781,45.82785266
87085_0072_00007,rue Albert Calmette,7,,ON0158,1562126.14530000,5182413.99260000,1.22534101,45.82794660
87085_0072_00009,rue Albert Calmette,9,,ON0157,1562109.27230000,5182429.43330000,1.22511948,45.82808211
87085_0072_00011,rue Albert Calmette,11,,ON0156,1562085.38460000,5182433.19580000,1.22481102,45.82811117
87085_0072_00013,rue Albert Calmette,13,,ON0155,1562066.23330000,5182431.94980000,1.22456495,45.82809612
87085_0072_00015,rue Albert Calmette,15,,ON0154,1562053.06510000,5182431.13660000,1.22439575,45.82808616
87085_0072_00017,rue Albert Calmette,17,,ON0153,1562039.36380000,5182430.19250000,1.22421972,45.82807492
87085_0072_00019,rue Albert Calmette,19,,ON0152,1562027.48030000,5182429.01020000,1.22406715,45.82806190
87085_0072_00021,rue Albert Calmette,21,,ON0151,1562014.80730000,5182428.13270000,1.22390433,45.82805147
87085_0072_00023,rue Albert Calmette,23,,ON0150,1562002.58980000,5182427.31410000,1.22374736,45.82804165
87085_0072_00025,rue Albert Calmette,25,,ON0149,1561987.83670000,5182426.40010000,1.22355779,45.82803047
87085_0072_00027,rue Albert Calmette,27,,ON0148,1561974.41140000,5182425.35830000,1.22338534,45.82801840
87085_0072_00029,rue Albert Calmette,29,,ON0147,1561961.69800000,5182424.29020000,1.22322206,45.82800624
87085_0072_00031,rue Albert Calmette,31,,ON0146,1561948.76090000,5182423.44180000,1.22305584,45.82799602
87085_0072_00033,rue Albert Calmette,33,,ON0144,1561934.04490000,5182422.23050000,1.22286683,45.82798217
87085_0072_00035,rue Albert Calmette,35,,ON0143,1561918.37070000,5182421.59250000,1.22266532,45.82797328
87085_0072_00036,rue Albert Calmette,36,,OM0047,1561884.52520000,5182432.93220000,1.22222657,45.82806849
87085_0072_00037,rue Albert Calmette,37,,ON0142,1561905.79200000,5182420.36720000,1.22250382,45.82795973
87085_0072_00039,rue Albert Calmette,39,,ON0141,1561894.21470000,5182419.86780000,1.22235500,45.82795291
87085_0072_00041,rue Albert Calmette,41,,ON0140,1561884.30450000,5182421.46880000,1.22222702,45.82796533
87085_0072_00043,rue Albert Calmette,43,,ON0139,1561872.30940000,5182425.96440000,1.22207138,45.82800336
87085_0075_00002,rue Albert Camus,2,,BO0356,1564310.35680000,5184333.29440000,1.25290444,45.84564620
87085_0075_00004,rue Albert Camus,4,,BO0356,1564232.23350000,5184357.00440000,1.25189218,45.84584406
87085_0075_00006,rue Albert Camus,6,,BO0356,1564211.75540000,5184372.75130000,1.25162414,45.84598167
87085_0075_00008,rue Albert Camus,8,,BO0356,1564192.77370000,5184387.70070000,1.25137559,45.84611240
87085_0075_00010,rue Albert Camus,10,,BO0356,1564174.74820000,5184373.23950000,1.25114766,45.84597875
87085_0075_00012,rue Albert Camus,12,,BO0356,1564152.51900000,5184374.60360000,1.25086115,45.84598663
87085_0075_00014,rue Albert Camus,14,,BO0356,1564129.32670000,5184374.42010000,1.25056268,45.84598040
87085_0075_00016,rue Albert Camus,16,,BO0356,1564106.01250000,5184374.48570000,1.25026257,45.84597638
87085_0079_00001,rue Albert Chaudier,1,,PZ0042,1562001.92460000,5184231.80730000,1.22322075,45.84427383
87085_0079_00002,rue Albert Chaudier,2,,PZ0043,1562013.54320000,5184240.19190000,1.22336788,45.84435159
87085_0079_00003,rue Albert Chaudier,3,,PZ0041,1561981.55690000,5184235.26370000,1.22295760,45.84430083
87085_0079_00004,rue Albert Chaudier,4,,PZ0044,1561989.40790000,5184244.55180000,1.22305598,45.84438596
87085_0079_00007,rue Albert Chaudier,7,,PZ0039,1561933.63360000,5184230.44330000,1.22234216,45.84424785
87085_0079_00008,rue Albert Chaudier,8,,PZ0026,1561937.25180000,5184240.70040000,1.22238578,45.84434084
87085_0079_00009,rue Albert Chaudier,9,,PZ0038,1561917.65280000,5184208.18270000,1.22214286,45.84404440
87085_0079_00010,rue Albert Chaudier,10,,PZ0027,1561917.38370000,5184238.45180000,1.22213070,45.84431663
87085_0079_00011,rue Albert Chaudier,11,,PZ0037,1561905.24970000,5184190.47940000,1.22198831,45.84388266
87085_0079_00014,rue Albert Chaudier,14,,PZ0028,1561909.19680000,5184212.63490000,1.22203275,45.84408275
87085_0079_00015,rue Albert Chaudier,15,,PZ0036,1561889.11720000,5184173.92410000,1.22178543,45.84373049
87085_0079_00016,rue Albert Chaudier,16,,PZ0029,1561899.18150000,5184198.31440000,1.22190795,45.84395192
87085_0079_00017,rue Albert Chaudier,17,,PZ0035,1561882.53540000,5184143.43940000,1.22170947,45.84345495
87085_0079_00018,rue Albert Chaudier,18,,PZ0030,1561884.32970000,5184182.32310000,1.22172139,45.84380508
87085_0079_00020,rue Albert Chaudier,20,,PZ0031,1561871.80080000,5184162.40700000,1.22156586,45.84362341
87085_0079_00022,rue Albert Chaudier,22,,PZ0032,1561865.24320000,5184145.27560000,1.22148638,45.84346799
87085_0079_00024,rue Albert Chaudier,24,,PZ0033,1561864.14730000,5184133.62820000,1.22147562,45.84336300
87085_0079_00026,rue Albert Chaudier,26,,PZ0034,1561871.16640000,5184134.51130000,1.22156571,45.84337235
87085_0080_00005,rue Albert Chauly,5,,BP0398,1563982.62340000,5184731.18690000,1.24857338,45.84916070
87085_0080_00007,rue Albert Chauly,7,,BP0397,1563991.89620000,5184731.59400000,1.24869262,45.84916620
87085_0080_00008,rue Albert Chauly,8,,BP0402,1564006.43100000,5184703.78820000,1.24888759,45.84891895
87085_0080_00011,rue Albert Chauly,11,,BP0396,1564002.95320000,5184729.47920000,1.24883555,45.84914936
87085_0080_00012,rue Albert Chauly,12,,BP0375,1563979.88410000,5184706.30700000,1.24854500,45.84893600
87085_0080_00013,rue Albert Chauly,13,,BP0400,1563998.69170000,5184722.77920000,1.24878259,45.84908825
87085_0082_00001,rue Albert Duchaigne,1,,AZ0025,1563437.82400000,5183290.26980000,1.24197001,45.83609088
87085_0082_00002,rue Albert Duchaigne,2,,AZ0008,1563449.66770000,5183330.56170000,1.24211098,45.83645568
87085_0082_00003,rue Albert Duchaigne,3,,AZ0024,1563424.41770000,5183297.74860000,1.24179536,45.83615550
87085_0082_00004,rue Albert Duchaigne,4,,AZ0010,1563443.03230000,5183317.66110000,1.24202926,45.83633832
87085_0082_00005,rue Albert Duchaigne,5,,AZ0023,1563410.33600000,5183305.34590000,1.24161198,45.83622104
87085_0082_00006,rue Albert Duchaigne,6,,AZ0011,1563418.76860000,5183309.50870000,1.24171931,45.83626016
87085_0082_00007,rue Albert Duchaigne,7,,AZ0022,1563395.17690000,5183313.65530000,1.24141453,45.83629278
87085_0082_00008,rue Albert Duchaigne,8,,AZ0012,1563398.85670000,5183320.48100000,1.24145994,45.83635491
87085_0082_00009,rue Albert Duchaigne,9,,AZ0021,1563380.41430000,5183321.81470000,1.24122222,45.83636325
87085_0082_00010,rue Albert Duchaigne,10,,AZ0013,1563385.46070000,5183327.93440000,1.24128543,45.83641930
87085_0082_00011,rue Albert Duchaigne,11,,AZ0020,1563365.60200000,5183329.77820000,1.24102933,45.83643194
87085_0082_00012,rue Albert Duchaigne,12,,AZ0014,1563370.54250000,5183336.33910000,1.24109105,45.83649194
87085_0082_00013,rue Albert Duchaigne,13,,AZ0019,1563350.91240000,5183338.07740000,1.24083793,45.83650368
87085_0082_00014,rue Albert Duchaigne,14,,AZ0015,1563356.62040000,5183343.89730000,1.24090973,45.83655716
87085_0082_00015,rue Albert Duchaigne,15,,AZ0018,1563336.25680000,5183346.42160000,1.24064695,45.83657582
87085_0082_00016,rue Albert Duchaigne,16,,AZ0016,1563341.58870000,5183352.13860000,1.24071394,45.83662831
87085_0082_00017,rue Albert Duchaigne,17,,AZ0655,1563318.91660000,5183361.57100000,1.24041948,45.83670865
87085_0082_00018,rue Albert Duchaigne,18,,AZ0017,1563327.88110000,5183362.69590000,1.24053453,45.83672055
87085_0082_00020,rue Albert Duchaigne,20,,AZ0728,1563344.97970000,5183389.13730000,1.24074706,45.83696181
87085_0087_00002,rue Albert Pestour,2,,PA0020,1560469.46540000,5182079.93230000,1.20412099,45.82460747
87085_0087_00003,rue Albert Pestour,3,,PA0032,1560446.50090000,5182092.49990000,1.20382187,45.82471587
87085_0087_00004,rue Albert Pestour,4,,PA0021,1560458.30300000,5182095.06720000,1.20397298,45.82474135
87085_0087_00005,rue Albert Pestour,5,,PA0031,1560434.27580000,5182109.59830000,1.20365961,45.82486719
87085_0087_00006,rue Albert Pestour,6,,PA0022,1560447.01560000,5182110.70910000,1.20382321,45.82487977
87085_0087_00007,rue Albert Pestour,7,,PA0030,1560423.64110000,5182124.60410000,1.20351843,45.82500002
87085_0087_00008,rue Albert Pestour,8,,PA0023,1560435.51830000,5182126.58240000,1.20367067,45.82502022
87085_0087_00009,rue Albert Pestour,9,,PA0029,1560411.78680000,5182140.67570000,1.20336124,45.82514218
87085_0087_00010,rue Albert Pestour,10,,PA0024,1560423.08580000,5182143.58550000,1.20350577,45.82517065
87085_0087_00011,rue Albert Pestour,11,,PA0028,1560399.80300000,5182157.59060000,1.20320214,45.82529191
87085_0087_00012,rue Albert Pestour,12,,PA0025,1560411.25810000,5182160.13490000,1.20334879,45.82531712
87085_0087_00013,rue Albert Pestour,13,,PA0027,1560383.10660000,5182176.14080000,1.20298192,45.82545539
87085_0087_00014,rue Albert Pestour,14,,PA0026,1560400.56000000,5182174.47050000,1.20320697,45.82544391
87085_0087_00015,rue Albert Pestour,15,,PA0009,1560373.47920000,5182181.91150000,1.20285637,45.82550534
87085_0087_00016,rue Albert Pestour,16,,PA0013,1560414.65440000,5182203.90590000,1.20337978,45.82571155
87085_0087_00017,rue Albert Pestour,17,,PA0010,1560378.63920000,5182191.02010000,1.20292012,45.82558833
87085_0087_00019,rue Albert Pestour,19,,PA0011,1560394.41680000,5182202.51460000,1.20311979,45.82569493
87085_0087_00021,rue Albert Pestour,21,,PA0012,1560409.51620000,5182213.47250000,1.20331089,45.82579656
87085_0090_00002,rue Albert Samain,2,,OH0014,1563000.07120000,5184602.05450000,1.23596249,45.84780400
87085_0090_00004,rue Albert Samain,4,,OH0012,1562989.34220000,5184594.69110000,1.23582649,45.84773563
87085_0090_00005,rue Albert Samain,5,,OH0016,1563001.73070000,5184590.91000000,1.23598703,45.84770408
87085_0090_00006,rue Albert Samain,6,,OH0010,1562977.22420000,5184586.11740000,1.23567295,45.84765609
87085_0090_00007,rue Albert Samain,7,,OH0017,1562994.91820000,5184586.24270000,1.23590067,45.84766074
87085_0090_00008,rue Albert Samain,8,,OH0008,1562964.61470000,5184577.64310000,1.23551306,45.84757734
87085_0090_00009,rue Albert Samain,9,,OH0018,1562987.10060000,5184580.95000000,1.23580156,45.84761157
87085_0090_00010,rue Albert Samain,10,,OH0006,1562953.35540000,5184569.47950000,1.23537046,45.84750166
87085_0090_00011,rue Albert Samain,11,,OH0019,1562979.39900000,5184575.76840000,1.23570390,45.84756343
87085_0090_00012,rue Albert Samain,12,,OH0004,1562941.49290000,5184561.30190000,1.23522010,45.84742574
87085_0090_00013,rue Albert Samain,13,,OH0020,1562970.54190000,5184569.61820000,1.23559164,45.84750634
87085_0090_00014,rue Albert Samain,14,,OH0002,1562929.13360000,5184553.61000000,1.23506321,45.84735408
87085_0090_00015,rue Albert Samain,15,,OH0021,1562961.32720000,5184563.15180000,1.23547488,45.84744633
87085_0090_00016,rue Albert Samain,16,,OH0001,1562918.68930000,5184546.55970000,1.23493078,45.84728858
87085_0090_00017,rue Albert Samain,17,,OH0022,1562953.00590000,5184557.46770000,1.23536939,45.84739354
87085_0090_00019,rue Albert Samain,19,,OH0023,1562946.39070000,5184552.85180000,1.23528555,45.84735070
87085_0090_00021,rue Albert Samain,21,,OH0024,1562938.81730000,5184547.43170000,1.23518962,45.84730043
87085_0090_00023,rue Albert Samain,23,,OH0025,1562931.33570000,5184542.32290000,1.23509477,45.84725299
87085_0090_00025,rue Albert Samain,25,,OH0026,1562923.55880000,5184536.99140000,1.23499619,45.84720348
87085_0090_00034,rue Albert Samain,34,,OH0243,1562838.60180000,5184411.54990000,1.23393845,45.84605812
87085_0090_00036,rue Albert Samain,36,,OH0243,1562839.60410000,5184395.71070000,1.23395587,45.84591584
87085_0090_00038,rue Albert Samain,38,,OH0243,1562840.43600000,5184378.89240000,1.23397138,45.84576472
87085_0090_00040,rue Albert Samain,40,,OH0243,1562841.44830000,5184362.59880000,1.23398906,45.84561835
87085_0090_00045,rue Albert Samain,45,,OH0232,1562869.14390000,5184383.03760000,1.23433971,45.84580773
87085_0090_00047,rue Albert Samain,47,,OH0232,1562870.03790000,5184366.25580000,1.23435600,45.84565695
87085_0090_00049,rue Albert Samain,49,,OH0232,1562871.41320000,5184349.93800000,1.23437836,45.84551044
87085_0090_00051,rue Albert Samain,51,,OH0232,1562872.11510000,5184337.23980000,1.23439102,45.84539635
87085_0090_00053,rue Albert Samain,53,,OH0232,1562852.10210000,5184302.34080000,1.23414339,45.84507842
87085_0090_00055,rue Albert Samain,55,,OH0232,1562853.12220000,5184284.32590000,1.23416166,45.84491657
87085_0090_00057,rue Albert Samain,57,,OH0232,1562853.07390000,5184266.50970000,1.23416612,45.84475630
87085_0090_00059,rue Albert Samain,59,,OH0232,1562855.19360000,5184248.23340000,1.23419862,45.84459232
87085_0090_00061,rue Albert Samain,61,,OH0232,1562856.46660000,5184225.84120000,1.23422140,45.84439114
87085_0105_00004,rue Alexandre Dumas,4,,OH0114,1563240.63360000,5184266.06940000,1.23915464,45.84482953
87085_0105_00006,rue Alexandre Dumas,6,,OH0114,1563223.37620000,5184273.72140000,1.23893034,45.84489493
87085_0105_00007,rue Alexandre Dumas,7,,OH0111,1563202.11970000,5184269.11370000,1.23865805,45.84484926
87085_0105_00009,rue Alexandre Dumas,9,,OH0110,1563188.64790000,5184275.20420000,1.23848291,45.84490136
87085_0105_00011,rue Alexandre Dumas,11,,OH0109,1563176.96410000,5184280.22490000,1.23833110,45.84494420
87085_0105_00014,rue Alexandre Dumas,14,,OH0118,1563191.81910000,5184287.95830000,1.23852010,45.84501672
87085_0105_00015,rue Alexandre Dumas,15,,OH0108,1563150.48920000,5184290.01800000,1.23798754,45.84502703
87085_0105_00016,rue Alexandre Dumas,16,,OH0119,1563173.12830000,5184295.94390000,1.23827725,45.84508484
87085_0105_00017,rue Alexandre Dumas,17,,OH0103,1563132.81600000,5184295.85710000,1.23775840,45.84507604
87085_0105_00018,rue Alexandre Dumas,18,,OH0120,1563165.19480000,5184298.59110000,1.23817438,45.84510707
87085_0105_00019,rue Alexandre Dumas,19,,OH0102,1563125.03670000,5184298.56570000,1.23765750,45.84509885
87085_0105_00020,rue Alexandre Dumas,20,,OH0121,1563155.92720000,5184301.76070000,1.23805419,45.84513374
87085_0105_00021,rue Alexandre Dumas,21,,OH0101,1563118.23230000,5184300.97280000,1.23756923,45.84511915
87085_0105_00022,rue Alexandre Dumas,22,,OH0122,1563148.39070000,5184304.25950000,1.23795648,45.84515472
87085_0105_00023,rue Alexandre Dumas,23,,OH0100,1563113.60770000,5184302.60790000,1.23750924,45.84513294
87085_0105_00024,rue Alexandre Dumas,24,,OH0123,1563128.86700000,5184312.78180000,1.23770275,45.84522750
87085_0105_00025,rue Alexandre Dumas,25,,OH0098,1563112.29040000,5184309.48070000,1.23749033,45.84519450
87085_0105_00026,rue Alexandre Dumas,26,,OH0124,1563133.68190000,5184329.94170000,1.23775984,45.84538282
87085_0105_00027,rue Alexandre Dumas,27,,OH0097,1563116.45600000,5184320.53080000,1.23754080,45.84529473
87085_0105_00028,rue Alexandre Dumas,28,,OH0125,1563137.97260000,5184340.70430000,1.23781200,45.84548049
87085_0105_00029,rue Alexandre Dumas,29,,OH0096,1563120.14670000,5184329.64430000,1.23758571,45.84537745
87085_0105_00030,rue Alexandre Dumas,30,,OH0126,1563140.54140000,5184347.66460000,1.23784308,45.84554361
87085_0105_00031,rue Alexandre Dumas,31,,OH0095,1563123.82650000,5184339.31060000,1.23763032,45.84546513
87085_0105_00032,rue Alexandre Dumas,32,,OH0127,1563144.79210000,5184358.79510000,1.23789463,45.84564458
87085_0105_00033,rue Alexandre Dumas,33,,OH0094,1563128.45430000,5184351.17820000,1.23768650,45.84557281
87085_0105_00034,rue Alexandre Dumas,34,,OH0128,1563147.97130000,5184366.89490000,1.23793324,45.84571807
87085_0105_00035,rue Alexandre Dumas,35,,OH0093,1563132.82300000,5184362.91580000,1.23773939,45.84567926
87085_0105_00036,rue Alexandre Dumas,36,,OH0129,1563152.50270000,5184378.57480000,1.23798824,45.84582404
87085_0105_00037,rue Alexandre Dumas,37,,OH0092,1563136.48750000,5184372.81970000,1.23778374,45.84576908
87085_0105_00039,rue Alexandre Dumas,39,,OH0091,1563140.13020000,5184381.94110000,1.23782803,45.84585186
87085_0105_00041,rue Alexandre Dumas,41,,OH0090,1563143.13930000,5184390.21410000,1.23786440,45.84592688
87085_x016_00009,rue Alexandre Krementchousky,9,,MY0159,1567762.88420000,5190652.59160000,1.29560345,45.90316496
87085_x016_00015,rue Alexandre Krementchousky,15,,MY0158,1567724.92970000,5190692.25370000,1.29510347,45.90351443
87085_0110_00004,rue Alexandre Ribot,4,,OO0225,1561594.99050000,5181879.69080000,1.21866026,45.82303361
87085_0110_00006,rue Alexandre Ribot,6,,OO0226,1561583.45770000,5181893.51060000,1.21850790,45.82315560
87085_0110_00008,rue Alexandre Ribot,8,,OO0227,1561578.21160000,5181903.36300000,1.21843756,45.82324317
87085_0110_00010,rue Alexandre Ribot,10,,OO0228,1561572.92380000,5181914.06740000,1.21836645,45.82333840
87085_0110_00012,rue Alexandre Ribot,12,,OO0229,1561566.65340000,5181925.25210000,1.21828255,45.82343775
87085_0110_00013,rue Alexandre Ribot,13,,OO0188,1561538.64820000,5181951.37020000,1.21791471,45.82366706
87085_0110_00014,rue Alexandre Ribot,14,,OO0230,1561560.81030000,5181937.07210000,1.21820397,45.82354290
87085_0110_00016,rue Alexandre Ribot,16,,OO0231,1561554.95670000,5181947.69890000,1.21812560,45.82363732
87085_0110_00017,rue Alexandre Ribot,17,,OO0168,1561523.41960000,5181980.09910000,1.21771050,45.82392242
87085_0110_00018,rue Alexandre Ribot,18,,OO0232,1561549.09650000,5181959.16500000,1.21804690,45.82373928
87085_0110_00020,rue Alexandre Ribot,20,,OO0233,1561543.54140000,5181969.59400000,1.21797242,45.82383197
87085_0110_00021,rue Alexandre Ribot,21,,OO0166,1561507.78060000,5182015.00500000,1.21749923,45.82423327
87085_0110_00022,rue Alexandre Ribot,22,,OO0234,1561537.46320000,5181980.89660000,1.21789096,45.82393242
87085_0110_00023,rue Alexandre Ribot,23,,OO0146,1561508.65830000,5182033.23470000,1.21750527,45.82439743
87085_0110_00024,rue Alexandre Ribot,24,,OO0235,1561531.73430000,5181992.19260000,1.21781400,45.82403288
87085_0110_00025,rue Alexandre Ribot,25,,OO0145,1561510.58040000,5182067.01440000,1.21752027,45.82470168
87085_0110_00026,rue Alexandre Ribot,26,,OO0236,1561523.15640000,5182008.14420000,1.21769904,45.82417465
87085_0110_00027,rue Alexandre Ribot,27,,OO0144,1561511.33950000,5182083.47340000,1.21752530,45.82484989
87085_0110_00028,rue Alexandre Ribot,28,,OO0237,1561521.60440000,5182031.52010000,1.21767234,45.82438461
87085_0110_00029,rue Alexandre Ribot,29,,OO0123,1561511.93990000,5182100.24630000,1.21752820,45.82500089
87085_0110_00030,rue Alexandre Ribot,30,,OO0238,1561522.70510000,5182049.58070000,1.21768130,45.82454730
87085_0110_00032,rue Alexandre Ribot,32,,OO0239,1561523.66540000,5182068.57540000,1.21768818,45.82471836
87085_0110_00034,rue Alexandre Ribot,34,,OO0240,1561524.39670000,5182089.72590000,1.21769150,45.82490877
87085_0115_00005,rue Alfred de Musset,5,,BS0424,1565264.69100000,5184847.60220000,1.26504402,45.85046038
87085_0115_00006,rue Alfred de Musset,6,,BS0411,1565268.73280000,5184881.55670000,1.26508652,45.85076661
87085_0115_00008,rue Alfred de Musset,8,,BS0410,1565259.59190000,5184871.27990000,1.26497174,45.85067237
87085_0115_00010,rue Alfred de Musset,10,,BS0407,1565256.14230000,5184860.48480000,1.26493036,45.85057459
87085_0115_00011,rue Alfred de Musset,11,,BS0425,1565262.35520000,5184839.83070000,1.26501613,45.85039001
87085_0120_00001,rue Alfred de Vigny,1,,CM0901,1565391.62090000,5185193.68890000,1.26658097,45.85359849
87085_0120_00002,rue Alfred de Vigny,2,,CM0140,1565401.62070000,5185185.16690000,1.26671209,45.85352379
87085_0120_00008,rue Alfred de Vigny,8,,CM0141,1565413.34430000,5185207.47000000,1.26685677,45.85372671
87085_0120_00014,rue Alfred de Vigny,14,,CM0142,1565429.02500000,5185238.12910000,1.26705004,45.85400558
87085_0120_00016,rue Alfred de Vigny,16,,CM0216,1565434.01770000,5185247.05370000,1.26711182,45.85408684
87085_0120_00019,rue Alfred de Vigny,19,,CM0086,1565445.63470000,5185296.95620000,1.26724739,45.85453802
87085_0120_00025,rue Alfred de Vigny,25,,CM0062,1565459.57350000,5185324.19230000,1.26741921,45.85478575
87085_0125_00006,rue Alfred Mézières,6,,AZ0449,1562948.39910000,5182842.77340000,1.23579905,45.83196805
87085_0125_00008,rue Alfred Mézières,8,,AZ0448,1562949.56340000,5182850.95340000,1.23581170,45.83204187
87085_0125_00010,rue Alfred Mézières,10,,AZ0447,1562950.82890000,5182861.04500000,1.23582511,45.83213290
87085_0125_00011,rue Alfred Mézières,11,,AZ0458,1562939.02760000,5182876.71230000,1.23566878,45.83227148
87085_0125_00012,rue Alfred Mézières,12,,AZ0588,1562951.90690000,5182871.84120000,1.23583590,45.83223023
87085_0125_00014,rue Alfred Mézières,14,,AZ0445,1562953.06510000,5182879.28120000,1.23584868,45.83229739
87085_0125_00015,rue Alfred Mézières,15,,AZ0461,1562940.33120000,5182886.79010000,1.23568268,45.83236240
87085_0125_00016,rue Alfred Mézières,16,,AZ0443,1562954.27900000,5182889.60230000,1.23586136,45.83239047
87085_0125_00017,rue Alfred Mézières,17,,AZ0462,1562941.48590000,5182894.17950000,1.23569543,45.83242910
87085_0125_00018,rue Alfred Mézières,18,,AZ0442,1562955.30090000,5182896.71180000,1.23587249,45.83245463
87085_0125_00019,rue Alfred Mézières,19,,AZ0464,1562942.73940000,5182903.53340000,1.23570890,45.83251349
87085_0125_00020,rue Alfred Mézières,20,,AZ0441,1562956.08120000,5182903.42450000,1.23588061,45.83251517
87085_0125_00022,rue Alfred Mézières,22,,AZ0440,1562956.95190000,5182910.77640000,1.23588972,45.83258148
87085_0150_00001,rue Alphonse Daudet,1,,OH0088,1563095.98050000,5184470.54690000,1.23723451,45.84664013
87085_0150_00002,rue Alphonse Daudet,2,,OH0036,1563092.57280000,5184485.50630000,1.23718638,45.84677402
87085_0150_00003,rue Alphonse Daudet,3,,OH0087,1563088.24680000,5184460.66980000,1.23713778,45.84654974
87085_0150_00004,rue Alphonse Daudet,4,,OH0037,1563086.75350000,5184478.44580000,1.23711349,45.84670934
87085_0150_00005,rue Alphonse Daudet,5,,OH0086,1563078.57920000,5184448.32780000,1.23701685,45.84643679
87085_0150_00006,rue Alphonse Daudet,6,,OH0038,1563080.46210000,5184470.48480000,1.23703478,45.84663648
87085_0150_00007,rue Alphonse Daudet,7,,OH0085,1563066.67300000,5184433.35830000,1.23686787,45.84629976
87085_0150_00008,rue Alphonse Daudet,8,,OH1804,1563073.70090000,5184461.94780000,1.23695018,45.84655834
87085_0150_00009,rue Alphonse Daudet,9,,OH0084,1563056.55020000,5184420.83730000,1.23674114,45.84618511
87085_0150_00010,rue Alphonse Daudet,10,,OH1805,1563067.47260000,5184454.83320000,1.23687204,45.84649310
87085_0150_00012,rue Alphonse Daudet,12,,OH0040,1563058.73660000,5184443.67400000,1.23676277,45.84639097
87085_0150_00013,rue Alphonse Daudet,13,,OH0072,1563035.50070000,5184370.44910000,1.23648456,45.84572765
87085_0150_00014,rue Alphonse Daudet,14,,OH0041,1563050.25110000,5184433.34950000,1.23665649,45.84629641
87085_0150_00015,rue Alphonse Daudet,15,,OH0073,1563032.56520000,5184359.81670000,1.23644981,45.84563142
87085_0150_00017,rue Alphonse Daudet,17,,OH0074,1563028.61100000,5184345.04700000,1.23640312,45.84549777
87085_0150_00018,rue Alphonse Daudet,18,,OH0042,1563040.29060000,5184420.88520000,1.23653184,45.84618230
87085_0150_00019,rue Alphonse Daudet,19,,OH0075,1563025.01510000,5184331.95790000,1.23636057,45.84537931
87085_0150_00021,rue Alphonse Daudet,21,,OH0196,1563021.04000000,5184317.18730000,1.23631361,45.84524565
87085_0150_00023,rue Alphonse Daudet,23,,OH0195,1563017.58560000,5184304.91980000,1.23627265,45.84513461
87085_0150_00025,rue Alphonse Daudet,25,,OH0194,1563015.28650000,5184296.27470000,1.23624552,45.84505639
87085_0150_00027,rue Alphonse Daudet,27,,OH0193,1563012.68870000,5184286.80470000,1.23621478,45.84497068
87085_0150_00028,rue Alphonse Daudet,28,,OH0071,1563019.19680000,5184357.29440000,1.23627846,45.84560607
87085_0150_00033,rue Alphonse Daudet,33,,OH0192,1563005.00290000,5184259.23990000,1.23612371,45.84472119
87085_0150_00035,rue Alphonse Daudet,35,,OH0191,1563000.14980000,5184242.19340000,1.23606611,45.84456688
87085_0150_00038,rue Alphonse Daudet,38,,OH0198,1563000.07100000,5184289.33280000,1.23605165,45.84499091
87085_0150_00040,rue Alphonse Daudet,40,,OH0199,1562996.01880000,5184274.59270000,1.23600370,45.84485751
87085_0150_00044,rue Alphonse Daudet,44,,OH0200,1562990.25280000,5184254.17350000,1.23593531,45.84467268
87085_0150_00046,rue Alphonse Daudet,46,,OH0201,1562984.44370000,5184233.76510000,1.23586635,45.84448793
87085_0151_00018,rue Alphonse Denis,18,,SZ0008,1566707.78930000,5180967.52020000,1.28469652,45.81583782
87085_0151_00025,rue Alphonse Denis,25,,SZ0008,1566720.47100000,5180974.30420000,1.28485779,45.81590131
87085_0151_00026,rue Alphonse Denis,26,,SZ0008,1566762.15020000,5180971.09530000,1.28539487,45.81588051
87085_0151_00027,rue Alphonse Denis,27,,SZ0008,1566733.47600000,5180973.81570000,1.28502523,45.81589943
87085_0151_00028,rue Alphonse Denis,28,,SZ0008,1566762.79740000,5180980.08150000,1.28540071,45.81596147
87085_0151_00029,rue Alphonse Denis,29,,SZ0008,1566754.15340000,5180999.28280000,1.28528419,45.81613253
87085_0151_00030,rue Alphonse Denis,30,,SZ0008,1566762.33870000,5180994.24200000,1.28539088,45.81608877
87085_0151_00031,rue Alphonse Denis,31,,SZ0008,1566754.24690000,5181010.76050000,1.28528221,45.81623580
87085_0151_00032,rue Alphonse Denis,32,,SZ0008,1566763.57670000,5181005.32790000,1.28540374,45.81618873
87085_0151_00033,rue Alphonse Denis,33,,SZ0008,1566750.92030000,5181025.13580000,1.28523543,45.81636447
87085_0151_00034,rue Alphonse Denis,34,,SZ0008,1566763.12120000,5181019.87110000,1.28539385,45.81631947
87085_0151_00035,rue Alphonse Denis,35,,SZ0008,1566746.01670000,5181033.78470000,1.28516995,45.81644132
87085_0151_00036,rue Alphonse Denis,36,,SZ0008,1566762.26750000,5181032.50440000,1.28537937,45.81643295
87085_0151_00037,rue Alphonse Denis,37,,SZ0008,1566721.38780000,5181039.91570000,1.28485140,45.81649170
87085_0151_00038,rue Alphonse Denis,38,,SZ0008,1566753.14130000,5181039.46580000,1.28526003,45.81649381
87085_0151_00039,rue Alphonse Denis,39,,SZ0008,1566711.25220000,5181040.38070000,1.28472088,45.81649392
87085_0151_00040,rue Alphonse Denis,40,,SZ0008,1566747.08370000,5181047.35880000,1.28517992,45.81656364
87085_0151_00042,rue Alphonse Denis,42,,SZ0008,1566742.70100000,5181049.49890000,1.28512294,45.81658204
87085_0151_00044,rue Alphonse Denis,44,,SZ0008,1566735.04920000,5181049.56110000,1.28502448,45.81658112
87085_0151_00046,rue Alphonse Denis,46,,SZ0008,1566713.05630000,5181050.50540000,1.28474128,45.81658535
87085_0151_00048,rue Alphonse Denis,48,,SZ0008,1566703.11510000,5181051.35150000,1.28461316,45.81659103
87085_2335_00001,rue Alphonse Grellet,1,,BR0082,1564537.80390000,5184475.26110000,1.25579202,45.84696812
87085_2335_00002,rue Alphonse Grellet,2,,BR0391,1564535.49630000,5184461.83820000,1.25576610,45.84684692
87085_2335_00004,rue Alphonse Grellet,4,,BR0390,1564550.43100000,5184464.32990000,1.25595763,45.84687227
87085_2951_00002,rue Alphonse Laveran,2,,ON0376,1561960.19530000,5182054.55620000,1.22330886,45.82468000
87085_2951_00004,rue Alphonse Laveran,4,,ON0375,1561949.42820000,5182052.13440000,1.22317102,45.82465605
87085_2951_00006,rue Alphonse Laveran,6,,ON0374,1561938.75600000,5182049.70630000,1.22303441,45.82463207
87085_2951_00008,rue Alphonse Laveran,8,,ON0373,1561928.01110000,5182047.06770000,1.22289691,45.82460617
87085_2951_00010,rue Alphonse Laveran,10,,ON0372,1561916.83930000,5182044.69890000,1.22275385,45.82458262
87085_2951_00012,rue Alphonse Laveran,12,,ON0371,1561907.00230000,5182042.45450000,1.22262793,45.82456046
87085_2951_00014,rue Alphonse Laveran,14,,ON0370,1561895.13740000,5182039.69430000,1.22247606,45.82453325
87085_2951_00016,rue Alphonse Laveran,16,,ON0369,1561884.74310000,5182037.36360000,1.22234299,45.82451019
87085_0155_00002,rue Alsace-Lorraine,2,,CX0071,1564761.04250000,5184003.57910000,1.25879827,45.84276902
87085_0155_00003,rue Alsace-Lorraine,3,,CX0121,1564749.73530000,5183995.91380000,1.25865489,45.84269784
87085_0155_00004,rue Alsace-Lorraine,4,,CX0067,1564752.66430000,5184022.49970000,1.25868511,45.84293757
87085_0155_00005,rue Alsace-Lorraine,5,,CX0120,1564739.72980000,5183999.70790000,1.25852504,45.84273000
87085_0155_00006,rue Alsace-Lorraine,6,,CX0072,1564741.49410000,5184010.62170000,1.25854468,45.84282852
87085_0155_00007,rue Alsace-Lorraine,7,,CX0119,1564727.60630000,5184004.09620000,1.25836777,45.84276709
87085_0155_00008,rue Alsace-Lorraine,8,,CX0073,1564734.90450000,5184013.08520000,1.25845917,45.84284939
87085_0155_00009,rue Alsace-Lorraine,9,,CX0118,1564718.62930000,5184007.56900000,1.25825125,45.84279656
87085_0155_00010,rue Alsace-Lorraine,10,,CX0074,1564729.44860000,5184015.20250000,1.25838835,45.84286736
87085_0155_00011,rue Alsace-Lorraine,11,,CX0280,1564711.27380000,5184010.29650000,1.25815581,45.84281965
87085_0155_00012,rue Alsace-Lorraine,12,,CX0076,1564723.63230000,5184017.35060000,1.25831289,45.84288554
87085_0155_00013,rue Alsace-Lorraine,13,,CX0078,1564689.43300000,5184018.16240000,1.25787248,45.84288611
87085_0155_00014,rue Alsace-Lorraine,14,,CX0077,1564715.61590000,5184020.18560000,1.25820891,45.84290947
87085_0155_00015,rue Alsace-Lorraine,15,,CX0079,1564682.14500000,5184020.80150000,1.25777794,45.84290842
87085_0155_00017,rue Alsace-Lorraine,17,,CX0080,1564675.54610000,5184023.34500000,1.25769229,45.84293000
87085_0155_00018,rue Alsace-Lorraine,18,,CX0029,1564688.39270000,5184030.41600000,1.25785564,45.84299614
87085_0155_00019,rue Alsace-Lorraine,19,,CX0081,1564668.11680000,5184025.82910000,1.25759596,45.84295088
87085_0155_00020,rue Alsace-Lorraine,20,,CX0028,1564681.67800000,5184032.74150000,1.25776856,45.84301573
87085_0155_00021,rue Alsace-Lorraine,21,,CX0082,1564660.98860000,5184028.44690000,1.25750348,45.84297303
87085_0155_00022,rue Alsace-Lorraine,22,,CX0027,1564674.47690000,5184035.22860000,1.25767518,45.84303669
87085_0155_00023,rue Alsace-Lorraine,23,,CX0083,1564653.82310000,5184031.17700000,1.25741048,45.84299618
87085_0155_00024,rue Alsace-Lorraine,24,,CX0024,1564665.64400000,5184038.49030000,1.25756057,45.84306429
87085_0155_00025,rue Alsace-Lorraine,25,,CX0084,1564646.99190000,5184033.43630000,1.25732192,45.84301516
87085_0155_00026,rue Alsace-Lorraine,26,,CX0023,1564658.03440000,5184041.02810000,1.25746191,45.84308562
87085_0155_00032,rue Alsace-Lorraine,32,,CX0019,1564638.93500000,5184048.03300000,1.25721411,45.84314488
87085_0155_00034,rue Alsace-Lorraine,34,,CX0015,1564627.11550000,5184052.20530000,1.25706081,45.84318008
87085_0155_00036,rue Alsace-Lorraine,36,,CX0014,1564618.45160000,5184055.33550000,1.25694841,45.84320653
87085_0165_00004,rue Ambroise Paré,4,,BS0886,1564892.21780000,5184696.91870000,1.26029166,45.84903179
87085_0165_00005,rue Ambroise Paré,5,,BS0192,1564881.71230000,5184711.03880000,1.26015246,45.84915675
87085_0165_00006,rue Ambroise Paré,6,,BS0236,1564893.69950000,5184710.35960000,1.26030695,45.84915299
87085_0165_00007,rue Ambroise Paré,7,,BS0191,1564883.24730000,5184721.41450000,1.26016930,45.84925038
87085_0165_00008,rue Ambroise Paré,8,,BS0240,1564895.60630000,5184722.27320000,1.26032815,45.84926054
87085_0165_00009,rue Ambroise Paré,9,,BS0187,1564884.87890000,5184733.56740000,1.26018689,45.84936003
87085_0165_00010,rue Ambroise Paré,10,,BS0241,1564896.66000000,5184730.69280000,1.26033934,45.84933648
87085_0165_00011,rue Ambroise Paré,11,,BS0186,1564885.60620000,5184740.84070000,1.26019420,45.84942560
87085_0165_00012,rue Ambroise Paré,12,,BS0242,1564897.77600000,5184741.49560000,1.26035067,45.84943388
87085_0165_00013,rue Ambroise Paré,13,,BS0185,1564886.47880000,5184748.29160000,1.26020334,45.84949279
87085_0165_00014,rue Ambroise Paré,14,,BS0243,1564899.53790000,5184749.02770000,1.26037123,45.84950198
87085_0165_00015,rue Ambroise Paré,15,,BS0182,1564887.14930000,5184756.74410000,1.26020959,45.84956896
87085_0165_00016,rue Ambroise Paré,16,,BS0244,1564899.80270000,5184755.09510000,1.26037294,45.84955661
87085_0165_00017,rue Ambroise Paré,17,,BS0181,1564888.40360000,5184765.88330000,1.26022317,45.84965142
87085_0165_00018,rue Ambroise Paré,18,,BS0245,1564901.13060000,5184763.18370000,1.26038776,45.84962964
87085_0165_00019,rue Ambroise Paré,19,,BS0178,1564890.00360000,5184777.89940000,1.26024039,45.84975983
87085_0165_00020,rue Ambroise Paré,20,,BS0246,1564902.73130000,5184774.08960000,1.26040529,45.84972806
87085_0165_00021,rue Ambroise Paré,21,,BS0177,1564891.15590000,5184790.11500000,1.26025178,45.84986994
87085_0165_00022,rue Ambroise Paré,22,,BS0120,1564905.10550000,5184792.40050000,1.26043071,45.84989324
87085_0165_00023,rue Ambroise Paré,23,,BS0177,1564892.72630000,5184801.42810000,1.26026882,45.84997202
87085_0165_00024,rue Ambroise Paré,24,,BS0685,1564906.34230000,5184804.30960000,1.26044328,45.85000061
87085_0165_00026,rue Ambroise Paré,26,,BS0122,1564908.47590000,5184818.28130000,1.26046682,45.85012671
87085_0165_00028,rue Ambroise Paré,28,,BS0123,1564909.76260000,5184829.64810000,1.26048018,45.85022922
87085_0165_00029,rue Ambroise Paré,29,,BS0665,1564896.21300000,5184829.37840000,1.26030584,45.85022413
87085_0165_00030,rue Ambroise Paré,30,,BS0124,1564910.84870000,5184839.72290000,1.26049133,45.85032006
87085_0165_00031,rue Ambroise Paré,31,,BS0835,1564899.30520000,5184850.77260000,1.26033963,45.85041719
87085_0165_00032,rue Ambroise Paré,32,,BS0125,1564911.84340000,5184846.96390000,1.26050210,45.85038539
87085_0165_00033,rue Ambroise Paré,33,,BS0143,1564900.93070000,5184865.23990000,1.26035648,45.85054765
87085_0165_00035,rue Ambroise Paré,35,,BS0142,1564902.55450000,5184877.25580000,1.26037401,45.85065606
87085_0165_00036,rue Ambroise Paré,36,,BS0126,1564913.92370000,5184864.23190000,1.26052402,45.85054114
87085_0165_00037,rue Ambroise Paré,37,,BS0140,1564904.44630000,5184891.79560000,1.26039427,45.85078723
87085_0165_00038,rue Ambroise Paré,38,,BS0127,1564915.50300000,5184875.45470000,1.26054120,45.85064240
87085_0165_00039,rue Ambroise Paré,39,,BS0140,1564905.71040000,5184903.95420000,1.26040713,45.85089685
87085_0165_00040,rue Ambroise Paré,40,,BS0127,1564916.61410000,5184883.90020000,1.26055313,45.85071859
87085_0165_00041,rue Ambroise Paré,41,,BS0141,1564906.64120000,5184909.36440000,1.26041759,45.85094570
87085_0165_00042,rue Ambroise Paré,42,,BS0127,1564917.47860000,5184893.59100000,1.26056153,45.85080594
87085_0165_00043,rue Ambroise Paré,43,,BS0130,1564907.78140000,5184918.48910000,1.26042970,45.85102800
87085_0165_00044,rue Ambroise Paré,44,,BS0128,1564919.09850000,5184903.89710000,1.26057948,45.85089897
87085_0165_00046,rue Ambroise Paré,46,,BS0129,1564920.38700000,5184915.54580000,1.26059280,45.85100401
87085_0165_00047,rue Ambroise Paré,47,,BS0867,1564910.60080000,5184939.02780000,1.26046022,45.85121332
87085_0165_00048,rue Ambroise Paré,48,,BS0109,1564922.24500000,5184930.15930000,1.26061260,45.85113583
87085_0167_00002,rue Amédée Bollée,2,,TB0017,1567107.46840000,5181231.14500000,1.28976547,45.81828663
87085_0167_00003,rue Amédée Bollée,3,,TB0052,1567099.52640000,5181255.15750000,1.28965666,45.81850111
87085_0167_00007,rue Amédée Bollée,7,,TB0011,1567169.06850000,5181325.18010000,1.29053201,45.81914444
87085_0167_00009,rue Amédée Bollée,9,,TB0054,1567188.55760000,5181329.04200000,1.29078168,45.81918294
87085_0167_00014,rue Amédée Bollée,14,,TB0056,1567194.86570000,5181321.80680000,1.29086484,45.81911908
87085_0168_00003,rue Amédée Gordini,3,,MR0118,1566532.84280000,5189414.36930000,1.28009900,45.89178853
87085_0168_00012,rue Amédée Gordini,12,,MV0144,1566565.55500000,5189531.12000000,1.28048793,45.89284513
87085_0168_00013,rue Amédée Gordini,13,,MV0210,1566556.47450000,5189565.63030000,1.28036100,45.89315400
87085_0168_00017,rue Amédée Gordini,17,,MV0124,1566593.47550000,5189675.32510000,1.28080751,45.89414776
87085_0168_00018,rue Amédée Gordini,18,,MV0170,1566806.51660000,5189533.07720000,1.28359159,45.89290949
87085_0168_00030,rue Amédée Gordini,30,,MV0143,1566644.91430000,5189654.63190000,1.28147594,45.89397160
87085_0168_00031,rue Amédée Gordini,31,,MT0176,1566531.99410000,5189813.27570001,1.27997707,45.89537676
87085_0168_00034,rue Amédée Gordini,34,,MV0160,1566588.55060000,5189744.69420000,1.28072477,45.89477082
87085_0168_00035,rue Amédée Gordini,35,,MT0169,1566494.55860000,5189845.30320000,1.27948587,45.89565759
87085_0168_00041,rue Amédée Gordini,41,,MT0168,1566442.07230000,5189900.05900000,1.27879443,45.89613995
87085_0168_00043,rue Amédée Gordini,43,,MT0171,1566428.02020000,5189926.75360000,1.27860596,45.89637735
87085_0168_00059,rue Amédée Gordini,59,,MW0129,1566583.68350000,5190033.14250000,1.28058184,45.89736463
87085_0168_00065,rue Amédée Gordini,65,,MW0130,1566736.64550000,5189990.39080000,1.28256442,45.89700974
87085_0168_00071,rue Amédée Gordini,71,,MW0120,1566799.45660000,5189971.43260000,1.28337891,45.89685138
87085_0170_00002,rue Ampère,2,,BH0094,1563393.11950000,5183944.88000000,1.24120864,45.84197058
87085_0170_00003,rue Ampère,3,,BH0098,1563372.03200000,5183948.03470000,1.24093633,45.84199476
87085_0170_00004,rue Ampère,4,,BH0095,1563385.00720000,5183953.12540000,1.24110188,45.84204314
87085_0170_00005,rue Ampère,5,,BH0099,1563365.63470000,5183954.46310000,1.24085217,45.84205132
87085_0170_00006,rue Ampère,6,,BH0984,1563375.86590000,5183962.49020000,1.24098157,45.84212556
87085_0170_00007,rue Ampère,7,,BH0100,1563358.64600000,5183961.54500000,1.24076020,45.84211364
87085_0170_00008,rue Ampère,8,,BH0993,1563366.59210000,5183972.16820000,1.24085945,45.84221078
87085_0170_00009,rue Ampère,9,,BH0108,1563353.50970000,5183967.13520000,1.24069251,45.84216290
87085_0170_00010,rue Ampère,10,,BH0033,1563359.83660000,5183979.35480000,1.24077046,45.84227408
87085_0170_00011,rue Ampère,11,,BH0109,1563348.13670000,5183972.41950000,1.24062185,45.84220937
87085_0170_00012,rue Ampère,12,,BH0032,1563355.44560000,5183983.56620000,1.24071275,45.84231109
87085_0170_00013,rue Ampère,13,,BH0110,1563343.49790000,5183977.56890000,1.24056068,45.84225477
87085_0170_00014,rue Ampère,14,,BH0031,1563351.91320000,5183987.47470000,1.24066617,45.84234555
87085_0170_00015,rue Ampère,15,,BH0111,1563337.52980000,5183983.22350000,1.24048226,45.84230445
87085_0170_00016,rue Ampère,16,,BH0856,1563347.80520000,5183991.37780000,1.24061219,45.84237984
87085_0170_00017,rue Ampère,17,,BH0112,1563329.86440000,5183991.72840000,1.24038118,45.84237943
87085_0170_00018,rue Ampère,18,,BH0026,1563342.19530000,5183996.93410000,1.24053841,45.84242871
87085_0170_00019,rue Ampère,19,,BH0113,1563324.72900000,5183997.16980000,1.24031354,45.84242736
87085_0170_00020,rue Ampère,20,,BH0823,1563335.04160000,5184004.45770000,1.24044420,45.84249497
87085_0170_00021,rue Ampère,21,,BH0114,1563316.43750000,5184005.01800000,1.24020459,45.84249631
87085_0170_00022,rue Ampère,22,,BH0824,1563327.78130000,5184012.10980000,1.24034857,45.84256236
87085_0170_00023,rue Ampère,23,,BH0115,1563310.49770000,5184011.26790000,1.24012636,45.84255135
87085_0170_00024,rue Ampère,24,,BH0023,1563320.30230000,5184019.55010000,1.24025020,45.84262780
87085_0170_00025,rue Ampère,25,,BH0116,1563305.20960000,5184016.57660000,1.24005679,45.84259805
87085_0170_00026,rue Ampère,26,,BH0022,1563312.15060000,5184028.31470000,1.24014278,45.84270502
87085_0170_00027,rue Ampère,27,,BH0117,1563299.65800000,5184022.48130000,1.23998365,45.84265007
87085_0170_00028,rue Ampère,28,,BH0021,1563305.85550000,5184034.70100000,1.24005994,45.84276122
87085_0170_00029,rue Ampère,29,,BH0118,1563292.92550000,5184029.53610000,1.23989499,45.84271219
87085_0170_00030,rue Ampère,30,,BH0020,1563297.18380000,5184043.51630000,1.23994583,45.84283880
87085_0170_00031,rue Ampère,31,,BH0119,1563286.61570000,5184035.96400000,1.23981195,45.84276876
87085_0170_00032,rue Ampère,32,,BH0920,1563289.32980000,5184051.76170000,1.23984239,45.84291141
87085_0170_00033,rue Ampère,33,,BH0723,1563281.34240000,5184041.35850000,1.23974255,45.84281624
87085_0170_00034,rue Ampère,34,,BH0016,1563281.38740000,5184060.00570000,1.23973782,45.84298399
87085_0170_00035,rue Ampère,35,,BH0120,1563275.79660000,5184046.49420000,1.23966971,45.84286133
87085_0170_00036,rue Ampère,36,,BH0015,1563272.42430000,5184069.31730000,1.23961981,45.84306597
87085_0170_00037,rue Ampère,37,,BH0121,1563270.23460000,5184052.35900000,1.23959645,45.84291298
87085_0185_00001,rue Amyot,1,,IW0121,1562479.70100000,5182086.80570000,1.22998392,45.82507416
87085_0185_00003,rue Amyot,3,,IW0121,1562481.78710000,5182108.70230000,1.23000450,45.82527155
87085_0185_00003_bis,rue Amyot,3,bis,IW0121,1562461.18000000,5182115.92640000,1.22973729,45.82533242
87085_0185_00006,rue Amyot,6,,IW0127,1562499.28200000,5182111.40530000,1.23022883,45.82529937
87085_0185_00007,rue Amyot,7,,IW0124,1562494.36450000,5182129.62390000,1.23016035,45.82546227
87085_0185_00010,rue Amyot,10,,IW0126,1562503.13610000,5182121.59720000,1.23027551,45.82539182
87085_0185_00012,rue Amyot,12,,IW0125,1562507.53090000,5182135.45520000,1.23032809,45.82551736
87085_0190_00002,rue Anatole France,2,,CX0140,1564658.81470000,5183881.96640000,1.25751675,45.84165493
87085_0190_00004,rue Anatole France,4,,CX0105,1564662.57770000,5183891.84510000,1.25756240,45.84174453
87085_0190_00007,rue Anatole France,7,,CX0100,1564669.85320000,5183942.07830000,1.25764190,45.84219784
87085_0190_00007_b,rue Anatole France,7,b,CX0100,1564673.15840000,5183950.97890000,1.25768200,45.84227900
87085_0190_00008,rue Anatole France,8,,CX0106,1564669.91450000,5183911.32310000,1.25765135,45.84192119
87085_0190_00010,rue Anatole France,10,,CX0107,1564674.39510000,5183923.11560000,1.25770569,45.84202815
87085_0190_00012,rue Anatole France,12,,CX0108,1564677.59440000,5183932.05460000,1.25774435,45.84210919
87085_0190_00014,rue Anatole France,14,,CX0109,1564681.97020000,5183943.13820000,1.25779755,45.84220976
87085_0190_00015,rue Anatole France,15,,CX0093,1564683.96690000,5183979.46310000,1.25781302,45.84253692
87085_0190_00016,rue Anatole France,16,,CX0282,1564685.70750000,5183952.67000000,1.25784297,45.84229624
87085_0190_00017,rue Anatole France,17,,CX0092,1564688.25060000,5183990.53530000,1.25786504,45.84263736
87085_0190_00018,rue Anatole France,18,,CX0111,1564688.81720000,5183961.11500000,1.25788062,45.84237282
87085_0190_00020,rue Anatole France,20,,CX0112,1564693.39950000,5183971.77750000,1.25793659,45.84246963
87085_0190_00022,rue Anatole France,22,,CX0113,1564697.57920000,5183983.20940000,1.25798717,45.84257329
87085_0190_00023,rue Anatole France,23,,CX0030,1564702.99050000,5184029.51720000,1.25804378,45.84299092
87085_0190_00024,rue Anatole France,24,,CX0114,1564701.01690000,5183992.03080000,1.25802893,45.84265332
87085_0190_00026,rue Anatole France,26,,CX0281,1564703.54230000,5183998.85980000,1.25805952,45.84271525
87085_0190_00027,rue Anatole France,27,,CX0302,1564708.76990000,5184045.34040000,1.25811371,45.84313440
87085_0190_00028,rue Anatole France,28,,CX0280,1564705.83240000,5184006.41020000,1.25808687,45.84278362
87085_0190_00030,rue Anatole France,30,,CX0077,1564713.52020000,5184027.15120000,1.25817998,45.84297171
87085_0190_00031,rue Anatole France,31,,CX0258,1564715.51540000,5184063.67760000,1.25819537,45.84330068
87085_0190_00032,rue Anatole France,32,,CX0075,1564717.83870000,5184038.36710000,1.25823240,45.84307346
87085_0190_00034,rue Anatole France,34,,CX0221,1564721.08550000,5184045.89790000,1.25827207,45.84314184
87085_0190_00035,rue Anatole France,35,,CX0032,1564725.21820000,5184088.17950000,1.25831336,45.84352300
87085_0190_00036,rue Anatole France,36,,CX0220,1564723.45460000,5184052.69990000,1.25830065,45.84320349
87085_0190_00038,rue Anatole France,38,,CX0065,1564726.49470000,5184060.28750000,1.25833764,45.84327235
87085_0190_00038_bis,rue Anatole France,38,bis,CX0064,1564729.11730000,5184067.85220000,1.25836927,45.84334091
87085_0190_00040,rue Anatole France,40,,CX0064,1564731.20240000,5184074.23870000,1.25839431,45.84339877
87085_0190_00041,rue Anatole France,41,,CX0034,1564732.58370000,5184108.58100000,1.25840242,45.84370797
87085_0190_00044,rue Anatole France,44,,CX0291,1564735.54860000,5184084.68600000,1.25844731,45.84349360
87085_0190_00046,rue Anatole France,46,,CX0058,1564741.33320000,5184101.11780000,1.25851714,45.84364256
87085_0200_00008,rue André Antoine,8,,CV0845,1565021.07480000,5184044.20970000,1.26213371,45.84318561
87085_0200_00009,rue André Antoine,9,,CV1236,1565022.27280000,5184060.69270000,1.26214450,45.84333412
87085_0200_00010,rue André Antoine,10,,CV1456,1565029.12890000,5184052.21240000,1.26223512,45.84325918
87085_0200_00017,rue André Antoine,17,,CV1280,1565103.65980000,5184118.07290000,1.26317592,45.84386626
87085_0200_00018,rue André Antoine,18,,CV1752,1565094.85710000,5184102.35179999,1.26306704,45.84372311
87085_0200_00020,rue André Antoine,20,,CV1286,1565105.50820000,5184107.36020000,1.26320272,45.84377025
87085_0200_00021,rue André Antoine,21,,CV1282,1565118.31450000,5184125.06570000,1.26336259,45.84393204
87085_0200_00025,rue André Antoine,25,,CV1284,1565134.70800000,5184133.27150000,1.26357129,45.84400907
87085_0205_00006,rue André Chenier,6,,CM0102,1565376.41040000,5185184.54420000,1.26638773,45.85351325
87085_0205_00008,rue André Chenier,8,,CM0104,1565384.34760000,5185177.39880000,1.26649191,45.85345053
87085_0205_00013,rue André Chenier,13,,CM0143,1565418.35080000,5185163.67490000,1.26693349,45.85333373
87085_0205_00014,rue André Chenier,14,,CM0124,1565407.89140000,5185155.74210000,1.26680106,45.85326032
87085_0205_00016,rue André Chenier,16,,CM0123,1565412.90370000,5185151.15170000,1.26686687,45.85322001
87085_0205_00017,rue André Chenier,17,,CM0145,1565433.69810000,5185149.95390000,1.26713490,45.85321331
87085_0205_00018,rue André Chenier,18,,CM0121,1565420.45930000,5185144.00820000,1.26696614,45.85315723
87085_0205_00020,rue André Chenier,20,,CM0120,1565429.41300000,5185135.88760000,1.26708368,45.85308594
87085_0205_00021,rue André Chenier,21,,CM0146,1565446.64550000,5185137.81810000,1.26730498,45.85310667
87085_0205_00023,rue André Chenier,23,,CM0148,1565452.51170000,5185132.38410000,1.26738202,45.85305894
87085_0207_00001,rue André et Joseph Massie,1,,DO0080,1564600.81730000,5183147.79540000,1.25697711,45.83503922
87085_0207_00002,rue André et Joseph Massie,2,,DO0066,1564603.60180000,5183154.82100000,1.25701096,45.83510296
87085_0207_00003,rue André et Joseph Massie,3,,DO0078,1564588.20740000,5183148.00400000,1.25681477,45.83503861
87085_0207_00004,rue André et Joseph Massie,4,,DO0067,1564594.10450000,5183155.07420000,1.25688867,45.83510337
87085_0207_00005,rue André et Joseph Massie,5,,DO0188,1564579.00580000,5183147.73540000,1.25669643,45.83503438
87085_0207_00006,rue André et Joseph Massie,6,,DO0067,1564582.67800000,5183155.11790000,1.25674161,45.83510151
87085_0207_00007,rue André et Joseph Massie,7,,DO0183,1564569.13760000,5183147.87560000,1.25656940,45.83503370
87085_0207_00008,rue André et Joseph Massie,8,,DO0068,1564576.39980000,5183155.27890000,1.25666077,45.83510173
87085_0207_00009,rue André et Joseph Massie,9,,DO0076,1564558.28980000,5183148.05390000,1.25642975,45.83503317
87085_0207_00011,rue André et Joseph Massie,11,,DO0075,1564548.07920000,5183148.19690000,1.25629830,45.83503244
87085_0207_00012,rue André et Joseph Massie,12,,DO0071,1564561.07560000,5183155.66810000,1.25646345,45.83510221
87085_0207_00015,rue André et Joseph Massie,15,,DO0074,1564541.82890000,5183148.41230000,1.25621781,45.83503315
87085_0207_00016,rue André et Joseph Massie,16,,DO0071,1564540.13450000,5183155.90390000,1.25619389,45.83510021
87085_0207_00019,rue André et Joseph Massie,19,,DO0072,1564524.50290000,5183148.76320000,1.25599474,45.83503289
87085_0206_00001,rue André Fourcade,1,,NH0081,1561718.15940000,5181746.08820000,1.22028339,45.82185656
87085_0206_00003,rue André Fourcade,3,,NH0080,1561731.87780000,5181748.32490000,1.22045925,45.82187943
87085_0206_00005,rue André Fourcade,5,,NH0079,1561749.44950000,5181751.04910000,1.22068454,45.82190747
87085_0206_00007,rue André Fourcade,7,,NH0078,1561765.44330000,5181753.78610000,1.22088953,45.82193531
87085_0206_00009,rue André Fourcade,9,,NH0077,1561785.90380000,5181757.60050000,1.22115168,45.82197373
87085_0206_00011,rue André Fourcade,11,,NH0076,1561803.39910000,5181760.40550000,1.22137596,45.82200248
87085_0206_00014,rue André Fourcade,14,,NH0190,1561869.39140000,5181762.16620000,1.22222451,45.82203157
87085_0206_00015,rue André Fourcade,15,,NH0075,1561820.44020000,5181763.47320000,1.22159433,45.82203350
87085_0206_00016,rue André Fourcade,16,,NH0191,1561883.58230000,5181765.30610000,1.22240619,45.82206267
87085_0206_00017,rue André Fourcade,17,,NH0074,1561837.80530000,5181766.38640000,1.22181691,45.82206319
87085_0206_00018,rue André Fourcade,18,,NH0192,1561912.85470000,5181772.32510000,1.22278079,45.82213168
87085_0206_00019,rue André Fourcade,19,,NH0073,1561855.50460000,5181769.93400000,1.22204361,45.82209866
87085_0206_00021,rue André Fourcade,21,,NH0072,1561877.27600000,5181774.20220000,1.22232250,45.82214142
87085_0206_00023,rue André Fourcade,23,,NH0070,1561901.11940000,5181779.24980000,1.22262782,45.82219162
87085_0211_00001,rue André Malraux,1,,OA0077,1565130.58520000,5179431.02340000,1.26483696,45.80170866
87085_0211_00002,rue André Malraux,2,,OA0259,1565130.30820000,5179457.39150000,1.26482600,45.80194580
87085_0211_00002_bis,rue André Malraux,2,bis,OA0258,1565122.18440000,5179437.32340000,1.26472714,45.80176368
87085_0211_00003,rue André Malraux,3,,OA0078,1565122.04110000,5179405.06640000,1.26473434,45.80147348
87085_0211_00004,rue André Malraux,4,,OA0257,1565114.99300000,5179418.55470000,1.26463991,45.80159344
87085_0211_00005,rue André Malraux,5,,OA0079,1565121.62270000,5179381.68920000,1.26473551,45.80126311
87085_0211_00006,rue André Malraux,6,,OA0020,1565111.56800000,5179395.13000000,1.26460243,45.80138205
87085_0211_00007,rue André Malraux,7,,OA0080,1565122.53130000,5179363.09330000,1.26475241,45.80109601
87085_0211_00008,rue André Malraux,8,,OA0017,1565111.92600000,5179375.22330000,1.26461261,45.80120304
87085_0211_00009,rue André Malraux,9,,OA0081,1565122.39900000,5179344.85590000,1.26475582,45.80093192
87085_0211_00010,rue André Malraux,10,,OA0016,1565112.31190000,5179356.14340000,1.26462292,45.80103148
87085_0211_00011,rue André Malraux,11,,OA0084,1565123.07180000,5179325.27960000,1.26476996,45.80075595
87085_0211_00012,rue André Malraux,12,,OA0013,1565112.72120000,5179335.95050000,1.26463385,45.80084992
87085_0211_00014,rue André Malraux,14,,OA0012,1565113.13620000,5179316.23730000,1.26464471,45.80067266
87085_0211_00015,rue André Malraux,15,,OA0085,1565123.67620000,5179303.55410000,1.26478382,45.80056064
87085_0211_00016,rue André Malraux,16,,OA0009,1565113.61040000,5179294.07670000,1.26465702,45.80047341
87085_0211_00017,rue André Malraux,17,,OA0086,1565123.97640000,5179275.31850000,1.26479559,45.80030670
87085_0211_00018,rue André Malraux,18,,OA0008,1565114.14800000,5179275.78480000,1.26466906,45.80030897
87085_0211_00019,rue André Malraux,19,,OA0093,1565131.22430000,5179249.27610000,1.26489611,45.80007385
87085_0211_00020,rue André Malraux,20,,OA0005,1565112.12260000,5179255.22800000,1.26464877,45.80012365
87085_0211_00021,rue André Malraux,21,,OA0092,1565143.80380000,5179234.98840000,1.26506190,45.79994779
87085_0211_00023,rue André Malraux,23,,OA0091,1565163.64350000,5179217.42440000,1.26532197,45.79979368
87085_0211_00024,rue André Malraux,24,,OA0267,1565144.39300000,5179220.64930000,1.26507349,45.79981892
87085_0211_00025,rue André Malraux,25,,OA0110,1565201.38350000,5179214.26610000,1.26580823,45.79977266
87085_0211_00026,rue André Malraux,26,,OA0270,1565160.53240000,5179207.74340000,1.26528468,45.79970598
87085_0211_00027,rue André Malraux,27,,OA0108,1565226.56840000,5179225.87950000,1.26612888,45.79988206
87085_0211_00028,rue André Malraux,28,,OA0271,1565178.76290000,5179201.92890000,1.26552077,45.79965725
87085_0211_00029,rue André Malraux,29,,OA0107,1565244.41080000,5179234.36920000,1.26635598,45.79996193
87085_0211_00030,rue André Malraux,30,,OA0274,1565195.74780000,5179202.49440000,1.26573905,45.79966566
87085_0211_00031,rue André Malraux,31,,OA0106,1565263.36060000,5179243.41840000,1.26659716,45.80004704
87085_0211_00032,rue André Malraux,32,,OA0275,1565213.15100000,5179208.56460000,1.26596117,45.79972368
87085_0211_00034,rue André Malraux,34,,OA0278,1565231.20130000,5179217.18020000,1.26619090,45.79980472
87085_0211_00036,rue André Malraux,36,,OA0279,1565248.84370000,5179225.28680000,1.26641553,45.79988110
87085_0211_00038,rue André Malraux,38,,OA0104,1565263.55190000,5179232.42700000,1.26660270,45.79994821
87085_0211_00040,rue André Malraux,40,,OA0105,1565279.90000000,5179240.22500000,1.26681077,45.80002155
87085_0198_00010,rue André Mérigou,10,,ES0339,1566733.35070000,5182551.10610000,1.28458652,45.83008818
87085_0198_00012,rue André Mérigou,12,,ES0339,1566730.89280000,5182584.28210000,1.28454570,45.83038614
87085_0198_00014,rue André Mérigou,14,,ES0339,1566704.98940000,5182598.76260000,1.28420836,45.83051138
87085_0198_00016,rue André Mérigou,16,,ES0339,1566671.86110000,5182602.17990000,1.28378111,45.83053570
87085_0198_00018,rue André Mérigou,18,,ES0338,1566648.03850000,5182562.92240000,1.28348544,45.83017794
87085_0213_00003,rue Anna Marly,3,,MI0243,1566687.84020000,5187684.74990000,1.28257625,45.87625969
87085_0213_00005,rue Anna Marly,5,,MI0242,1566679.44590000,5187691.60850000,1.28246623,45.87631976
87085_0213_00007,rue Anna Marly,7,,MI0212,1566653.13800000,5187675.58880000,1.28213187,45.87617055
87085_0213_00009,rue Anna Marly,9,,MI0157,1566659.48960000,5187707.28240000,1.28220487,45.87645688
87085_0213_00010,rue Anna Marly,10,,MI0199,1566644.35190000,5187731.10830000,1.28200329,45.87666827
87085_0213_00011,rue Anna Marly,11,,MI0157,1566637.14360000,5187687.09330000,1.28192269,45.87627093
87085_0213_00014,rue Anna Marly,14,,MI0189,1566594.92470000,5187768.49760000,1.28135634,45.87699502
87085_0213_00015,rue Anna Marly,15,,MI0157,1566619.87520000,5187697.49470000,1.28169740,45.87636115
87085_0213_00016,rue Anna Marly,16,,MI0042,1566585.37710000,5187772.63320000,1.28123222,45.87703037
87085_0213_00017,rue Anna Marly,17,,MI0157,1566633.85400000,5187727.86180000,1.28186899,45.87663703
87085_0213_00019,rue Anna Marly,19,,MI0203,1566625.18610000,5187738.19330000,1.28175449,45.87672829
87085_0213_00020,rue Anna Marly,20,,MI0168,1566559.75760000,5187796.40010000,1.28089566,45.87723919
87085_0213_00021,rue Anna Marly,21,,MI0251,1566614.09420000,5187747.33730000,1.28160910,45.87680839
87085_0213_00022,rue Anna Marly,22,,MI0158,1566551.12640000,5187802.33180000,1.28078285,45.87729087
87085_0213_00023,rue Anna Marly,23,,MI0247,1566596.84420000,5187760.00200000,1.28138342,45.87691897
87085_0213_00025,rue Anna Marly,25,,MI0245,1566584.97700000,5187766.58700000,1.28122875,45.87697590
87085_0213_00026,rue Anna Marly,26,,MI0016,1566527.27760000,5187766.68090000,1.28048562,45.87696554
87085_0213_00029,rue Anna Marly,29,,MI0019,1566560.79840000,5187762.25690000,1.28091856,45.87693225
87085_0213_00035,rue Anna Marly,35,,MI0236,1566526.26300000,5187757.15750000,1.28047520,45.87687970
87085_0213_00037,rue Anna Marly,37,,MI0214,1566562.21070000,5187692.52000000,1.28095614,45.87630520
87085_0213_00041,rue Anna Marly,41,,MI0027,1566515.25270000,5187746.78340000,1.28033629,45.87678422
87085_0213_00045,rue Anna Marly,45,,MI0029,1566497.93430000,5187720.70440000,1.28012050,45.87654626
87085_0213_00051,rue Anna Marly,51,,MI0032,1566462.10240000,5187687.85550001,1.27966817,45.87624380
87085_0213_00053,rue Anna Marly,53,,MB0014,1566447.76460000,5187678.05350000,1.27948624,45.87615284
87085_0214_00001,rue Anne Frank,1,,TK0049,1565356.46820000,5179085.56060000,1.26783878,45.79864523
87085_0214_00002,rue Anne Frank,2,,TK0038,1565285.61890000,5179183.77770000,1.26690012,45.79951489
87085_0214_00003,rue Anne Frank,3,,TK0048,1565353.37040000,5179093.72250000,1.26779666,45.79871805
87085_0214_00004,rue Anne Frank,4,,TK0037,1565289.10070000,5179167.24990000,1.26694952,45.79936690
87085_0214_00005,rue Anne Frank,5,,TK0047,1565351.16730000,5179100.74700000,1.26776636,45.79878081
87085_0214_00006,rue Anne Frank,6,,TK0036,1565295.53540000,5179152.50630000,1.26703641,45.79923553
87085_0214_00007,rue Anne Frank,7,,TK0046,1565348.73830000,5179107.77340000,1.26773316,45.79884354
87085_0214_00008,rue Anne Frank,8,,TK0035,1565303.52440000,5179134.35960000,1.26714423,45.79907385
87085_0214_00009,rue Anne Frank,9,,TK0045,1565342.04270000,5179118.22480000,1.26764412,45.79893625
87085_0214_00010,rue Anne Frank,10,,TK0035,1565306.15930000,5179124.84540000,1.26718078,45.79898878
87085_0214_00011,rue Anne Frank,11,,TK0044,1565337.39040000,5179129.78970000,1.26758105,45.79903937
87085_0214_00012,rue Anne Frank,12,,TK0050,1565324.17700000,5179089.21370000,1.26742247,45.79867178
87085_0214_00013,rue Anne Frank,13,,TK0043,1565332.98070000,5179143.38680000,1.26752054,45.79916082
87085_0214_00014,rue Anne Frank,14,,TK0032,1565325.63580000,5179074.05840000,1.26744547,45.79853573
87085_0214_00015,rue Anne Frank,15,,TK0042,1565326.84560000,5179167.16890000,1.26743498,45.79937356
87085_0214_00016,rue Anne Frank,16,,TK0031,1565323.46200000,5179056.89850000,1.26742232,45.79838094
87085_0214_00017,rue Anne Frank,17,,TK0041,1565322.61760000,5179175.34000000,1.26737832,45.79944623
87085_0214_00018,rue Anne Frank,18,,TK0030,1565324.91710000,5179041.29130000,1.26744540,45.79824083
87085_0214_00019,rue Anne Frank,19,,TK0040,1565316.14810000,5179185.78960000,1.26729219,45.79953897
87085_0214_00020,rue Anne Frank,20,,TK0029,1565333.74060000,5179042.34950000,1.26755858,45.79825208
87085_0214_00021,rue Anne Frank,21,,TK0039,1565310.81780000,5179197.36000000,1.26722040,45.79964201
87085_0214_00022,rue Anne Frank,22,,TK0050,1565337.96680000,5179061.75300000,1.26760750,45.79842745
87085_0214_00024,rue Anne Frank,24,,TK0050,1565347.94240000,5179065.51410000,1.26773474,45.79846324
87085_0214_00026,rue Anne Frank,26,,TK0050,1565358.59410000,5179069.04380000,1.26787074,45.79849707
87085_0214_00028,rue Anne Frank,28,,TK0050,1565374.46600000,5179075.24320000,1.26807313,45.79855594
87085_0214_00030,rue Anne Frank,30,,TK0024,1565383.98410000,5179078.33010000,1.26819468,45.79858558
87085_0214_00032,rue Anne Frank,32,,TK0050,1565365.98260000,5179088.19550000,1.26796041,45.79867080
87085_0214_00034,rue Anne Frank,34,,TK0050,1565361.33030000,5179099.76030000,1.26789734,45.79877392
87085_0214_00036,rue Anne Frank,36,,TK0050,1565356.25360000,5179114.71890000,1.26782787,45.79890749
87085_0214_00038,rue Anne Frank,38,,TK0050,1565355.65450000,5179124.44270000,1.26781744,45.79899485
87085_0214_00040,rue Anne Frank,40,,TK0050,1565352.78450000,5179132.82880000,1.26777818,45.79906972
87085_0214_00042,rue Anne Frank,42,,TK0050,1565349.67930000,5179140.08670000,1.26773622,45.79913440
87085_0214_00044,rue Anne Frank,44,,TK0050,1565347.02800000,5179147.56700000,1.26770003,45.79920118
87085_0214_00046,rue Anne Frank,46,,TK0050,1565344.16170000,5179156.40510000,1.26766069,45.79928012
87085_0214_00048,rue Anne Frank,48,,TK0015,1565339.49270000,5179165.93590000,1.26759798,45.79936494
87085_0214_00050,rue Anne Frank,50,,TK0014,1565335.70580000,5179172.74730000,1.26754737,45.79942547
87085_0214_00052,rue Anne Frank,52,,TK0013,1565332.60240000,5179180.23120000,1.26750536,45.79949219
87085_0214_00054,rue Anne Frank,54,,TK0012,1565327.08100000,5179196.09750000,1.26742991,45.79963384
87085_0214_00056,rue Anne Frank,56,,TK0012,1565336.60640000,5179200.08840000,1.26755130,45.79967160
87085_0214_00058,rue Anne Frank,58,,TK0011,1565345.68150000,5179204.30890000,1.26766684,45.79971134
87085_0420_00003,rue Antoine Baume,3,,IT0481,1562462.25620000,5181906.64850000,1.22981099,45.82345007
87085_0420_00006,rue Antoine Baume,6,,IT0447,1562484.45180000,5181883.58130000,1.23010316,45.82324700
87085_0420_00008,rue Antoine Baume,8,,IT0455,1562485.33620000,5181866.76530000,1.23011935,45.82309591
87085_0420_00010,rue Antoine Baume,10,,IT0449,1562496.85460000,5181851.42120000,1.23027194,45.82296019
87085_0420_00033,rue Antoine Baume,33,,IT0442,1562480.33280000,5181824.29600000,1.23006712,45.82271288
87085_0621_00001,rue Antoine Blondin,1,,BW0162,1565270.29170000,5186166.17600000,1.26474626,45.86232280
87085_0621_00003,rue Antoine Blondin,3,,BW0163,1565268.27840000,5186216.25040000,1.26470629,45.86277286
87085_0621_00004,rue Antoine Blondin,4,,BW0157,1565247.77710000,5186148.29980000,1.26446139,45.86215758
87085_0621_00006,rue Antoine Blondin,6,,BW0158,1565266.88580000,5186148.96810000,1.26470723,45.86216734
87085_0621_00008,rue Antoine Blondin,8,,BW0159,1565286.67320000,5186148.29570000,1.26496219,45.86216517
87085_0621_00010,rue Antoine Blondin,10,,BW0160,1565282.41020000,5186155.62750000,1.26490525,45.86223029
87085_0621_00012,rue Antoine Blondin,12,,BW0161,1565275.77450000,5186198.86790000,1.26480768,45.86261796
87085_0621_00012_bis,rue Antoine Blondin,12,bis,BW0207,1565274.76440000,5186225.01460000,1.26478734,45.86285297
87085_0621_00014,rue Antoine Blondin,14,,BW0204,1565295.73090000,5186245.79420000,1.26505147,45.86304400
87085_0621_00014_bis,rue Antoine Blondin,14,bis,BW0205,1565291.95290000,5186251.33010000,1.26500127,45.86309306
87085_0621_00016,rue Antoine Blondin,16,,BW0165,1565271.39430000,5186253.14010000,1.26473606,45.86310531
87085_0621_00018,rue Antoine Blondin,18,,BW0166,1565250.79080000,5186249.29760000,1.26447185,45.86306671
87085_0621_00020,rue Antoine Blondin,20,,BW0167,1565227.91410000,5186248.39280000,1.26417755,45.86305408
87085_0621_00022,rue Antoine Blondin,22,,BW0168,1565201.73360000,5186247.53870000,1.26384070,45.86304127
87085_0220_00001,rue Antoine Bourdelle,1,,IV0233,1563103.74090000,5181669.27370000,1.23813214,45.82144272
87085_0220_00003,rue Antoine Bourdelle,3,,IV0232,1563093.75710000,5181675.16750000,1.23800201,45.82149375
87085_0220_00004,rue Antoine Bourdelle,4,,IV0166,1563101.54830000,5181683.01210000,1.23810002,45.82156587
87085_0220_00005,rue Antoine Bourdelle,5,,IV0231,1563085.18840000,5181680.35690000,1.23789029,45.82153873
87085_0220_00006,rue Antoine Bourdelle,6,,IV0168,1563092.45010000,5181688.36160000,1.23798144,45.82161218
87085_0220_00007,rue Antoine Bourdelle,7,,IV0230,1563073.68610000,5181687.16700000,1.23774036,45.82159770
87085_0220_00008,rue Antoine Bourdelle,8,,IV0169,1563085.44990000,5181692.75340000,1.23789012,45.82165030
87085_0220_00009,rue Antoine Bourdelle,9,,IV0229,1563060.42020000,5181695.10280000,1.23756742,45.82166645
87085_0220_00010,rue Antoine Bourdelle,10,,IV0170,1563078.29240000,5181696.79570000,1.23779688,45.82168523
87085_0220_00011,rue Antoine Bourdelle,11,,IV0228,1563047.10500000,5181703.20850000,1.23739380,45.82173671
87085_0220_00012,rue Antoine Bourdelle,12,,IV0171,1563068.16980000,5181702.90330000,1.23766491,45.82173816
87085_0220_00013,rue Antoine Bourdelle,13,,IV0227,1563032.09890000,5181712.03210000,1.23719822,45.82181310
87085_0220_00014,rue Antoine Bourdelle,14,,IV0174,1563058.20030000,5181708.67550000,1.23753500,45.82178810
87085_0220_00015,rue Antoine Bourdelle,15,,IV0712,1563010.50550000,5181720.55000000,1.23691797,45.82188542
87085_0220_00016,rue Antoine Bourdelle,16,,IV0175,1563048.96810000,5181714.11600000,1.23741467,45.82183520
87085_0220_00018,rue Antoine Bourdelle,18,,IV0180,1563041.11880000,5181718.74240000,1.23731236,45.82187526
87085_0220_00020,rue Antoine Bourdelle,20,,IV0181,1563034.07550000,5181722.94340000,1.23722054,45.82191164
87085_0220_00021,rue Antoine Bourdelle,21,,IV0784,1562961.03440000,5181750.64170000,1.23627290,45.82214626
87085_0220_00023,rue Antoine Bourdelle,23,,IV0784,1562943.15880000,5181760.14060000,1.23604021,45.82222814
87085_0220_00025,rue Antoine Bourdelle,25,,IV0784,1562923.94260000,5181771.76250000,1.23578966,45.82232886
87085_0220_00028,rue Antoine Bourdelle,28,,IV0333,1562928.93200000,5181785.32850000,1.23624696,45.82288666
87085_0220_00030,rue Antoine Bourdelle,30,,IV0670,1562948.33380000,5181815.25080000,1.23609108,45.82272492
87085_0220_00032,rue Antoine Bourdelle,32,,IV0670,1562929.02480000,5181814.08890000,1.23584298,45.82271062
87085_0220_00034,rue Antoine Bourdelle,34,,IV0670,1562910.04470000,5181812.67330000,1.23559918,45.82269410
87085_0220_00035,rue Antoine Bourdelle,35,,IV0244,1562852.82390000,5181791.73690000,1.23486894,45.82249436
87085_0220_00036,rue Antoine Bourdelle,36,,IV0670,1562891.29630000,5181811.47590000,1.23535831,45.82267960
87085_0220_00038,rue Antoine Bourdelle,38,,IV0670,1562872.27610000,5181810.06060000,1.23511399,45.82266307
87085_0220_00040,rue Antoine Bourdelle,40,,IV0673,1562857.21030000,5181809.10220000,1.23492043,45.82265145
87085_0220_00043,rue Antoine Bourdelle,43,,IV0392,1562808.16650000,5181782.64690000,1.23429697,45.82240369
87085_0220_00044,rue Antoine Bourdelle,44,,IV0264,1562809.52160000,5181814.62250000,1.23430528,45.82269160
87085_0220_00046,rue Antoine Bourdelle,46,,IV0264,1562780.81820000,5181798.42720000,1.23394060,45.82254018
87085_0220_00048,rue Antoine Bourdelle,48,,IV0264,1562756.22790000,5181790.51140000,1.23362648,45.82246407
87085_0220_00049,rue Antoine Bourdelle,49,,IV0515,1562776.08280000,5181767.17380000,1.23388859,45.82225810
87085_0220_00051,rue Antoine Bourdelle,51,,IV0515,1562768.26980000,5181758.12080000,1.23379065,45.82217510
87085_0220_00052,rue Antoine Bourdelle,52,,IV0323,1562767.93040000,5181777.59630000,1.23378073,45.82235023
87085_0220_00053,rue Antoine Bourdelle,53,,IV0541,1562754.48200000,5181731.08720000,1.23362097,45.82192917
87085_0220_00054,rue Antoine Bourdelle,54,,IV0263,1562760.89940000,5181769.63340000,1.23369254,45.82227719
87085_0220_00055,rue Antoine Bourdelle,55,,IV0540,1562745.18740000,5181712.90820000,1.23350658,45.82176379
87085_0220_00070,rue Antoine Bourdelle,70,,IV0457,1562737.84440000,5181726.05290000,1.23340835,45.82188056
87085_0221_00001,rue Antoine Fourcroy,1,,NZ0053,1564993.88600000,5186266.80530000,1.26115913,45.86317379
87085_0221_00003,rue Antoine Fourcroy,3,,NZ0054,1565014.08230000,5186258.77330000,1.26142142,45.86310550
87085_0221_00004,rue Antoine Fourcroy,4,,NZ0055,1565006.86560000,5186252.53720000,1.26133026,45.86304799
87085_0221_00005,rue Antoine Fourcroy,5,,NZ0048,1565033.20960000,5186253.73370000,1.26166912,45.86306392
87085_0221_00006,rue Antoine Fourcroy,6,,NZ0058,1565013.67530000,5186231.17710000,1.26142394,45.86285718
87085_0221_00007,rue Antoine Fourcroy,7,,NZ0049,1565050.65670000,5186276.48160000,1.26188736,45.86327198
87085_0221_00008,rue Antoine Fourcroy,8,,NZ0059,1565018.89210000,5186224.86090000,1.26149288,45.86280139
87085_0221_00009,rue Antoine Fourcroy,9,,NZ0050,1565053.43300000,5186288.27040000,1.26191980,45.86337857
87085_0221_00010,rue Antoine Fourcroy,10,,NZ0041,1565031.43470000,5186223.41250000,1.26165478,45.86279082
87085_0221_00012,rue Antoine Fourcroy,12,,NZ0042,1565040.38290000,5186225.27340000,1.26176947,45.86280932
87085_0221_00014,rue Antoine Fourcroy,14,,NZ0043,1565047.65000000,5186235.12100000,1.26186027,45.86289933
87085_0221_00016,rue Antoine Fourcroy,16,,NZ0044,1565052.67460000,5186252.34830000,1.26192013,45.86305528
87085_0221_00018,rue Antoine Fourcroy,18,,NZ0047,1565058.52760000,5186274.66740000,1.26198922,45.86325720
87085_3125_00001,rue Antoine Loisel,1,,EW0095,1565537.00330000,5181542.88380000,1.26947385,45.82078573
87085_3125_00004,rue Antoine Loisel,4,,EW0081,1565533.65270000,5181533.56540000,1.26943334,45.82070125
87085_3125_00005,rue Antoine Loisel,5,,EW0094,1565552.77050000,5181537.53720000,1.26967820,45.82074072
87085_3125_00006,rue Antoine Loisel,6,,EW0082,1565546.08720000,5181529.31610000,1.26959451,45.82066546
87085_3125_00007,rue Antoine Loisel,7,,EW0093,1565565.12620000,5181533.26540000,1.26983836,45.82070471
87085_3125_00008,rue Antoine Loisel,8,,EW0083,1565555.60960000,5181526.00730000,1.26971795,45.82063755
87085_3125_00009,rue Antoine Loisel,9,,EW0092,1565577.60960000,5181529.11580000,1.27000013,45.82066982
87085_3125_00010,rue Antoine Loisel,10,,EW0084,1565565.00610000,5181522.82220000,1.26983973,45.82061074
87085_3125_00011,rue Antoine Loisel,11,,EW0091,1565588.44140000,5181525.12270000,1.27014061,45.82063601
87085_3125_00012,rue Antoine Loisel,12,,EW0085,1565577.33360000,5181518.34050000,1.26999959,45.82057283
87085_3125_00013,rue Antoine Loisel,13,,EW0090,1565598.60870000,5181521.79350000,1.27027235,45.82060805
87085_3125_00014,rue Antoine Loisel,14,,EW0086,1565588.38490000,5181514.70090000,1.27014279,45.82054225
87085_3125_00018,rue Antoine Loisel,18,,EW0088,1565608.62420000,5181507.62500000,1.27040516,45.82048255
87085_2040_00004,rue Arago,4,,OI0257,1562960.16810000,5183934.87900000,1.23563913,45.84179446
87085_2040_00008,rue Arago,8,,OI0255,1562979.21670000,5183922.37010000,1.23588786,45.84168573
87085_2040_00011,rue Arago,11,,OI0246,1562988.94910000,5183921.25890000,1.23601344,45.84167768
87085_2040_00017,rue Arago,17,,OI0254,1563023.58760000,5183933.74200000,1.23645570,45.84179687
87085_2040_00018,rue Arago,18,,OI0235,1563017.17730000,5183912.82760000,1.23637916,45.84160746
87085_2040_00019,rue Arago,19,,OI0110,1563040.87730000,5183954.04740000,1.23667244,45.84198297
87085_2040_00021,rue Arago,21,,OI0088,1563052.31120000,5183967.92470000,1.23681565,45.84211008
87085_2040_00023,rue Arago,23,,OI0244,1563064.01110000,5183979.81140000,1.23696285,45.84221934
87085_2040_00024,rue Arago,24,,OI0237,1563034.89780000,5183933.51850000,1.23660133,45.84179711
87085_2040_00027,rue Arago,27,,OI0249,1563089.99000000,5183998.16740000,1.23729199,45.84238963
87085_2040_00030,rue Arago,30,,OI0209,1563059.89600000,5183963.24600000,1.23691461,45.84206951
87085_2040_00032,rue Arago,32,,OI0200,1563074.18350000,5183975.15230000,1.23709510,45.84217945
87085_0240_00001_bis,rue Arbonneau,1,bis,HZ0139,1564204.36530000,5182161.78110000,1.25215364,45.82609128
87085_0240_00002,rue Arbonneau,2,,HZ0077,1564203.34580000,5182184.05700000,1.25213423,45.82629146
87085_0240_00003,rue Arbonneau,3,,HZ0140,1564197.71470000,5182168.31590000,1.25206622,45.82614875
87085_0240_00005,rue Arbonneau,5,,HZ0141,1564189.33630000,5182176.42580000,1.25195612,45.82622005
87085_0240_00007,rue Arbonneau,7,,HZ0142,1564179.55800000,5182185.78460000,1.25182766,45.82630231
87085_0248_00010,rue Archimède,10,,HO0158,1564838.44350000,5180992.37330000,1.26064100,45.81569665
87085_0248_00015,rue Archimède,15,,HR0510,1564868.70230000,5180997.61950000,1.26102879,45.81574978
87085_0248_00017,rue Archimède,17,,HO0284,1564899.21840000,5180971.19250000,1.26142879,45.81551805
87085_0248_00019,rue Archimède,19,,HO0326,1564916.84990000,5180954.59710000,1.26166028,45.81537223
87085_0248_00031,rue Archimède,31,,HO0307,1564996.42960000,5180726.80680000,1.26274796,45.81333873
87085_0270_00003,rue Aristide Briand,3,,DT0092,1565326.06380000,5183368.81780000,1.26624848,45.83716986
87085_0270_00004,rue Aristide Briand,4,,EK0002,1565350.26680000,5183386.69860000,1.26655496,45.83733545
87085_0270_00005,rue Aristide Briand,5,,DT0091,1565328.40870000,5183376.81290000,1.26627642,45.83724224
87085_0270_00006,rue Aristide Briand,6,,EK0003,1565364.43630000,5183403.77900000,1.26673253,45.83749187
87085_0270_00011,rue Aristide Briand,11,,DS0147,1565355.26030000,5183417.81360000,1.26661051,45.83761632
87085_0270_00013,rue Aristide Briand,13,,DS0410,1565361.11150000,5183421.86570000,1.26668467,45.83765392
87085_0270_00015,rue Aristide Briand,15,,DS0150,1565368.68210000,5183426.28860000,1.26678087,45.83769519
87085_0270_00017,rue Aristide Briand,17,,DS0394,1565377.97390000,5183433.55230000,1.26689842,45.83776235
87085_0270_00019,rue Aristide Briand,19,,DS0152,1565385.04510000,5183440.08120000,1.26698759,45.83782246
87085_0270_00021,rue Aristide Briand,21,,DS0362,1565391.61880000,5183446.55550000,1.26707038,45.83788199
87085_0270_00023,rue Aristide Briand,23,,DS0154,1565399.43530000,5183453.85460000,1.26716893,45.83794918
87085_0270_00024,rue Aristide Briand,24,,DS0146,1565453.66890000,5183489.57180000,1.26785691,45.83828109
87085_0270_00025,rue Aristide Briand,25,,DS0155,1565406.71980000,5183460.61310000,1.26726079,45.83801140
87085_0270_00027,rue Aristide Briand,27,,DS0422,1565412.60680000,5183466.43470000,1.26733493,45.83806492
87085_0270_00028,rue Aristide Briand,28,,DS0146,1565481.49800000,5183517.90230000,1.26820714,45.83854139
87085_0270_00029,rue Aristide Briand,29,,DS0158,1565417.65330000,5183471.16820000,1.26739855,45.83810849
87085_0270_00030,rue Aristide Briand,30,,DS0146,1565491.35920000,5183527.92120000,1.26833125,45.83863344
87085_0270_00031,rue Aristide Briand,31,,DS0161,1565425.20880000,5183478.74340000,1.26749366,45.83817811
87085_0270_00032,rue Aristide Briand,32,,DS0145,1565499.15090000,5183535.59840000,1.26842938,45.83870403
87085_0270_00033,rue Aristide Briand,33,,DS0162,1565433.30630000,5183486.72880000,1.26759564,45.83825153
87085_0270_00034,rue Aristide Briand,34,,DS0144,1565506.22020000,5183543.37220000,1.26851819,45.83877534
87085_0270_00035,rue Aristide Briand,35,,DS0163,1565440.05440000,5183493.51370000,1.26768059,45.83831389
87085_0270_00038,rue Aristide Briand,38,,DS0139,1565540.95600000,5183585.86920000,1.26895335,45.83916442
87085_0270_00038_bis,rue Aristide Briand,38,bis,DS0138,1565551.60130000,5183600.56840000,1.26908624,45.83929873
87085_0270_00039,rue Aristide Briand,39,,DS0164,1565444.82770000,5183498.69970000,1.26774057,45.83836147
87085_0270_00039_a,rue Aristide Briand,39,a,DS0166,1565453.61190000,5183506.99050000,1.26785130,45.83843777
87085_0270_00039_b,rue Aristide Briand,39,b,DS0181,1565426.10520000,5183526.64680000,1.26749179,45.83860921
87085_0270_00039_c,rue Aristide Briand,39,c,DS0181,1565433.86400000,5183535.69600000,1.26758911,45.83869213
87085_0270_00040,rue Aristide Briand,40,,DS0137,1565558.15890000,5183613.98050000,1.26916689,45.83942066
87085_0270_00041,rue Aristide Briand,41,,DS0182,1565462.96350000,5183516.96490000,1.26796886,45.83852933
87085_0270_00042,rue Aristide Briand,42,,DS0348,1565562.54990000,5183621.90710000,1.26922118,45.83949282
87085_0270_00044,rue Aristide Briand,44,,DS0135,1565567.94240000,5183632.29590000,1.26928768,45.83958733
87085_0270_00045,rue Aristide Briand,45,,DS0184,1565505.72690000,5183560.82030000,1.26850696,45.83893220
87085_0270_00046,rue Aristide Briand,46,,DS0132,1565572.42640000,5183641.01710000,1.26934295,45.83966666
87085_0270_00047,rue Aristide Briand,47,,DS0186,1565513.09600000,5183569.80800000,1.26859928,45.83901449
87085_0270_00048,rue Aristide Briand,48,,DS0134,1565577.39230000,5183650.16610000,1.26940430,45.83974993
87085_0270_00049,rue Aristide Briand,49,,DS0187,1565523.02300000,5183582.96750000,1.26872336,45.83913481
87085_0270_00050,rue Aristide Briand,50,,DS0429,1565583.90060000,5183662.63010000,1.26948458,45.83986333
87085_0270_00052,rue Aristide Briand,52,,DS0123,1565588.17350000,5183670.88970000,1.26953726,45.83993846
87085_0270_00054,rue Aristide Briand,54,,DS0398,1565592.74450000,5183679.44190000,1.26959370,45.84001629
87085_0270_00055,rue Aristide Briand,55,,DS0188,1565535.54510000,5183600.35480000,1.26887966,45.83929367
87085_0270_00056,rue Aristide Briand,56,,DS0122,1565595.88820000,5183685.25070000,1.26963254,45.84006915
87085_0270_00057,rue Aristide Briand,57,,DS0189,1565543.11760000,5183612.68340000,1.26897367,45.83940605
87085_0270_00058,rue Aristide Briand,58,,DS0108,1565600.42690000,5183692.76550000,1.26968885,45.84013764
87085_0270_00060,rue Aristide Briand,60,,DS0107,1565604.04920000,5183698.46180000,1.26973388,45.84018959
87085_0270_00061,rue Aristide Briand,61,,DS0190,1565549.91090000,5183625.19550000,1.26905760,45.83951993
87085_0270_00062,rue Aristide Briand,62,,DS0106,1565607.84920000,5183703.52780000,1.26978137,45.84023591
87085_0270_00063,rue Aristide Briand,63,,DS0191,1565557.24680000,5183639.68250000,1.26914796,45.83965169
87085_0270_00064,rue Aristide Briand,64,,DS0316,1565611.37020000,5183708.81040000,1.26982521,45.84028411
87085_0270_00068,rue Aristide Briand,68,,DS0088,1565622.68450000,5183726.24540000,1.26996595,45.84044316
87085_0270_00072,rue Aristide Briand,72,,EK0069,1565637.66720000,5183747.89770000,1.27015273,45.84064087
87085_0270_00075,rue Aristide Briand,75,,DS0192,1565563.21140000,5183650.33540000,1.26922175,45.83974868
87085_0270_00076,rue Aristide Briand,76,,CT0423,1565749.94030000,5183881.06670000,1.27156054,45.84186073
87085_0270_00076_bis,rue Aristide Briand,76,bis,CT0422,1565756.63270000,5183888.69880000,1.27164454,45.84193070
87085_0270_00077,rue Aristide Briand,77,,DS0087,1565576.32970000,5183675.60840000,1.26938351,45.83997859
87085_0270_00078,rue Aristide Briand,78,,CT0421,1565759.28900000,5183893.14170000,1.27167749,45.84197118
87085_0270_00079,rue Aristide Briand,79,,DS0086,1565580.19640000,5183683.02330000,1.26943120,45.84004605
87085_0270_00080,rue Aristide Briand,80,,CT0420,1565763.81300000,5183901.33480000,1.27173343,45.84204577
87085_0270_00081,rue Aristide Briand,81,,DS0083,1565584.97970000,5183691.21820000,1.26949047,45.84012070
87085_0270_00082,rue Aristide Briand,82,,CT0418,1565770.42690000,5183912.63140000,1.27181540,45.84214868
87085_0270_00083,rue Aristide Briand,83,,DS0082,1565589.86820000,5183699.67510000,1.26955103,45.84019773
87085_0270_00083_bis,rue Aristide Briand,83,bis,DS0079,1565593.78110000,5183704.88580000,1.26959993,45.84024537
87085_0270_00084,rue Aristide Briand,84,,CT0417,1565778.39790000,5183926.33730000,1.27191417,45.84227353
87085_0270_00085,rue Aristide Briand,85,,DS0424,1565598.62490000,5183712.31880000,1.26966019,45.84031318
87085_0270_00085_bis,rue Aristide Briand,85,bis,DS0075,1565603.09280000,5183718.68260000,1.26971592,45.84037130
87085_0270_00086_bis,rue Aristide Briand,86,bis,CT1196,1565800.98060000,5183965.56500000,1.27219387,45.84263081
87085_0270_00087,rue Aristide Briand,87,,DS0074,1565608.22170000,5183726.96490000,1.26977961,45.84044681
87085_0270_00088,rue Aristide Briand,88,,CT0386,1565806.81290000,5183976.11910000,1.27226599,45.84272689
87085_0270_00088_bis,rue Aristide Briand,88,bis,CT0567,1565812.99390000,5183987.37440000,1.27234240,45.84282934
87085_0270_00089,rue Aristide Briand,89,,DS0071,1565613.20140000,5183734.13030000,1.26984170,45.84051224
87085_0270_00089_bis,rue Aristide Briand,89,bis,DS0070,1565617.20760000,5183739.90580000,1.26989164,45.84056498
87085_0270_00090,rue Aristide Briand,90,,CT1525,1565833.67860000,5184016.07990000,1.27260062,45.84309160
87085_0270_00091,rue Aristide Briand,91,,DS0068,1565623.66890000,5183749.18790000,1.26997221,45.84064974
87085_0270_00092,rue Aristide Briand,92,,CT1200,1565842.36890000,5184020.49980000,1.27271124,45.84313306
87085_0270_00093,rue Aristide Briand,93,,DS0067,1565627.87000000,5183755.52840000,1.27002451,45.84070760
87085_0270_00094,rue Aristide Briand,94,,CT1202,1565849.02950000,5184024.10360000,1.27279596,45.84316678
87085_0270_00095,rue Aristide Briand,95,,DS0065,1565633.16550000,5183763.20990000,1.27009051,45.84077773
87085_0270_00096,rue Aristide Briand,96,,CT0651,1565856.48290000,5184028.27790000,1.27289073,45.84320578
87085_0270_00097,rue Aristide Briand,97,,DS0064,1565639.67240000,5183772.75170000,1.27017159,45.84086484
87085_0270_00097_bis,rue Aristide Briand,97,bis,DS0063,1565644.03410000,5183778.89770000,1.27022601,45.84092098
87085_0270_00098,rue Aristide Briand,98,,CT0846,1565863.99430000,5184032.19130000,1.27298632,45.84324245
87085_0270_00099,rue Aristide Briand,99,,DS0062,1565646.57300000,5183783.15380000,1.27025750,45.84095976
87085_0270_00099_bis,rue Aristide Briand,99,bis,DS0061,1565649.67050000,5183787.47030000,1.27029616,45.84099919
87085_0270_00099_ter,rue Aristide Briand,99,ter,DS0060,1565659.24950000,5183796.12320000,1.27041703,45.84107890
87085_0270_00100,rue Aristide Briand,100,,CT1208,1565873.22040000,5184037.37110000,1.27310362,45.84329085
87085_0270_00100_bis,rue Aristide Briand,100,bis,CT0394,1565880.70980000,5184041.45640000,1.27319888,45.84332906
87085_0270_00100_c,rue Aristide Briand,100,c,CT0394,1565885.57810000,5184043.78470000,1.27326089,45.84335095
87085_0270_00101,rue Aristide Briand,101,,CT1507,1565713.74020000,5183860.91340000,1.27110025,45.84167237
87085_0270_00101_bis,rue Aristide Briand,101,bis,CT1505,1565705.50520000,5183852.73240000,1.27099654,45.84159717
87085_0270_00102,rue Aristide Briand,102,,CT1210,1565893.57610000,5184048.28760000,1.27336257,45.84339302
87085_0270_00103,rue Aristide Briand,103,,CT1511,1565723.04200000,5183870.05640000,1.27121741,45.84175644
87085_0270_00104,rue Aristide Briand,104,,CT0813,1565906.74770000,5184055.33990000,1.27353014,45.84345903
87085_0270_00105,rue Aristide Briand,105,,CT1513,1565729.58960000,5183877.03430000,1.27129974,45.84182049
87085_0270_00106,rue Aristide Briand,106,,CT1499,1565920.70640000,5184062.67870000,1.27370776,45.84352776
87085_0270_00107,rue Aristide Briand,107,,CT0429,1565736.28630000,5183884.46900000,1.27138385,45.84188867
87085_0270_00108,rue Aristide Briand,108,,CT1529,1565930.34060000,5184068.18510000,1.27383022,45.84357918
87085_0270_00110,rue Aristide Briand,110,,CT0705,1565940.27440000,5184073.62860000,1.27395656,45.84363008
87085_0270_00112,rue Aristide Briand,112,,CT0403,1565949.68420000,5184078.58120000,1.27407630,45.84367647
87085_0270_00114,rue Aristide Briand,114,,CT0404,1565956.96950000,5184082.09330000,1.27416909,45.84370948
87085_0270_00115,rue Aristide Briand,115,,CT0817,1565759.59790000,5183918.80730000,1.27167430,45.84220212
87085_0270_00116,rue Aristide Briand,116,,CT0405,1565964.34100000,5184084.20320000,1.27426338,45.84372990
87085_0270_00117,rue Aristide Briand,117,,CT1519,1565767.53800000,5183932.20100000,1.27177275,45.84232415
87085_0270_00118,rue Aristide Briand,118,,CT0406,1565972.19060000,5184086.24270000,1.27436384,45.84374977
87085_0270_00120,rue Aristide Briand,120,,CT0407,1565981.97270000,5184087.94670000,1.27448928,45.84376701
87085_0270_00122,rue Aristide Briand,122,,CN0260,1566023.02860000,5184096.24350000,1.27501540,45.84384965
87085_0270_00124,rue Aristide Briand,124,,CN0259,1566034.85790000,5184101.89580000,1.27516608,45.84390280
87085_0270_00128,rue Aristide Briand,128,,CN0249,1566069.13180000,5184131.68160000,1.27559893,45.84417742
87085_0270_00130,rue Aristide Briand,130,,CN0749,1566077.83820000,5184142.64930000,1.27570793,45.84427777
87085_0270_00131,rue Aristide Briand,131,,CT1043,1565795.89100000,5183982.29340000,1.27212369,45.84278030
87085_0270_00131_bis,rue Aristide Briand,131,bis,CT0571,1565800.52160000,5183991.08030000,1.27218084,45.84286025
87085_0270_00133_bis,rue Aristide Briand,133,bis,CT0467,1565804.22490000,5183997.48390000,1.27222671,45.84291857
87085_0270_00134,rue Aristide Briand,134,,CN0246,1566099.15220000,5184171.61800000,1.27597420,45.84454251
87085_0270_00135,rue Aristide Briand,135,,CT1531,1565809.80890000,5184007.56720000,1.27229577,45.84301037
87085_0270_00135_bis,rue Aristide Briand,135,bis,CT0469,1565813.60680000,5184014.05030000,1.27234284,45.84306943
87085_0270_00137,rue Aristide Briand,137,,CT0902,1565816.78740000,5184019.93440000,1.27238214,45.84312298
87085_0270_00137_ter,rue Aristide Briand,137,ter,CT0382,1565851.67910000,5184039.70630000,1.27282571,45.84330765
87085_0270_00138,rue Aristide Briand,138,,CN0775,1566111.52710000,5184187.68510000,1.27612901,45.84468946
87085_0270_00139,rue Aristide Briand,139,,CT0717,1565860.23240000,5184044.41230000,1.27293449,45.84335165
87085_0270_00140,rue Aristide Briand,140,,CN0238,1566117.24510000,5184195.23310000,1.27620050,45.84475847
87085_0270_00141,rue Aristide Briand,141,,CT0380,1565870.69160000,5184050.18830000,1.27306749,45.84340565
87085_0270_00142,rue Aristide Briand,142,,CN0237,1566121.59930000,5184201.48690000,1.27625480,45.84481558
87085_0270_00142_bis,rue Aristide Briand,142,bis,CN0236,1566127.45740000,5184209.29940000,1.27632803,45.84488699
87085_0270_00143,rue Aristide Briand,143,,CT0379,1565876.81950000,5184053.55830000,1.27314543,45.84343716
87085_0270_00145,rue Aristide Briand,145,,CT0378,1565882.97260000,5184057.12280000,1.27322363,45.84347043
87085_0270_00147,rue Aristide Briand,147,,CT0377,1565891.80170000,5184061.95750000,1.27333592,45.84351564
87085_0270_00149,rue Aristide Briand,149,,CT0916,1565901.46980000,5184067.31200000,1.27345887,45.84356569
87085_0270_00151,rue Aristide Briand,151,,CT0374,1565912.77880000,5184073.58600000,1.27360267,45.84362434
87085_0270_00153,rue Aristide Briand,153,,CT0772,1565922.64460000,5184079.00850000,1.27372815,45.84367504
87085_0270_00154,rue Aristide Briand,154,,CN0195,1566282.26480000,5184330.23690000,1.27828697,45.84600503
87085_0270_00154_bis,rue Aristide Briand,154,bis,CN0194,1566288.37650000,5184334.12980000,1.27836456,45.84604123
87085_0270_00154_qua,rue Aristide Briand,154,qua,CN0192,1566299.24230000,5184341.22690000,1.27850244,45.84610719
87085_0270_00154_ter,rue Aristide Briand,154,ter,CN0193,1566293.14200000,5184337.25350000,1.27842503,45.84607026
87085_0270_00156,rue Aristide Briand,156,,CN0136,1566331.03190000,5184362.46310000,1.27890572,45.84630440
87085_0270_00156_bis,rue Aristide Briand,156,bis,CN0135,1566340.49450000,5184368.59640000,1.27902582,45.84636142
87085_0270_00156_ter,rue Aristide Briand,156,ter,CN0135,1566345.19420000,5184371.82270000,1.27908541,45.84639135
87085_0270_00158,rue Aristide Briand,158,,CN0134,1566349.74930000,5184375.87670000,1.27914292,45.84642871
87085_0270_00159,rue Aristide Briand,159,,CT1174,1565957.83460000,5184096.20950000,1.27417628,45.84383663
87085_0270_00160,rue Aristide Briand,160,,CN0133,1566355.02960000,5184380.39610000,1.27920963,45.84647039
87085_0270_00161,rue Aristide Briand,161,,CT0363,1565971.71580000,5184099.09790000,1.27435415,45.84386532
87085_0270_00162,rue Aristide Briand,162,,CN0132,1566361.63150000,5184387.17050000,1.27929272,45.84653261
87085_0270_00163,rue Aristide Briand,163,,CT0362,1565984.81740000,5184100.14000000,1.27452249,45.84387725
87085_0270_00164,rue Aristide Briand,164,,CN0131,1566365.71210000,5184392.18350000,1.27934385,45.84657850
87085_0270_00165,rue Aristide Briand,165,,CN0267,1566024.98500000,5184111.93480000,1.27503621,45.84399118
87085_0270_00166,rue Aristide Briand,166,,CN0130,1566370.32540000,5184398.35720000,1.27940152,45.84663493
87085_0270_00166_bis,rue Aristide Briand,166,bis,CN0768,1566373.75910000,5184404.09960000,1.27944412,45.84668726
87085_0270_00167,rue Aristide Briand,167,,CN0269,1566049.42710000,5184129.41960000,1.27534593,45.84415323
87085_0270_00168,rue Aristide Briand,168,,CN0768,1566376.05020000,5184407.61160000,1.27947263,45.84671929
87085_0270_00168_bis,rue Aristide Briand,168,bis,CN0668,1566378.66060000,5184412.33090000,1.27950492,45.84676225
87085_0270_00170,rue Aristide Briand,170,,CN0127,1566385.48010000,5184421.61310000,1.27959012,45.84684708
87085_0270_00172,rue Aristide Briand,172,,CN0126,1566393.54320000,5184428.82410000,1.27969190,45.84691351
87085_0270_00173,rue Aristide Briand,173,,CN0271,1566062.95430000,5184144.86220000,1.27551574,45.84429478
87085_0270_00176,rue Aristide Briand,176,,CN0098,1566426.76140000,5184446.64490000,1.28011453,45.84708028
87085_0270_00178,rue Aristide Briand,178,,VA0001,1566462.85180000,5184480.56650000,1.28056966,45.84739243
87085_0270_00179,rue Aristide Briand,179,,CN0656,1566069.06680000,5184152.67260000,1.27559224,45.84436623
87085_0270_00179_bis,rue Aristide Briand,179,bis,CN0708,1566077.57670000,5184163.86270000,1.27569866,45.84446855
87085_0270_00180,rue Aristide Briand,180,,VA0027,1566485.27350000,5184508.97190000,1.28085038,45.84765231
87085_0270_00180_bis,rue Aristide Briand,180,bis,VA0029,1566491.53700000,5184517.55800000,1.28092862,45.84773077
87085_0270_00181,rue Aristide Briand,181,,CN0707,1566086.38110000,5184175.61990000,1.27580870,45.84457603
87085_0270_00182,rue Aristide Briand,182,,VA0030,1566501.72430000,5184532.45280000,1.28105561,45.84786673
87085_0270_00183,rue Aristide Briand,183,,CN0273,1566093.53210000,5184184.86020000,1.27589817,45.84466054
87085_0270_00184,rue Aristide Briand,184,,VA0031,1566512.23150000,5184545.50380000,1.28118724,45.84798617
87085_0270_00185,rue Aristide Briand,185,,CN0274,1566099.28920000,5184192.77110000,1.27597007,45.84473283
87085_0270_00186,rue Aristide Briand,186,,VA0032,1566519.34200000,5184554.22760000,1.28127634,45.84806603
87085_0270_00187,rue Aristide Briand,187,,CN0720,1566103.76300000,5184198.86840000,1.27602595,45.84478855
87085_0270_00188,rue Aristide Briand,188,,VA0033,1566524.61230000,5184560.02260000,1.28134257,45.84811918
87085_0270_00189,rue Aristide Briand,189,,CN0721,1566109.44790000,5184206.32500000,1.27609705,45.84485673
87085_0270_00190,rue Aristide Briand,190,,VA0034,1566531.24110000,5184567.32700000,1.28142587,45.84818618
87085_0270_00191,rue Aristide Briand,191,,CN0232,1566123.13070000,5184224.55250000,1.27626809,45.84502336
87085_0270_00191_bis,rue Aristide Briand,191,bis,CN0233,1566129.21800000,5184232.24380000,1.27634430,45.84509374
87085_0270_00192,rue Aristide Briand,192,,VA0035,1566537.87860000,5184575.28560000,1.28150910,45.84825906
87085_0270_00194,rue Aristide Briand,194,,VA0036,1566547.96990000,5184586.05120000,1.28163600,45.84835786
87085_0270_00195,rue Aristide Briand,195,,CN0230,1566148.10430000,5184254.99710000,1.27658106,45.84530209
87085_0270_00195_bis,rue Aristide Briand,195,bis,CN0204,1566164.71490000,5184265.52850000,1.27679193,45.84540006
87085_0270_00195_ter,rue Aristide Briand,195,ter,CN0205,1566161.32820000,5184263.62350000,1.27674886,45.84538227
87085_0270_00196,rue Aristide Briand,196,,VA0037,1566560.77220000,5184599.24590000,1.28179713,45.84847904
87085_0270_00197,rue Aristide Briand,197,,CN0789,1566175.22790000,5184272.25830000,1.27692537,45.84546265
87085_0270_00198,rue Aristide Briand,198,,VA0038,1566571.47760000,5184609.92530000,1.28193197,45.84857719
87085_0270_00200,rue Aristide Briand,200,,VA0039,1566583.81170000,5184620.08180000,1.28208792,45.84867094
87085_0270_00202,rue Aristide Briand,202,,VA0040,1566597.71330000,5184630.19350000,1.28226406,45.84876460
87085_0270_00205,rue Aristide Briand,205,,CN0096,1566386.42920000,5184440.76570000,1.27959701,45.84701955
87085_0270_00206,rue Aristide Briand,206,,VA0098,1566634.15500000,5184666.58730000,1.28272305,45.84909906
87085_0270_00206_bis,rue Aristide Briand,206,bis,VA0099,1566641.99360000,5184678.38450000,1.28282068,45.84920670
87085_0270_00207,rue Aristide Briand,207,,SV0001,1566459.62260000,5184495.26240000,1.28052401,45.84752400
87085_0270_00208,rue Aristide Briand,208,,VA0169,1566660.76220000,5184706.08480000,1.28305459,45.84945952
87085_0270_00208_a,rue Aristide Briand,208,a,VA0168,1566670.15490000,5184719.97550000,1.28317164,45.84958630
87085_0270_00208_bis,rue Aristide Briand,208,bis,VA0150,1566681.51280000,5184736.13520000,1.28331336,45.84973387
87085_0270_00209,rue Aristide Briand,209,,SV0002,1566501.78220000,5184554.48520000,1.28105023,45.84806494
87085_0270_00211,rue Aristide Briand,211,,SV0003,1566522.60050000,5184572.60250000,1.28131318,45.84823196
87085_0270_00212,rue Aristide Briand,212,,VA0102,1566731.40550000,5184811.48310000,1.28393471,45.85042134
87085_0270_00213,rue Aristide Briand,213,,SV0004,1566529.96910000,5184580.68930000,1.28140578,45.84830613
87085_0270_00214,rue Aristide Briand,214,,VA0103,1566735.82750000,5184817.99800000,1.28398982,45.85048081
87085_0270_00215,rue Aristide Briand,215,,SV0006,1566537.14220000,5184588.72320000,1.28149589,45.84837980
87085_0270_00217,rue Aristide Briand,217,,SV0115,1566562.25990000,5184616.38030000,1.28181153,45.84863346
87085_0270_00218,rue Aristide Briand,218,,VA0105,1566746.69910000,5184835.00160000,1.28412506,45.85063587
87085_0270_00219,rue Aristide Briand,219,,SV0121,1566548.54790000,5184688.27620000,1.28161505,45.84927755
87085_0270_00220,rue Aristide Briand,220,,VA0106,1566751.97500000,5184842.83180000,1.28419080,45.85070733
87085_0270_00221,rue Aristide Briand,221,,SV0125,1566552.32900000,5184694.21310000,1.28166207,45.84933169
87085_0270_00222,rue Aristide Briand,222,,VA0107,1566756.13700000,5184848.89970000,1.28424269,45.85076272
87085_0270_00223,rue Aristide Briand,223,,SV0125,1566555.81690000,5184698.34979999,1.28170582,45.84936958
87085_0270_00224,rue Aristide Briand,224,,VA0108,1566761.89230000,5184858.09720000,1.28431423,45.85084658
87085_0270_00225,rue Aristide Briand,225,,SV0151,1566560.53890000,5184703.86000000,1.28176508,45.84942006
87085_0270_00226,rue Aristide Briand,226,,VA0109,1566766.60020000,5184865.11000000,1.28437289,45.85091057
87085_0270_00227,rue Aristide Briand,227,,SV0153,1566580.73040000,5184676.24770000,1.28203266,45.84917559
87085_0270_00229,rue Aristide Briand,229,,SV0153,1566595.99690000,5184666.19359999,1.28223197,45.84908811
87085_0270_00232,rue Aristide Briand,232,,VA0164,1566794.70220000,5184894.17310000,1.28472658,45.85117746
87085_0270_00234,rue Aristide Briand,234,,VA0164,1566807.57970000,5184904.31180000,1.28488954,45.85127116
87085_0270_00236,rue Aristide Briand,236,,VA0164,1566820.17210000,5184914.23440000,1.28504890,45.85136286
87085_0270_00238,rue Aristide Briand,238,,SV0074,1566818.78020000,5184969.04810000,1.28501578,45.85185567
87085_0270_00245,rue Aristide Briand,245,,SV0038,1566614.52120000,5184835.69140000,1.28242336,45.85061645
87085_0270_00246,rue Aristide Briand,246,,SV0063,1566806.78870000,5185018.65870000,1.28484766,45.85229963
87085_0270_00250,rue Aristide Briand,250,,SV0064,1566802.04010000,5185033.33290000,1.28478246,45.85243071
87085_0270_00252,rue Aristide Briand,252,,SV0062,1566798.05510000,5185046.12100000,1.28472762,45.85254498
87085_0270_00254,rue Aristide Briand,254,,SV0061,1566791.66980000,5185065.50140000,1.28464004,45.85271808
87085_0270_00256,rue Aristide Briand,256,,SV0060,1566787.52610000,5185083.29540000,1.28458176,45.85287734
87085_0270_00256_bis,rue Aristide Briand,256,bis,SV0059,1566780.05710000,5185101.34290000,1.28448061,45.85303824
87085_0270_00260,rue Aristide Briand,260,,ST0066,1566767.18820000,5185147.39760000,1.28430217,45.85345004
87085_0270_00278,rue Aristide Briand,278,,ST0102,1566741.85290000,5185415.62320000,1.28390161,45.85585799
87085_0270_00278_bis,rue Aristide Briand,278,bis,ST0063,1566748.01900000,5185426.61550000,1.28397794,45.85595807
87085_0270_00278_ter,rue Aristide Briand,278,ter,ST0062,1566758.33780000,5185441.53800000,1.28410665,45.85609430
87085_0270_00280,rue Aristide Briand,280,,ST0006,1566768.33070000,5185455.41790000,1.28423144,45.85622110
87085_0270_00282,rue Aristide Briand,282,,ST0007,1566777.31230000,5185467.97810000,1.28434359,45.85633583
87085_0270_00284,rue Aristide Briand,284,,ST0008,1566785.63610000,5185479.74820000,1.28444749,45.85644332
87085_0270_00286,rue Aristide Briand,286,,ST0009,1566792.73800000,5185489.66740000,1.28453617,45.85653392
87085_0270_00288,rue Aristide Briand,288,,ST0010,1566800.17550000,5185499.70560000,1.28462914,45.85662567
87085_0270_00290,rue Aristide Briand,290,,ST0011,1566807.44160000,5185509.81220000,1.28471988,45.85671799
87085_0270_00292,rue Aristide Briand,292,,ST0012,1566814.23990000,5185519.54470000,1.28480470,45.85680686
87085_0270_00294,rue Aristide Briand,294,,ST0013,1566824.07170000,5185533.14310000,1.28492751,45.85693109
87085_0270_00296,rue Aristide Briand,296,,ST0014,1566834.40960000,5185546.77350000,1.28505682,45.85705570
87085_0270_00298,rue Aristide Briand,298,,ST0015,1566845.79090000,5185563.24460000,1.28519878,45.85720608
87085_0270_00302,rue Aristide Briand,302,,ST0016,1566862.90720000,5185587.11840000,1.28541253,45.85742415
87085_0270_00304,rue Aristide Briand,304,,ST0017,1566876.97190000,5185605.30750000,1.28558856,45.85759050
87085_0270_00312,rue Aristide Briand,312,,ST0115,1566907.43570000,5185648.26340000,1.28596886,45.85798281
87085_0270_00312_bis,rue Aristide Briand,312,bis,ST0021,1566913.70060000,5185659.21500000,1.28604648,45.85808254
87085_0270_00314,rue Aristide Briand,314,,ST0022,1566918.74540000,5185668.74270000,1.28610879,45.85816922
87085_0270_00316,rue Aristide Briand,316,,ST0023,1566929.37840000,5185687.16980000,1.28624058,45.85833705
87085_0270_00320,rue Aristide Briand,320,,ST0024,1566942.99570000,5185711.78070000,1.28640908,45.85856107
87085_0270_00322,rue Aristide Briand,322,,ST0025,1566959.54310000,5185742.40720000,1.28661364,45.85883978
87085_0270_00324,rue Aristide Briand,324,,ST0026,1566965.60350000,5185755.63620000,1.28668800,45.85895996
87085_0270_00326,rue Aristide Briand,326,,ST0027,1566971.89840000,5185769.39110000,1.28676524,45.85908491
87085_0270_00328,rue Aristide Briand,328,,ST0028,1566977.64150000,5185782.54120000,1.28683554,45.85920431
87085_0270_00330,rue Aristide Briand,330,,ST0029,1566985.61280000,5185800.43010000,1.28693321,45.85936678
87085_0270_00359,rue Aristide Briand,359,,SO0045,1566732.51220000,5185424.61500001,1.28377886,45.85593706
87085_0275_00001,rue Armand Barbès,1,,DV0156,1565033.23210000,5183246.36030000,1.26251423,45.83601087
87085_0275_00002,rue Armand Barbès,2,,DT0182,1565048.51010000,5183247.77890000,1.26271045,45.83602663
87085_0275_00004,rue Armand Barbès,4,,DT0185,1565043.50300000,5183260.17020000,1.26264254,45.83613711
87085_0275_00005,rue Armand Barbès,5,,DV0185,1565024.84750000,5183267.86530000,1.26240029,45.83620267
87085_0275_00007,rue Armand Barbès,7,,DV0121,1565019.20010000,5183282.74450000,1.26232343,45.83633541
87085_0275_00007_bis,rue Armand Barbès,7,bis,DV0121,1565013.25310000,5183297.71350000,1.26224270,45.83646890
87085_0275_00008,rue Armand Barbès,8,,DT0186,1565040.35400000,5183268.93730000,1.26259955,45.83621536
87085_0275_00009,rue Armand Barbès,9,,DV0120,1565008.52840000,5183309.87190000,1.26217848,45.83657734
87085_0275_00010,rue Armand Barbès,10,,DT0309,1565035.91210000,5183279.86100000,1.26253932,45.83631275
87085_0275_00011,rue Armand Barbès,11,,DV0119,1565003.65400000,5183322.76850000,1.26211212,45.83669240
87085_0275_00011_bis,rue Armand Barbès,11,bis,DV0118,1565000.47110000,5183330.30830000,1.26206904,45.83675960
87085_0275_00011_ter,rue Armand Barbès,11,ter,DV0116,1564997.76380000,5183337.87830000,1.26203208,45.83682716
87085_0275_00012,rue Armand Barbès,12,,DT0384,1565026.45220000,5183303.88600000,1.26241083,45.83652702
87085_0275_00013,rue Armand Barbès,13,,DV0116,1564994.04400000,5183347.73900000,1.26198144,45.83691514
87085_0275_00014,rue Armand Barbès,14,,DT0385,1565019.72010000,5183321.33180000,1.26231929,45.83668263
87085_0275_00014_bis,rue Armand Barbès,14,bis,DT0194,1565015.00030000,5183333.36010000,1.26225517,45.83678990
87085_0275_00015,rue Armand Barbès,15,,DV0110,1564987.28150000,5183364.83600000,1.26188960,45.83706761
87085_0275_00016,rue Armand Barbès,16,,DT0194,1565013.00770000,5183338.47230000,1.26222809,45.83683550
87085_0275_00017,rue Armand Barbès,17,,DV0107,1564982.55300000,5183376.74360000,1.26182540,45.83717379
87085_0275_00018,rue Armand Barbès,18,,DT0195,1565009.11720000,5183348.48090000,1.26217521,45.83692477
87085_0275_00019,rue Armand Barbès,19,,DV0106,1564979.69040000,5183384.44970000,1.26178640,45.83724255
87085_0275_00020,rue Armand Barbès,20,,DT0199,1565005.48650000,5183358.16980000,1.26212577,45.83701122
87085_0275_00021,rue Armand Barbès,21,,DP0069,1564969.17880000,5183411.53990000,1.26164351,45.83748418
87085_0275_00022,rue Armand Barbès,22,,DT0200,1565002.46790000,5183365.52270000,1.26208485,45.83707677
87085_0275_00023,rue Armand Barbès,23,,DP0068,1564964.73330000,5183423.30960000,1.26158299,45.83758918
87085_0275_00024,rue Armand Barbès,24,,DT0201,1564999.68220000,5183372.71600000,1.26204698,45.83714093
87085_0275_00025,rue Armand Barbès,25,,DP0067,1564962.02750000,5183429.92360000,1.26154631,45.83764815
87085_0275_00025_bis,rue Armand Barbès,25,bis,DP0066,1564959.28000000,5183436.95460000,1.26150897,45.83771086
87085_0275_00026,rue Armand Barbès,26,,DT0202,1564996.48490000,5183380.87020000,1.26200354,45.83721365
87085_0275_00027,rue Armand Barbès,27,,DP0065,1564955.94270000,5183445.46330000,1.26146363,45.83778674
87085_0275_00027_bis,rue Armand Barbès,27,bis,DP0064,1564953.56230000,5183451.41810000,1.26143132,45.83783984
87085_0275_00028,rue Armand Barbès,28,,DT0203,1564986.72010000,5183405.95370000,1.26187083,45.83743738
87085_0275_00028_bis,rue Armand Barbès,28,bis,DT0204,1564983.76440000,5183413.98050000,1.26183053,45.83750900
87085_0275_00028_ter,rue Armand Barbès,28,ter,DT0205,1564980.01670000,5183423.68250000,1.26177958,45.83759554
87085_0275_00029,rue Armand Barbès,29,,DP0063,1564950.88630000,5183457.94230000,1.26139505,45.83789801
87085_0275_00030,rue Armand Barbès,30,,DT0234,1564976.99160000,5183431.19640000,1.26173853,45.83766254
87085_0275_00031,rue Armand Barbès,31,,DP0062,1564947.64050000,5183467.14590000,1.26135069,45.83798016
87085_0275_00032,rue Armand Barbès,32,,DT0235,1564973.83690000,5183439.37120000,1.26169564,45.83773546
87085_0275_00033,rue Armand Barbès,33,,DP0061,1564944.67670000,5183473.91710000,1.26131065,45.83804049
87085_0275_00034,rue Armand Barbès,34,,DT0236,1564971.16850000,5183447.12380000,1.26165912,45.83780467
87085_0275_00035,rue Armand Barbès,35,,DP0060,1564942.74590000,5183479.61600000,1.26128420,45.83809138
87085_0275_00037,rue Armand Barbès,37,,DP0059,1564939.53060000,5183487.86690000,1.26124050,45.83816497
87085_0275_00038,rue Armand Barbès,38,,DT0258,1564959.71160000,5183476.44220000,1.26150343,45.83806616
87085_0275_00039,rue Armand Barbès,39,,DP0058,1564936.43810000,5183495.81260000,1.26119846,45.83823583
87085_0275_00040,rue Armand Barbès,40,,DT0259,1564957.40690000,5183482.83250000,1.26147198,45.83812319
87085_0275_00041,rue Armand Barbès,41,,DP0057,1564933.24040000,5183503.87140000,1.26115505,45.83830770
87085_0275_00042,rue Armand Barbès,42,,DT0260,1564955.05620000,5183488.81190000,1.26144004,45.83817652
87085_0275_00043,rue Armand Barbès,43,,DP0056,1564929.18570000,5183515.45230000,1.26109961,45.83841108
87085_0275_00044,rue Armand Barbès,44,,DT0279,1564952.77680000,5183494.69210000,1.26140906,45.83822896
87085_0275_00045,rue Armand Barbès,45,,DP0055,1564924.74420000,5183526.15500000,1.26103944,45.83850649
87085_0275_00046,rue Armand Barbès,46,,DT0280,1564950.08930000,5183501.43510000,1.26137257,45.83828909
87085_0275_00047,rue Armand Barbès,47,,DP0051,1564921.35850000,5183534.80200000,1.26099343,45.83858361
87085_0275_00048,rue Armand Barbès,48,,DT0281,1564947.09960000,5183509.13780000,1.26133193,45.83835780
87085_0275_00049,rue Armand Barbès,49,,DP0050,1564918.53750000,5183542.48440000,1.26095497,45.83865216
87085_0275_00050,rue Armand Barbès,50,,DT0282,1564944.33620000,5183516.59740000,1.26129427,45.83842436
87085_0275_00051,rue Armand Barbès,51,,DP0206,1564915.35980000,5183550.68510000,1.26091177,45.83872530
87085_0275_00052,rue Armand Barbès,52,,DT0283,1564942.06670000,5183522.59150000,1.26126338,45.83847783
87085_0275_00053,rue Armand Barbès,53,,DP0206,1564911.43320000,5183561.11080000,1.26085830,45.83881832
87085_0275_00054,rue Armand Barbès,54,,DT0284,1564939.71840000,5183528.84850000,1.26123140,45.83853366
87085_0275_00055,rue Armand Barbès,55,,CW0058,1564851.83880000,5183716.81600000,1.26004754,45.84020727
87085_0275_00056,rue Armand Barbès,56,,DT0285,1564937.20160000,5183535.24740000,1.26119721,45.83859072
87085_0275_00057,rue Armand Barbès,57,,CW0059,1564849.36650000,5183723.10680000,1.26001395,45.84026337
87085_0275_00058,rue Armand Barbès,58,,DT0288,1564934.86430000,5183541.12870000,1.26116548,45.83864317
87085_0275_00059,rue Armand Barbès,59,,CW0073,1564847.09580000,5183729.15470000,1.25998303,45.84031733
87085_0275_00060,rue Armand Barbès,60,,DT0289,1564932.55610000,5183547.08380000,1.26113410,45.83869629
87085_0275_00061,rue Armand Barbès,61,,CW0074,1564844.19360000,5183736.42240000,1.25994363,45.84038214
87085_0275_00061_ter,rue Armand Barbès,61,ter,CW0038,1564825.68130000,5183783.32720000,1.25969218,45.84080043
87085_0275_00062,rue Armand Barbès,62,,DT0290,1564930.08710000,5183553.38300000,1.26110055,45.83875247
87085_0275_00063,rue Armand Barbès,63,,CW0037,1564808.01120000,5183830.81630000,1.25945140,45.84122415
87085_0275_00064,rue Armand Barbès,64,,DR0130,1564896.70030000,5183640.31640000,1.26064643,45.83952792
87085_0275_00065,rue Armand Barbès,65,,CW0036,1564804.96420000,5183838.53050000,1.25941001,45.84129295
87085_0275_00066,rue Armand Barbès,66,,CW0164,1564841.79450000,5183783.65030000,1.25989947,45.84080651
87085_0275_00067,rue Armand Barbès,67,,CW0035,1564801.51610000,5183847.33800000,1.25936315,45.84137150
87085_0275_00068,rue Armand Barbès,68,,CW0164,1564840.63190000,5183787.00950000,1.25988356,45.84083650
87085_0275_00069,rue Armand Barbès,69,,CW0034,1564797.59930000,5183857.37850000,1.25930992,45.84146105
87085_0275_00069_bis,rue Armand Barbès,69,bis,CW0033,1564793.42390000,5183868.06810000,1.25925317,45.84155638
87085_0275_00069_ter,rue Armand Barbès,69,ter,CW0032,1564789.03090000,5183879.48480000,1.25919342,45.84165822
87085_0275_00070,rue Armand Barbès,70,,CW0078,1564836.69470000,5183796.82900000,1.25983013,45.84092405
87085_0275_00071,rue Armand Barbès,71,,CW0030,1564782.09550000,5183897.24740000,1.25909916,45.84181664
87085_0275_00072,rue Armand Barbès,72,,CW0136,1564834.43040000,5183802.82030000,1.25979930,45.84097750
87085_0275_00074,rue Armand Barbès,74,,CW0138,1564830.74500000,5183811.87970000,1.25974932,45.84105827
87085_0275_00076,rue Armand Barbès,76,,CW0081,1564820.85550000,5183837.73830000,1.25961476,45.84128894
87085_0275_00078,rue Armand Barbès,78,,CW0132,1564816.82640000,5183848.25200000,1.25955995,45.84138273
87085_0275_00080,rue Armand Barbès,80,,CW0085,1564812.08540000,5183860.68520000,1.25949543,45.84149364
87085_0275_00082,rue Armand Barbès,82,,CW0086,1564808.59740000,5183869.88640000,1.25944795,45.84157572
87085_0275_00082_bis,rue Armand Barbès,82,bis,CW0088,1564804.69630000,5183879.79240000,1.25939495,45.84166407
87085_0275_00084,rue Armand Barbès,84,,CW0089,1564801.17290000,5183889.12540000,1.25934698,45.84174733
87085_0275_00086,rue Armand Barbès,86,,CW0090,1564796.79360000,5183901.12310000,1.25928724,45.84185440
87085_0280_00002,rue Armand Dutreix,2,,DI0091,1563995.13110000,5182628.96460000,1.24932927,45.83025252
87085_0280_00003,rue Armand Dutreix,3,,IL0178,1563965.35680000,5182617.87550000,1.24894927,45.83014688
87085_0280_00004,rue Armand Dutreix,4,,DI0222,1563982.61430000,5182628.46380000,1.24916834,45.83024554
87085_0280_00005,rue Armand Dutreix,5,,IL0178,1563948.20680000,5182619.45980000,1.24872814,45.83015774
87085_0280_00006,rue Armand Dutreix,6,,DI0222,1563969.96420000,5182629.57660000,1.24900525,45.83025305
87085_0280_00008,rue Armand Dutreix,8,,DI0223,1563957.18330000,5182630.40480000,1.24884055,45.83025797
87085_0280_00010,rue Armand Dutreix,10,,DI0093,1563943.19660000,5182631.55240000,1.24866024,45.83026553
87085_0280_00013,rue Armand Dutreix,13,,IL0202,1563926.77320000,5182621.87160000,1.24845165,45.83017519
87085_0280_00015,rue Armand Dutreix,15,,IL0081,1563913.72400000,5182623.08770000,1.24828339,45.83018355
87085_0280_00015_bis,rue Armand Dutreix,15,bis,IL0200,1563907.50630000,5182623.94760000,1.24820313,45.83019005
87085_0280_00018,rue Armand Dutreix,18,,DI0217,1563901.19030000,5182636.87010000,1.24811820,45.83030505
87085_0280_00019,rue Armand Dutreix,19,,IL0075,1563885.07040000,5182626.61750000,1.24791367,45.83020963
87085_0280_00021,rue Armand Dutreix,21,,IL0075,1563869.80510000,5182628.29160000,1.24771677,45.83022167
87085_0280_00023,rue Armand Dutreix,23,,IL0071,1563857.54950000,5182629.57930000,1.24755870,45.83023083
87085_0280_00024,rue Armand Dutreix,24,,DI0257,1563877.95450000,5182645.09360000,1.24781688,45.83037443
87085_0280_00027,rue Armand Dutreix,27,,IL0070,1563840.34220000,5182631.50780000,1.24733673,45.83024477
87085_0280_00028,rue Armand Dutreix,28,,DI0252,1563851.43450000,5182647.93440000,1.24747481,45.83039473
87085_0280_00029,rue Armand Dutreix,29,,IL0068,1563827.11270000,5182633.22090000,1.24716601,45.83025756
87085_0280_00032,rue Armand Dutreix,32,,DI0124,1563831.30790000,5182643.71150000,1.24721702,45.83035276
87085_0280_00034,rue Armand Dutreix,34,,DI0137,1563817.97000000,5182646.41480000,1.24704462,45.83037444
87085_0280_00035,rue Armand Dutreix,35,,IL0066,1563800.24090000,5182643.59840000,1.24681728,45.83034559
87085_0280_00037,rue Armand Dutreix,37,,IL0159,1563786.90840000,5182649.41560000,1.24664407,45.83039528
87085_0280_00038,rue Armand Dutreix,38,,DI0138,1563802.63210000,5182652.94180000,1.24684540,45.83043011
87085_0280_00039,rue Armand Dutreix,39,,IL0179,1563777.38400000,5182654.61220000,1.24652004,45.83044014
87085_0280_00040,rue Armand Dutreix,40,,DI0139,1563794.02070000,5182657.38960000,1.24673333,45.83046842
87085_0280_00044,rue Armand Dutreix,44,,DI0148,1563764.98370000,5182672.91750000,1.24635528,45.83060235
87085_0280_00045,rue Armand Dutreix,45,,IL0204,1563758.72520000,5182664.81290000,1.24627705,45.83052820
87085_0280_00047,rue Armand Dutreix,47,,IL0045,1563753.62950000,5182667.52490000,1.24621071,45.83055159
87085_0280_00048,rue Armand Dutreix,48,,DI0202,1563740.11260000,5182686.27910000,1.24603146,45.83071762
87085_0280_00049,rue Armand Dutreix,49,,IL0044,1563746.41200000,5182671.11490000,1.24611681,45.83058245
87085_0280_00051,rue Armand Dutreix,51,,IL0185,1563737.77000000,5182676.20200000,1.24600417,45.83062650
87085_0280_00053,rue Armand Dutreix,53,,IL0240,1563727.72040000,5182681.22310000,1.24587342,45.83066968
87085_0280_00053_bis,rue Armand Dutreix,53,bis,IL0007,1563698.97900000,5182688.79950000,1.24550143,45.83073214
87085_0280_00054,rue Armand Dutreix,54,,DI0218,1563712.75070000,5182699.23350000,1.24567569,45.83082873
87085_0280_00055,rue Armand Dutreix,55,,IL0007,1563692.09570000,5182689.55960000,1.24541264,45.83073761
87085_0280_00056,rue Armand Dutreix,56,,DI0218,1563703.04720000,5182700.78160000,1.24555038,45.83084073
87085_0280_00057,rue Armand Dutreix,57,,IL0006,1563681.69760000,5182691.18190000,1.24527838,45.83075014
87085_0280_00058,rue Armand Dutreix,58,,DI0157,1563689.11610000,5182702.68080000,1.24537058,45.83085505
87085_0280_00059,rue Armand Dutreix,59,,IL0005,1563671.24050000,5182692.69680000,1.24514338,45.83076170
87085_0280_00061,rue Armand Dutreix,61,,IL0004,1563662.61410000,5182693.73090000,1.24503209,45.83076929
87085_0280_00063,rue Armand Dutreix,63,,IL0001,1563652.73540000,5182695.11090000,1.24490458,45.83077975
87085_0280_00065,rue Armand Dutreix,65,,IM0259,1563628.81570000,5182698.36140000,1.24459585,45.83080424
87085_0280_00067,rue Armand Dutreix,67,,IM0258,1563611.25730000,5182700.66400000,1.24436926,45.83082148
87085_0280_00068,rue Armand Dutreix,68,,AZ0161,1563612.47650000,5182713.79480000,1.24438122,45.83093984
87085_0280_00069,rue Armand Dutreix,69,,IM0257,1563596.76350000,5182702.51180000,1.24418222,45.83083522
87085_0280_00070,rue Armand Dutreix,70,,AZ0966,1563595.26040000,5182715.41550000,1.24415922,45.83095100
87085_0280_00072,rue Armand Dutreix,72,,AZ0214,1563574.20130000,5182718.22830000,1.24388743,45.83097213
87085_0280_00073,rue Armand Dutreix,73,,IM0245,1563571.64030000,5182705.93440000,1.24385797,45.83086103
87085_0280_00074,rue Armand Dutreix,74,,AZ0213,1563564.19570000,5182719.49770000,1.24375832,45.83098156
87085_0280_00077,rue Armand Dutreix,77,,IM0243,1563549.15550000,5182709.24060000,1.24356769,45.83088631
87085_0280_00077_bis,rue Armand Dutreix,77,bis,IM1373,1563540.53340000,5182710.48160000,1.24345639,45.83089576
87085_0280_00078,rue Armand Dutreix,78,,AZ1060,1563537.48280000,5182723.03830000,1.24341357,45.83100811
87085_0280_00079,rue Armand Dutreix,79,,IM0751,1563527.57430000,5182712.11600000,1.24328917,45.83090789
87085_0280_00080,rue Armand Dutreix,80,,AZ1060,1563532.33500000,5182723.76730000,1.24334712,45.83101365
87085_0280_00083,rue Armand Dutreix,83,,IM1370,1563480.96560000,5182718.75620000,1.24268751,45.83095837
87085_0280_00084,rue Armand Dutreix,84,,AZ0218,1563501.49960000,5182727.73270000,1.24294920,45.83104320
87085_0280_00086,rue Armand Dutreix,86,,AZ0219,1563491.40650000,5182729.09080000,1.24281894,45.83105341
87085_0280_00087,rue Armand Dutreix,87,,IM0763,1563459.16820000,5182722.02930000,1.24240609,45.83098349
87085_0280_00088,rue Armand Dutreix,88,,AZ0220,1563480.64900000,5182730.63810000,1.24268007,45.83106519
87085_0280_00089,rue Armand Dutreix,89,,IM0763,1563439.03660000,5182725.36410000,1.24214609,45.83100949
87085_0280_00090,rue Armand Dutreix,90,,AZ0222,1563467.46700000,5182732.74730000,1.24250984,45.83108155
87085_0280_00091,rue Armand Dutreix,91,,IM0146,1563427.75440000,5182727.26000000,1.24200037,45.83102430
87085_0280_00092,rue Armand Dutreix,92,,AZ0223,1563452.00630000,5182735.32630000,1.24231016,45.83110168
87085_0280_00093,rue Armand Dutreix,93,,IM0145,1563419.00520000,5182728.48680000,1.24188744,45.83103360
87085_0280_00094,rue Armand Dutreix,94,,AZ0236,1563440.06350000,5182737.34330000,1.24215590,45.83111745
87085_0280_00095,rue Armand Dutreix,95,,IM0144,1563410.93880000,5182729.89450000,1.24178324,45.83104466
87085_0280_00096,rue Armand Dutreix,96,,AZ0238,1563427.79650000,5182739.42900000,1.24199746,45.83113378
87085_0280_00097,rue Armand Dutreix,97,,IM0143,1563398.79540000,5182731.83310000,1.24162642,45.83105969
87085_0280_00099,rue Armand Dutreix,99,,IM0142,1563378.51850000,5182735.12130000,1.24136456,45.83108524
87085_0280_00100,rue Armand Dutreix,100,,AZ0240,1563403.30170000,5182743.37970000,1.24168113,45.83116445
87085_0280_00102,rue Armand Dutreix,102,,AZ0959,1563387.76050000,5182745.57590000,1.24148052,45.83118112
87085_0280_00106,rue Armand Dutreix,106,,AZ0947,1563373.02230000,5182748.04780000,1.24129016,45.83120043
87085_0280_00109,rue Armand Dutreix,109,,IM0106,1563325.66920000,5182743.23450000,1.24068219,45.83114772
87085_0280_00110,rue Armand Dutreix,110,,AZ0249,1563345.10850000,5182752.41270000,1.24092972,45.83123415
87085_0280_00111,rue Armand Dutreix,111,,IM0105,1563316.52210000,5182744.77510000,1.24056404,45.83115976
87085_0280_00112,rue Armand Dutreix,112,,AZ0250,1563334.79360000,5182754.18440000,1.24079649,45.83124804
87085_0280_00113,rue Armand Dutreix,113,,IM0104,1563305.39280000,5182746.72510000,1.24042027,45.83117509
87085_0280_00114,rue Armand Dutreix,114,,AZ0662,1563327.11320000,5182755.57060000,1.24069726,45.83125898
87085_0280_00115,rue Armand Dutreix,115,,IM0103,1563284.00100000,5182750.21660000,1.24014401,45.83120225
87085_0280_00116,rue Armand Dutreix,116,,AZ0252,1563318.09490000,5182756.93390000,1.24058082,45.83126945
87085_0280_00117,rue Armand Dutreix,117,,IM0514,1563274.28640000,5182752.02550000,1.24001848,45.83121659
87085_0280_00118,rue Armand Dutreix,118,,AZ0884,1563290.40370000,5182761.68870000,1.24022314,45.83130672
87085_0280_00119,rue Armand Dutreix,119,,IM0092,1563267.04690000,5182752.50790000,1.23992519,45.83121949
87085_0280_00120,rue Armand Dutreix,120,,AZ0883,1563281.07180000,5182763.33410000,1.24010258,45.83131967
87085_0280_00121,rue Armand Dutreix,121,,IM0092,1563256.23750000,5182754.35830000,1.23978556,45.83123399
87085_0280_00122,rue Armand Dutreix,122,,AZ0974,1563270.31250000,5182765.03800000,1.23996365,45.83133286
87085_0280_00123,rue Armand Dutreix,123,,IM0760,1563234.18470000,5182758.69800000,1.23950055,45.83126864
87085_0280_00124,rue Armand Dutreix,124,,AZ0262,1563258.64980000,5182767.06270000,1.23981299,45.83134875
87085_0280_00125,rue Armand Dutreix,125,,IX0292,1563206.27320000,5182762.04480000,1.23914043,45.83129319
87085_0280_00126,rue Armand Dutreix,126,,AZ0845,1563246.43840000,5182769.28140000,1.23965522,45.83136628
87085_0280_00129,rue Armand Dutreix,129,,IX0291,1563190.19220000,5182763.80360000,1.23893300,45.83130582
87085_0280_00130,rue Armand Dutreix,130,,AZ0265,1563225.08640000,5182772.69300000,1.23937949,45.83139272
87085_0280_00132,rue Armand Dutreix,132,,AZ0266,1563215.87590000,5182773.97380000,1.23926060,45.83140241
87085_0280_00133,rue Armand Dutreix,133,,IX0911,1563182.54350000,5182764.99490000,1.23883423,45.83131501
87085_0280_00134,rue Armand Dutreix,134,,AZ0267,1563208.43750000,5182775.11430000,1.23916456,45.83141119
87085_0280_00135,rue Armand Dutreix,135,,IX0911,1563160.67280000,5182768.10890000,1.23855191,45.83133867
87085_0280_00136,rue Armand Dutreix,136,,AZ0268,1563200.10460000,5182776.36920000,1.23905697,45.83142082
87085_0280_00137,rue Armand Dutreix,137,,IX0899,1563147.41300000,5182769.80390000,1.23838080,45.83135128
87085_0280_00139,rue Armand Dutreix,139,,IX0899,1563127.21830000,5182772.40720000,1.23812019,45.83137068
87085_0280_00141,rue Armand Dutreix,141,,IX0905,1563116.93360000,5182773.74930000,1.23798746,45.83138071
87085_0280_00142,rue Armand Dutreix,142,,AZ0390,1563159.55800000,5182781.62910000,1.23853372,45.83146007
87085_0280_00143,rue Armand Dutreix,143,,IX0738,1563108.44810000,5182774.91960000,1.23787793,45.83138955
87085_0280_00144,rue Armand Dutreix,144,,AZ0391,1563150.95160000,5182783.01680000,1.23842257,45.83147084
87085_0280_00145,rue Armand Dutreix,145,,IX0283,1563102.22980000,5182775.41870000,1.23779777,45.83139280
87085_0280_00146,rue Armand Dutreix,146,,AZ0392,1563140.07290000,5182784.29520000,1.23828222,45.83148018
87085_0280_00147,rue Armand Dutreix,147,,IX0283,1563093.74330000,5182776.48730000,1.23768826,45.83140072
87085_0280_00149,rue Armand Dutreix,149,,IX0282,1563083.92510000,5182778.09630000,1.23756146,45.83141324
87085_0280_00151,rue Armand Dutreix,151,,IX0775,1563069.31240000,5182780.01520000,1.23737288,45.83142759
87085_0280_00152,rue Armand Dutreix,152,,AZ0817,1563105.45250000,5182788.99250000,1.23783538,45.83151554
87085_0280_00153,rue Armand Dutreix,153,,IX0277,1563056.95170000,5182781.61360000,1.23721336,45.83143951
87085_0280_00154,rue Armand Dutreix,154,,AZ0747,1563079.75370000,5182792.35720000,1.23750372,45.83154069
87085_0280_00155,rue Armand Dutreix,155,,IX0868,1563040.83000000,5182776.05620000,1.23700749,45.83138631
87085_0280_00157,rue Armand Dutreix,157,,IX0866,1563031.64790000,5182776.56020000,1.23688919,45.83138901
87085_0280_00158,rue Armand Dutreix,158,,AZ0781,1563060.59540000,5182797.30250000,1.23725578,45.83158137
87085_0280_00159,rue Armand Dutreix,159,,IX0673,1563024.83260000,5182771.71280000,1.23680287,45.83134405
87085_0280_00160,rue Armand Dutreix,160,,AZ0781,1563047.49290000,5182800.23480000,1.23708634,45.83160513
87085_0280_00161,rue Armand Dutreix,161,,IX0671,1563018.06040000,5182772.46330000,1.23671551,45.83134945
87085_0280_00162,rue Armand Dutreix,162,,AZ0420,1563039.61510000,5182797.28890000,1.23698580,45.83157707
87085_0280_00163,rue Armand Dutreix,163,,IX0671,1562997.47280000,5182774.99050000,1.23644986,45.83136809
87085_0280_00164,rue Armand Dutreix,164,,AZ0421,1563028.18460000,5182798.79180000,1.23683829,45.83158831
87085_0280_00166,rue Armand Dutreix,166,,AZ0422,1563017.79540000,5182800.02620000,1.23670424,45.83159734
87085_0280_00170,rue Armand Dutreix,170,,AZ0977,1562981.47870000,5182804.84450000,1.23623554,45.83163345
87085_0280_00172,rue Armand Dutreix,172,,AZ0426,1562971.46410000,5182805.94300000,1.23610635,45.83164134
87085_0280_00176,rue Armand Dutreix,176,,AZ0451,1562949.07400000,5182809.54480000,1.23581721,45.83166928
87085_0280_00180,rue Armand Dutreix,180,,AZ0453,1562915.60100000,5182818.17740000,1.23538401,45.83174026
87085_0280_00181,rue Armand Dutreix,181,,IX0815,1562917.68800000,5182804.24420000,1.23541483,45.83161534
87085_0280_00182,rue Armand Dutreix,182,,AZ0810,1562903.68230000,5182821.48250000,1.23522969,45.83176762
87085_0280_00183,rue Armand Dutreix,183,,IX0172,1562890.32970000,5182811.74640000,1.23506064,45.83167737
87085_0280_00185,rue Armand Dutreix,185,,IX0751,1562882.99270000,5182814.50580000,1.23496544,45.83170073
87085_0280_00187,rue Armand Dutreix,187,,IX0170,1562874.33020000,5182817.87820000,1.23485301,45.83172934
87085_0280_00188,rue Armand Dutreix,188,,AY0070,1562866.21380000,5182835.13370000,1.23474364,45.83188294
87085_0280_00190,rue Armand Dutreix,190,,AY0071,1562856.97200000,5182838.57710000,1.23462373,45.83191208
87085_0280_00191,rue Armand Dutreix,191,,IX0898,1562863.94410000,5182812.90860000,1.23472077,45.83168257
87085_0280_00193,rue Armand Dutreix,193,,IX0898,1562849.24620000,5182818.79880000,1.23452996,45.83173262
87085_0280_00194,rue Armand Dutreix,194,,AY0073,1562837.96700000,5182847.09250000,1.23437674,45.83198489
87085_0280_00195,rue Armand Dutreix,195,,IX0918,1562841.30190000,5182831.09100000,1.23442422,45.83184161
87085_0280_00196,rue Armand Dutreix,196,,AY0074,1562827.83770000,5182852.01840000,1.23424499,45.83202718
87085_0280_00197,rue Armand Dutreix,197,,IX0165,1562835.10650000,5182834.05900000,1.23434365,45.83186707
87085_0280_00199,rue Armand Dutreix,199,,IX0164,1562829.55710000,5182836.54390000,1.23427153,45.83188832
87085_0280_00200,rue Armand Dutreix,200,,AY0075,1562803.66130000,5182863.73590000,1.23393053,45.83212776
87085_0280_00201,rue Armand Dutreix,201,,IX0886,1562819.78680000,5182841.19930000,1.23414447,45.83192825
87085_0280_00204,rue Armand Dutreix,204,,AY0109,1562774.84020000,5182878.98280000,1.23355530,45.83225916
87085_0280_00206,rue Armand Dutreix,206,,AY0109,1562762.06850000,5182887.09120000,1.23338864,45.83232956
87085_0280_00207,rue Armand Dutreix,207,,IX0161,1562801.72250000,5182850.14050000,1.23390947,45.83200508
87085_0280_00208,rue Armand Dutreix,208,,AY0109,1562749.48040000,5182895.28300000,1.23322431,45.83240073
87085_0280_00209,rue Armand Dutreix,209,,IX0161,1562782.55390000,5182860.02410000,1.23365998,45.83209016
87085_0280_00211,rue Armand Dutreix,211,,IX0791,1562769.34490000,5182866.83900000,1.23348805,45.83214883
87085_0280_00213,rue Armand Dutreix,213,,IX0833,1562759.04190000,5182872.68100000,1.23335380,45.83219932
87085_0280_00214,rue Armand Dutreix,214,,AY0110,1562740.50220000,5182901.41790000,1.23310702,45.83245413
87085_0280_00215,rue Armand Dutreix,215,,IX0831,1562750.23160000,5182878.87730000,1.23323866,45.83225330
87085_0280_00216,rue Armand Dutreix,216,,AY0111,1562734.33930000,5182905.92770000,1.23302643,45.83249347
87085_0280_00217,rue Armand Dutreix,217,,IX0122,1562741.47830000,5182884.79830000,1.23312433,45.83230482
87085_0280_00218,rue Armand Dutreix,218,,AY0112,1562728.52770000,5182910.18070000,1.23295043,45.83253056
87085_0280_00219,rue Armand Dutreix,219,,IX0121,1562730.53210000,5182893.29830000,1.23298104,45.83237910
87085_0280_00220,rue Armand Dutreix,220,,AY0113,1562717.53060000,5182918.71190000,1.23280648,45.83260511
87085_0280_00221,rue Armand Dutreix,221,,IX0120,1562722.94370000,5182898.84980000,1.23288181,45.83242752
87085_0280_00221_bis,rue Armand Dutreix,221,bis,IX0941,1562709.99600000,5182886.38010000,1.23271875,45.83231276
87085_0280_00222,rue Armand Dutreix,222,,AY0114,1562707.84450000,5182926.35040000,1.23267965,45.83267189
87085_0280_00223,rue Armand Dutreix,223,,IX0941,1562704.20690000,5182910.91260000,1.23263725,45.83253229
87085_0280_00224,rue Armand Dutreix,224,,AY0115,1562700.25260000,5182932.19170000,1.23258028,45.83272292
87085_0280_00226,rue Armand Dutreix,226,,AY0141,1562685.22660000,5182944.11030000,1.23238352,45.83282713
87085_0280_00228,rue Armand Dutreix,228,,AY0142,1562675.55670000,5182951.61670000,1.23225694,45.83289273
87085_0280_00230,rue Armand Dutreix,230,,AY0143,1562665.14280000,5182959.52620000,1.23212067,45.83296180
87085_0280_00231,rue Armand Dutreix,231,,IX0840,1562670.37940000,5182936.13570000,1.23219474,45.83275243
87085_0280_00232,rue Armand Dutreix,232,,AY0208,1562652.78140000,5182969.22400000,1.23195882,45.83304656
87085_0280_00232_bis,rue Armand Dutreix,232,bis,AY0208,1562640.34320000,5182978.47680000,1.23179612,45.83312731
87085_0280_00234,rue Armand Dutreix,234,,AY0213,1562632.23610000,5182984.58300000,1.23169005,45.83318062
87085_0280_00236,rue Armand Dutreix,236,,AY0206,1562628.15110000,5182987.95390000,1.23163651,45.83321013
87085_0280_00236_a,rue Armand Dutreix,236,a,AY0259,1562678.52790000,5183047.00900000,1.23226792,45.83375142
87085_0280_00238,rue Armand Dutreix,238,,AY0195,1562622.45300000,5182992.41320000,1.23156191,45.83324911
87085_0280_00239,rue Armand Dutreix,239,,IX0951,1562638.36580000,5182958.79960000,1.23177629,45.83294991
87085_0280_00240,rue Armand Dutreix,240,,AY0156,1562614.49830000,5182997.94950000,1.23145796,45.83329732
87085_0280_00241,rue Armand Dutreix,241,,IX0662,1562608.50010000,5182979.46490000,1.23138606,45.83312984
87085_0280_00242,rue Armand Dutreix,242,,AY0274,1562605.34980000,5183004.08210000,1.23133848,45.83335066
87085_0280_00244,rue Armand Dutreix,244,,AY0158,1562587.95600000,5183013.56860000,1.23111194,45.83343252
87085_0280_00245,rue Armand Dutreix,245,,IX0107,1562582.39890000,5182996.76880000,1.23104523,45.83328028
87085_0280_00247,rue Armand Dutreix,247,,IX0704,1562564.29160000,5183005.21510000,1.23080980,45.83335264
87085_0280_00248,rue Armand Dutreix,248,,AY0159,1562566.23830000,5183022.90210000,1.23082979,45.83351214
87085_0280_00249,rue Armand Dutreix,249,,IX0706,1562522.00470000,5182994.08080000,1.23026881,45.83324403
87085_0280_00250,rue Armand Dutreix,250,,AY0257,1562556.98580000,5183028.05590000,1.23070925,45.83355665
87085_0280_00251,rue Armand Dutreix,251,,IX0823,1562522.87860000,5183002.16450000,1.23027774,45.83331693
87085_0280_00252,rue Armand Dutreix,252,,AY0167,1562551.65140000,5183035.00160000,1.23063862,45.83361806
87085_0280_00253,rue Armand Dutreix,253,,IX0104,1562524.66480000,5183019.97000000,1.23029564,45.83347745
87085_0280_00253_bis,rue Armand Dutreix,253,bis,IX0650,1562512.12020000,5183024.80100000,1.23013282,45.83351840
87085_0280_00254,rue Armand Dutreix,254,,AY0168,1562539.20860000,5183045.66170000,1.23047545,45.83371147
87085_0280_00255,rue Armand Dutreix,255,,IX0648,1562505.16040000,5183027.79120000,1.23004240,45.83354391
87085_0280_00255_bis,rue Armand Dutreix,255,bis,IX0102,1562490.41030000,5183033.64190000,1.22985092,45.83359359
87085_0280_00257,rue Armand Dutreix,257,,IX0633,1562478.71180000,5183038.02610000,1.22969912,45.83363069
87085_0280_00258,rue Armand Dutreix,258,,AY0179,1562521.81490000,5183041.11780000,1.23025291,45.83366712
87085_0280_00259,rue Armand Dutreix,259,,IX0769,1562457.37830000,5183046.66210000,1.22942211,45.83370411
87085_0280_00260,rue Armand Dutreix,260,,AY0179,1562514.14200000,5183049.18760000,1.23015187,45.83373818
87085_0280_00262,rue Armand Dutreix,262,,AY0011,1562490.03990000,5183053.97530000,1.22984033,45.83377643
87085_0280_00263,rue Armand Dutreix,263,,IX0002,1562421.01740000,5183062.79170000,1.22894958,45.83384193
87085_0280_00264,rue Armand Dutreix,264,,AY0010,1562472.91610000,5183060.73830000,1.22961804,45.83383384
87085_0280_00265,rue Armand Dutreix,265,,IX0001,1562408.61120000,5183068.23400000,1.22878837,45.83388840
87085_0280_00266,rue Armand Dutreix,266,,AY0009,1562458.70950000,5183066.45770000,1.22943358,45.83388245
87085_0280_00266_bis,rue Armand Dutreix,266,bis,AY0008,1562450.62650000,5183069.76360000,1.22932862,45.83391057
87085_0280_00269,rue Armand Dutreix,269,,OL0059,1562359.10370000,5183088.23110000,1.22814554,45.83405838
87085_0280_00270,rue Armand Dutreix,270,,AY0006,1562439.18000000,5183074.44080000,1.22907387,45.83397802
87085_0280_00271,rue Armand Dutreix,271,,OL0047,1562327.89590000,5183100.43640000,1.22774044,45.83416193
87085_0280_00271_bis,rue Armand Dutreix,271,bis,OL0046,1562306.83910000,5183106.29860000,1.22746779,45.83421044
87085_0280_00272,rue Armand Dutreix,272,,AY0005,1562430.39690000,5183078.19380000,1.22906590,45.83398230
87085_0280_00273,rue Armand Dutreix,273,,OL0045,1562290.01790000,5183111.35530000,1.22724987,45.83425256
87085_0280_00274,rue Armand Dutreix,274,,OK0032,1562373.81120000,5183100.00820000,1.22833144,45.83416726
87085_0280_00275,rue Armand Dutreix,275,,OL0063,1562280.08970000,5183113.61950000,1.22712146,45.83427094
87085_0280_00276,rue Armand Dutreix,276,,OK0032,1562354.32160000,5183108.23190000,1.22807828,45.83423734
87085_0280_00277,rue Armand Dutreix,277,,OL0063,1562268.58180000,5183115.95860000,1.22697269,45.83428968
87085_0280_00279,rue Armand Dutreix,279,,OL0115,1562253.19130000,5183119.15860000,1.22677372,45.83431538
87085_0280_00288,rue Armand Dutreix,288,,OK0002,1562123.28420000,5183163.86930000,1.22508914,45.83469154
87085_0280_00298,rue Armand Dutreix,298,,OS0041,1561992.70430000,5183172.69990000,1.22340619,45.83474479
87085_0280_00300,rue Armand Dutreix,300,,OS0027,1561963.45260000,5183198.42390000,1.22302236,45.83497032
87085_0280_00302,rue Armand Dutreix,302,,OS0028,1561938.27500000,5183223.00420000,1.22269129,45.83518637
87085_0280_00304,rue Armand Dutreix,304,,OS0039,1561925.14600000,5183230.45700000,1.22252020,45.83525078
87085_0280_00306,rue Armand Dutreix,306,,OS0034,1561925.07270000,5183221.44200000,1.22252184,45.83516967
87085_0280_00308,rue Armand Dutreix,308,,OS0026,1561939.49380000,5183208.63610000,1.22271111,45.83505737
87085_0280_00310,rue Armand Dutreix,310,,OS0025,1561956.55750000,5183192.30260000,1.22293539,45.83491387
87085_2355_00001,rue Armand Guillaumin,1,,HS0081,1565361.38890000,5182016.88340000,1.26708171,45.82501530
87085_2355_00003,rue Armand Guillaumin,3,,HS0081,1565352.11580000,5182025.45740000,1.26696000,45.82509061
87085_2355_00004,rue Armand Guillaumin,4,,HS0052,1565354.96640000,5182040.28510000,1.26699252,45.82522456
87085_2355_00005,rue Armand Guillaumin,5,,HS0082,1565343.07090000,5182033.37040000,1.26684140,45.82516003
87085_2355_00006,rue Armand Guillaumin,6,,HS0051,1565347.16410000,5182047.33320000,1.26689016,45.82528643
87085_2355_00007,rue Armand Guillaumin,7,,HS0084,1565335.06170000,5182040.78010000,1.26673627,45.82522511
87085_2355_00008,rue Armand Guillaumin,8,,HS0050,1565340.36350000,5182053.31280000,1.26680098,45.82533889
87085_2355_00009,rue Armand Guillaumin,9,,HS0587,1565319.61340000,5182054.32900000,1.26653371,45.82534397
87085_2355_00010,rue Armand Guillaumin,10,,HS0551,1565332.01200000,5182060.91050000,1.26669140,45.82540560
87085_2355_00012,rue Armand Guillaumin,12,,HS0552,1565322.51700000,5182069.36870000,1.26656686,45.82547983
87085_2355_00013,rue Armand Guillaumin,13,,HS0424,1565302.59210000,5182069.59000000,1.26631042,45.82547792
87085_2355_00017,rue Armand Guillaumin,17,,HS0406,1565278.33280000,5182091.56910000,1.26599212,45.82567088
87085_2355_00018,rue Armand Guillaumin,18,,HS0047,1565287.75620000,5182099.95920000,1.26611102,45.82574820
87085_2355_00019,rue Armand Guillaumin,19,,HS0378,1565267.48510000,5182100.72340000,1.26584998,45.82575110
87085_2355_00020,rue Armand Guillaumin,20,,HS0046,1565278.97870000,5182107.72930000,1.26599590,45.82581638
87085_2355_00021,rue Armand Guillaumin,21,,HS0041,1565257.58400000,5182109.69310000,1.26572007,45.82582985
87085_2355_00022,rue Armand Guillaumin,22,,HS0043,1565269.80260000,5182115.72810000,1.26587559,45.82588654
87085_2355_00023,rue Armand Guillaumin,23,,HS0042,1565246.27460000,5182119.42290000,1.26557182,45.82591516
87085_2355_00024,rue Armand Guillaumin,24,,HS0043,1565254.57760000,5182129.10090000,1.26567595,45.82600385
87085_0288_00016,rue Arthur Groussier,16,,SN0049,1565763.68420000,5186033.68420000,1.27113595,45.86122750
87085_0288_00018,rue Arthur Groussier,18,,SN0050,1565776.58270000,5186023.43160000,1.27130489,45.86113779
87085_0288_00020,rue Arthur Groussier,20,,SN0050,1565797.88170000,5186009.27630000,1.27158307,45.86101461
87085_4560_00001,rue Arthur Rimbaud,1,,BO0356,1564120.21710000,5184253.88600000,1.25047951,45.84489433
87085_4560_00003,rue Arthur Rimbaud,3,,BO0356,1564119.99730000,5184272.61400000,1.25047138,45.84506275
87085_4560_00005,rue Arthur Rimbaud,5,,BO0356,1564119.71110000,5184298.41130000,1.25046041,45.84529476
87085_4560_00007,rue Arthur Rimbaud,7,,BO0356,1564121.41440000,5184324.49070000,1.25047495,45.84552969
87085_0294_00004,rue Atlantis,4,,SX0081,1567322.42140000,5185862.06980000,1.29125254,45.85998636
87085_0294_00012,rue Atlantis,12,,SX0085,1567533.68550000,5185892.41030000,1.29396420,45.86030004
87085_0294_00016,rue Atlantis,16,,SX0023,1567573.81710000,5185978.64630000,1.29445712,45.86108352
87085_0294_00020,rue Atlantis,20,,SX0116,1567538.25610000,5186062.74850000,1.29397607,45.86183322
87085_0294_00022,rue Atlantis,22,,SX0021,1567487.75660000,5186090.99650000,1.29331807,45.86207759
87085_0294_00024,rue Atlantis,24,,SX0056,1567447.18080000,5186094.99850000,1.29279453,45.86210577
87085_0294_00026,rue Atlantis,26,,SX0098,1567388.41320000,5186094.93250000,1.29203789,45.86209384
87085_0296_00005,rue Auber,5,,EX0089,1566162.35670000,5180787.34450000,1.27772980,45.81411112
87085_0296_00007,rue Auber,7,,EX0130,1566138.81100000,5180768.36370000,1.27743218,45.81393580
87085_0296_00009,rue Auber,9,,EX0131,1566124.96930000,5180756.58720000,1.27725739,45.81382717
87085_0296_00010,rue Auber,10,,EX0083,1566147.03920000,5180790.18940000,1.27753196,45.81413374
87085_0296_00011,rue Auber,11,,EX0514,1566117.46520000,5180750.37200000,1.27716259,45.81376980
87085_0296_00012,rue Auber,12,,EX0082,1566140.98500000,5180784.96490000,1.27745553,45.81408556
87085_0296_00012_b,rue Auber,12,b,EX0385,1566134.92750000,5180780.54140000,1.27737900,45.81404500
87085_0296_00013,rue Auber,13,,EX0514,1566110.06260000,5180744.01180000,1.27706913,45.81371114
87085_0296_00014,rue Auber,14,,EX0384,1566131.30540000,5180776.54940000,1.27733335,45.81400797
87085_0296_00015,rue Auber,15,,EX0228,1566099.46040000,5180733.23610000,1.27693574,45.81361214
87085_0296_00017,rue Auber,17,,EX0227,1566083.98630000,5180722.41480000,1.27673969,45.81351179
87085_0296_00018,rue Auber,18,,EX0383,1566108.08810000,5180756.15670000,1.27704035,45.81382001
87085_0296_00019,rue Auber,19,,EX0226,1566066.37020000,5180712.20460000,1.27651592,45.81341651
87085_0296_00020,rue Auber,20,,EX0217,1566093.80720000,5180743.90230000,1.27686005,45.81370699
87085_0296_00021,rue Auber,21,,EX0225,1566047.42770000,5180702.68650000,1.27627489,45.81332720
87085_0296_00022,rue Auber,22,,EX0218,1566078.92910000,5180733.47240000,1.27667156,45.81361027
87085_0296_00023,rue Auber,23,,EX0224,1566030.86110000,5180693.49050000,1.27606433,45.81324125
87085_0296_00024,rue Auber,24,,EX0219,1566061.03380000,5180723.37720000,1.27644416,45.81351598
87085_0296_00026,rue Auber,26,,EX0220,1566048.37610000,5180717.14770000,1.27628306,45.81345747
87085_0296_00028,rue Auber,28,,EX0221,1566031.76980000,5180708.22920000,1.27607192,45.81337401
87085_0296_00030,rue Auber,30,,EX0222,1566016.15020000,5180699.92440000,1.27587330,45.81329626
87085_0296_00032,rue Auber,32,,EX0223,1566000.21700000,5180691.31730000,1.27567073,45.81321573
87085_0301_00001,rue Auguste Aridas,1,,TZ0039,1566164.64330000,5185611.27330000,1.27641610,45.85750585
87085_0301_00002,rue Auguste Aridas,2,,TZ0018,1566155.13180000,5185596.53240000,1.27629776,45.85737139
87085_0301_00003,rue Auguste Aridas,3,,TZ0040,1566164.90820000,5185593.95870000,1.27642434,45.85735014
87085_0301_00004,rue Auguste Aridas,4,,TZ0017,1566150.26780000,5185571.98640000,1.27624197,45.85714964
87085_0301_00005,rue Auguste Aridas,5,,TZ0041,1566161.34310000,5185574.51540000,1.27638386,45.85717454
87085_0301_00006,rue Auguste Aridas,6,,TZ0016,1566144.33400000,5185552.91660000,1.27617090,45.85697694
87085_0301_00007,rue Auguste Aridas,7,,TZ0042,1566155.39880000,5185555.34990000,1.27631267,45.85700098
87085_0301_00009,rue Auguste Aridas,9,,TZ0043,1566149.41270000,5185536.12470000,1.27624096,45.85682687
87085_0302_00001,rue Auguste Comte,1,,MC0039,1565581.13900000,5187343.06730000,1.26841908,45.87297047
87085_0302_00002,rue Auguste Comte,2,,MA0041,1565567.52070000,5187284.35180000,1.26826014,45.87243963
87085_0302_00004,rue Auguste Comte,4,,MA0016,1565608.28320000,5187345.15910000,1.26876805,45.87299460
87085_0302_00005,rue Auguste Comte,5,,MC0018,1565647.49830000,5187415.47970000,1.26925338,45.87363484
87085_0302_00008,rue Auguste Comte,8,,MA0015,1565638.61770000,5187378.48010000,1.26914937,45.87330027
87085_0302_00012,rue Auguste Comte,12,,MA0014,1565666.14060000,5187408.78390000,1.26949533,45.87357825
87085_0302_00013,rue Auguste Comte,13,,MC0031,1565682.49330000,5187453.99240000,1.26969327,45.87398813
87085_0302_00015,rue Auguste Comte,15,,MC0015,1565728.83400000,5187505.01970000,1.27027578,45.87445620
87085_0302_00016,rue Auguste Comte,16,,MA0013,1565686.03120000,5187430.24790000,1.26974548,45.87377522
87085_0302_00019,rue Auguste Comte,19,,MC0040,1565789.39310000,5187571.42020000,1.27103711,45.87506534
87085_0302_00020,rue Auguste Comte,20,,MA0012,1565717.49580000,5187465.22750000,1.27014090,45.87409603
87085_0302_00024,rue Auguste Comte,24,,MA0011,1565764.43200000,5187517.55770000,1.27073071,45.87457594
87085_0302_00025,rue Auguste Comte,25,,MC0041,1565827.13970000,5187613.05750000,1.27151159,45.87544726
87085_0302_00027,rue Auguste Comte,27,,MC0058,1565871.16360000,5187662.09060000,1.27206485,45.87589694
87085_0302_00027_b,rue Auguste Comte,27,b,MC0057,1565893.95900000,5187687.05290000,1.27235145,45.87612594
87085_0302_00028,rue Auguste Comte,28,,MA0010,1565788.74860000,5187543.63760000,1.27103658,45.87481530
87085_0302_00032,rue Auguste Comte,32,,MA0051,1565830.00350000,5187588.76910000,1.27155526,45.87522933
87085_0302_00033,rue Auguste Comte,33,,MC0036,1565930.06140000,5187726.84050000,1.27280529,45.87649089
87085_0302_00034_b,rue Auguste Comte,34,b,MA0068,1565864.36450000,5187627.53670000,1.27198694,45.87558478
87085_0302_00036,rue Auguste Comte,36,,MA0067,1565878.51970000,5187642.75030000,1.27216499,45.87572440
87085_0302_00038,rue Auguste Comte,38,,MA0004,1565899.81890000,5187665.82620000,1.27243285,45.87593614
87085_0302_00040,rue Auguste Comte,40,,MA0003,1565916.00610000,5187683.30510000,1.27263643,45.87609653
87085_0302_00041,rue Auguste Comte,41,,MC0037,1565998.74260000,5187792.75530000,1.27367141,45.87709723
87085_0302_00042,rue Auguste Comte,42,,MB0001,1565945.01960000,5187714.91590000,1.27300126,45.87638654
87085_0302_00044,rue Auguste Comte,44,,MB0001,1565959.84340000,5187730.65880000,1.27318777,45.87653105
87085_0302_00050,rue Auguste Comte,50,,MB0002,1566010.66170000,5187779.30770000,1.27382867,45.87697859
87085_0305_00001,rue Auguste Renoir,1,,DI0057,1563956.91220000,5182786.23580000,1.24879296,45.83165970
87085_0305_00005,rue Auguste Renoir,5,,DI0057,1563932.45350000,5182788.81980000,1.24847749,45.83167811
87085_0305_00007,rue Auguste Renoir,7,,DI0057,1563917.46310000,5182790.26760000,1.24828418,45.83168817
87085_0305_00008,rue Auguste Renoir,8,,DI0054,1563922.47910000,5182802.22870000,1.24834534,45.83179676
87085_0305_00009,rue Auguste Renoir,9,,DI0058,1563908.52980000,5182791.13210000,1.24816898,45.83169418
87085_0305_00010,rue Auguste Renoir,10,,DI0053,1563913.65880000,5182803.05890000,1.24823161,45.83180248
87085_0305_00011,rue Auguste Renoir,11,,DI0059,1563899.72030000,5182791.91030000,1.24805540,45.83169943
87085_0305_00012,rue Auguste Renoir,12,,DI0052,1563906.57550000,5182803.71940000,1.24814027,45.83180702
87085_0305_00013,rue Auguste Renoir,13,,DI0060,1563889.19110000,5182792.91980000,1.24791962,45.83170643
87085_0305_00014,rue Auguste Renoir,14,,DI0051,1563900.38840000,5182804.37440000,1.24806046,45.83181169
87085_0305_00015,rue Auguste Renoir,15,,DI0061,1563880.56220000,5182793.79080000,1.24780833,45.83171256
87085_0305_00016,rue Auguste Renoir,16,,DI0245,1563888.36360000,5182806.11090000,1.24790523,45.83182493
87085_0305_00017,rue Auguste Renoir,17,,DI0062,1563872.08430000,5182794.54980000,1.24769902,45.83171771
87085_0305_00018,rue Auguste Renoir,18,,DI0235,1563860.63210000,5182808.53120000,1.24754769,45.83184121
87085_0305_00019,rue Auguste Renoir,19,,DI0063,1563864.39960000,5182795.26210000,1.24759993,45.83172259
87085_0305_00020,rue Auguste Renoir,20,,DI0235,1563865.67380000,5182854.75390000,1.24759948,45.83225801
87085_0305_00022,rue Auguste Renoir,22,,DI0230,1563822.67490000,5182840.37490000,1.24705022,45.83212015
87085_0305_00024,rue Auguste Renoir,24,,DI0232,1563828.32520000,5182864.91280000,1.24711598,45.83234200
87085_0305_00025,rue Auguste Renoir,25,,DI0177,1563820.05540000,5182800.89640000,1.24702770,45.83176450
87085_0305_00026,rue Auguste Renoir,26,,DI0232,1563843.23520000,5182889.87470000,1.24730078,45.83256950
87085_0305_00027,rue Auguste Renoir,27,,DI0178,1563809.31490000,5182802.79700000,1.24688895,45.83177947
87085_0305_00028,rue Auguste Renoir,28,,DI0234,1563853.36630000,5182899.11390000,1.24742854,45.83265461
87085_0305_00029,rue Auguste Renoir,29,,DI0180,1563800.74510000,5182804.33470000,1.24677823,45.83179160
87085_0305_00030,rue Auguste Renoir,30,,DI0234,1563866.59420000,5182887.23340000,1.24760213,45.83255036
87085_0305_00031,rue Auguste Renoir,31,,DI0181,1563792.34760000,5182805.70220000,1.24666978,45.83180224
87085_0305_00034,rue Auguste Renoir,34,,DI0035,1563804.75960000,5182816.22670000,1.24682652,45.83189937
87085_0305_00035,rue Auguste Renoir,35,,DI0182,1563775.72540000,5182808.60980000,1.24645506,45.83182510
87085_0305_00036,rue Auguste Renoir,36,,DI0034,1563792.66740000,5182818.36400000,1.24667031,45.83191620
87085_0305_00037,rue Auguste Renoir,37,,DI0183,1563767.51490000,5182809.93540000,1.24634903,45.83183540
87085_0305_00039,rue Auguste Renoir,39,,DI0184,1563758.46430000,5182811.59530000,1.24623209,45.83184854
87085_0305_00041,rue Auguste Renoir,41,,DI0185,1563747.39890000,5182813.43360000,1.24608918,45.83186289
87085_0305_00043,rue Auguste Renoir,43,,DI0186,1563739.03280000,5182814.93310000,1.24598110,45.83187472
87085_0305_00044,rue Auguste Renoir,44,,DI0032,1563754.29830000,5182824.88060000,1.24617472,45.83196723
87085_0305_00045,rue Auguste Renoir,45,,DI0189,1563730.12510000,5182816.36550000,1.24586606,45.83188584
87085_0305_00046,rue Auguste Renoir,46,,DI0031,1563747.73030000,5182826.13400000,1.24608984,45.83197720
87085_0310_00001,rue Auguste Rodin,1,,DR0087,1565244.07280000,5183711.32430000,1.26509726,45.84023485
87085_0310_00002,rue Auguste Rodin,2,,DS0001,1565243.40450000,5183699.58980000,1.26509195,45.84012916
87085_0310_00003,rue Auguste Rodin,3,,DR0086,1565249.91370000,5183713.46900000,1.26517183,45.84025528
87085_0310_00004,rue Auguste Rodin,4,,DS0008,1565256.12450000,5183704.60590000,1.26525425,45.84017677
87085_0310_00004_bis,rue Auguste Rodin,4,bis,DS0009,1565268.00780000,5183709.09930000,1.26540593,45.84021952
87085_0310_00005,rue Auguste Rodin,5,,DR0085,1565256.29870000,5183715.78360000,1.26525336,45.84027736
87085_0310_00006,rue Auguste Rodin,6,,DS0011,1565288.30450000,5183716.75980000,1.26566501,45.84029241
87085_0310_00007,rue Auguste Rodin,7,,DR0084,1565265.52070000,5183719.37160000,1.26537105,45.84031144
87085_0310_00008,rue Auguste Rodin,8,,DS0012,1565298.72400000,5183720.87360000,1.26579796,45.84033146
87085_0310_00009,rue Auguste Rodin,9,,DR0083,1565280.83790000,5183725.31000000,1.26556652,45.84036786
87085_0310_00010,rue Auguste Rodin,10,,DS0013,1565306.49150000,5183723.79230000,1.26589712,45.84035923
87085_0310_00011,rue Auguste Rodin,11,,DR0124,1565289.35750000,5183728.54610000,1.26567526,45.84039864
87085_0310_00011_bis,rue Auguste Rodin,11,bis,DR0125,1565305.42090000,5183734.39310000,1.26588037,45.84045438
87085_0310_00012,rue Auguste Rodin,12,,DS0427,1565320.33580000,5183738.70680000,1.26607112,45.84049611
87085_0310_00013,rue Auguste Rodin,13,,CV0499,1565305.85410000,5183771.90350000,1.26587543,45.84079190
87085_0310_00014,rue Auguste Rodin,14,,CV0497,1565317.61150000,5183776.00810000,1.26602560,45.84083112
87085_0310_00016,rue Auguste Rodin,16,,CV0496,1565309.70090000,5183781.55520000,1.26592223,45.84087947
87085_0310_00027,rue Auguste Rodin,27,,CV0501,1565254.62680000,5183788.38670000,1.26521149,45.84093014
87085_0315_00002,rue Augustin Thierry,2,,IX0420,1562510.79260000,5182499.03830000,1.23026610,45.82878863
87085_0315_00002_bis,rue Augustin Thierry,2,bis,IX0418,1562512.38490000,5182507.32010000,1.23028422,45.82886345
87085_0315_00003,rue Augustin Thierry,3,,IX0422,1562495.74430000,5182494.04290000,1.23007389,45.82874068
87085_0315_00004,rue Augustin Thierry,4,,IX0417,1562514.88290000,5182516.80200000,1.23031365,45.82894924
87085_0315_00005,rue Augustin Thierry,5,,IX0424,1562499.15560000,5182507.00050000,1.23011408,45.82885793
87085_0315_00006,rue Augustin Thierry,6,,IX0416,1562517.19460000,5182525.63250000,1.23034087,45.82902914
87085_0315_00007,rue Augustin Thierry,7,,IX0425,1562501.76960000,5182517.56600000,1.23014469,45.82895349
87085_0315_00008,rue Augustin Thierry,8,,IX0415,1562519.92230000,5182537.12820000,1.23037268,45.82913309
87085_0315_00009,rue Augustin Thierry,9,,IX0426,1562504.33240000,5182527.77430000,1.23017475,45.82904583
87085_0315_00010,rue Augustin Thierry,10,,IX0414,1562522.03960000,5182545.99830000,1.23039739,45.82921331
87085_0315_00011,rue Augustin Thierry,11,,IX0590,1562506.57000000,5182537.05250000,1.23020089,45.82912974
87085_0315_00012,rue Augustin Thierry,12,,IX0413,1562523.88000000,5182553.29500000,1.23041898,45.82927931
87085_0315_00014,rue Augustin Thierry,14,,IX0412,1562525.75000000,5182560.69120000,1.23044093,45.82934622
87085_0315_00015,rue Augustin Thierry,15,,IX0454,1562512.68850000,5182563.00210000,1.23027220,45.82936440
87085_0315_00016,rue Augustin Thierry,16,,IX0411,1562527.62490000,5182568.69530000,1.23046277,45.82941859
87085_0315_00017,rue Augustin Thierry,17,,IX0455,1562516.70590000,5182577.47340000,1.23031976,45.82949537
87085_0315_00018,rue Augustin Thierry,18,,IX0809,1562529.82360000,5182576.93690000,1.23048871,45.82949317
87085_0315_00019,rue Augustin Thierry,19,,IX0456,1562519.52640000,5182588.86210000,1.23035279,45.82959839
87085_0315_00020,rue Augustin Thierry,20,,IX0811,1562533.91750000,5182593.75260000,1.23053658,45.82964526
87085_0315_00021,rue Augustin Thierry,21,,IX0457,1562521.59930000,5182597.53150000,1.23037699,45.82967679
87085_0315_00022,rue Augustin Thierry,22,,IX0408,1562536.09810000,5182602.07660000,1.23056226,45.82972057
87085_0315_00023,rue Augustin Thierry,23,,IX0460,1562524.60490000,5182609.79950000,1.23041216,45.82978774
87085_0315_00024,rue Augustin Thierry,24,,IX0407,1562537.97170000,5182609.92080000,1.23058412,45.82979151
87085_0315_00025,rue Augustin Thierry,25,,IX0461,1562530.26030000,5182641.69200000,1.23047581,45.83007576
87085_0315_00030,rue Augustin Thierry,30,,IX0391,1562555.48420000,5182677.15120000,1.23079025,45.83039978
87085_0315_00031,rue Augustin Thierry,31,,IX0550,1562548.04250000,5182700.67780000,1.23068776,45.83060993
87085_0315_00032,rue Augustin Thierry,32,,IX0390,1562558.06940000,5182686.59180000,1.23082082,45.83048522
87085_0315_00033,rue Augustin Thierry,33,,IX0551,1562552.21890000,5182716.28900000,1.23073704,45.83075119
87085_0315_00034,rue Augustin Thierry,34,,IX0389,1562560.23340000,5182695.93350000,1.23084599,45.83056969
87085_0315_00035,rue Augustin Thierry,35,,IX0895,1562555.34180000,5182727.73270000,1.23077396,45.83085476
87085_0315_00036,rue Augustin Thierry,36,,IX0388,1562562.74300000,5182705.75240000,1.23087548,45.83065851
87085_0315_00037,rue Augustin Thierry,37,,IX0894,1562559.68100000,5182742.86690000,1.23082547,45.83099177
87085_0315_00038,rue Augustin Thierry,38,,IX0387,1562565.52940000,5182716.39890000,1.23090829,45.83075484
87085_0315_00039,rue Augustin Thierry,39,,IX0579,1562565.68390000,5182752.69160000,1.23089991,45.83108134
87085_0315_00040,rue Augustin Thierry,40,,IX0386,1562568.74120000,5182727.84970000,1.23094635,45.83085849
87085_0315_00042,rue Augustin Thierry,42,,IX0385,1562572.40800000,5182738.80460000,1.23099040,45.83095777
87085_0315_00044,rue Augustin Thierry,44,,IX0384,1562581.90730000,5182752.97870000,1.23110859,45.83108717
87085_0315_00046,rue Augustin Thierry,46,,IX0665,1562593.55400000,5182764.05440000,1.23125529,45.83118913
87085_2510_00002,rue Balzac,2,,CV1278,1565056.77710000,5184114.36720000,1.26257353,45.84382372
87085_2510_00003,rue Balzac,3,,CV0815,1565039.00060000,5184135.62850000,1.26233876,45.84401149
87085_2510_00004,rue Balzac,4,,CV1425,1565056.54340000,5184139.77370000,1.26256339,45.84405222
87085_2510_00005,rue Balzac,5,,CV0815,1565033.62170000,5184166.12170000,1.26226096,45.84428474
87085_2510_00016,rue Balzac,16,,CV0699,1565056.70920000,5184213.69370000,1.26254476,45.84471721
87085_2510_00018,rue Balzac,18,,CV0698,1565056.70420000,5184223.93240000,1.26254182,45.84480931
87085_2510_00019,rue Balzac,19,,CV1737,1565044.20600000,5184219.87430000,1.26238209,45.84477035
87085_2510_00020,rue Balzac,20,,CV0697,1565056.78270000,5184233.00430000,1.26254029,45.84489093
87085_2510_00021,rue Balzac,21,,CV1736,1565044.29730000,5184228.46020000,1.26238086,45.84484761
87085_2510_00022,rue Balzac,22,,CV0696,1565056.66360000,5184240.94530000,1.26253652,45.84496234
87085_2510_00023,rue Balzac,23,,CV0711,1565044.20930000,5184236.80000000,1.26237738,45.84492261
87085_2510_00024,rue Balzac,24,,CV0695,1565064.10490000,5184257.30030000,1.26262771,45.84511093
87085_2510_00025,rue Balzac,25,,CV0712,1565044.23160000,5184248.14450000,1.26237448,45.84502467
87085_2510_00027,rue Balzac,27,,CV0787,1565044.15490000,5184256.30460000,1.26237121,45.84509806
87085_2510_00028,rue Balzac,28,,CV0694,1565087.24060000,5184249.99880000,1.26292755,45.84504979
87085_2510_00029,rue Balzac,29,,CV0788,1565044.09190000,5184267.66430000,1.26236720,45.84520023
87085_2510_00030,rue Balzac,30,,CV0936,1565095.79330000,5184247.20410000,1.26303842,45.84502633
87085_2510_00031,rue Balzac,31,,CV0714,1565049.23890000,5184272.60060000,1.26243207,45.84524565
87085_2510_00033,rue Balzac,33,,CV0715,1565060.48420000,5184269.01150000,1.26257782,45.84521557
87085_2510_00037,rue Balzac,37,,CV0719,1565075.81000000,5184264.16260000,1.26277645,45.84517496
87085_2510_00039,rue Balzac,39,,CV0717,1565086.18030000,5184260.80720000,1.26291087,45.84514681
87085_2510_00045,rue Balzac,45,,CV0718,1565116.08310000,5184251.31610000,1.26329843,45.84506730
87085_0355_00001,rue Banc Léger,1,,DY0424,1564804.76340000,5182323.25580000,1.25983359,45.82766212
87085_0355_00003,rue Banc Léger,3,,DY0422,1564790.31550000,5182337.84120000,1.25964358,45.82779048
87085_0355_00004,rue Banc Léger,4,,DY0387,1564806.02020000,5182332.84290000,1.25984706,45.82774861
87085_0355_00005,rue Banc Léger,5,,DY0421,1564785.54580000,5182342.75970000,1.25958082,45.82783379
87085_0355_00006,rue Banc Léger,6,,DY0388,1564800.58260000,5182338.82700000,1.25977541,45.82780137
87085_0355_00007,rue Banc Léger,7,,DY0419,1564776.44430000,5182347.94530000,1.25946225,45.82787865
87085_0355_00008,rue Banc Léger,8,,DY0390,1564794.59200000,5182345.14570000,1.25969655,45.82785703
87085_0355_00009,rue Banc Léger,9,,DY0419,1564766.16360000,5182358.69920000,1.25932694,45.82797336
87085_0355_00010,rue Banc Léger,10,,DY0392,1564790.04810000,5182349.86210000,1.25963676,45.82789857
87085_0355_00011,rue Banc Léger,11,,DY0558,1564758.87770000,5182366.16280000,1.25923109,45.82803907
87085_0355_00012,rue Banc Léger,12,,DY0393,1564786.18140000,5182353.70930000,1.25958592,45.82793241
87085_0355_00013,rue Banc Léger,13,,DY0558,1564752.31110000,5182376.46200000,1.25914369,45.82813043
87085_0355_00014,rue Banc Léger,14,,DY0394,1564783.78940000,5182356.10930000,1.25955447,45.82795353
87085_0355_00015,rue Banc Léger,15,,DY0558,1564743.52050000,5182385.17230000,1.25902813,45.82820705
87085_0355_00016,rue Banc Léger,16,,DY0395,1564778.88620000,5182361.05630000,1.25948998,45.82799707
87085_0355_00017,rue Banc Léger,17,,DY0415,1564728.69490000,5182399.75500000,1.25883326,45.82833532
87085_0355_00020,rue Banc Léger,20,,DY0397,1564760.05680000,5182379.87260000,1.25924240,45.82816263
87085_0355_00022,rue Banc Léger,22,,DY0398,1564753.20700000,5182386.88160000,1.25915229,45.82822433
87085_0355_00026,rue Banc Léger,26,,DY0399,1564743.16970000,5182397.16540000,1.25902024,45.82831487
87085_0355_00028,rue Banc Léger,28,,DY0401,1564739.80630000,5182400.40910000,1.25897605,45.82834339
87085_0355_00030,rue Banc Léger,30,,DY0402,1564735.39270000,5182405.06870000,1.25891795,45.82838443
87085_0365_00002,rue Barny,2,,DX0163,1564653.89900000,5182645.21710000,1.25780172,45.83052868
87085_0365_00004,rue Barny,4,,DX0169,1564647.65310000,5182653.08590000,1.25771913,45.83059823
87085_0224_00005,rue Barye,5,,IX0657,1562855.54280000,5182721.40650000,1.23463877,45.83085778
87085_0224_00006,rue Barye,6,,IX0656,1562850.46690000,5182709.67400000,1.23457680,45.83075123
87085_0224_00010,rue Barye,10,,IX0730,1562874.53470000,5182706.07350000,1.23488753,45.83072364
87085_0385_00001,rue Basse de la Comédie,1,,DX0066,1564717.57380000,5182736.91710000,1.25859529,45.83136610
87085_0390_00002,rue Basse des Carriers,2,,EV0080,1565769.10090000,5181983.67290000,1.27233695,45.82479624
87085_0390_00003,rue Basse des Carriers,3,,EV0274,1565789.75020000,5181976.96420000,1.27260451,45.82473992
87085_0390_00004,rue Basse des Carriers,4,,EV0307,1565783.23710000,5181972.59410000,1.27252193,45.82469934
87085_0390_00005,rue Basse des Carriers,5,,EV0359,1565798.40310000,5181967.08760000,1.27271860,45.82465276
87085_0390_00017,rue Basse des Carriers,17,,EV0361,1565754.13310000,5181918.14690000,1.27216266,45.82420387
87085_0390_00020,rue Basse des Carriers,20,,EV0086,1565724.90830000,5181899.82180000,1.27179175,45.82403332
87085_0390_00022,rue Basse des Carriers,22,,EV0087,1565714.46270000,5181890.20190000,1.27166003,45.82394474
87085_0390_00024,rue Basse des Carriers,24,,EV0090,1565706.76320000,5181882.26580000,1.27156318,45.82387185
87085_0390_00025,rue Basse des Carriers,25,,EV0443,1565738.43720000,5181905.59900000,1.27196421,45.82408793
87085_0390_00027,rue Basse des Carriers,27,,EV0442,1565729.76360000,5181898.13330000,1.27185469,45.82401908
87085_0390_00029,rue Basse des Carriers,29,,EV0328,1565724.25860000,5181892.63920000,1.27178539,45.82396858
87085_0390_00030,rue Basse des Carriers,30,,EV0092,1565686.96990000,5181864.45510000,1.27131349,45.82370777
87085_0390_00032,rue Basse des Carriers,32,,EV0410,1565670.85910000,5181858.68490000,1.27110781,45.82365271
87085_0390_00035,rue Basse des Carriers,35,,EV0475,1565700.96800000,5181869.42570000,1.27149221,45.82375521
87085_0390_00036,rue Basse des Carriers,36,,EV0364,1565647.72450000,5181872.45580000,1.27080630,45.82377207
87085_0390_00043,rue Basse des Carriers,43,,EV0278,1565658.63250000,5181857.87670000,1.27095072,45.82364306
87085_0390_00045,rue Basse des Carriers,45,,EV0276,1565634.28890000,5181875.73480000,1.27063251,45.82379895
87085_0990_00004,rue Baudelaire,4,,DV0137,1564763.73320000,5183075.03080000,1.25909416,45.83441671
87085_0990_00005,rue Baudelaire,5,,DW0174,1564765.52950000,5183065.15920000,1.25912006,45.83432827
87085_0990_00006,rue Baudelaire,6,,DV0136,1564758.41300000,5183071.25910000,1.25902676,45.83438174
87085_0990_00007,rue Baudelaire,7,,DW0173,1564753.84190000,5183057.77650000,1.25897173,45.83425956
87085_0990_00008,rue Baudelaire,8,,DV0061,1564749.96540000,5183065.77170000,1.25891959,45.83433071
87085_0990_00009,rue Baudelaire,9,,DW0172,1564742.10460000,5183050.42250000,1.25882275,45.83419109
87085_0990_00010,rue Baudelaire,10,,DV0060,1564737.30140000,5183057.60430000,1.25875892,45.83425475
87085_0990_00010_bis,rue Baudelaire,10,bis,DV0060,1564731.22980000,5183053.57690000,1.25868192,45.83421733
87085_0990_00011,rue Baudelaire,11,,DW0197,1564728.61250000,5183042.42610000,1.25865137,45.83411651
87085_0990_00012,rue Baudelaire,12,,DV0059,1564724.34310000,5183049.21440000,1.25859452,45.83417673
87085_0990_00014,rue Baudelaire,14,,DV0058,1564716.68120000,5183043.95880000,1.25849740,45.83412795
87085_0990_00018,rue Baudelaire,18,,DV0056,1564701.46620000,5183034.24160000,1.25830433,45.83403754
87085_0990_00019,rue Baudelaire,19,,DW0188,1564696.51670000,5183022.34850000,1.25824398,45.83392958
87085_0990_00020,rue Baudelaire,20,,DV0055,1564694.23260000,5183029.31220000,1.25821263,45.83399178
87085_0990_00022,rue Baudelaire,22,,DV0054,1564688.30420000,5183025.62250000,1.25813738,45.83395742
87085_0990_00024,rue Baudelaire,24,,DV0053,1564682.38110000,5183021.71570000,1.25806225,45.83392111
87085_0990_00026,rue Baudelaire,26,,DV0052,1564675.85450000,5183017.44520000,1.25797947,45.83388141
87085_0990_00028,rue Baudelaire,28,,DV0052,1564661.41650000,5183008.51410000,1.25779618,45.83379823
87085_0445_00002,rue Beaumarchais,2,,BH0303,1563644.22450000,5183697.02340000,1.24451085,45.83979081
87085_0445_00006,rue Beaumarchais,6,,BH0302,1563621.28960000,5183693.64920000,1.24421663,45.83975591
87085_0445_00007,rue Beaumarchais,7,,BH0914,1563615.65800000,5183680.00620000,1.24414802,45.83963207
87085_0445_00008,rue Beaumarchais,8,,BH0301,1563610.45600000,5183691.88300000,1.24407770,45.83973788
87085_0445_00009,rue Beaumarchais,9,,BH0914,1563599.39350000,5183677.52860000,1.24393940,45.83960656
87085_0445_00010,rue Beaumarchais,10,,BH0300,1563599.83510000,5183690.55380000,1.24394139,45.83972381
87085_0445_00012,rue Beaumarchais,12,,BH0299,1563591.10610000,5183689.36930000,1.24382938,45.83971143
87085_0445_00014,rue Beaumarchais,14,,BH0298,1563582.66490000,5183687.91800000,1.24372115,45.83969670
87085_0445_00016,rue Beaumarchais,16,,BH0225,1563554.34070000,5183683.48670000,1.24335787,45.83965121
87085_0445_00018,rue Beaumarchais,18,,BH0224,1563537.71180000,5183681.01220000,1.24314456,45.83962565
87085_0445_00021,rue Beaumarchais,21,,BH0557,1563494.56980000,5183664.79390000,1.24259392,45.83947120
87085_0445_00022,rue Beaumarchais,22,,BH0206,1563481.50830000,5183677.05530000,1.24242234,45.83957890
87085_0445_00023,rue Beaumarchais,23,,BH0556,1563484.25700000,5183664.63590000,1.24246124,45.83946773
87085_0445_00024,rue Beaumarchais,24,,BH0205,1563471.44770000,5183676.90720000,1.24229290,45.83957557
87085_0445_00025,rue Beaumarchais,25,,BH0558,1563475.34580000,5183664.23830000,1.24234667,45.83946238
87085_0445_00026,rue Beaumarchais,26,,BH0204,1563461.69700000,5183676.97230000,1.24216739,45.83957422
87085_0445_00027,rue Beaumarchais,27,,BH0559,1563465.04530000,5183664.09210000,1.24221414,45.83945902
87085_0445_00028,rue Beaumarchais,28,,BH0202,1563451.03220000,5183676.05950000,1.24203039,45.83956389
87085_0445_00029,rue Beaumarchais,29,,BH0833,1563452.38120000,5183663.64710000,1.24205128,45.83945251
87085_0445_00030,rue Beaumarchais,30,,BH0201,1563443.99320000,5183675.99030000,1.24193982,45.83956187
87085_0445_00031,rue Beaumarchais,31,,BH0562,1563442.08880000,5183662.99270000,1.24191900,45.83944458
87085_0445_00032,rue Beaumarchais,32,,BH0199,1563433.57150000,5183675.82910000,1.24180574,45.83955835
87085_0445_00033,rue Beaumarchais,33,,BH0563,1563432.33520000,5183662.97200000,1.24179348,45.83944245
87085_0445_00034,rue Beaumarchais,34,,BH0198,1563425.66070000,5183675.66340000,1.24170397,45.83955529
87085_0445_00036,rue Beaumarchais,36,,BH0197,1563415.97580000,5183675.27220000,1.24157943,45.83954985
87085_0445_00037,rue Beaumarchais,37,,BH0564,1563408.99140000,5183662.08000000,1.24149329,45.83942979
87085_0445_00038,rue Beaumarchais,38,,BH0196,1563408.30070000,5183675.80460000,1.24148050,45.83955311
87085_0445_00039,rue Beaumarchais,39,,BH0588,1563390.83800000,5183672.94630000,1.24125657,45.83952393
87085_0445_00040,rue Beaumarchais,40,,BH0195,1563401.93230000,5183679.89320000,1.24139738,45.83958863
87085_0445_00041,rue Beaumarchais,41,,BH0747,1563383.82840000,5183680.32710000,1.24116426,45.83958894
87085_0445_00042,rue Beaumarchais,42,,BH0194,1563396.10320000,5183686.50820000,1.24132048,45.83964698
87085_0445_00043,rue Beaumarchais,43,,BH0746,1563375.10000000,5183689.62780000,1.24104928,45.83967087
87085_0445_00044,rue Beaumarchais,44,,BH0879,1563389.45890000,5183693.30610000,1.24123303,45.83970681
87085_0445_00045,rue Beaumarchais,45,,BH0845,1563369.12790000,5183695.46600000,1.24097076,45.83972220
87085_0445_00048,rue Beaumarchais,48,,BH0878,1563373.23270000,5183710.55250000,1.24101930,45.83985872
87085_0445_00049,rue Beaumarchais,49,,BH0884,1563354.96740000,5183710.42330000,1.24078426,45.83985393
87085_0445_00053,rue Beaumarchais,53,,BH0592,1563333.15800000,5183733.82360000,1.24049691,45.84006010
87085_0445_00054,rue Beaumarchais,54,,BH0185,1563335.73010000,5183750.25460000,1.24052534,45.84020841
87085_0445_00055,rue Beaumarchais,55,,BH0593,1563323.56110000,5183743.96090000,1.24037052,45.84014938
87085_0445_00056,rue Beaumarchais,56,,BH0184,1563328.61470000,5183758.13760000,1.24043153,45.84027791
87085_0445_00058,rue Beaumarchais,58,,BH0183,1563321.18160000,5183765.30190000,1.24033382,45.84034088
87085_0445_00059,rue Beaumarchais,59,,BH0692,1563295.52410000,5183773.37120000,1.24000131,45.84040837
87085_0445_00060,rue Beaumarchais,60,,BH0179,1563312.84070000,5183774.55100000,1.24022384,45.84042242
87085_0445_00061,rue Beaumarchais,61,,BH0693,1563288.72070000,5183780.85960000,1.23991162,45.84047438
87085_0445_00062,rue Beaumarchais,62,,BH0178,1563302.74610000,5183785.38040000,1.24009084,45.84051783
87085_0445_00064,rue Beaumarchais,64,,BH0174,1563295.47700000,5183792.80900000,1.23999517,45.84058321
87085_0445_00065,rue Beaumarchais,65,,BH0694,1563279.71540000,5183790.24820000,1.23979304,45.84055704
87085_0445_00066,rue Beaumarchais,66,,BH0173,1563289.06350000,5183799.69440000,1.23991067,45.84064387
87085_0445_00067,rue Beaumarchais,67,,BH0695,1563268.40690000,5183802.39750000,1.23964404,45.84066408
87085_0445_00068,rue Beaumarchais,68,,BH0172,1563282.63220000,5183806.86620000,1.23982586,45.84070711
87085_0445_00068_bis,rue Beaumarchais,68,bis,BH0801,1563278.03250000,5183811.65340000,1.23976530,45.84074926
87085_0445_00069,rue Beaumarchais,69,,BH0696,1563258.99560000,5183812.00330000,1.23952018,45.84074862
87085_0445_00071,rue Beaumarchais,71,,BH0697,1563250.44670000,5183821.31790000,1.23940751,45.84083071
87085_0445_00072,rue Beaumarchais,72,,BH0909,1563267.72610000,5183822.20250000,1.23962965,45.84084210
87085_0445_00073,rue Beaumarchais,73,,BH0700,1563242.17460000,5183830.41060000,1.23929845,45.84091086
87085_0445_00074,rue Beaumarchais,74,,BH0910,1563264.03000000,5183826.11230000,1.23958096,45.84087654
87085_0445_00078,rue Beaumarchais,78,,BH0921,1563254.62340000,5183836.28000000,1.23945700,45.84096613
87085_0445_00080,rue Beaumarchais,80,,BH0921,1563247.64660000,5183843.58810000,1.23936513,45.84103049
87085_0500_00001,rue Belair,1,,EP0122,1565750.20570000,5182337.41100000,1.27199507,45.82797465
87085_0500_00002,rue Belair,2,,EP0129,1565731.47180000,5182293.05600000,1.27176640,45.82757199
87085_0500_00003,rue Belair,3,,EP0121,1565747.50460000,5182328.64490000,1.27196276,45.82789526
87085_0500_00004,rue Belair,4,,EP0127,1565740.43100000,5182316.52530000,1.27187512,45.82778486
87085_0500_00005,rue Belair,5,,EP0120,1565745.74020000,5182315.73020000,1.27194366,45.82777874
87085_0500_00007,rue Belair,7,,EP0117,1565744.14220000,5182311.05360000,1.27192441,45.82773636
87085_0500_00009,rue Belair,9,,EP0116,1565739.96840000,5182299.83550000,1.27187383,45.82763463
87085_0500_00011,rue Belair,11,,EP0115,1565736.13470000,5182289.94160000,1.27182726,45.82754488
87085_0500_00013,rue Belair,13,,EP0114,1565731.97350000,5182286.28800000,1.27177474,45.82751121
87085_0555_00002,rue Béranger,2,,BE0315,1563982.17970000,5183666.63130000,1.24886899,45.83958435
87085_0555_00007,rue Béranger,7,,BE0317,1563967.21690000,5183690.47590000,1.24866967,45.83979589
87085_0555_00009,rue Béranger,9,,BE0318,1563965.57060000,5183696.72880000,1.24864671,45.83985181
87085_0555_00010,rue Béranger,10,,BE0310,1563971.66740000,5183702.13870000,1.24872365,45.83990168
87085_0555_00011,rue Béranger,11,,BE0319,1563963.81170000,5183704.13320000,1.24862198,45.83991807
87085_0562_00004,rue Bernard Blier,4,,MS0056,1565646.05000000,5189478.69100000,1.26865707,45.89219429
87085_0562_00006,rue Bernard Blier,6,,MS0054,1565642.16600000,5189474.50590000,1.26860821,45.89215588
87085_0562_00009,rue Bernard Blier,9,,MS0155,1565635.59710000,5189445.34310000,1.26853175,45.89189226
87085_0562_00010,rue Bernard Blier,10,,MS0053,1565633.56030000,5189453.30950000,1.26850328,45.89196352
87085_0562_00014,rue Bernard Blier,14,,MS0134,1565616.38360000,5189482.78220000,1.26827375,45.89222529
87085_0562_00017,rue Bernard Blier,17,,MS0156,1565641.42840000,5189401.57110000,1.26861913,45.89149965
87085_0562_00024,rue Bernard Blier,24,,MS0050,1565612.27700000,5189425.84800000,1.26823680,45.89171233
87085_0561_00014,rue Bernard Clappier,14,,PN0014,1559489.54760000,5184888.33110000,1.19069195,45.84967070
87085_0561_00015,rue Bernard Clappier,15,,PN0010,1559490.18510000,5184880.01430000,1.19070259,45.84959601
87085_0561_00016,rue Bernard Clappier,16,,PN0015,1559470.21360000,5184886.37410000,1.19044365,45.84964914
87085_0561_00019,rue Bernard Clappier,19,,PN0012,1559444.54060000,5184882.95489999,1.19011420,45.84961310
87085_0561_00020,rue Bernard Clappier,20,,PN0016,1559448.06020000,5184904.28210000,1.19015325,45.84980570
87085_0561_00024,rue Bernard Clappier,24,,PN0062,1559468.05460000,5184947.44590000,1.19039799,45.85019806
87085_0561_00025,rue Bernard Clappier,25,,PN0012,1559438.99110000,5184877.92280000,1.19004422,45.84956673
87085_0561_00027,rue Bernard Clappier,27,,PN0012,1559443.41330000,5184866.40450000,1.19010451,45.84946403
87085_0561_00029,rue Bernard Clappier,29,,PN0012,1559447.23130000,5184856.24500000,1.19015663,45.84937342
87085_0561_00031,rue Bernard Clappier,31,,PN0012,1559447.11820000,5184842.33040000,1.19015924,45.84924823
87085_0561_00033,rue Bernard Clappier,33,,PN0011,1559457.59570000,5184816.93030001,1.19030154,45.84902189
87085_0561_00036,rue Bernard Clappier,36,,RH0030,1559408.28050000,5184931.75950000,1.18963315,45.85004474
87085_0561_00038,rue Bernard Clappier,38,,RH0031,1559420.49340000,5184908.29820000,1.18979722,45.84983619
87085_0564_00028,rue Bernard Desbals,28,,NI0371,1561414.31220000,5180892.72380000,1.21662000,45.81411900
87085_0567_00002,rue Bernard Lathière,2,,TV0092,1565794.89010000,5180438.88060000,1.27347336,45.81084911
87085_0567_00004,rue Bernard Lathière,4,,TV0092,1565759.58910000,5180427.54120001,1.27289805,45.81086406
87085_0567_00008,rue Bernard Lathière,8,,TV0092,1565744.82810000,5180421.20770000,1.27246075,45.81073613
87085_0567_00008_b,rue Bernard Lathière,8,b,TV0092,1565726.17490000,5180415.25460000,1.27222247,45.81067894
87085_0567_00010,rue Bernard Lathière,10,,TV0092,1565716.27140000,5180413.32400000,1.27209600,45.81066000
87085_0567_00012,rue Bernard Lathière,12,,TV0054,1565678.78260000,5180471.62320000,1.27159710,45.81117676
87085_0567_00014,rue Bernard Lathière,14,,TV0054,1565622.18040000,5180475.53410000,1.27086789,45.81120089
87085_0567_00014_b,rue Bernard Lathière,14,b,TV0056,1565630.74620000,5180406.25600000,1.27099743,45.81057936
87085_0567_00015,rue Bernard Lathière,15,,TV0091,1565634.55840000,5180371.46520000,1.27105619,45.81026714
87085_0567_00016,rue Bernard Lathière,16,,TV0035,1565580.99170000,5180415.27400000,1.27035489,45.81065076
87085_0567_00017,rue Bernard Lathière,17,,TV0068,1565614.20770000,5180371.82180000,1.27079431,45.81026637
87085_0567_00020,rue Bernard Lathière,20,,TV0036,1565554.03660000,5180476.04440000,1.26999117,45.81119216
87085_0567_00022,rue Bernard Lathière,22,,TV0049,1565511.75610000,5180472.52250000,1.26944828,45.81115222
87085_0567_00024,rue Bernard Lathière,24,,TV0049,1565504.34900000,5180494.73590000,1.26934679,45.81135059
87085_0567_00026,rue Bernard Lathière,26,,TV0050,1565494.78910000,5180470.55560000,1.26923057,45.81113121
87085_0567_00029,rue Bernard Lathière,29,,TV0071,1565594.27960000,5180320.62360000,1.27055226,45.80980192
87085_0567_00038,rue Bernard Lathière,38,,TV0069,1565631.98130000,5180269.99050000,1.27105137,45.80935380
87085_0570_00001,rue Bernard Palissy,1,,DE0178,1564236.23360000,5183147.30290000,1.25228539,45.83496291
87085_0570_00002,rue Bernard Palissy,2,,DE0256,1564221.51490000,5183132.21230000,1.25210023,45.83482425
87085_0570_00002_bis,rue Bernard Palissy,2,bis,DE0430,1564219.18390000,5183118.40660000,1.25207414,45.83469960
87085_0570_00002_ter,rue Bernard Palissy,2,ter,DE0305,1564217.52160000,5183102.88880000,1.25205713,45.83455968
87085_0570_00003,rue Bernard Palissy,3,,DE0179,1564234.55450000,5183135.13660000,1.25226722,45.83485313
87085_0570_00004,rue Bernard Palissy,4,,DE0386,1564213.08510000,5183068.34510000,1.25200979,45.83424807
87085_0570_00004_ter,rue Bernard Palissy,4,ter,DE0375,1564211.16910000,5183054.07790000,1.25198917,45.83411935
87085_0570_00005,rue Bernard Palissy,5,,DE0336,1564233.26260000,5183125.04760000,1.25225344,45.83476212
87085_0570_00006,rue Bernard Palissy,6,,DE0189,1564210.01500000,5183045.21450000,1.25197682,45.83403939
87085_0570_00007,rue Bernard Palissy,7,,DE0335,1564231.72000000,5183114.42090000,1.25223659,45.83466622
87085_0570_00008,rue Bernard Palissy,8,,DH0107,1564205.85130000,5183013.32170000,1.25193224,45.83375167
87085_0570_00009,rue Bernard Palissy,9,,DE0374,1564229.60480000,5183096.12550000,1.25221454,45.83450123
87085_0570_00010,rue Bernard Palissy,10,,DH0108,1564204.63880000,5183003.55290000,1.25191940,45.83366355
87085_0570_00012,rue Bernard Palissy,12,,DH0377,1564203.02260000,5182990.60070000,1.25190226,45.83354672
87085_0570_00014,rue Bernard Palissy,14,,DH0160,1564201.08880000,5182977.44670000,1.25188109,45.83342801
87085_0570_00015,rue Bernard Palissy,15,,DE0185,1564226.86660000,5183075.01770000,1.25218526,45.83431081
87085_0570_00019,rue Bernard Palissy,19,,DE0405,1564220.85840000,5183031.83970000,1.25212014,45.83392121
87085_0570_00021,rue Bernard Palissy,21,,DM0001,1564216.86710000,5183004.60320000,1.25207647,45.83367542
87085_0570_00023,rue Bernard Palissy,23,,DM0008,1564215.00300000,5182988.27950000,1.25205709,45.83352821
87085_0570_00025,rue Bernard Palissy,25,,DM0007,1564213.49480000,5182977.85260000,1.25204063,45.83343411
87085_0570_00027,rue Bernard Palissy,27,,DM0009,1564212.05720000,5182967.07500000,1.25202517,45.83333688
87085_0570_00029,rue Bernard Palissy,29,,DM0010,1564210.69040000,5182956.81690000,1.25201048,45.83324433
87085_0570_00031,rue Bernard Palissy,31,,DM0011,1564209.28030000,5182945.94010000,1.25199540,45.83314621
87085_0570_00033,rue Bernard Palissy,33,,DM0164,1564208.48050000,5182937.83860000,1.25198740,45.83307318
87085_0570_00033_bis,rue Bernard Palissy,33,bis,DM0164,1564207.53140000,5182932.04850000,1.25197682,45.83302090
87085_0570_00035,rue Bernard Palissy,35,,DM0014,1564206.53770000,5182924.49300000,1.25196617,45.83295274
87085_0570_00036,rue Bernard Palissy,36,,DH0163,1564191.17670000,5182920.11830000,1.25176973,45.83291035
87085_0570_00037,rue Bernard Palissy,37,,DM0018,1564204.77260000,5182910.54910000,1.25194739,45.83282696
87085_0565_00014,rue Bernart de Ventadour,14,,HR0356,1565423.09990000,5180927.27110000,1.26818063,45.81522563
87085_0565_00015,rue Bernart de Ventadour,15,,HP0254,1565387.08030000,5180859.74470000,1.26773615,45.81461114
87085_0565_00016,rue Bernart de Ventadour,16,,HR0356,1565377.30140000,5180903.68550000,1.26759805,45.81500451
87085_0565_00026,rue Bernart de Ventadour,26,,HR0374,1565299.04050000,5180850.04790000,1.26660628,45.81450668
87085_0565_00028,rue Bernart de Ventadour,28,,HR0374,1565288.46210000,5180846.46430000,1.26647120,45.81447237
87085_0565_00029,rue Bernart de Ventadour,29,,HP0220,1565275.99010000,5180824.91950000,1.26631679,45.81427612
87085_0565_00030,rue Bernart de Ventadour,30,,HR0374,1565276.65160000,5180843.21880000,1.26632017,45.81444087
87085_0565_00031,rue Bernart de Ventadour,31,,HP0220,1565247.84620000,5180768.08200000,1.26597066,45.81375932
87085_0565_00032,rue Bernart de Ventadour,32,,HR0374,1565265.05560000,5180839.31530000,1.26617209,45.81440348
87085_0565_00033,rue Bernart de Ventadour,33,,HP0220,1565254.44450000,5180748.75030000,1.26606095,45.81358671
87085_0565_00034,rue Bernart de Ventadour,34,,HR0374,1565252.73300000,5180835.25220000,1.26601471,45.81436452
87085_0565_00035,rue Bernart de Ventadour,35,,HP0220,1565261.78000000,5180799.76910000,1.26614103,45.81404710
87085_0565_00036,rue Bernart de Ventadour,36,,HR0374,1565240.52010000,5180831.10180000,1.26585876,45.81432479
87085_0565_00037,rue Bernart de Ventadour,37,,HP0220,1565234.55380000,5180812.23980000,1.26578729,45.81415395
87085_0565_00038,rue Bernart de Ventadour,38,,HR0421,1565225.70340000,5180826.92400000,1.26566932,45.81428430
87085_0565_00039,rue Bernart de Ventadour,39,,HP0220,1565218.03330000,5180806.90070000,1.26557626,45.81410268
87085_0565_00041,rue Bernart de Ventadour,41,,HP0051,1565203.17960000,5180802.40800000,1.26538644,45.81405936
87085_0565_00043,rue Bernart de Ventadour,43,,HP0050,1565188.60870000,5180797.61570000,1.26520034,45.81401339
87085_0565_00048,rue Bernart de Ventadour,48,,HR0571,1565171.23490000,5180809.39520000,1.26497353,45.81411595
87085_0578_00003,rue Berthie Albrecht,3,,ML0177,1566074.39000000,5188987.42510000,1.27431225,45.88785871
87085_0578_00004,rue Berthie Albrecht,4,,ML0147,1566051.56580000,5188974.43330000,1.27402187,45.88773739
87085_0578_00005,rue Berthie Albrecht,5,,ML0178,1566055.69750000,5188956.13590000,1.27408020,45.88757361
87085_0578_00006,rue Berthie Albrecht,6,,ML0147,1566037.89200000,5188953.14130000,1.27385168,45.88754320
87085_0578_00007,rue Berthie Albrecht,7,,ML0232,1566037.66350000,5188925.32410000,1.27385651,45.88729292
87085_0578_00009,rue Berthie Albrecht,9,,ML0233,1566020.47440000,5188896.82250000,1.27364305,45.88703318
87085_0578_00010,rue Berthie Albrecht,10,,ML0231,1566018.37980000,5188919.39640000,1.27360976,45.88723584
87085_0578_00011,rue Berthie Albrecht,11,,ML0234,1566007.01860000,5188873.69740000,1.27347618,45.88682253
87085_0578_00012,rue Berthie Albrecht,12,,ML0230,1565988.32130000,5188868.42860000,1.27323681,45.88677149
87085_0578_00013,rue Berthie Albrecht,13,,ML0242,1565978.75250000,5188824.32770000,1.27312587,45.88637291
87085_0578_00014,rue Berthie Albrecht,14,,ML0229,1565973.30630000,5188844.18390000,1.27305017,45.88655047
87085_0578_00015,rue Berthie Albrecht,15,,ML0220,1565967.07750000,5188807.18800000,1.27298027,45.88621645
87085_0578_00016,rue Berthie Albrecht,16,,ML0228,1565958.06650000,5188819.46190000,1.27286077,45.88632511
87085_0578_00018,rue Berthie Albrecht,18,,ML0207,1565941.92420000,5188800.78110000,1.27265806,45.88615391
87085_0580_00004,rue Bertrand de Born,4,,OI0061,1562922.82540000,5184002.34180000,1.23513927,45.84239388
87085_0580_00005,rue Bertrand de Born,5,,OI0117,1562917.55320000,5183994.30780000,1.23507370,45.84232056
87085_0580_00006,rue Bertrand de Born,6,,OI0060,1562910.66810000,5184005.51150000,1.23498189,45.84241997
87085_0580_00007,rue Bertrand de Born,7,,OI0119,1562904.32420000,5183997.77020000,1.23490245,45.84234907
87085_0580_00008,rue Bertrand de Born,8,,OI0059,1562897.63430000,5184009.03520000,1.23481313,45.84244907
87085_0580_00009,rue Bertrand de Born,9,,OI0120,1562893.58330000,5184000.89460000,1.23476331,45.84237503
87085_0580_00010,rue Bertrand de Born,10,,OI0058,1562885.19680000,5184012.35290000,1.23465210,45.84247643
87085_0580_00011,rue Bertrand de Born,11,,OI0139,1562882.39930000,5184003.93530000,1.23461850,45.84240015
87085_0580_00014,rue Bertrand de Born,14,,OI0056,1562860.69390000,5184019.01560000,1.23433483,45.84253148
87085_0580_00018,rue Bertrand de Born,18,,OI0055,1562830.40220000,5184027.04200000,1.23394266,45.84259764
87085_0580_00019,rue Bertrand de Born,19,,OI0146,1562846.60680000,5184013.55740000,1.23415508,45.84247957
87085_0580_00020,rue Bertrand de Born,20,,OI0054,1562817.96470000,5184030.35980000,1.23378164,45.84262500
87085_0580_00021,rue Bertrand de Born,21,,OI0148,1562825.45950000,5184019.38860000,1.23388123,45.84252781
87085_0580_00023,rue Bertrand de Born,23,,OI0149,1562810.83890000,5184023.43320000,1.23369190,45.84256127
87085_0580_00025,rue Bertrand de Born,25,,OI0150,1562801.40780000,5184026.19570000,1.23356972,45.84258424
87085_0580_00025_bis,rue Bertrand de Born,25,bis,OI0151,1562789.20090000,5184029.53700000,1.23341166,45.84261186
87085_0580_00027,rue Bertrand de Born,27,,OI0155,1562784.91130000,5184033.14330000,1.23335542,45.84264345
87085_0580_00028,rue Bertrand de Born,28,,OI0053,1562804.91250000,5184077.96300000,1.23360005,45.84305062
87085_0580_00029,rue Bertrand de Born,29,,OI0154,1562784.77010000,5184041.57670000,1.23335119,45.84271928
87085_0580_00031,rue Bertrand de Born,31,,OI0153,1562785.84360000,5184058.23720000,1.23336025,45.84286937
87085_0580_00032,rue Bertrand de Born,32,,OI0052,1562820.07590000,5184076.74760000,1.23379557,45.84304271
87085_0580_00033,rue Bertrand de Born,33,,OI0152,1562786.58200000,5184071.11970000,1.23336608,45.84298540
87085_0580_00034,rue Bertrand de Born,34,,OI0184,1562830.03220000,5184075.58380000,1.23392404,45.84303422
87085_0580_00036,rue Bertrand de Born,36,,OI0050,1562842.74680000,5184075.81380000,1.23408763,45.84303883
87085_0580_00038,rue Bertrand de Born,38,,OI0049,1562859.67650000,5184076.63430000,1.23430529,45.84304959
87085_0580_00042,rue Bertrand de Born,42,,OI0048,1562878.43540000,5184077.61910000,1.23454646,45.84306219
87085_0580_00044,rue Bertrand de Born,44,,OI0047,1562894.89410000,5184078.45950000,1.23475805,45.84307303
87085_0580_00046,rue Bertrand de Born,46,,OI0046,1562903.40610000,5184078.64690000,1.23486756,45.84307641
87085_0580_00048,rue Bertrand de Born,48,,OI0045,1562913.32330000,5184079.34330000,1.23499500,45.84308465
87085_0580_00050,rue Bertrand de Born,50,,OI0065,1562921.53170000,5184079.58160000,1.23510058,45.84308843
87085_0580_00051,rue Bertrand de Born,51,,OI0044,1562885.10890000,5184086.54560000,1.23462980,45.84314382
87085_0580_00052,rue Bertrand de Born,52,,OI0066,1562933.08630000,5184080.21890000,1.23524912,45.84309647
87085_0580_00056,rue Bertrand de Born,56,,OI0067,1562951.17900000,5184081.03270000,1.23548176,45.84310740
87085_0580_00059,rue Bertrand de Born,59,,OI0034,1562942.42180000,5184089.36180000,1.23536667,45.84318058
87085_0580_00060,rue Bertrand de Born,60,,OI0073,1562964.48760000,5184081.52620000,1.23565291,45.84311449
87085_0603_00003,rue Bill Coleman,3,,ST0039,1567707.61950000,5184934.19320000,1.29547554,45.85150365
87085_0603_00014,rue Bill Coleman,14,,ST0073,1567586.09030000,5184910.12230000,1.29490970,45.85147381
87085_0603_00044,rue Bill Coleman,44,,ST0045,1567268.82560000,5184719.16280000,1.29087830,45.84969483
87085_0623_00002,rue Boby Lapointe,2,,LY0300,1566966.71800000,5187643.54730000,1.28617926,45.87594309
87085_0623_00003,rue Boby Lapointe,3,,LY0279,1566985.21540000,5187720.85260000,1.28639606,45.87664208
87085_0623_00004,rue Boby Lapointe,4,,LY0301,1566971.85730000,5187647.93560000,1.28624423,45.87598356
87085_0623_00005,rue Boby Lapointe,5,,LY0277,1566970.61110000,5187725.66500000,1.28620664,45.87668255
87085_0623_00006,rue Boby Lapointe,6,,LY0295,1566976.45950000,5187651.56920000,1.28630250,45.87601714
87085_0623_00007,rue Boby Lapointe,7,,LY0282,1566962.88680000,5187728.40050000,1.28610640,45.87670566
87085_0623_00008,rue Boby Lapointe,8,,LY0296,1566981.59200000,5187655.81650000,1.28636742,45.87605634
87085_0623_00009,rue Boby Lapointe,9,,LY0281,1566956.59190000,5187730.40680000,1.28602477,45.87672249
87085_0623_00010,rue Boby Lapointe,10,,LY0297,1566985.87020000,5187659.46440000,1.28642150,45.87608999
87085_0623_00011,rue Boby Lapointe,11,,LY0286,1566951.95850000,5187737.04210000,1.28596326,45.87678128
87085_0623_00012,rue Boby Lapointe,12,,LY0316,1566990.88740000,5187663.86920000,1.28648490,45.87613058
87085_0623_00014,rue Boby Lapointe,14,,LY0317,1566996.86450000,5187669.56030000,1.28656030,45.87618293
87085_0623_00015,rue Boby Lapointe,15,,LY0286,1566950.34920000,5187743.16840000,1.28594084,45.87683608
87085_0623_00016,rue Boby Lapointe,16,,LY0311,1566998.06630000,5187675.41950000,1.28657415,45.87623587
87085_0623_00017,rue Boby Lapointe,17,,LY0289,1566951.93890000,5187748.11470000,1.28595994,45.87688088
87085_0623_00018,rue Boby Lapointe,18,,LY0313,1566998.37470000,5187682.87630000,1.28657606,45.87630301
87085_0623_00019,rue Boby Lapointe,19,,LY0288,1566957.71010000,5187755.43240000,1.28603224,45.87694782
87085_0623_00020,rue Boby Lapointe,20,,LY0314,1566998.53310000,5187688.48790000,1.28657654,45.87635352
87085_0623_00021,rue Boby Lapointe,21,,LY0292,1566961.00590000,5187759.41220000,1.28607358,45.87698426
87085_0623_00022,rue Boby Lapointe,22,,LY0305,1566998.80380000,5187693.52140000,1.28657864,45.87639885
87085_0623_00023,rue Boby Lapointe,23,,LY0291,1566970.14440000,5187770.19200000,1.28618829,45.87708300
87085_0623_00024,rue Boby Lapointe,24,,LY0307,1566998.97300000,5187699.90780000,1.28657905,45.87645633
87085_0623_00026,rue Boby Lapointe,26,,LY0308,1566999.03530000,5187707.01960000,1.28657788,45.87652032
87085_0623_00028,rue Boby Lapointe,28,,LY0193,1566999.27720000,5187714.60280000,1.28657889,45.87658858
87085_0635_00010,rue Boieldieu,10,,EX0288,1566084.23600000,5180904.19390000,1.27669230,45.81514706
87085_0635_00011,rue Boieldieu,11,,EX0389,1566083.97390000,5180889.97400000,1.27669289,45.81501909
87085_0635_00012,rue Boieldieu,12,,EX0053,1566075.43710000,5180897.69740000,1.27658091,45.81508690
87085_0635_00013,rue Boieldieu,13,,EX0392,1566071.18690000,5180879.58790000,1.27653128,45.81492317
87085_0635_00015,rue Boieldieu,15,,EX0072,1566057.07210000,5180868.92050000,1.27635267,45.81482446
87085_0635_00016,rue Boieldieu,16,,EX0054,1566054.31910000,5180881.03960000,1.27631388,45.81493295
87085_0635_00018,rue Boieldieu,18,,EX0055,1566047.22850000,5180875.31030000,1.27622426,45.81488003
87085_0635_00019,rue Boieldieu,19,,EX0070,1566041.28600000,5180856.31600000,1.27615310,45.81470800
87085_0635_00021,rue Boieldieu,21,,EX0069,1566028.80260000,5180847.05150000,1.27599509,45.81462223
87085_0635_00022,rue Boieldieu,22,,EX0056,1566028.52800000,5180860.55310000,1.27598779,45.81474363
87085_0635_00023,rue Boieldieu,23,,EX0068,1566018.89710000,5180835.58780000,1.27587085,45.81451718
87085_0635_00024,rue Boieldieu,24,,EX0415,1566021.79040000,5180855.16390000,1.27590262,45.81469384
87085_0635_00025,rue Boieldieu,25,,EX0067,1566013.01610000,5180828.34620000,1.27579721,45.81445089
87085_0635_00026,rue Boieldieu,26,,EX0057,1566014.88200000,5180848.89290000,1.27581549,45.81463608
87085_0635_00027,rue Boieldieu,27,,EX0066,1566007.23620000,5180821.27000000,1.27572483,45.81438611
87085_0635_00028,rue Boieldieu,28,,EX0059,1566008.54590000,5180841.35220000,1.27573608,45.81456702
87085_0635_00029,rue Boieldieu,29,,EX0065,1566002.04380000,5180814.79270000,1.27565983,45.81432683
87085_0635_00030,rue Boieldieu,30,,EX0060,1566000.66280000,5180831.27130000,1.27563748,45.81447480
87085_0635_00031,rue Boieldieu,31,,EX0064,1565995.16870000,5180806.45480000,1.27557371,45.81425049
87085_0635_00032,rue Boieldieu,32,,EX0061,1565991.78580000,5180819.84600000,1.27552646,45.81437029
87085_0635_00033,rue Boieldieu,33,,EX0063,1565988.08030000,5180796.97460000,1.27548517,45.81416383
87085_0635_00033_bis,rue Boieldieu,33,bis,EX0490,1566041.40760000,5180777.62940000,1.27617657,45.81400019
87085_0635_00033_qua,rue Boieldieu,33,qua,EX0492,1566052.75910000,5180777.22610000,1.27632272,45.81399877
87085_0635_00033_ter,rue Boieldieu,33,ter,EX0491,1566045.31280000,5180782.61430000,1.27622542,45.81404579
87085_0635_00034,rue Boieldieu,34,,EX0062,1565981.48270000,5180806.53840000,1.27539763,45.81424857
87085_0635_00035,rue Boieldieu,35,,EX0479,1566010.54310000,5180760.10470000,1.27578441,45.81383653
87085_0635_00036,rue Boieldieu,36,,EX0480,1565968.70430000,5180790.64100000,1.27523767,45.81410308
87085_0635_00037,rue Boieldieu,37,,EX0478,1565973.18690000,5180773.05730000,1.27530024,45.81394577
87085_0635_00038,rue Boieldieu,38,,EX0481,1565957.74610000,5180775.66400000,1.27510088,45.81396621
87085_0635_00039,rue Boieldieu,39,,EX0477,1565954.01630000,5180752.21290000,1.27505943,45.81375453
87085_0635_00040,rue Boieldieu,40,,EX0482,1565946.09660000,5180760.54860000,1.27495522,45.81382797
87085_0645_00005_bis,rue Boileau,5,bis,BO0814,1563900.98570000,5184245.48560000,1.24766008,45.84477540
87085_0645_00007,rue Boileau,7,,BO0814,1563901.61770000,5184256.67530000,1.24766505,45.84487618
87085_0645_00010,rue Boileau,10,,BO0573,1563912.15660000,5184266.24510000,1.24779799,45.84496435
87085_0645_00012,rue Boileau,12,,BO0669,1563912.45860000,5184275.98590000,1.24779912,45.84505204
87085_0645_00013,rue Boileau,13,,BO0671,1563902.06040000,5184288.31670000,1.24766179,45.84516090
87085_0645_00014,rue Boileau,14,,BO0667,1563912.42330000,5184286.93959999,1.24779556,45.84515057
87085_0645_00016,rue Boileau,16,,BO0665,1563912.64990000,5184297.89960000,1.24779537,45.84524920
87085_0645_00017,rue Boileau,17,,BO0548,1563902.22890000,5184309.03980000,1.24765808,45.84534735
87085_0645_00018,rue Boileau,18,,BO0546,1563912.75540000,5184308.26670000,1.24779380,45.84534248
87085_0645_00019,rue Boileau,19,,BO0663,1563902.51110000,5184320.68430001,1.24765842,45.84545216
87085_0645_00020,rue Boileau,20,,BO0577,1563913.13990000,5184320.07090000,1.24779540,45.84544874
87085_0645_00021,rue Boileau,21,,BO0661,1563902.62490000,5184334.67240000,1.24765592,45.84557801
87085_0645_00022,rue Boileau,22,,BO0552,1563913.06960000,5184328.61700000,1.24779208,45.84552560
87085_0645_00024,rue Boileau,24,,BO0659,1563913.21500000,5184336.73590000,1.24779165,45.84559867
87085_0645_00025,rue Boileau,25,,BO0655,1563902.99600000,5184347.91900000,1.24765695,45.84569724
87085_0645_00026,rue Boileau,26,,BO0657,1563913.34410000,5184345.44630000,1.24779084,45.84567705
87085_0645_00027,rue Boileau,27,,BO0649,1563903.12030000,5184363.43510000,1.24765415,45.84583684
87085_0645_00028,rue Boileau,28,,BO0653,1563913.59640000,5184354.34360000,1.24779157,45.84575713
87085_0645_00030,rue Boileau,30,,BO0651,1563913.88180000,5184365.79170000,1.24779200,45.84586017
87085_0645_00031,rue Boileau,31,,BO0544,1563903.41070000,5184375.96440000,1.24765434,45.84594961
87085_0645_00032,rue Boileau,32,,BO0647,1563913.95850000,5184375.48910000,1.24779024,45.84594742
87085_0645_00033,rue Boileau,33,,BO0643,1563903.51120000,5184385.53920000,1.24765292,45.84603576
87085_0645_00034,rue Boileau,34,,BO0645,1563914.29910000,5184385.48630000,1.24779180,45.84603742
87085_0645_00035,rue Boileau,35,,BO0597,1563903.43120000,5184397.82890000,1.24764841,45.84614630
87085_0645_00036,rue Boileau,36,,BO0595,1563914.37740000,5184395.11510000,1.24779008,45.84612405
87085_0645_00037,rue Boileau,37,,BO0599,1563903.92630000,5184415.73730000,1.24764971,45.84630749
87085_0645_00038,rue Boileau,38,,BO0542,1563914.72330000,5184413.44990000,1.24778934,45.84628905
87085_0645_00039,rue Boileau,39,,BO0641,1563904.02450000,5184427.80560000,1.24764756,45.84641607
87085_0645_00040,rue Boileau,40,,BO0542,1563914.97810000,5184424.04620000,1.24778961,45.84638442
87085_0645_00041,rue Boileau,41,,BO0637,1563904.34630000,5184439.78460000,1.24764831,45.84652389
87085_0645_00042,rue Boileau,42,,BO0639,1563915.57260000,5184434.17340001,1.24779440,45.84647564
87085_0645_00043,rue Boileau,43,,BO0633,1563904.44740000,5184450.12940000,1.24764668,45.84661697
87085_0645_00044,rue Boileau,44,,BO0635,1563915.41920000,5184444.58210000,1.24778948,45.84656924
87085_0645_00045,rue Boileau,45,,BO0629,1563904.68800000,5184456.36700000,1.24764801,45.84667313
87085_0645_00046,rue Boileau,46,,BO0631,1563915.29070000,5184452.15250000,1.24778568,45.84663731
87085_0645_00047,rue Boileau,47,,BO0625,1563904.55490000,5184463.34760000,1.24764432,45.84673589
87085_0645_00048,rue Boileau,48,,BO0707,1563915.08730000,5184459.71860000,1.24778400,45.84670467
87085_0645_00049,rue Boileau,49,,BO0621,1563904.99080000,5184471.46350000,1.24764763,45.84680899
87085_0645_00050,rue Boileau,50,,BO0623,1563915.15050000,5184467.58870000,1.24778259,45.84677548
87085_0645_00051,rue Boileau,51,,BO0617,1563904.94480000,5184487.38520000,1.24764253,45.84695220
87085_0645_00052,rue Boileau,52,,BO0550,1563915.52350000,5184476.83830000,1.24778168,45.84685942
87085_0645_00054,rue Boileau,54,,BO0619,1563915.61710000,5184488.34670000,1.24777963,45.84696296
87085_0645_00056,rue Boileau,56,,BO0615,1563915.86650000,5184499.57460000,1.24777966,45.84706401
87085_0645_00058,rue Boileau,58,,BO0613,1563916.13560000,5184510.53170000,1.24778002,45.84716263
87085_0659_00001,rue Boris Vian,1,,PB0075,1560562.64990000,5182088.33080000,1.20531752,45.82470192
87085_0659_00002,rue Boris Vian,2,,PB0101,1560570.45280000,5182077.20150000,1.20542114,45.82460339
87085_0659_00003,rue Boris Vian,3,,PB0076,1560578.94270000,5182104.32810000,1.20552251,45.82484912
87085_0659_00004,rue Boris Vian,4,,PB0100,1560582.66500000,5182089.05350000,1.20557483,45.82471248
87085_0659_00005,rue Boris Vian,5,,PB0077,1560595.02400000,5182119.98690000,1.20572488,45.82499324
87085_0659_00006,rue Boris Vian,6,,PB0099,1560613.84520000,5182121.15550000,1.20596671,45.82500757
87085_0659_00007,rue Boris Vian,7,,PB0078,1560610.82730000,5182135.49280000,1.20592372,45.82513593
87085_0659_00008,rue Boris Vian,8,,PB0098,1560628.15370000,5182135.05060000,1.20614678,45.82513546
87085_0659_00009,rue Boris Vian,9,,PB0079,1560627.94980000,5182151.79880000,1.20613930,45.82528608
87085_0659_00010,rue Boris Vian,10,,PB0097,1560643.25560000,5182149.48100000,1.20633691,45.82526833
87085_0659_00011,rue Boris Vian,11,,PB0080,1560643.87390000,5182167.61880000,1.20633961,45.82543161
87085_0659_00012,rue Boris Vian,12,,PB0096,1560656.46760000,5182162.32230000,1.20650318,45.82538652
87085_0659_00013,rue Boris Vian,13,,PB0081,1560655.61580000,5182179.05490000,1.20648737,45.82553686
87085_0659_00015,rue Boris Vian,15,,PB0081,1560664.44430000,5182187.64310000,1.20659848,45.82561591
87085_0659_00017,rue Boris Vian,17,,PB0082,1560673.98250000,5182196.79990000,1.20671855,45.82570021
87085_0659_00019,rue Boris Vian,19,,PB0122,1560684.65700000,5182224.82860000,1.20684778,45.82595450
87085_0659_00019_bis,rue Boris Vian,19,bis,PB0116,1560748.11420000,5182260.06580000,1.20765407,45.82628433
87085_0659_00021,rue Boris Vian,21,,PB0124,1560700.08860000,5182237.24640000,1.20704274,45.82606933
87085_0659_00023,rue Boris Vian,23,,PB0123,1560706.37760000,5182242.85450000,1.20712203,45.82612105
87085_0659_00025,rue Boris Vian,25,,PB0125,1560717.48110000,5182245.96500000,1.20726400,45.82615128
87085_0659_00027,rue Boris Vian,27,,PB0126,1560730.09380000,5182254.52330000,1.20742381,45.82623082
87085_0665_00001,rue Bossuet,1,,BE0206,1564178.57410000,5183915.76160000,1.25132621,45.84186424
87085_0665_00003,rue Bossuet,3,,BE0686,1564165.74660000,5183912.19700000,1.25116212,45.84182964
87085_0665_00005,rue Bossuet,5,,BE0204,1564156.44190000,5183909.81570000,1.25104303,45.84180638
87085_0665_00006,rue Bossuet,6,,BE0188,1564176.40220000,5183926.59800000,1.25129519,45.84196129
87085_0665_00007,rue Bossuet,7,,BE0203,1564144.73020000,5183906.85270000,1.25089313,45.84177741
87085_0665_00008,rue Bossuet,8,,BE0189,1564167.80660000,5183924.26810000,1.25118522,45.84193863
87085_0665_00009,rue Bossuet,9,,BE0202,1564137.27580000,5183904.32920000,1.25079790,45.84175324
87085_0665_00010,rue Bossuet,10,,BE0190,1564157.40180000,5183921.47280000,1.25105209,45.84191143
87085_0675_00001,rue Bougainville,1,,EL0248,1566021.50880000,5183363.35990000,1.27520015,45.83725661
87085_0675_00003,rue Bougainville,3,,EL0247,1566010.80920000,5183352.59190000,1.27506545,45.83715766
87085_0675_00004,rue Bougainville,4,,EL0309,1566005.01780000,5183365.26300000,1.27498738,45.83727051
87085_0675_00005,rue Bougainville,5,,EL0246,1565995.96630000,5183337.00570000,1.27487877,45.83701456
87085_0675_00006,rue Bougainville,6,,EL0310,1565997.76380000,5183357.71850000,1.27489613,45.83720123
87085_0675_00008,rue Bougainville,8,,EL0311,1565991.53240000,5183351.58770000,1.27481764,45.83714487
87085_0675_00010,rue Bougainville,10,,EL0312,1565985.50130000,5183345.61350000,1.27474169,45.83708995
87085_0675_00011,rue Bougainville,11,,EL0595,1565978.75940000,5183319.80980000,1.27466212,45.83685652
87085_0675_00011_bis,rue Bougainville,11,bis,EL0744,1565971.97400000,5183313.38390000,1.27457658,45.83679739
87085_0675_00012,rue Bougainville,12,,EL0355,1565980.28940000,5183340.63830000,1.27467600,45.83704418
87085_0675_00013,rue Bougainville,13,,EL0237,1565966.26220000,5183307.50360000,1.27450472,45.83674338
87085_0675_00013_bis,rue Bougainville,13,bis,EL0607,1565960.46820000,5183301.21380000,1.27443190,45.83668567
87085_0675_00014,rue Bougainville,14,,EL0356,1565971.98250000,5183332.04090000,1.27457149,45.83696522
87085_0675_00015,rue Bougainville,15,,EL0231,1565955.53750000,5183296.50170000,1.27436976,45.83664232
87085_0675_00016,rue Bougainville,16,,EL0357,1565963.13410000,5183322.60510000,1.27446025,45.83687862
87085_0675_00017,rue Bougainville,17,,EL0230,1565948.91940000,5183289.27610000,1.27428660,45.83657603
87085_0675_00017_bis,rue Bougainville,17,bis,EL0224,1565941.24320000,5183281.58510000,1.27418996,45.83650535
87085_0675_00019,rue Bougainville,19,,EL0690,1565932.51400000,5183272.93970000,1.27408003,45.83642588
87085_0675_00019_a,rue Bougainville,19,a,EL0690,1565984.77580000,5183249.01390000,1.27475929,45.83622084
87085_0675_00019_b,rue Bougainville,19,b,EL0690,1565967.84050000,5183230.68700000,1.27454645,45.83605267
87085_0675_00019_c,rue Bougainville,19,c,EL0690,1565957.67270000,5183218.87960000,1.27441889,45.83594448
87085_0675_00020,rue Bougainville,20,,EL0358,1565950.07410000,5183309.32770000,1.27429587,45.83675663
87085_0675_00021,rue Bougainville,21,,EL0221,1565924.85640000,5183267.76320000,1.27398293,45.83637782
87085_0675_00023,rue Bougainville,23,,EL0207,1565911.06090000,5183273.05500000,1.27380391,45.83642273
87085_0675_00024,rue Bougainville,24,,EL0360,1565930.05090000,5183288.37670000,1.27404403,45.83656426
87085_0675_00027,rue Bougainville,27,,EL0206,1565890.98020000,5183281.29250000,1.27354318,45.83649292
87085_0675_00028,rue Bougainville,28,,EL0361,1565908.05040000,5183287.56690000,1.27376112,45.83655269
87085_0675_00030,rue Bougainville,30,,EL0362,1565897.33090000,5183291.94280000,1.27362194,45.83658996
87085_2455_00001,rue Bournazel,1,,ES0337,1566630.03730000,5182433.48130000,1.28328970,45.82901000
87085_2455_00002,rue Bournazel,2,,ES0211,1566632.26180000,5182403.31730000,1.28332670,45.82873913
87085_0685_00001,rue Bourneville,1,,NP0001,1563318.54550000,5181352.53090000,1.24098581,45.81863616
87085_0685_00004,rue Bourneville,4,,NN0048,1563300.43430000,5181366.68070001,1.24074900,45.81876000
87085_0685_00006,rue Bourneville,6,,NN0046,1563289.09720000,5181356.98360000,1.24060568,45.81867036
87085_0685_00008,rue Bourneville,8,,NN0045,1563279.44840000,5181354.59230000,1.24048223,45.81864694
87085_0685_00010,rue Bourneville,10,,NN0043,1563268.71990000,5181358.70300000,1.24034303,45.81868178
87085_0685_00012,rue Bourneville,12,,NN0042,1563259.92520000,5181356.52510000,1.24023051,45.81866044
87085_0685_00014,rue Bourneville,14,,NN0109,1563248.97470000,5181353.90430000,1.24009037,45.81863469
87085_0685_00016,rue Bourneville,16,,NN0109,1563240.29770000,5181351.74500000,1.23997935,45.81861354
87085_0685_00018,rue Bourneville,18,,NN0038,1563230.06860000,5181343.04560000,1.23985023,45.81853325
87085_0685_00024,rue Bourneville,24,,NN0027,1563126.79910000,5181326.36770000,1.23852639,45.81836268
87085_0685_00037,rue Bourneville,37,,NP0001,1563123.58580000,5181282.38800000,1.23849756,45.81796642
87085_0685_00040,rue Bourneville,40,,NN0026,1563053.79810000,5181265.89240000,1.23760443,45.81780414
87085_0685_00042,rue Bourneville,42,,NN0153,1563037.11200000,5181257.21130000,1.23739224,45.81772273
87085_0685_00044,rue Bourneville,44,,NN0150,1563011.56450000,5181244.08080000,1.23706731,45.81759953
87085_0685_00050,rue Bourneville,50,,NN0016,1562954.03190000,5181216.63010000,1.23633497,45.81734113
87085_0685_00105,rue Bourneville,105,,NM0005,1562504.56690000,5180885.47460000,1.23064730,45.81427252
87085_0685_00115,rue Bourneville,115,,NM0005,1562519.27770000,5180873.62100000,1.23083993,45.81416883
87085_0685_00117,rue Bourneville,117,,NM0005,1562513.24520000,5180901.56110000,1.23075434,45.81441896
87085_0685_00123,rue Bourneville,123,,NM0005,1562496.89390000,5180864.36070000,1.23055462,45.81408106
87085_0201_00003,rue Bourvil,3,,SR0068,1567229.62820000,5186427.64780000,1.28990146,45.86505617
87085_0201_00004,rue Bourvil,4,,SR0067,1567237.85700000,5186421.91040000,1.29000900,45.86500615
87085_0201_00005,rue Bourvil,5,,SR0056,1567263.80880000,5186438.59680000,1.29033855,45.86516127
87085_0201_00006,rue Bourvil,6,,SR0064,1567276.14010000,5186428.52650000,1.29050011,45.86507306
87085_0201_00007,rue Bourvil,7,,SR0057,1567293.77770000,5186452.87990000,1.29072049,45.86529554
87085_0201_00008,rue Bourvil,8,,SR0063,1567286.27420000,5186430.17880000,1.29063015,45.86508988
87085_0201_00009,rue Bourvil,9,,SR0058,1567293.73640000,5186476.77990000,1.29071335,45.86551053
87085_0201_00010,rue Bourvil,10,,SR0062,1567298.71580000,5186443.04460000,1.29078679,45.86520802
87085_0201_00011,rue Bourvil,11,,SR0052,1567300.18610000,5186485.32480000,1.29079404,45.86558864
87085_0201_00012,rue Bourvil,12,,SR0061,1567309.74790000,5186458.03120000,1.29092470,45.86534496
87085_0201_00014,rue Bourvil,14,,SR0060,1567320.76680000,5186472.68880000,1.29106253,45.86547894
87085_0201_00018,rue Bourvil,18,,SR0051,1567310.09950000,5186493.05880000,1.29091955,45.86566012
87085_0201_00020,rue Bourvil,20,,SR0050,1567300.14180000,5186510.50620000,1.29078651,45.86581515
87085_0201_00022,rue Bourvil,22,,SR0049,1567282.62120000,5186527.27640000,1.29055627,45.86596263
87085_0695_00009,rue Brantôme,9,,BH0373,1563812.70080000,5183637.01820000,1.24669617,45.83928442
87085_0695_00011_bis,rue Brantôme,11,bis,BH0360,1563790.08780000,5183661.60950000,1.24639817,45.83950115
87085_0695_00013,rue Brantôme,13,,BH0360,1563784.12400000,5183668.07380000,1.24631958,45.83955812
87085_0695_00024,rue Brantôme,24,,BM0116,1563761.10800000,5183713.30790000,1.24601054,45.83996047
87085_0695_00025,rue Brantôme,25,,BH0347,1563742.29830000,5183722.85850000,1.24576575,45.84004266
87085_0695_00026,rue Brantôme,26,,BM0187,1563756.22210000,5183719.94710000,1.24594578,45.84001922
87085_0695_00027,rue Brantôme,27,,BH0347,1563729.09070000,5183737.76890000,1.24559154,45.84017417
87085_0695_00028,rue Brantôme,28,,BM0208,1563750.53350000,5183726.36329999,1.24587075,45.84007581
87085_0695_00033,rue Brantôme,33,,BH0344,1563697.66360000,5183771.98220000,1.24517736,45.84047570
87085_0695_00033_bis,rue Brantôme,33,bis,BH0343,1563694.12410000,5183775.85240000,1.24513071,45.84050982
87085_0695_00035,rue Brantôme,35,,BH0342,1563688.11910000,5183782.44100000,1.24505155,45.84056789
87085_0695_00036,rue Brantôme,36,,BM0073,1563723.03370000,5183756.18910000,1.24550836,45.84033866
87085_0695_00037,rue Brantôme,37,,BH0341,1563680.72110000,5183790.59140000,1.24495403,45.84063974
87085_0695_00038,rue Brantôme,38,,None,1563715.51730000,5183764.56520000,1.24540925,45.84041252
87085_0695_00039,rue Brantôme,39,,BH0336,1563673.65510000,5183798.42250000,1.24486086,45.84070879
87085_0695_00043,rue Brantôme,43,,BH0335,1563669.46240000,5183802.98440000,1.24480561,45.84074899
87085_0695_00045,rue Brantôme,45,,BH0334,1563659.43400000,5183814.14920000,1.24467337,45.84084744
87085_0695_00047,rue Brantôme,47,,BH0331,1563653.53110000,5183820.44290000,1.24459561,45.84090288
87085_0695_00052,rue Brantôme,52,,BM0154,1563639.84630000,5183849.49660000,1.24441124,45.84116152
87085_0730_00001,rue Brémontier,1,,IW0070,1562450.66480000,5182477.22300000,1.22949864,45.82858037
87085_0730_00002,rue Brémontier,2,,IW0003,1562439.81350000,5182479.79200000,1.22935827,45.82860130
87085_0730_00005,rue Brémontier,5,,IW0368,1562441.67910000,5182453.98130000,1.22938966,45.82836950
87085_0730_00008,rue Brémontier,8,,IW0004,1562429.08710000,5182452.31390000,1.22922811,45.82835198
87085_0730_00009,rue Brémontier,9,,IW0519,1562433.86340000,5182434.46620000,1.22929468,45.82819239
87085_0730_00011,rue Brémontier,11,,IW0067,1562429.18950000,5182421.71670000,1.22923819,45.82807676
87085_0730_00012,rue Brémontier,12,,IW0005,1562420.95600000,5182431.72810000,1.22912938,45.82816517
87085_0730_00014,rue Brémontier,14,,IW0456,1562417.99280000,5182423.85960000,1.22909350,45.82809380
87085_0730_00015,rue Brémontier,15,,IW0066,1562423.39300000,5182407.33010000,1.22916772,45.82794619
87085_0730_00017,rue Brémontier,17,,IW0065,1562419.05200000,5182396.09620000,1.22911507,45.82784426
87085_0730_00018,rue Brémontier,18,,IW0455,1562410.47010000,5182404.94650000,1.22900211,45.82792216
87085_0730_00019,rue Brémontier,19,,IW0401,1562414.66520000,5182384.69580000,1.22906189,45.82774083
87085_0730_00020,rue Brémontier,20,,IW0454,1562407.03060000,5182395.52190000,1.22896055,45.82783669
87085_0730_00022,rue Brémontier,22,,IW0453,1562402.94070000,5182384.81130000,1.22891099,45.82773953
87085_0730_00024,rue Brémontier,24,,IW0007,1562398.36550000,5182373.05570000,1.22885549,45.82763287
87085_0730_00025,rue Brémontier,25,,IW0492,1562403.47270000,5182356.46920000,1.22892595,45.82748468
87085_0730_00026,rue Brémontier,26,,IW0008,1562394.41410000,5182363.24220000,1.22880745,45.82754380
87085_0730_00027,rue Brémontier,27,,IW0516,1562400.46260000,5182347.81430000,1.22888969,45.82740623
87085_0730_00029,rue Brémontier,29,,IW0516,1562396.72550000,5182338.30540000,1.22884433,45.82731994
87085_0730_00031,rue Brémontier,31,,IW0516,1562393.62600000,5182330.19780000,1.22880677,45.82724639
87085_0730_00033,rue Brémontier,33,,IW0516,1562390.53750000,5182322.50690000,1.22876923,45.82717659
87085_0730_00034,rue Brémontier,34,,IW0507,1562378.51500000,5182322.39400000,1.22861457,45.82717317
87085_0730_00035,rue Brémontier,35,,IW0057,1562386.57770000,5182311.92980000,1.22872130,45.82708065
87085_0730_00036,rue Brémontier,36,,IW0507,1562374.82370000,5182312.36480000,1.22856994,45.82708221
87085_0730_00038,rue Brémontier,38,,IW0395,1562370.53560000,5182301.95720000,1.22851774,45.82698773
87085_0730_00039,rue Brémontier,39,,IW0053,1562377.38320000,5182288.66630000,1.22860966,45.82686954
87085_0730_00040,rue Brémontier,40,,IW0394,1562366.61190000,5182291.93630000,1.22847012,45.82689680
87085_0730_00041,rue Brémontier,41,,IW0435,1562372.94900000,5182277.26980000,1.22855586,45.82676614
87085_0730_00042,rue Brémontier,42,,IW0393,1562363.41050000,5182282.59980000,1.22843160,45.82681217
87085_0730_00043,rue Brémontier,43,,IW0436,1562368.73310000,5182266.20830000,1.22850478,45.82666579
87085_0730_00044,rue Brémontier,44,,IW0011,1562359.79260000,5182274.13350000,1.22838748,45.82673529
87085_0730_00045,rue Brémontier,45,,IW0425,1562365.87100000,5182258.32220000,1.22847021,45.82659428
87085_0730_00046,rue Brémontier,46,,IW0012,1562356.15720000,5182264.14380000,1.22834356,45.82664470
87085_0730_00048,rue Brémontier,48,,IW0585,1562352.31400000,5182254.64330000,1.22829683,45.82655847
87085_0730_00050,rue Brémontier,50,,IW0014,1562347.83590000,5182243.39380000,1.22824243,45.82645638
87085_0730_00052,rue Brémontier,52,,IW0015,1562343.21300000,5182231.30400000,1.22818641,45.82634670
87085_0730_00053,rue Brémontier,53,,IW0427,1562349.76200000,5182216.49620000,1.22827491,45.82621481
87085_0730_00054,rue Brémontier,54,,IW0016,1562339.81660000,5182221.87230000,1.22814540,45.82626118
87085_0730_00055,rue Brémontier,55,,IW0042,1562347.19250000,5182210.38760000,1.22824360,45.82615934
87085_0730_00056,rue Brémontier,56,,IW0017,1562336.35010000,5182212.97790000,1.22810335,45.82618047
87085_0730_00058,rue Brémontier,58,,IW0022,1562331.49610000,5182201.31090000,1.22804423,45.82607455
87085_0730_00060,rue Brémontier,60,,IW0023,1562327.66730000,5182191.19600000,1.22799786,45.82598279
87085_0730_00061,rue Brémontier,61,,IW0630,1562337.81940000,5182186.25040000,1.22813000,45.82594000
87085_0730_00062,rue Brémontier,62,,IW0025,1562322.70230000,5182177.93850000,1.22793777,45.82586254
87085_0730_00063,rue Brémontier,63,,IW0630,1562333.97320000,5182175.91760000,1.22808337,45.82584662
87085_0760_00005,rue Brongniart,5,,BR0292,1564728.48740000,5184178.74300000,1.25832995,45.84433831
87085_0760_00007,rue Brongniart,7,,BR0291,1564718.90610000,5184177.09330000,1.25820709,45.84432159
87085_0760_00008,rue Brongniart,8,,BR0294,1564711.21460000,5184188.94190000,1.25810475,45.84442666
87085_0760_00009,rue Brongniart,9,,BR0290,1564709.54290000,5184175.38110000,1.25808705,45.84430434
87085_0760_00010,rue Brongniart,10,,BR0295,1564700.77170000,5184187.05460000,1.25797087,45.84440763
87085_0760_00011,rue Brongniart,11,,BR0289,1564702.88530000,5184174.27380000,1.25800167,45.84429307
87085_0760_00013,rue Brongniart,13,,BR0288,1564695.11640000,5184172.68940000,1.25790212,45.84427729
87085_0760_00014,rue Brongniart,14,,BR0339,1564627.15560000,5184174.09890000,1.25702699,45.84427659
87085_0760_00015,rue Brongniart,15,,BR0287,1564687.41710000,5184171.47210000,1.25780337,45.84426483
87085_0760_00017,rue Brongniart,17,,BR0286,1564675.27240000,5184169.47250000,1.25764761,45.84424445
87085_0760_00018,rue Brongniart,18,,BR0341,1564593.08040000,5184168.31810000,1.25659003,45.84421788
87085_0760_00021,rue Brongniart,21,,BR0284,1564652.30650000,5184165.45080000,1.25735315,45.84420375
87085_0775_00001,rue Brousseau,1,,DM0103,1564335.26690000,5182807.50270000,1.25365575,45.83192575
87085_0775_00002,rue Brousseau,2,,DM0143,1564345.96800000,5182814.97970000,1.25379135,45.83199512
87085_0775_00004,rue Brousseau,4,,DM0029,1564341.81580000,5182823.27290000,1.25373557,45.83206891
87085_0775_00006,rue Brousseau,6,,DM0028,1564335.93800000,5182835.23750000,1.25365656,45.83217537
87085_0775_00008,rue Brousseau,8,,DM0166,1564329.71690000,5182843.29180000,1.25357423,45.83224660
87085_0775_00010,rue Brousseau,10,,DM0025,1564321.16600000,5182841.50510000,1.25346470,45.83222884
87085_0775_00012,rue Brousseau,12,,DM0024,1564310.54360000,5182835.64190000,1.25332966,45.83217400
87085_0775_00014,rue Brousseau,14,,DM0023,1564300.78900000,5182829.81050000,1.25320578,45.83211962
87085_0778_00089,rue Buck Clayton,89,,ST0180,1566910.93850000,5184943.55590000,1.28620920,45.85164420
87085_0778_00091,rue Buck Clayton,91,,ST0180,1566901.62510000,5184989.06430000,1.28607671,45.85205178
87085_0785_00001,rue Buffon,1,,CV1746,1565482.68380000,5184134.49120000,1.26804982,45.84408821
87085_0785_00002,rue Buffon,2,,CV1738,1565472.14890000,5184142.45100000,1.26791199,45.84415775
87085_0785_00003,rue Buffon,3,,CV1744,1565472.74720000,5184121.56940000,1.26792554,45.84397002
87085_0785_00004,rue Buffon,4,,CV1020,1565464.06100000,5184131.49850000,1.26781096,45.84405764
87085_0785_00005,rue Buffon,5,,CV1742,1565464.41920000,5184110.58210000,1.26782142,45.84386956
87085_0785_00006,rue Buffon,6,,CV1740,1565455.61350000,5184120.67800000,1.26770526,45.84395865
87085_0785_00008,rue Buffon,8,,CV1563,1565448.86220000,5184111.14470000,1.26762103,45.84387157
87085_0815_00006,rue Cambacérès,6,,AZ0079,1563640.00700000,5182969.40580000,1.24466298,45.83324466
87085_0815_00008,rue Cambacérès,8,,AZ0080,1563633.94600000,5182976.60450000,1.24458295,45.83330821
87085_0815_00010,rue Cambacérès,10,,AZ0081,1563628.30180000,5182982.86030000,1.24450854,45.83336337
87085_0815_00012,rue Cambacérès,12,,AZ0082,1563623.56490000,5182988.26850000,1.24444605,45.83341108
87085_0815_00014,rue Cambacérès,14,,AZ0083,1563618.15870000,5182993.75770000,1.24437492,45.83345938
87085_0815_00015,rue Cambacérès,15,,AZ1034,1563601.51770000,5182992.99020000,1.24416099,45.83344918
87085_0815_00016,rue Cambacérès,16,,AZ0084,1563612.65170000,5183000.22200000,1.24430222,45.83351644
87085_0815_00018,rue Cambacérès,18,,AZ0085,1563606.62090000,5183006.64390000,1.24422278,45.83357301
87085_0815_00020,rue Cambacérès,20,,AZ0086,1563603.14540000,5183010.41080000,1.24417699,45.83360621
87085_0826_00002,rue Camille Chabaneau,2,,TC0110,1566845.66090000,5181159.75590000,1.28641699,45.81759381
87085_0826_00004,rue Camille Chabaneau,4,,TC0109,1566844.33300000,5181141.15930000,1.28640506,45.81742627
87085_0826_00005,rue Camille Chabaneau,5,,TC0112,1566853.68300000,5181130.25810000,1.28652836,45.81733001
87085_0826_00006,rue Camille Chabaneau,6,,TC0108,1566842.75510000,5181125.45340000,1.28638910,45.81728467
87085_0826_00007,rue Camille Chabaneau,7,,TC0113,1566850.83340000,5181110.25270000,1.28649724,45.81714950
87085_0826_00008,rue Camille Chabaneau,8,,TC0107,1566836.40680000,5181101.57700000,1.28631404,45.81706866
87085_0826_00009,rue Camille Chabaneau,9,,TC0115,1566829.60370000,5181051.19420000,1.28624047,45.81661412
87085_0826_00010,rue Camille Chabaneau,10,,TC0106,1566828.45630000,5181080.14740000,1.28621769,45.81687435
87085_0826_00012,rue Camille Chabaneau,12,,TC0105,1566822.27920000,5181061.88720000,1.28614328,45.81670889
87085_0826_00014,rue Camille Chabaneau,14,,TC0104,1566815.15380000,5181042.76290000,1.28605691,45.81653547
87085_0826_00015,rue Camille Chabaneau,15,,TC0121,1566819.15150000,5180985.86230000,1.28612409,45.81602439
87085_0826_00016,rue Camille Chabaneau,16,,TC0103,1566809.26740000,5181023.97390000,1.28598638,45.81636532
87085_0826_00017,rue Camille Chabaneau,17,,TC0122,1566842.15760000,5180972.14160000,1.28642386,45.81590542
87085_0826_00018,rue Camille Chabaneau,18,,TC0102,1566804.22190000,5181004.09730000,1.28592698,45.81618554
87085_0826_00019,rue Camille Chabaneau,19,,TC0123,1566872.53470000,5180979.38700000,1.28681265,45.81597647
87085_0826_00020,rue Camille Chabaneau,20,,TC0101,1566804.49000000,5180976.09950000,1.28593818,45.81593373
87085_0826_00022,rue Camille Chabaneau,22,,TC0100,1566802.77340000,5180957.40340000,1.28592127,45.81576521
87085_0826_00024,rue Camille Chabaneau,24,,TC0099,1566804.37150000,5180946.56400000,1.28594483,45.81566801
87085_0826_00026,rue Camille Chabaneau,26,,TC0098,1566820.51680000,5180968.64170000,1.28614642,45.81586974
87085_0826_00028,rue Camille Chabaneau,28,,TC0097,1566837.21090000,5180962.26100000,1.28636296,45.81581558
87085_0826_00030,rue Camille Chabaneau,30,,TC0096,1566860.35910000,5180965.37340000,1.28665989,45.81584805
87085_0826_00032,rue Camille Chabaneau,32,,TC0094,1566878.60020000,5180969.79210000,1.28689333,45.81589133
87085_0833_00001,rue Camille Faure,1,,TZ0022,1566112.10550000,5185653.68560000,1.27572789,45.85787714
87085_0833_00002,rue Camille Faure,2,,TZ0009,1566087.78770000,5185640.92220000,1.27541837,45.85775759
87085_0833_00003,rue Camille Faure,3,,TZ0023,1566117.48710000,5185646.75240000,1.27579911,45.85781582
87085_0833_00005,rue Camille Faure,5,,TZ0024,1566125.72990000,5185636.71260000,1.27590803,45.85772711
87085_0833_00007,rue Camille Faure,7,,TZ0026,1566147.48010000,5185620.77370000,1.27619249,45.85758797
87085_0833_00008,rue Camille Faure,8,,TZ0020,1566118.74390000,5185629.76580000,1.27582002,45.85766326
87085_0833_00009,rue Camille Faure,9,,TZ0027,1566166.00440000,5185627.68200000,1.27642905,45.85765372
87085_0833_00011,rue Camille Faure,11,,TZ0028,1566174.35610000,5185636.44590000,1.27653413,45.85773418
87085_0833_00014,rue Camille Faure,14,,TZ0019,1566135.05570000,5185614.03990000,1.27603441,45.85752497
87085_0833_00015,rue Camille Faure,15,,TZ0029,1566175.00700000,5185653.97440000,1.27653763,45.85789198
87085_0833_00017,rue Camille Faure,17,,TZ0030,1566172.63840000,5185662.46920000,1.27650477,45.85796794
87085_0833_00019,rue Camille Faure,19,,TZ0031,1566166.22740000,5185670.91130000,1.27641988,45.85804263
87085_0833_00022,rue Camille Faure,22,,TZ0036,1566185.96620000,5185640.89740000,1.27668237,45.85777648
87085_0833_00024,rue Camille Faure,24,,TZ0035,1566186.27930000,5185647.99010000,1.27668442,45.85784035
87085_0833_00026,rue Camille Faure,26,,TZ0034,1566184.57880000,5185655.89260000,1.27666033,45.85791110
87085_0833_00028,rue Camille Faure,28,,TZ0033,1566189.53170000,5185665.47280000,1.27672142,45.85799825
87085_0833_00030,rue Camille Faure,30,,TZ0032,1566186.64150000,5185675.59180000,1.27668140,45.85808871
87085_0835_00001,rue Camille Flammarion,1,,BC0149,1563786.12550000,5183269.15500000,1.24645839,45.83597003
87085_0835_00002,rue Camille Flammarion,2,,BC0118,1563780.49050000,5183278.49300000,1.24638323,45.83605291
87085_0835_00005,rue Camille Flammarion,5,,BC0309,1563768.92970000,5183263.40500000,1.24623873,45.83591489
87085_0835_00006,rue Camille Flammarion,6,,BC0120,1563759.85380000,5183271.50930000,1.24611963,45.83598600
87085_0835_00007,rue Camille Flammarion,7,,BC0146,1563757.46820000,5183259.90020000,1.24609222,45.83588110
87085_0835_00009,rue Camille Flammarion,9,,BC0143,1563745.08750000,5183256.03110000,1.24593399,45.83584384
87085_0835_00012,rue Camille Flammarion,12,,BC0122,1563736.41240000,5183264.04000000,1.24582007,45.83591416
87085_0835_00014,rue Camille Flammarion,14,,BC0123,1563727.65840000,5183261.37190000,1.24570817,45.83588843
87085_0835_00015,rue Camille Flammarion,15,,BC0142,1563718.80480000,5183247.65890000,1.24559812,45.83576332
87085_0835_00017,rue Camille Flammarion,17,,BC0334,1563709.04700000,5183242.30210000,1.24547406,45.83571320
87085_0835_00017_b,rue Camille Flammarion,17,b,BC0343,1563715.79390000,5183225.63330000,1.24556562,45.83556459
87085_0835_00018,rue Camille Flammarion,18,,BC0124,1563712.28070000,5183256.28270000,1.24551171,45.83583960
87085_0835_00019,rue Camille Flammarion,19,,BC0341,1563701.01780000,5183234.94800000,1.24537282,45.83564545
87085_0835_00020,rue Camille Flammarion,20,,BC0125,1563704.44720000,5183252.20060000,1.24541206,45.83580133
87085_0835_00021,rue Camille Flammarion,21,,BC0140,1563696.42470000,5183230.83550000,1.24531488,45.83560755
87085_0835_00022,rue Camille Flammarion,22,,BC0126,1563700.10530000,5183248.16870000,1.24535733,45.83576420
87085_0835_00023,rue Camille Flammarion,23,,BC0135,1563687.11100000,5183222.36470000,1.24519742,45.83552950
87085_0835_00024,rue Camille Flammarion,24,,BC0127,1563694.64700000,5183243.46520000,1.24528842,45.83572081
87085_0835_00025,rue Camille Flammarion,25,,BC0134,1563679.43380000,5183215.26760000,1.24510063,45.83546414
87085_0835_00026,rue Camille Flammarion,26,,BC0128,1563688.67220000,5183237.91420000,1.24521310,45.83566969
87085_0835_00027,rue Camille Flammarion,27,,BC0133,1563672.88570000,5183209.29740000,1.24501806,45.83540913
87085_0835_00028,rue Camille Flammarion,28,,BC0129,1563683.30910000,5183232.81010000,1.24514553,45.83562271
87085_0835_00029,rue Camille Flammarion,29,,BC0249,1563666.68250000,5183203.92830000,1.24493975,45.83535961
87085_0835_00030,rue Camille Flammarion,30,,BC0242,1563675.91620000,5183226.29230000,1.24505224,45.83556261
87085_0835_00032,rue Camille Flammarion,32,,BC0130,1563667.77600000,5183218.49350000,1.24494969,45.83549084
87085_0835_00036,rue Camille Flammarion,36,,BC0239,1563659.78780000,5183211.27900000,1.24484894,45.83542436
87085_0836_00016,rue Camille Fondanèche,16,,SH0122,1558320.49820000,5186793.27450000,1.17508179,45.86656640
87085_0828_00004,rue Camille Guérin,4,,NK0189,1562474.55270000,5181596.55430000,1.23005788,45.82066306
87085_0828_00006,rue Camille Guérin,6,,NK0190,1562495.79470000,5181576.36830000,1.23033694,45.82048573
87085_0828_00006_bis,rue Camille Guérin,6,bis,NK0190,1562495.63790000,5181573.39740000,1.23033577,45.82045897
87085_0828_00007,rue Camille Guérin,7,,NM0062,1562506.55850000,5181559.40850000,1.23048027,45.82033532
87085_0828_00008,rue Camille Guérin,8,,NK0190,1562494.87910000,5181563.79590000,1.23032876,45.82037245
87085_0828_00010,rue Camille Guérin,10,,NK0193,1562493.93680000,5181557.25590000,1.23031850,45.82031343
87085_0828_00010_bis,rue Camille Guérin,10,bis,NK0193,1562493.37560000,5181553.51870000,1.23031235,45.82027970
87085_0828_00012,rue Camille Guérin,12,,NK0194,1562489.51400000,5181537.01430000,1.23026739,45.82013046
87085_0828_00014,rue Camille Guérin,14,,NK0195,1562486.51990000,5181521.49590000,1.23023330,45.81999027
87085_0828_00016,rue Camille Guérin,16,,NK0200,1562479.55240000,5181504.56650000,1.23014850,45.81983659
87085_0828_00018,rue Camille Guérin,18,,NK0201,1562476.37370000,5181491.41340000,1.23011137,45.81971763
87085_0828_00019,rue Camille Guérin,19,,NM0060,1562493.95420000,5181498.12360000,1.23033563,45.81978151
87085_0828_00020,rue Camille Guérin,20,,NK0212,1562472.75240000,5181477.07990000,1.23006888,45.81958797
87085_0828_00022,rue Camille Guérin,22,,NK0213,1562469.04900000,5181462.71520000,1.23002534,45.81945801
87085_0828_00023,rue Camille Guérin,23,,NM0043,1562488.97880000,5181476.40490000,1.23027783,45.81958514
87085_0828_00024,rue Camille Guérin,24,,NK0214,1562464.35800000,5181444.86630000,1.22997009,45.81929651
87085_0828_00027,rue Camille Guérin,27,,NM0042,1562484.33970000,5181455.21300000,1.23022421,45.81939358
87085_0828_00030,rue Camille Guérin,30,,NK0219,1562457.76500000,5181418.06530000,1.22989294,45.81905411
87085_0828_00031,rue Camille Guérin,31,,NM0041,1562476.85220000,5181430.14940000,1.23013504,45.81916662
87085_0828_00032,rue Camille Guérin,32,,NK0220,1562453.06270000,5181398.12530000,1.22983814,45.81887379
87085_0828_00034,rue Camille Guérin,34,,NK0220,1562445.91760000,5181384.61060000,1.22975008,45.81875079
87085_0828_00035,rue Camille Guérin,35,,NM0040,1562467.89880000,5181402.85070000,1.23002766,45.81891927
87085_0828_00036,rue Camille Guérin,36,,NK0221,1562437.23600000,5181373.42590000,1.22964159,45.81864844
87085_0828_00037,rue Camille Guérin,37,,NL0011,1562241.28190000,5181154.14830000,1.22718340,45.81663671
87085_0828_00038,rue Camille Guérin,38,,NK0362,1562433.10850000,5181368.87510001,1.22959000,45.81860700
87085_0828_00039,rue Camille Guérin,39,,NL0013,1562180.97360000,5181194.54650000,1.22639598,45.81698804
87085_0828_00039_a,rue Camille Guérin,39,a,NL0011,1562247.89650000,5181136.68580000,1.22727350,45.81648095
87085_0828_00039_b,rue Camille Guérin,39,b,NL0013,1562303.64990000,5181186.36590000,1.22797653,45.81693901
87085_0828_00039_c,rue Camille Guérin,39,c,NL0012,1562325.09770000,5181103.64740000,1.22827612,45.81619921
87085_0828_00039_d,rue Camille Guérin,39,d,NM0009,1562435.05800000,5181162.04150000,1.22967403,45.81674649
87085_0828_00039_e,rue Camille Guérin,39,e,NM0010,1562454.00970000,5181256.74810000,1.22989075,45.81760222
87085_0828_00039_f,rue Camille Guérin,39,f,NM0085,1562570.57000000,5181300.46410000,1.23137781,45.81801877
87085_0828_00039_g,rue Camille Guérin,39,g,NM0011,1562572.87700000,5181243.92420000,1.23142364,45.81751062
87085_0828_00039_h,rue Camille Guérin,39,h,NM0015,1562623.09030000,5181245.88750000,1.23206908,45.81753831
87085_0828_00041,rue Camille Guérin,41,,NL0026,1562161.27650000,5181179.81090000,1.22614680,45.81685154
87085_0828_00050,rue Camille Guérin,50,,NK0339,1562380.63790000,5181328.44400000,1.22892631,45.81823249
87085_0828_00052,rue Camille Guérin,52,,NK0242,1562365.39790000,5181318.44270000,1.22873311,45.81813947
87085_0828_00054,rue Camille Guérin,54,,NK0243,1562349.99910000,5181308.60020000,1.22853782,45.81804785
87085_0828_00058,rue Camille Guérin,58,,NK0228,1562327.20010000,5181296.05630000,1.22824810,45.81793045
87085_0840_00002,rue Camille Jullian,2,,IX0510,1562527.63910000,5182660.77170000,1.23043662,45.83024687
87085_0840_00003,rue Camille Jullian,3,,IX0509,1562509.91920000,5182657.09220000,1.23020966,45.83021023
87085_0840_00004,rue Camille Jullian,4,,IX0511,1562514.33570000,5182665.15950000,1.23026418,45.83028368
87085_0840_00006,rue Camille Jullian,6,,IX0512,1562502.54010000,5182668.73690000,1.23011138,45.83031351
87085_0840_00007,rue Camille Jullian,7,,IX0507,1562487.73080000,5182664.16780000,1.22992212,45.83026944
87085_0840_00008,rue Camille Jullian,8,,IX0513,1562494.70040000,5182671.17050000,1.23000980,45.83033383
87085_0840_00009,rue Camille Jullian,9,,IX0506,1562477.77840000,5182667.46850000,1.22979311,45.83029714
87085_0840_00010,rue Camille Jullian,10,,IX0514,1562484.74600000,5182674.59910000,1.22988073,45.83036268
87085_0840_00011,rue Camille Jullian,11,,IX0505,1562465.85000000,5182671.02840000,1.22963859,45.83032678
87085_0840_00012,rue Camille Jullian,12,,IX0515,1562474.06690000,5182678.03730000,1.22974232,45.83039147
87085_0840_00013,rue Camille Jullian,13,,IX0504,1562455.28620000,5182674.40460000,1.22950169,45.83035504
87085_0840_00014,rue Camille Jullian,14,,IX0516,1562463.55950000,5182681.19250000,1.22960621,45.83041776
87085_0840_00015,rue Camille Jullian,15,,IX0503,1562446.60090000,5182677.37500000,1.22938908,45.83038002
87085_0840_00016,rue Camille Jullian,16,,IX0517,1562453.12810000,5182684.62700000,1.22947100,45.83044656
87085_0840_00017,rue Camille Jullian,17,,IX0502,1562435.88450000,5182681.04350000,1.22925014,45.83041088
87085_0840_00018,rue Camille Jullian,18,,IX0518,1562443.02380000,5182687.91070000,1.22934004,45.83047408
87085_0840_00019,rue Camille Jullian,19,,IX0806,1562424.43120000,5182685.04970000,1.22910161,45.83044463
87085_0840_00020,rue Camille Jullian,20,,IX0519,1562429.78230000,5182691.97340000,1.22916849,45.83050798
87085_0840_00021,rue Camille Jullian,21,,IX0500,1562414.18010000,5182687.82530000,1.22896890,45.83046754
87085_0840_00022,rue Camille Jullian,22,,IX0520,1562414.99230000,5182696.80870000,1.22897678,45.83054852
87085_0840_00023,rue Camille Jullian,23,,IX0499,1562404.62660000,5182691.25350000,1.22884499,45.83049647
87085_0840_00024,rue Camille Jullian,24,,IX0521,1562400.06180000,5182701.53780000,1.22878331,45.83058807
87085_0840_00025,rue Camille Jullian,25,,IX0498,1562394.24580000,5182694.29380000,1.22871054,45.83052174
87085_0840_00026,rue Camille Jullian,26,,IX0522,1562385.67540000,5182706.16440000,1.22859686,45.83062681
87085_0840_00027,rue Camille Jullian,27,,IX0497,1562384.55330000,5182697.59240000,1.22858487,45.83054948
87085_0840_00028,rue Camille Jullian,28,,IX0523,1562374.04210000,5182709.73070000,1.22844614,45.83065656
87085_0840_00029,rue Camille Jullian,29,,IX0496,1562374.88850000,5182700.52450000,1.22845967,45.83057392
87085_0840_00030,rue Camille Jullian,30,,IX0524,1562361.59220000,5182713.81250000,1.22828477,45.83069079
87085_0840_00031,rue Camille Jullian,31,,IX0495,1562364.66500000,5182703.68110000,1.22832721,45.83060027
87085_0845_00001,rue Camille Pelletan,1,,EL0439,1565762.26160000,5183316.03620000,1.27187694,45.83678034
87085_0845_00004,rue Camille Pelletan,4,,EL0441,1565720.58010000,5183338.70300000,1.27133418,45.83697611
87085_0845_00011,rue Camille Pelletan,11,,EL0753,1565722.56150000,5183325.27010000,1.27136343,45.83685566
87085_4190_00001,rue Camille Pissarro,1,,SO0001,1565658.00940000,5185518.41330000,1.26991949,45.85657169
87085_4190_00002,rue Camille Pissarro,2,,SP0277,1565661.84100000,5185402.85780000,1.27000114,45.85553295
87085_4190_00004,rue Camille Pissarro,4,,SP0277,1565669.51390000,5185405.63590000,1.27009914,45.85555944
87085_4190_00006,rue Camille Pissarro,6,,SP0277,1565679.28120000,5185409.56190000,1.27022379,45.85559666
87085_4190_00008,rue Camille Pissarro,8,,SP0277,1565688.59040000,5185413.01780000,1.27034267,45.85562957
87085_4190_00010,rue Camille Pissarro,10,,SP0277,1565703.51290000,5185413.57340000,1.27053462,45.85563748
87085_4190_00011,rue Camille Pissarro,11,,SP0283,1565730.34180000,5185488.02730000,1.27085920,45.85631248
87085_4190_00012,rue Camille Pissarro,12,,SP0277,1565706.05290000,5185406.98530001,1.27056917,45.85557872
87085_4190_00013,rue Camille Pissarro,13,,SP0283,1565749.09900000,5185495.17660000,1.27109869,45.85638046
87085_4190_00015,rue Camille Pissarro,15,,SP0283,1565766.41140000,5185501.29290000,1.27131986,45.85643886
87085_4190_00017,rue Camille Pissarro,17,,SP0283,1565783.33350000,5185507.51320000,1.27153598,45.85649812
87085_4190_00018,rue Camille Pissarro,18,,SP0272,1565765.54550000,5185445.68850000,1.27132425,45.85593849
87085_4190_00019,rue Camille Pissarro,19,,SP0283,1565800.64150000,5185513.94360000,1.27175701,45.85655934
87085_4190_00021,rue Camille Pissarro,21,,SP0283,1565817.93050000,5185520.21480000,1.27197784,45.85661913
87085_4190_00023,rue Camille Pissarro,23,,SP0283,1565834.86350000,5185526.53800000,1.27219407,45.85667932
87085_4190_00024,rue Camille Pissarro,24,,SP0272,1565866.30380000,5185467.21530000,1.27261540,45.85615181
87085_4190_00025,rue Camille Pissarro,25,,SP0283,1565854.15020000,5185533.39030000,1.27244045,45.85674472
87085_4190_00026,rue Camille Pissarro,26,,SP0272,1565865.85700000,5185453.23580000,1.27261355,45.85602597
87085_4190_00028,rue Camille Pissarro,28,,SP0272,1565879.37590000,5185416.23190000,1.27279793,45.85569573
87085_4190_00032,rue Camille Pissarro,32,,SP0272,1565887.87250000,5185393.32610000,1.27291371,45.85549134
87085_4190_00040,rue Camille Pissarro,40,,SP0122,1565901.29140000,5185344.91440000,1.27309998,45.85505846
87085_4190_00042,rue Camille Pissarro,42,,SP0121,1565901.49450000,5185318.00560000,1.27311010,45.85481644
87085_4190_00046,rue Camille Pissarro,46,,SP0146,1565964.73340000,5185266.26570000,1.27393866,45.85436334
87085_4190_00048,rue Camille Pissarro,48,,SP0145,1565964.95240000,5185239.82410000,1.27394886,45.85412553
87085_4190_00054,rue Camille Pissarro,54,,SP0144,1566015.85240000,5185216.12040000,1.27461074,45.85392222
87085_4190_00056,rue Camille Pissarro,56,,SP0143,1566032.82150000,5185196.60320000,1.27483463,45.85374996
87085_0852_00001,rue Camille Sée,1,,IN0005,1563230.52320000,5182290.39590000,1.23958665,45.82705528
87085_0852_00003,rue Camille Sée,3,,IN0399,1563226.74410000,5182281.39060000,1.23954058,45.82697352
87085_0852_00004,rue Camille Sée,4,,IN0003,1563213.73300000,5182272.41310000,1.23937572,45.82689018
87085_0852_00005,rue Camille Sée,5,,IN0428,1563222.53090000,5182271.43570000,1.23948920,45.82688313
87085_0852_00007,rue Camille Sée,7,,IN0011,1563214.61290000,5182251.62150000,1.23939296,45.82670332
87085_0852_00009,rue Camille Sée,9,,IN0012,1563212.00640000,5182245.26320000,1.23936123,45.82664560
87085_0852_00011,rue Camille Sée,11,,IN0017,1563208.69830000,5182237.01400000,1.23932101,45.82657074
87085_0852_00012,rue Camille Sée,12,,IN0469,1563193.09550000,5182230.50300000,1.23912210,45.82650907
87085_0852_00013,rue Camille Sée,13,,IN0018,1563204.29330000,5182226.07400000,1.23926744,45.82647145
87085_0852_00015,rue Camille Sée,15,,IN0019,1563200.04400000,5182215.84090000,1.23921568,45.82637855
87085_0852_00017,rue Camille Sée,17,,IN0020,1563197.39480000,5182208.83810000,1.23918358,45.82631503
87085_0852_00019,rue Camille Sée,19,,IN0021,1563194.39970000,5182202.05780000,1.23914697,45.82625345
87085_0852_00020,rue Camille Sée,20,,IN0450,1563173.46870000,5182177.66520000,1.23888460,45.82602986
87085_0852_00021,rue Camille Sée,21,,IN0026,1563191.47860000,5182192.71020000,1.23911205,45.82616878
87085_0852_00025,rue Camille Sée,25,,IN0027,1563188.43640000,5182182.30300000,1.23907586,45.82607455
87085_0852_00027,rue Camille Sée,27,,IN0030,1563185.40740000,5182173.19820000,1.23903948,45.82599205
87085_0852_00029,rue Camille Sée,29,,IN0032,1563179.83350000,5182154.44490000,1.23897310,45.82582224
87085_0852_00031,rue Camille Sée,31,,IN0035,1563173.11930000,5182132.85520000,1.23889285,45.82562670
87085_0858_00004,rue Capitaine Demaison,4,,TC0173,1567127.07880000,5180965.53950000,1.29009114,45.81590112
87085_0858_00005,rue Capitaine Demaison,5,,TC0080,1567077.27040000,5180963.09600000,1.28945104,45.81586951
87085_0858_00006,rue Capitaine Demaison,6,,TC0172,1567111.63590000,5180969.77210000,1.28989130,45.81593621
87085_0858_00008,rue Capitaine Demaison,8,,TC0171,1567097.16580000,5180974.53960000,1.28970383,45.81597630
87085_0858_00010,rue Capitaine Demaison,10,,TC0170,1567082.08240000,5180980.88360000,1.28950803,45.81603046
87085_0858_00012,rue Capitaine Demaison,12,,TC0170,1567067.33870000,5180984.49430000,1.28931735,45.81606009
87085_0858_00014,rue Capitaine Demaison,14,,TC0169,1567053.55950000,5180989.74890000,1.28913863,45.81610469
87085_0858_00016,rue Capitaine Demaison,16,,TC0168,1567037.72980000,5180994.55740000,1.28893366,45.81614489
87085_0856_00001,rue Capitaine Fonck,1,,ET0145,1566193.69120000,5181658.20690000,1.27789063,45.82195119
87085_0856_00003,rue Capitaine Fonck,3,,ET0146,1566205.87720000,5181642.89840000,1.27805168,45.82181585
87085_0856_00004,rue Capitaine Fonck,4,,ET0113,1566197.74900000,5181635.45700000,1.27794917,45.82174733
87085_0856_00005,rue Capitaine Fonck,5,,ET0147,1566214.57480000,5181630.99290000,1.27816689,45.82171045
87085_0856_00006,rue Capitaine Fonck,6,,ET0112,1566204.95090000,5181624.69660000,1.27804482,45.82165194
87085_0856_00007,rue Capitaine Fonck,7,,ET0096,1566222.50740000,5181617.29300000,1.27827277,45.82158875
87085_0856_00008,rue Capitaine Fonck,8,,ET0111,1566211.30850000,5181613.67050000,1.27812969,45.82155399
87085_0856_00009,rue Capitaine Fonck,9,,ET0097,1566228.68010000,5181605.38630000,1.27835550,45.82148284
87085_0856_00010,rue Capitaine Fonck,10,,ET0110,1566217.08870000,5181602.70390000,1.27820711,45.82145646
87085_0856_00011,rue Capitaine Fonck,11,,ET0098,1566234.15100000,5181594.23710000,1.27842899,45.82138361
87085_0856_00012,rue Capitaine Fonck,12,,ET0109,1566223.10850000,5181590.26540000,1.27828802,45.82134574
87085_0856_00013,rue Capitaine Fonck,13,,ET0099,1566239.09640000,5181580.21530000,1.27849652,45.82125844
87085_0856_00014,rue Capitaine Fonck,14,,ET0108,1566228.45770000,5181575.47790000,1.27836096,45.82121375
87085_0857_00003,rue Capitaine Viguier,3,,ER0442,1565894.55520000,5182074.53800000,1.27392581,45.82563810
87085_0857_00004,rue Capitaine Viguier,4,,ER0010,1565850.50110000,5182094.83150000,1.27335330,45.82581206
87085_0857_00005,rue Capitaine Viguier,5,,ER0614,1565908.28610000,5182070.70650000,1.27410355,45.82560631
87085_0857_00008,rue Capitaine Viguier,8,,ER0008,1565868.12700000,5182073.76820000,1.27358597,45.82562602
87085_0857_00009,rue Capitaine Viguier,9,,ER0304,1565928.11630000,5182062.59810000,1.27436096,45.82553724
87085_0857_00010,rue Capitaine Viguier,10,,ER0008,1565875.65720000,5182071.21760000,1.27368357,45.82560455
87085_0857_00012,rue Capitaine Viguier,12,,ER0011,1565882.36220000,5182068.66740000,1.27377056,45.82558291
87085_0857_00014,rue Capitaine Viguier,14,,ER0013,1565892.77980000,5182064.74290000,1.27390569,45.82554964
87085_0857_00015,rue Capitaine Viguier,15,,ER0031,1565972.43650000,5182041.94120000,1.27493699,45.82536005
87085_0857_00016,rue Capitaine Viguier,16,,ER0014,1565902.18980000,5182061.20690000,1.27402776,45.82551967
87085_0857_00017,rue Capitaine Viguier,17,,ER0030,1565981.88110000,5182037.17700000,1.27505984,45.82531904
87085_0857_00018,rue Capitaine Viguier,18,,ER0631,1565911.46870000,5182057.43220000,1.27414820,45.82548752
87085_0857_00019,rue Capitaine Viguier,19,,ER0029,1565990.81400000,5182030.88040000,1.27517653,45.82526413
87085_0857_00021,rue Capitaine Viguier,21,,ER0028,1566001.57050000,5182021.38180000,1.27531758,45.82518078
87085_0857_00023,rue Capitaine Viguier,23,,ER0027,1566008.40100000,5182015.17480000,1.27540720,45.82512628
87085_0857_00024,rue Capitaine Viguier,24,,ER0019,1565956.21760000,5182038.08040000,1.27472938,45.82532216
87085_0857_00025,rue Capitaine Viguier,25,,ER0297,1566013.01630000,5182010.76020000,1.27546781,45.82508747
87085_0857_00026,rue Capitaine Viguier,26,,ER0020,1565971.81210000,5182030.04410000,1.27493227,45.82525291
87085_0857_00027,rue Capitaine Viguier,27,,ER0025,1566018.19730000,5182006.58430000,1.27553564,45.82505091
87085_0857_00028,rue Capitaine Viguier,28,,ER0021,1565990.74280000,5182016.23760000,1.27517970,45.82513240
87085_0857_00029,rue Capitaine Viguier,29,,ER0024,1566023.92020000,5182001.57090000,1.27561067,45.82500693
87085_0857_00030,rue Capitaine Viguier,30,,ER0298,1565999.65030000,5182008.07630000,1.27529658,45.82506072
87085_0857_00032,rue Capitaine Viguier,32,,ER0300,1566009.84950000,5181999.00980000,1.27543034,45.82498115
87085_0857_00036,rue Capitaine Viguier,36,,ER0299,1566018.63560000,5181991.54100000,1.27554547,45.82491567
87085_2625_00004,rue Carpeaux,4,,CT1051,1565781.13790000,5183993.64630000,1.27193063,45.84287955
87085_2625_00009,rue Carpeaux,9,,CT1047,1565754.20940000,5184008.71440000,1.27157983,45.84300984
87085_2625_00011,rue Carpeaux,11,,CT1075,1565747.06170000,5184015.40040000,1.27148596,45.84306858
87085_2625_00013,rue Carpeaux,13,,CT1049,1565737.00440000,5184024.77409999,1.27135390,45.84315094
87085_2625_00014,rue Carpeaux,14,,CT0908,1565741.95770000,5184030.44870000,1.27141606,45.84320296
87085_2625_00015,rue Carpeaux,15,,CT0938,1565727.07010000,5184034.44220000,1.27122333,45.84323597
87085_3160_00001,rue Casimir Ranson,1,,IN0138,1563981.35070000,5182101.42750000,1.24930118,45.82550430
87085_3160_00005,rue Casimir Ranson,5,,IN0137,1563959.72410000,5182106.40060000,1.24902150,45.82554476
87085_3160_00006,rue Casimir Ranson,6,,IN0175,1563986.90470000,5182114.75540000,1.24936887,45.82562529
87085_3160_00007,rue Casimir Ranson,7,,IN0139,1563946.59360000,5182109.37850000,1.24885171,45.82556895
87085_3160_00009,rue Casimir Ranson,9,,IN0140,1563934.48690000,5182112.14670000,1.24869515,45.82559145
87085_3160_00011,rue Casimir Ranson,11,,IN0141,1563923.99470000,5182114.51100000,1.24855948,45.82561065
87085_3160_00013,rue Casimir Ranson,13,,IN0142,1563915.70450000,5182116.44720000,1.24845226,45.82562642
87085_3160_00015,rue Casimir Ranson,15,,IN0143,1563908.19100000,5182118.23820000,1.24835508,45.82564105
87085_3160_00017,rue Casimir Ranson,17,,IN0144,1563896.67270000,5182120.81170000,1.24820615,45.82566192
87085_3160_00021,rue Casimir Ranson,21,,IN0317,1563868.14260000,5182127.66200000,1.24783711,45.82571789
87085_3160_00023,rue Casimir Ranson,23,,IN0149,1563856.01180000,5182130.07440000,1.24768035,45.82573719
87085_3160_00025,rue Casimir Ranson,25,,IN0150,1563841.59630000,5182131.73160000,1.24749439,45.82574925
87085_3160_00027,rue Casimir Ranson,27,,IN0152,1563829.88890000,5182133.17670000,1.24734335,45.82575993
87085_3160_00028,rue Casimir Ranson,28,,IN0357,1563864.35260000,5182138.01480000,1.24778542,45.82581027
87085_3160_00029,rue Casimir Ranson,29,,IN0437,1563818.90870000,5182135.69030000,1.24720135,45.82578037
87085_3160_00031,rue Casimir Ranson,31,,IN0155,1563801.69650000,5182142.55340000,1.24697794,45.82583870
87085_3160_00035,rue Casimir Ranson,35,,IN0156,1563791.13100000,5182146.97120000,1.24684074,45.82587634
87085_3160_00041,rue Casimir Ranson,41,,IN0157,1563761.65430000,5182158.08610000,1.24645832,45.82597049
87085_3160_00047,rue Casimir Ranson,47,,IN0290,1563728.24650000,5182165.10760000,1.24602647,45.82602704
87085_3160_00047_a,rue Casimir Ranson,47,a,IN0290,1563699.87050000,5182101.46800000,1.24567940,45.82544894
87085_3160_00047_b,rue Casimir Ranson,47,b,IN0290,1563693.37440000,5182082.49560000,1.24560119,45.82527698
87085_3160_00049,rue Casimir Ranson,49,,IN0416,1563716.35320000,5182167.05700000,1.24587289,45.82604221
87085_3160_00051,rue Casimir Ranson,51,,IN0416,1563708.34220000,5182168.43030000,1.24576942,45.82605298
87085_3160_00053,rue Casimir Ranson,53,,IN0379,1563698.49920000,5182170.09200000,1.24564230,45.82606598
87085_3160_00060,rue Casimir Ranson,60,,IM0647,1563670.85080000,5182185.89520000,1.24528207,45.82620266
87085_3160_00061,rue Casimir Ranson,61,,IN0467,1563644.68930000,5182179.01030000,1.24511747,45.82614292
87085_3160_00066,rue Casimir Ranson,66,,IM0367,1563639.55920000,5182194.79580000,1.24487692,45.82627652
87085_3160_00068,rue Casimir Ranson,68,,IM0368,1563626.22570000,5182197.05830000,1.24470471,45.82629423
87085_3160_00069,rue Casimir Ranson,69,,IN0124,1563601.18030000,5182191.49760000,1.24438403,45.82623924
87085_3160_00070,rue Casimir Ranson,70,,IM0567,1563618.67940000,5182198.21170000,1.24460729,45.82630311
87085_3160_00071,rue Casimir Ranson,71,,IN0123,1563589.15680000,5182193.43100000,1.24422877,45.82625425
87085_3160_00072,rue Casimir Ranson,72,,IM0369,1563612.57940000,5182199.16060000,1.24452853,45.82631043
87085_3160_00074,rue Casimir Ranson,74,,IM0371,1563600.98640000,5182201.15480000,1.24437879,45.82632607
87085_3160_00075,rue Casimir Ranson,75,,IN0372,1563570.80500000,5182196.38700000,1.24399180,45.82627720
87085_3160_00077,rue Casimir Ranson,77,,IN0373,1563556.74940000,5182198.65910000,1.24381030,45.82629485
87085_3160_00079,rue Casimir Ranson,79,,IN0404,1563523.49750000,5182134.43980000,1.24340068,45.82571056
87085_3160_00080,rue Casimir Ranson,80,,IM0781,1563558.44370000,5182210.78470000,1.24382866,45.82640426
87085_3160_00081,rue Casimir Ranson,81,,IN0404,1563531.40020000,5182155.18660000,1.24349647,45.82589876
87085_3160_00083,rue Casimir Ranson,83,,IN0404,1563531.57500000,5182204.87430000,1.24348462,45.82634576
87085_3160_00084,rue Casimir Ranson,84,,IM0738,1563537.25130000,5182216.17300000,1.24355445,45.82644853
87085_3160_00085,rue Casimir Ranson,85,,IN0102,1563517.86920000,5182208.61630000,1.24330720,45.82637671
87085_3160_00086,rue Casimir Ranson,86,,IM0439,1563528.59730000,5182218.62880000,1.24344240,45.82646890
87085_3160_00088,rue Casimir Ranson,88,,IM0440,1563522.23750000,5182220.54190000,1.24336003,45.82648485
87085_3160_00089,rue Casimir Ranson,89,,IN0101,1563508.36040000,5182211.42150000,1.24318406,45.82640005
87085_3160_00090,rue Casimir Ranson,90,,IM0441,1563511.01300000,5182224.05760000,1.24321460,45.82651425
87085_3160_00091,rue Casimir Ranson,91,,IN0431,1563480.04210000,5182219.12890000,1.24281750,45.82646377
87085_3160_00093,rue Casimir Ranson,93,,IN0430,1563470.98250000,5182222.34260000,1.24270001,45.82649088
87085_3160_00095,rue Casimir Ranson,95,,IN0096,1563462.27180000,5182224.30190000,1.24258737,45.82650677
87085_3160_00096,rue Casimir Ranson,96,,IM0443,1563473.10170000,5182235.81230000,1.24272346,45.82661246
87085_3160_00097,rue Casimir Ranson,97,,IN0095,1563453.53080000,5182226.55280000,1.24247426,45.82652529
87085_3160_00098,rue Casimir Ranson,98,,IM0445,1563459.86090000,5182238.98430000,1.24255218,45.82663837
87085_3160_00099,rue Casimir Ranson,99,,IN0094,1563442.95030000,5182229.32910000,1.24233734,45.82654816
87085_3160_00100,rue Casimir Ranson,100,,IM0446,1563449.24320000,5182241.36660000,1.24241489,45.82665769
87085_3160_00101,rue Casimir Ranson,101,,IN0093,1563433.04560000,5182231.73480000,1.24220921,45.82656783
87085_3160_00102,rue Casimir Ranson,102,,IM0447,1563437.31740000,5182244.34850000,1.24226059,45.82668215
87085_3160_00103,rue Casimir Ranson,103,,IN0092,1563422.02190000,5182234.64340000,1.24206654,45.82659181
87085_3160_00104,rue Casimir Ranson,104,,IM0489,1563429.26810000,5182245.97100000,1.24215656,45.82669515
87085_3160_00105,rue Casimir Ranson,105,,IN0091,1563410.83170000,5182237.29990000,1.24192180,45.82661348
87085_3160_00106,rue Casimir Ranson,106,,IM0490,1563416.38690000,5182249.19400000,1.24198990,45.82672158
87085_3160_00107,rue Casimir Ranson,107,,IN0090,1563401.88390000,5182239.76380000,1.24180597,45.82663387
87085_3160_00109,rue Casimir Ranson,109,,IN0089,1563393.75150000,5182241.68410000,1.24170078,45.82664953
87085_3160_00110,rue Casimir Ranson,110,,IM0491,1563403.84060000,5182252.25540000,1.24182759,45.82674663
87085_3160_00111,rue Casimir Ranson,111,,IN0088,1563385.26010000,5182243.55430000,1.24159099,45.82666467
87085_3160_00112,rue Casimir Ranson,112,,IM0492,1563396.20770000,5182254.08550000,1.24172886,45.82676157
87085_3160_00113,rue Casimir Ranson,113,,IN0087,1563378.09280000,5182245.53600000,1.24149820,45.82668107
87085_3160_00114,rue Casimir Ranson,114,,IM0493,1563388.41360000,5182255.98590000,1.24162803,45.82677712
87085_3160_00115,rue Casimir Ranson,115,,IN0086,1563367.85720000,5182248.08610000,1.24136578,45.82670198
87085_3160_00116,rue Casimir Ranson,116,,IM0494,1563379.50630000,5182258.08380000,1.24151283,45.82679422
87085_3160_00117,rue Casimir Ranson,117,,IN0085,1563357.68180000,5182250.65870000,1.24123412,45.82672310
87085_3160_00118,rue Casimir Ranson,118,,IM0769,1563372.18690000,5182259.83540000,1.24141815,45.82680853
87085_3160_00119,rue Casimir Ranson,119,,IN0084,1563346.01050000,5182253.56340000,1.24108312,45.82674691
87085_3160_00120,rue Casimir Ranson,120,,IM0769,1563357.96760000,5182263.12670000,1.24123425,45.82683531
87085_3160_00123,rue Casimir Ranson,123,,IN0403,1563326.18590000,5182259.84330000,1.24082624,45.82679946
87085_3160_00125,rue Casimir Ranson,125,,IN0082,1563306.41850000,5182267.53920000,1.24056971,45.82686476
87085_3160_00130,rue Casimir Ranson,130,,IM0501,1563298.67240000,5182284.80110000,1.24046513,45.82701850
87085_3160_00132,rue Casimir Ranson,132,,IM0502,1563292.65220000,5182287.43350000,1.24038692,45.82704098
87085_3160_00134,rue Casimir Ranson,134,,IM0503,1563285.30470000,5182290.46150000,1.24029151,45.82706676
87085_3160_00136,rue Casimir Ranson,136,,IM0504,1563277.12380000,5182293.96780000,1.24018525,45.82709668
87085_3160_00138,rue Casimir Ranson,138,,IM0505,1563268.44180000,5182297.34240000,1.24007258,45.82712531
87085_3160_00140,rue Casimir Ranson,140,,IM0664,1563259.69130000,5182301.00260000,1.23995894,45.82715649
87085_0915_00002,rue Cervières,2,,DX0340,1564568.80800000,5182826.12370000,1.25665580,45.83213929
87085_0915_00004,rue Cervières,4,,DX0341,1564558.24440000,5182830.64430000,1.25651859,45.83217787
87085_0915_00005,rue Cervières,5,,DX0319,1564546.85370000,5182830.07400000,1.25637217,45.83217050
87085_0915_00006,rue Cervières,6,,DX0342,1564549.93910000,5182834.70590000,1.25641057,45.83221277
87085_0915_00008,rue Cervières,8,,DX0462,1564545.84760000,5182836.44990000,1.25635743,45.83222766
87085_0915_00010,rue Cervières,10,,DX0351,1564531.69300000,5182837.45610000,1.25617500,45.83223392
87085_0930_00003,rue Chaignaud,3,,DY0160,1564680.64560000,5182437.81530000,1.25820427,45.82866824
87085_0930_00004,rue Chaignaud,4,,DY0138,1564674.89440000,5182440.11620000,1.25812962,45.82868781
87085_0930_00007,rue Chaignaud,7,,DY0556,1564669.05580000,5182453.38620000,1.25805075,45.82880603
87085_0930_00011,rue Chaignaud,11,,DY0555,1564661.90820000,5182464.57720000,1.25795563,45.82890529
87085_0930_00011_bis,rue Chaignaud,11,bis,DY0555,1564658.57390000,5182470.58380000,1.25791104,45.82895867
87085_0930_00014,rue Chaignaud,14,,DY0147,1564656.25340000,5182465.80340000,1.25788252,45.82891521
87085_0930_00015,rue Chaignaud,15,,DY0149,1564654.54120000,5182477.77630000,1.25785712,45.82902258
87085_0930_00016,rue Chaignaud,16,,DY0148,1564651.21330000,5182474.89230000,1.25781511,45.82899598
87085_1673_00022,rue Chamberland,22,,AZ0999,1563334.14320000,5183291.56770000,1.24063534,45.83608196
87085_0945_00002,rue Champ-Dorat,2,,CV1593,1565582.57310000,5183954.31770000,1.26938591,45.84248697
87085_0945_00002_bis,rue Champ-Dorat,2,bis,CV1232,1565577.77640000,5183959.00550000,1.26932286,45.84252820
87085_0945_00004,rue Champ-Dorat,4,,CV1591,1565572.44030000,5183964.41210000,1.26925267,45.84257580
87085_0945_00005,rue Champ-Dorat,5,,CV1597,1565555.06250000,5183969.08300001,1.26902770,45.84261442
87085_0945_00006,rue Champ-Dorat,6,,CV1039,1565563.94370000,5183972.93340000,1.26914093,45.84265079
87085_0945_00007,rue Champ-Dorat,7,,CV1599,1565549.03240000,5183975.12630000,1.26894839,45.84266760
87085_0945_00008,rue Champ-Dorat,8,,CV1589,1565557.44420000,5183979.47960000,1.26905544,45.84270841
87085_0945_00009,rue Champ-Dorat,9,,None,1565543.12620000,5183982.16940000,1.26887041,45.84272980
87085_0945_00010,rue Champ-Dorat,10,,CV1587,1565551.11160000,5183985.75680000,1.26897218,45.84276364
87085_0945_00011,rue Champ-Dorat,11,,CV1601,1565535.20790000,5183988.77430000,1.26876664,45.84278767
87085_0945_00012,rue Champ-Dorat,12,,CV1585,1565544.93900000,5183991.92640000,1.26889101,45.84281793
87085_0945_00013,rue Champ-Dorat,13,,CV1603,1565528.71930000,5183995.11370000,1.26868135,45.84284343
87085_0945_00014,rue Champ-Dorat,14,,CV1583,1565537.86140000,5183998.84840000,1.26879798,45.84287881
87085_0945_00015,rue Champ-Dorat,15,,CV1605,1565521.85500000,5184001.97850000,1.26859108,45.84290384
87085_0945_00016,rue Champ-Dorat,16,,CV1581,1565532.50360000,5184008.14020000,1.26872642,45.84296135
87085_0945_00017,rue Champ-Dorat,17,,None,1565509.09120000,5184015.70950000,1.26842296,45.84302486
87085_0945_00018,rue Champ-Dorat,18,,CV1579,1565522.64360000,5184017.83190000,1.26859680,45.84304660
87085_0945_00019,rue Champ-Dorat,19,,CV1609,1565501.40570000,5184022.16860000,1.26832223,45.84308146
87085_0945_00020,rue Champ-Dorat,20,,CV1577,1565511.13850000,5184029.02260000,1.26844558,45.84314502
87085_0945_00021,rue Champ-Dorat,21,,CV1612,1565495.94240000,5184027.51530000,1.26825041,45.84312849
87085_0945_00022,rue Champ-Dorat,22,,CV0330,1565518.58950000,5184047.03080000,1.26853644,45.84330847
87085_0945_00023,rue Champ-Dorat,23,,CV1617,1565459.36670000,5184063.57500000,1.26776955,45.84344571
87085_0945_00023_bis,rue Champ-Dorat,23,bis,CV1619,1565454.65350000,5184068.19470000,1.26770759,45.84348635
87085_0945_00024,rue Champ-Dorat,24,,CV0331,1565515.18480000,5184050.00890000,1.26849179,45.84333460
87085_0945_00025,rue Champ-Dorat,25,,CV1621,1565447.30660000,5184075.48770000,1.26761099,45.84355051
87085_0945_00026,rue Champ-Dorat,26,,CV1573,1565496.93430000,5184043.01780000,1.26825884,45.84326814
87085_0945_00027,rue Champ-Dorat,27,,CV1049,1565441.73650000,5184081.00470000,1.26753775,45.84359905
87085_0945_00028,rue Champ-Dorat,28,,CV1571,1565485.26220000,5184054.56680000,1.26810538,45.84336974
87085_0945_00029,rue Champ-Dorat,29,,CV1623,1565436.78030000,5184085.89190000,1.26747259,45.84364204
87085_0945_00030,rue Champ-Dorat,30,,CV1569,1565475.80460000,5184063.96860000,1.26798102,45.84345247
87085_0945_00032,rue Champ-Dorat,32,,CV1567,1565465.55350000,5184073.93380000,1.26784628,45.84354010
87085_0945_00034,rue Champ-Dorat,34,,CV1565,1565453.56540000,5184085.66890000,1.26768870,45.84364332
87085_0945_00037,rue Champ-Dorat,37,,CV1629,1565427.22870000,5184095.61730000,1.26734693,45.84372766
87085_0945_00038,rue Champ-Dorat,38,,CV1563,1565420.24010000,5184115.17950000,1.26725150,45.84390227
87085_0945_00039,rue Champ-Dorat,39,,CV1631,1565420.71370000,5184101.86190000,1.26726132,45.84378256
87085_0945_00040,rue Champ-Dorat,40,,CV1561,1565413.67930000,5184126.73410000,1.26716382,45.84400492
87085_0945_00041,rue Champ-Dorat,41,,CV1633,1565413.07570000,5184109.40620000,1.26716090,45.84384893
87085_0945_00042,rue Champ-Dorat,42,,CV1559,1565406.85700000,5184132.42190000,1.26707441,45.84405475
87085_0945_00043,rue Champ-Dorat,43,,CV1071,1565406.72420000,5184115.84560000,1.26707735,45.84390561
87085_0945_00045,rue Champ-Dorat,45,,CV1635,1565400.01600000,5184122.31250000,1.26698919,45.84396247
87085_0955_00001,rue Champlain,1,,EL0440,1565745.24760000,5183337.20600000,1.27165206,45.83696746
87085_0955_00002,rue Champlain,2,,EL0389,1565765.08390000,5183338.97180000,1.27190685,45.83698721
87085_0955_00003,rue Champlain,3,,EL0442,1565749.91840000,5183341.85160000,1.27171087,45.83701016
87085_0955_00005,rue Champlain,5,,EL0443,1565757.09640000,5183349.26850000,1.27180118,45.83707828
87085_0955_00006,rue Champlain,6,,EL0388,1565778.67240000,5183353.05730000,1.27207780,45.83711657
87085_0955_00007,rue Champlain,7,,EL0444,1565763.71860000,5183356.46000000,1.27188440,45.83714426
87085_0955_00008,rue Champlain,8,,EL0387,1565783.21340000,5183357.66560000,1.27213495,45.83715891
87085_0955_00009,rue Champlain,9,,EL0445,1565769.39650000,5183362.16530000,1.27195588,45.83719670
87085_0955_00010,rue Champlain,10,,EL0386,1565788.64370000,5183363.55910000,1.27220319,45.83721299
87085_0955_00011,rue Champlain,11,,EL0446,1565773.77130000,5183366.37030000,1.27201101,45.83723538
87085_0955_00012,rue Champlain,12,,EL0384,1565794.77060000,5183370.00460000,1.27228024,45.83727217
87085_0955_00013,rue Champlain,13,,EL0447,1565778.40520000,5183371.13900000,1.27206931,45.83727918
87085_0955_00014,rue Champlain,14,,EL0383,1565800.39460000,5183375.96080000,1.27235096,45.83732684
87085_0955_00015,rue Champlain,15,,EL0448,1565782.48600000,5183375.54730000,1.27212060,45.83731963
87085_0955_00016,rue Champlain,16,,EL0382,1565806.52650000,5183382.12670000,1.27242815,45.83738351
87085_0955_00017,rue Champlain,17,,EL0449,1565786.98390000,5183380.43180000,1.27217712,45.83736445
87085_0955_00018,rue Champlain,18,,EL0379,1565812.07920000,5183387.91300000,1.27249800,45.83743664
87085_0955_00019,rue Champlain,19,,EL0450,1565791.13690000,5183384.51770000,1.27222943,45.83740201
87085_0955_00020,rue Champlain,20,,EL0378,1565819.17140000,5183395.26280000,1.27258722,45.83750414
87085_0955_00021,rue Champlain,21,,EL0451,1565794.95950000,5183388.75560000,1.27227744,45.83744088
87085_0955_00023,rue Champlain,23,,EL0452,1565799.44580000,5183393.13260000,1.27233396,45.83748113
87085_0955_00025,rue Champlain,25,,EL0453,1565804.36410000,5183398.24690000,1.27239582,45.83752810
87085_0955_00026,rue Champlain,26,,EL0334,1565857.69380000,5183435.38570000,1.27307180,45.83787259
87085_0955_00027,rue Champlain,27,,EL0454,1565811.06370000,5183405.08220000,1.27248014,45.83759089
87085_0955_00028,rue Champlain,28,,EL0333,1565861.98040000,5183439.78740000,1.27312574,45.83791302
87085_0955_00030,rue Champlain,30,,EL0332,1565866.40820000,5183444.38960000,1.27318144,45.83795528
87085_0955_00031,rue Champlain,31,,EL0494,1565837.93800000,5183433.08390000,1.27281819,45.83784803
87085_0955_00032,rue Champlain,32,,EL0331,1565870.70030000,5183448.77630000,1.27323545,45.83799558
87085_0955_00033,rue Champlain,33,,EL0495,1565845.68580000,5183440.87320000,1.27291573,45.83791961
87085_0955_00034,rue Champlain,34,,EL0330,1565876.03490000,5183454.38940000,1.27330254,45.83804712
87085_0955_00035,rue Champlain,35,,EL0496,1565850.55800000,5183446.00740000,1.27297700,45.83796674
87085_0955_00036,rue Champlain,36,,EL0787,1565883.77690000,5183461.42010000,1.27340022,45.83811187
87085_0955_00037,rue Champlain,37,,EL0497,1565855.02750000,5183450.60660000,1.27303324,45.83800899
87085_0955_00039,rue Champlain,39,,EL0498,1565859.78880000,5183455.53210000,1.27309314,45.83805423
87085_0955_00040,rue Champlain,40,,EL0327,1565904.82990000,5183484.20910000,1.27366481,45.83832098
87085_0955_00041,rue Champlain,41,,EL0499,1565864.63440000,5183460.52780000,1.27315411,45.83810011
87085_0955_00043,rue Champlain,43,,EL0500,1565870.53420000,5183466.78230000,1.27322829,45.83815752
87085_0955_00044,rue Champlain,44,,EL0326,1565915.65540000,5183495.48150000,1.27380099,45.83842449
87085_0955_00045,rue Champlain,45,,EL0501,1565879.44860000,5183475.98570000,1.27334045,45.83824205
87085_0955_00047,rue Champlain,47,,EL0502,1565889.00340000,5183485.81420000,1.27346068,45.83833233
87085_0955_00048,rue Champlain,48,,EL0293,1565944.11810000,5183525.56880000,1.27415891,45.83870069
87085_0955_00050,rue Champlain,50,,EL0292,1565950.98520000,5183532.52040000,1.27424535,45.83876457
87085_0955_00051,rue Champlain,51,,EL0503,1565901.58010000,5183499.05510000,1.27361884,45.83845389
87085_0955_00052,rue Champlain,52,,EL0291,1565956.43530000,5183538.27760000,1.27431389,45.83881742
87085_0955_00053,rue Champlain,53,,EL0504,1565911.83060000,5183509.59250000,1.27374783,45.83855068
87085_0955_00054,rue Champlain,54,,EL0290,1565963.75260000,5183545.76140000,1.27440598,45.83888617
87085_0955_00055,rue Champlain,55,,EL0505,1565918.42130000,5183516.25670000,1.27383079,45.83861192
87085_0955_00056,rue Champlain,56,,EL0289,1565970.39790000,5183552.61220000,1.27448959,45.83894909
87085_0955_00057,rue Champlain,57,,EL0506,1565924.14090000,5183522.48670000,1.27390266,45.83866907
87085_0955_00058,rue Champlain,58,,EL0288,1565976.44680000,5183558.96350000,1.27456567,45.83900740
87085_0955_00059,rue Champlain,59,,EL0507,1565928.81140000,5183527.31600000,1.27396143,45.83871343
87085_0955_00060,rue Champlain,60,,EL0287,1565982.53970000,5183565.38360000,1.27464230,45.83906634
87085_0955_00061,rue Champlain,61,,EL0508,1565933.15580000,5183531.87270000,1.27401607,45.83875527
87085_0955_00062,rue Champlain,62,,EL0286,1565988.93110000,5183571.89560000,1.27472274,45.83912617
87085_0955_00063,rue Champlain,63,,EL0509,1565938.08350000,5183536.82060000,1.27407811,45.83880074
87085_0955_00065,rue Champlain,65,,EL0510,1565943.09920000,5183542.29100000,1.27414113,45.83885092
87085_0955_00067,rue Champlain,67,,EL0511,1565947.75920000,5183547.04190000,1.27419978,45.83889457
87085_0955_00069,rue Champlain,69,,EL0512,1565951.97510000,5183551.32270000,1.27425285,45.83893390
87085_0955_00071,rue Champlain,71,,EL0513,1565955.93820000,5183555.42000000,1.27430271,45.83897153
87085_0955_00073,rue Champlain,73,,EL0514,1565960.29930000,5183559.91800000,1.27435758,45.83901284
87085_0955_00075,rue Champlain,75,,EL0515,1565964.41120000,5183564.34650000,1.27440927,45.83905348
87085_0955_00077,rue Champlain,77,,EL0516,1565969.61080000,5183569.63760000,1.27447471,45.83910209
87085_0955_00079,rue Champlain,79,,EL0517,1565975.70720000,5183575.85990000,1.27455144,45.83915925
87085_0955_00081,rue Champlain,81,,EL0518,1565980.95750000,5183581.24900000,1.27461751,45.83920875
87085_0960_00001,rue Champollion,1,,AZ0395,1563088.44690000,5182799.13550000,1.23761366,45.83160340
87085_0960_00002,rue Champollion,2,,AZ0856,1563105.09230000,5182822.61100000,1.23782117,45.83181789
87085_0960_00003,rue Champollion,3,,AZ0396,1563089.53850000,5182808.24450000,1.23762511,45.83168556
87085_0960_00005,rue Champollion,5,,AZ0397,1563090.82890000,5182818.89200000,1.23763868,45.83178159
87085_0960_00006,rue Champollion,6,,AZ0386,1563107.07740000,5182845.98010000,1.23784006,45.83202850
87085_0960_00007,rue Champollion,7,,AZ0398,1563092.10970000,5182830.07300000,1.23765198,45.83188243
87085_0960_00008,rue Champollion,8,,AZ0385,1563107.74280000,5182856.99390000,1.23784549,45.83212771
87085_0960_00008_bis,rue Champollion,8,bis,AZ0382,1563108.71040000,5182865.31540000,1.23785557,45.83220276
87085_0960_00009_bis,rue Champollion,9,bis,AZ0399,1563094.04960000,5182848.19110000,1.23767178,45.83204580
87085_0960_00010,rue Champollion,10,,AZ0381,1563110.19890000,5182880.32000000,1.23787045,45.83233803
87085_0960_00010_bis,rue Champollion,10,bis,AZ0380,1563111.55360000,5182892.10580000,1.23788453,45.83244432
87085_0960_00011,rue Champollion,11,,AZ0858,1563094.92540000,5182854.64710000,1.23768122,45.83210405
87085_0960_00011_bis,rue Champollion,11,bis,AZ0857,1563096.59410000,5182870.21660000,1.23769826,45.83224443
87085_0960_00012,rue Champollion,12,,AZ0378,1563112.82570000,5182903.79620000,1.23789757,45.83254973
87085_0960_00013,rue Champollion,13,,AZ0402,1563098.28600000,5182884.66950000,1.23771591,45.83237478
87085_0960_00014,rue Champollion,14,,AZ0377,1563114.23050000,5182916.36380000,1.23791207,45.83266306
87085_0960_00015,rue Champollion,15,,AZ0403,1563099.37290000,5182895.36360000,1.23772685,45.83247120
87085_0960_00016,rue Champollion,16,,AZ0374,1563115.20560000,5182926.38520000,1.23792176,45.83275341
87085_0960_00017,rue Champollion,17,,AZ0404,1563100.47830000,5182905.21650000,1.23773827,45.83256005
87085_0960_00018,rue Champollion,18,,AZ0373,1563116.26880000,5182936.56720000,1.23793254,45.83284521
87085_0960_00019,rue Champollion,19,,AZ0487,1563102.83750000,5182929.89140000,1.23776160,45.83278248
87085_0960_00020,rue Champollion,20,,AZ0370,1563117.41310000,5182947.41500000,1.23794418,45.83294302
87085_0960_00021,rue Champollion,21,,AZ0488,1563104.03530000,5182941.03490000,1.23777385,45.83288296
87085_0960_00022,rue Champollion,22,,AZ0369,1563118.96470000,5182961.68920000,1.23796008,45.83307173
87085_0960_00023,rue Champollion,23,,AZ0489,1563105.01170000,5182950.38490000,1.23778375,45.83296727
87085_0960_00025,rue Champollion,25,,AZ0490,1563106.05220000,5182960.45610000,1.23779427,45.83305807
87085_0960_00026,rue Champollion,26,,AZ0832,1563121.29810000,5182983.71010000,1.23798384,45.83327029
87085_0960_00027,rue Champollion,27,,AZ0491,1563107.17840000,5182971.62170000,1.23780558,45.83315873
87085_0960_00029,rue Champollion,29,,AZ0492,1563107.97460000,5182981.00450000,1.23781316,45.83324330
87085_0960_00031,rue Champollion,31,,AZ1085,1563109.46080000,5182993.05290000,1.23782885,45.83335197
87085_0960_00033,rue Champollion,33,,AZ0494,1563110.33620000,5183002.28500000,1.23783749,45.83343520
87085_0961_00007,rue Chanoine Chalmette,7,,OI0101,1562952.06760000,5183902.05570000,1.23554423,45.84149758
87085_0961_00009,rue Chanoine Chalmette,9,,OI0270,1562947.30510000,5183909.46400000,1.23548082,45.84156328
87085_0962_00006,rue Chanoine Peny,6,,BT0353,1564242.43460000,5184927.12710000,1.25186239,45.85097465
87085_0962_00009,rue Chanoine Peny,9,,BP0279,1564198.20050000,5184915.22810000,1.25129634,45.85085887
87085_0962_00010,rue Chanoine Peny,10,,BT0352,1564219.86060000,5184925.78830000,1.25157218,45.85095814
87085_0962_00011,rue Chanoine Peny,11,,BP0447,1564186.16650000,5184914.94010000,1.25114151,45.85085390
87085_0962_00012,rue Chanoine Peny,12,,BT0305,1564199.75360000,5184924.90150000,1.25131360,45.85094620
87085_0962_00015,rue Chanoine Peny,15,,BP0249,1564159.80720000,5184913.68320000,1.25080255,45.85083739
87085_0962_00017,rue Chanoine Peny,17,,BP0250,1564146.80040000,5184913.02900000,1.25063530,45.85082893
87085_0962_00018,rue Chanoine Peny,18,,BP0247,1564151.05630000,5184923.25540000,1.25068719,45.85092177
87085_0962_00019,rue Chanoine Peny,19,,BP0251,1564133.85900000,5184912.74420000,1.25046879,45.85082381
87085_0962_00020,rue Chanoine Peny,20,,BP0248,1564139.45890000,5184922.67450000,1.25053807,45.85091425
87085_0962_00021,rue Chanoine Peny,21,,BP0253,1564118.85140000,5184911.96410000,1.25027582,45.85081383
87085_0962_00022,rue Chanoine Peny,22,,BP0240,1564128.96550000,5184922.32690000,1.25040309,45.85090905
87085_0962_00022_b,rue Chanoine Peny,22,b,BP0604,1564124.10220000,5184921.94490000,1.25034059,45.85090465
87085_0962_00023,rue Chanoine Peny,23,,BP0254,1564105.43460000,5184911.29140000,1.25010330,45.85080513
87085_0962_00024,rue Chanoine Peny,24,,BP0605,1564118.86340000,5184921.83910000,1.25027318,45.85090266
87085_0962_00025,rue Chanoine Peny,25,,BP0255,1564091.62020000,5184910.37380000,1.24992573,45.85079414
87085_0962_00026,rue Chanoine Peny,26,,BP0238,1564106.72040000,5184921.36790000,1.25011700,45.85089603
87085_0962_00027,rue Chanoine Peny,27,,BP0256,1564077.87660000,5184909.81340000,1.24974897,45.85078638
87085_0962_00028,rue Chanoine Peny,28,,BP0598,1564093.64410000,5184920.64990000,1.24994888,45.85088698
87085_0962_00029,rue Chanoine Peny,29,,BP0593,1564072.30880000,5184909.76100000,1.24967732,45.85078481
87085_0962_00030,rue Chanoine Peny,30,,BP0236,1564080.24280000,5184920.22080000,1.24977649,45.85088047
87085_0962_00031,rue Chanoine Peny,31,,BP0259,1564058.03990000,5184909.50890000,1.24949371,45.85077972
87085_0962_00032,rue Chanoine Peny,32,,BP0235,1564069.12810000,5184919.69920000,1.24963356,45.85087358
87085_0962_00033,rue Chanoine Peny,33,,BP0449,1564045.93210000,5184908.99990000,1.24933799,45.85077275
87085_0965_00004,rue Chanteclerc,4,,IV0066,1562909.75110000,5182093.99650000,1.23551521,45.82522470
87085_0965_00005,rue Chanteclerc,5,,IV0057,1562928.56860000,5182094.18760000,1.23575727,45.82523017
87085_0965_00006,rue Chanteclerc,6,,IV0065,1562919.21550000,5182087.73810000,1.23563877,45.82517029
87085_0965_00007,rue Chanteclerc,7,,IV0058,1562937.86250000,5182087.94170000,1.23587864,45.82517584
87085_0965_00008,rue Chanteclerc,8,,IV0064,1562927.87550000,5182081.90620000,1.23575186,45.82511955
87085_0965_00009,rue Chanteclerc,9,,IV0059,1562945.60700000,5182082.75610000,1.23597976,45.82513073
87085_0965_00010,rue Chanteclerc,10,,IV0358,1562936.10900000,5182076.46780000,1.23585935,45.82507227
87085_0965_00011,rue Chanteclerc,11,,IV0060,1562955.00620000,5182076.57560000,1.23610246,45.82507701
87085_0965_00013,rue Chanteclerc,13,,IV0061,1562963.96730000,5182070.27660000,1.23621956,45.82502213
87085_0965_00017,rue Chanteclerc,17,,IV0471,1562971.28920000,5182065.44130000,1.23631514,45.82498009
87085_0965_00018,rue Chanteclerc,18,,IV0062,1562966.21030000,5182056.49960000,1.23625234,45.82489865
87085_0965_00019,rue Chanteclerc,19,,IV0470,1562981.98900000,5182058.39700000,1.23645482,45.82491886
87085_0965_00021,rue Chanteclerc,21,,IV0421,1562984.82610000,5182047.44530000,1.23649444,45.82482091
87085_0965_00022,rue Chanteclerc,22,,IV0461,1562969.18530000,5182030.56440000,1.23629801,45.82466594
87085_0965_00023,rue Chanteclerc,23,,IV0048,1562981.33450000,5182034.76840000,1.23645313,45.82470617
87085_0965_00025,rue Chanteclerc,25,,IV0047,1562977.51280000,5182021.08860000,1.23640786,45.82458236
87085_0965_00026,rue Chanteclerc,26,,IV0073,1562957.83120000,5181991.24590000,1.23616313,45.82430998
87085_0965_00029,rue Chanteclerc,29,,IV0092,1562968.37500000,5181988.42730000,1.23629959,45.82428673
87085_0965_00031,rue Chanteclerc,31,,IV0091,1562964.93740000,5181974.97170000,1.23625920,45.82416500
87085_0965_00032,rue Chanteclerc,32,,IV0087,1562950.23350000,5181962.21600000,1.23607364,45.82404733
87085_0965_00033,rue Chanteclerc,33,,IV0089,1562961.74810000,5181962.96300000,1.23622158,45.82405634
87085_0965_00034,rue Chanteclerc,34,,IV0086,1562947.76730000,5181953.29670000,1.23604445,45.82396660
87085_0965_00035,rue Chanteclerc,35,,IV0088,1562958.79060000,5181952.16790000,1.23618661,45.82395865
87085_0965_00036,rue Chanteclerc,36,,IV0365,1562942.04420000,5181931.73110000,1.23597696,45.82377147
87085_0965_00039,rue Chanteclerc,39,,IV0209,1562948.82770000,5181915.60790000,1.23606884,45.82362778
87085_0980_00001,rue Charlemagne,1,,BS0682,1565410.07030000,5184502.97510000,1.26701198,45.84738873
87085_0980_00002,rue Charlemagne,2,,BS0877,1565407.45040000,5184519.89080000,1.26697352,45.84754038
87085_0980_00003,rue Charlemagne,3,,BS0494,1565402.10630000,5184505.89170000,1.26690865,45.84741341
87085_0980_00004,rue Charlemagne,4,,BS0653,1565394.03960000,5184524.43240000,1.26679962,45.84757861
87085_0980_00005,rue Charlemagne,5,,BS0493,1565390.43220000,5184510.00800000,1.26675723,45.84744815
87085_0980_00006,rue Charlemagne,6,,BS0471,1565379.87390000,5184529.73470000,1.26661580,45.84762353
87085_0980_00007,rue Charlemagne,7,,BS0490,1565378.38720000,5184514.20570000,1.26660101,45.84748355
87085_0980_00008,rue Charlemagne,8,,BS0474,1565366.21990000,5184534.63490000,1.26643867,45.84766494
87085_0980_00009,rue Charlemagne,9,,BS0489,1565368.31190000,5184518.19370000,1.26647020,45.84751745
87085_0980_00011,rue Charlemagne,11,,BS0487,1565358.31050000,5184521.73940000,1.26634047,45.84754739
87085_0980_00013,rue Charlemagne,13,,BS0486,1565350.57430000,5184524.38420000,1.26624015,45.84756967
87085_0980_00014,rue Charlemagne,14,,BS0475,1565349.80660000,5184540.57550000,1.26622573,45.84771517
87085_0980_00015,rue Charlemagne,15,,BS0485,1565343.02940000,5184527.20540000,1.26614224,45.84759357
87085_0980_00016,rue Charlemagne,16,,BS0475,1565326.76280000,5184548.70370000,1.26592683,45.84778377
87085_0980_00017,rue Charlemagne,17,,BS0484,1565334.96040000,5184530.11130000,1.26603756,45.84761813
87085_0980_00019,rue Charlemagne,19,,BS0483,1565325.84770000,5184533.39520000,1.26591934,45.84764588
87085_0980_00020,rue Charlemagne,20,,BS0729,1565279.74080000,5184566.03960000,1.26531670,45.84793051
87085_0980_00021,rue Charlemagne,21,,BS0482,1565315.45250000,5184537.31740000,1.26578443,45.84767913
87085_0980_00022,rue Charlemagne,22,,BS0282,1565264.63420000,5184571.76310000,1.26512064,45.84797903
87085_0980_00023,rue Charlemagne,23,,BS0481,1565306.33190000,5184540.63340000,1.26566610,45.84770717
87085_0980_00024,rue Charlemagne,24,,BS0281,1565256.37100000,5184574.53230000,1.26501350,45.84800232
87085_0980_00028,rue Charlemagne,28,,BS0279,1565237.72980000,5184581.40730000,1.26477162,45.84806051
87085_0980_00030,rue Charlemagne,30,,BS0278,1565227.58080000,5184585.22350000,1.26463991,45.84809285
87085_0980_00032,rue Charlemagne,32,,BS0277,1565217.28040000,5184589.00540000,1.26450626,45.84812485
87085_0980_00033,rue Charlemagne,33,,BS0518,1565249.70220000,5184561.20170000,1.26493139,45.84788110
87085_0980_00035,rue Charlemagne,35,,BS0519,1565232.69770000,5184567.54510000,1.26471073,45.84793483
87085_0980_00036,rue Charlemagne,36,,BS0275,1565192.41750000,5184598.03240000,1.26418369,45.84820118
87085_0980_00037,rue Charlemagne,37,,BS0522,1565220.90060000,5184571.79850000,1.26455768,45.84797078
87085_0980_00038,rue Charlemagne,38,,BS0274,1565184.76730000,5184600.96180000,1.26408439,45.84822603
87085_0980_00039,rue Charlemagne,39,,BS0523,1565211.27040000,5184575.39420000,1.26443272,45.84800124
87085_0980_00040,rue Charlemagne,40,,BS0273,1565176.30800000,5184603.85190000,1.26397469,45.84825037
87085_0980_00041,rue Charlemagne,41,,BS0526,1565202.30410000,5184578.74210000,1.26431636,45.84802959
87085_0980_00042,rue Charlemagne,42,,BS0272,1565165.68360000,5184607.73910000,1.26383684,45.84828326
87085_0980_00043,rue Charlemagne,43,,BS0527,1565195.87570000,5184581.14130000,1.26423294,45.84804992
87085_0980_00044,rue Charlemagne,44,,BS0800,1565155.41150000,5184611.65970000,1.26370351,45.84831651
87085_0980_00045,rue Charlemagne,45,,BS0528,1565187.07220000,5184584.33780000,1.26411872,45.84807694
87085_0980_00046,rue Charlemagne,46,,BS0270,1565145.09090000,5184615.27220000,1.26356965,45.84834698
87085_0980_00047,rue Charlemagne,47,,BS0531,1565178.03250000,5184587.66600000,1.26400143,45.84810511
87085_0980_00048,rue Charlemagne,48,,BS0269,1565133.81600000,5184619.24790000,1.26342340,45.84838054
87085_0980_00050,rue Charlemagne,50,,BS0784,1565119.28520000,5184624.58440000,1.26323486,45.84842569
87085_0980_00051,rue Charlemagne,51,,BS0534,1565159.51200000,5184594.43930000,1.26376113,45.84816241
87085_0980_00052,rue Charlemagne,52,,BS0267,1565107.40220000,5184628.89920000,1.26308069,45.84846217
87085_0980_00054,rue Charlemagne,54,,BS0266,1565100.17610000,5184631.48530000,1.26298695,45.84848402
87085_0980_00055,rue Charlemagne,55,,BS0538,1565135.73840000,5184603.13690000,1.26345267,45.84823598
87085_0980_00056,rue Charlemagne,56,,BS0265,1565086.29810000,5184636.49290000,1.26280690,45.84852634
87085_0980_00059,rue Charlemagne,59,,BS0545,1565106.71200000,5184613.74970000,1.26307606,45.84832576
87085_0980_00061,rue Charlemagne,61,,BS0546,1565096.35970000,5184617.55000000,1.26294173,45.84835791
87085_0980_00065,rue Charlemagne,65,,BS0546,1565083.59660000,5184622.29370000,1.26277611,45.84839808
87085_0983_00001,rue Charles Aznavour,1,,PO0223,1559719.01940000,5184629.76280000,1.19372126,45.84739163
87085_0983_00003,rue Charles Aznavour,3,,PO0222,1559724.44340000,5184645.90240000,1.19378637,45.84753792
87085_0983_00005,rue Charles Aznavour,5,,PO0221,1559718.09340000,5184680.29830000,1.19369459,45.84784603
87085_0983_00007,rue Charles Aznavour,7,,PO0221,1559706.58400000,5184686.51600000,1.19354463,45.84789961
87085_0983_00008,rue Charles Aznavour,8,,PO0244,1559760.03000000,5184679.23990000,1.19423470,45.84784506
87085_0983_00009,rue Charles Aznavour,9,,PO0221,1559696.92670000,5184691.80770000,1.19341877,45.84794524
87085_0983_00010,rue Charles Aznavour,10,,PO0245,1559782.25500000,5184687.04510000,1.19451850,45.84791981
87085_0983_00011,rue Charles Aznavour,11,,PO0221,1559701.95380000,5184696.17330000,1.19348221,45.84798554
87085_0983_00014,rue Charles Aznavour,14,,PO0242,1559799.18840000,5184738.24210000,1.19472152,45.84838380
87085_0983_00015,rue Charles Aznavour,15,,PO0221,1559711.87570000,5184697.09930000,1.19360965,45.84799589
87085_0983_00016,rue Charles Aznavour,16,,PO0243,1559798.65920000,5184754.11710000,1.19471008,45.84852649
87085_0983_00017,rue Charles Aznavour,17,,PO0221,1559725.10490000,5184697.89310000,1.19377970,45.84800573
87085_0983_00019,rue Charles Aznavour,19,,PO0220,1559746.93310000,5184686.51600000,1.19406399,45.84790784
87085_0983_00021,rue Charles Aznavour,21,,PO0259,1559773.12690000,5184695.90870000,1.19439842,45.84799768
87085_0983_00023,rue Charles Aznavour,23,,PO0258,1559787.41440000,5184730.96610000,1.19457209,45.84831595
87085_0983_00025,rue Charles Aznavour,25,,PO0257,1559787.14980000,5184753.98490000,1.19456197,45.84852295
87085_0983_00027_a,rue Charles Aznavour,27,a,PO0264,1559785.56230000,5184766.81719999,1.19453779,45.84863806
87085_0983_00027_b,rue Charles Aznavour,27,b,PO0265,1559790.58940000,5184774.22550000,1.19460034,45.84870573
87085_0983_00029,rue Charles Aznavour,29,,PO0255,1559805.53840000,5184775.41610000,1.19479241,45.84871949
87085_0983_00031,rue Charles Aznavour,31,,PO0254,1559826.57280000,5184778.72340000,1.19506220,45.84875353
87085_0983_00033,rue Charles Aznavour,33,,PO0253,1559851.84060000,5184784.80880000,1.19538568,45.84881342
87085_0983_00035,rue Charles Aznavour,35,,PO0252,1559874.59480000,5184794.20150000,1.19567583,45.84890255
87085_0983_00037,rue Charles Aznavour,37,,PO0251,1559892.85110000,5184801.47760000,1.19590871,45.84897172
87085_0983_00039,rue Charles Aznavour,39,,PO0250,1559914.01780000,5184809.94430000,1.19617870,45.84905219
87085_0983_00041,rue Charles Aznavour,41,,PO0249,1559934.52300000,5184815.36830000,1.19644106,45.84910516
87085_0983_00043,rue Charles Aznavour,43,,PO0248,1559955.68970000,5184816.02980000,1.19671333,45.84911543
87085_0983_00045,rue Charles Aznavour,45,,PO0247,1559975.79810000,5184816.16210000,1.19697213,45.84912071
87085_0985_00001,rue Charles Bach,1,,ES0278,1566649.49060000,5182045.75890000,1.28364756,45.82552599
87085_0985_00002,rue Charles Bach,2,,ES0139,1566617.95170000,5182038.12960000,1.28324387,45.82545125
87085_0985_00003,rue Charles Bach,3,,ES0278,1566646.69570000,5182022.03020000,1.28361818,45.82531200
87085_0985_00004,rue Charles Bach,4,,ES0139,1566634.22250000,5182003.69780000,1.28346277,45.82514467
87085_0985_00005,rue Charles Bach,5,,ES0278,1566649.32030000,5181997.58840000,1.28365873,45.82509264
87085_0985_00006,rue Charles Bach,6,,ES0139,1566630.97490000,5181970.07160000,1.28343031,45.82484155
87085_0985_00007,rue Charles Bach,7,,ES0278,1566645.43810000,5181963.57270000,1.28361821,45.82478589
87085_0985_00008,rue Charles Bach,8,,SY0012,1566668.55160000,5181929.18820000,1.28392514,45.82448106
87085_0985_00010,rue Charles Bach,10,,SY0012,1566724.10450000,5181916.40220000,1.28464347,45.82437681
87085_1005_00004,rue Charles Fourier,4,,CV1495,1565004.28870000,5184087.37710000,1.26190553,45.84357063
87085_1005_00012,rue Charles Fourier,12,,CV1298,1564957.83530000,5184092.66910000,1.26130613,45.84360911
87085_1005_00014,rue Charles Fourier,14,,CV1296,1564947.72270000,5184093.72950000,1.26117567,45.84361666
87085_1005_00016,rue Charles Fourier,16,,CV1294,1564937.93970000,5184094.90090000,1.26104943,45.84362528
87085_1010_00002,rue Charles Gide,2,,EN0093,1565419.42000000,5182626.88380000,1.26765765,45.83051399
87085_1010_00004,rue Charles Gide,4,,EN0086,1565413.06420000,5182648.49280000,1.26756982,45.83070713
87085_1010_00006,rue Charles Gide,6,,EN0084,1565403.86930000,5182680.38630000,1.26744257,45.83099223
87085_1010_00007,rue Charles Gide,7,,EN0186,1565358.44220000,5182785.15350000,1.26682866,45.83192578
87085_1010_00008,rue Charles Gide,8,,EN0083,1565397.79280000,5182700.17300000,1.26735883,45.83116904
87085_1010_00010,rue Charles Gide,10,,EN0187,1565387.29910000,5182734.50210000,1.26721419,45.83147579
87085_1010_00012,rue Charles Gide,12,,EN0183,1565360.99480000,5182823.79020000,1.26685069,45.83227384
87085_1010_00016,rue Charles Gide,16,,EN0183,1565357.17170000,5182836.64210000,1.26679789,45.83238871
87085_1010_00018,rue Charles Gide,18,,EN0183,1565354.99290000,5182844.13930000,1.26676775,45.83245572
87085_1010_00020,rue Charles Gide,20,,EN0183,1565351.95960000,5182854.10960000,1.26672593,45.83254482
87085_1015_00005,rue Charles Le Gendre,5,,NT0066,1564006.06500000,5181194.64400000,1.24987558,45.81735214
87085_1015_00009,rue Charles Le Gendre,9,,NT0064,1563996.45570000,5181194.31840000,1.24975205,45.81734731
87085_1015_00011,rue Charles Le Gendre,11,,NT0064,1563982.55710000,5181193.76120000,1.24957341,45.81733955
87085_1015_00013,rue Charles Le Gendre,13,,NT0063,1563951.15960000,5181178.99330000,1.24917365,45.81720050
87085_1015_00015,rue Charles Le Gendre,15,,NT0061,1563939.55640000,5181169.66120000,1.24902702,45.81711426
87085_1015_00017,rue Charles Le Gendre,17,,NT0127,1563929.54930000,5181160.54960000,1.24890086,45.81703031
87085_1015_00019,rue Charles Le Gendre,19,,NT0059,1563922.67840000,5181154.99960000,1.24881403,45.81697903
87085_1015_00020,rue Charles Le Gendre,20,,NS0081,1564050.90670000,5181220.15690000,1.25044526,45.81759051
87085_1015_00021,rue Charles Le Gendre,21,,NT0058,1563918.98040000,5181151.98710000,1.24876731,45.81695120
87085_1015_00022,rue Charles Le Gendre,22,,NS0082,1564039.46290000,5181212.83370000,1.25030011,45.81752237
87085_1015_00023,rue Charles Le Gendre,23,,NT0057,1563908.86810000,5181143.41570000,1.24863964,45.81687209
87085_1015_00024,rue Charles Le Gendre,24,,NS0082,1564020.97250000,5181207.82310000,1.25006364,45.81747364
87085_1015_00025,rue Charles Le Gendre,25,,NT0056,1563898.28760000,5181134.65140000,1.24850600,45.81679116
87085_1015_00025_bis,rue Charles Le Gendre,25,bis,NT0054,1563891.46850000,5181130.41380000,1.24841948,45.81675169
87085_1015_00026,rue Charles Le Gendre,26,,NS0086,1564012.30070000,5181207.46260000,1.24995218,45.81746869
87085_1015_00027,rue Charles Le Gendre,27,,NT0053,1563884.32610000,5181123.22600000,1.24832962,45.81668562
87085_1015_00027_e,rue Charles Le Gendre,27,e,NT0053,1563909.84870000,5181086.63540000,1.24866832,45.81636151
87085_1015_00027_f,rue Charles Le Gendre,27,f,NT0053,1563925.75370000,5181050.82720000,1.24888306,45.81604254
87085_1015_00027_g,rue Charles Le Gendre,27,g,NT0053,1563909.41150000,5181032.88600000,1.24867790,45.81587792
87085_1015_00027_h,rue Charles Le Gendre,27,h,NT0053,1563891.89750000,5181015.18900000,1.24845760,45.81571526
87085_1015_00028,rue Charles Le Gendre,28,,NS0086,1563990.53810000,5181206.89070000,1.24967237,45.81745924
87085_1015_00029,rue Charles Le Gendre,29,,NT0053,1563873.51000000,5181114.88240000,1.24819284,45.81660842
87085_1015_00030,rue Charles Le Gendre,30,,NS0087,1563975.92750000,5181206.43640000,1.24948453,45.81745226
87085_1015_00031,rue Charles Le Gendre,31,,NT0053,1563859.50020000,5181103.26260000,1.24801589,45.81650112
87085_1015_00033,rue Charles Le Gendre,33,,NT0053,1563843.74300000,5181091.48810000,1.24781651,45.81639209
87085_1015_00036,rue Charles Le Gendre,36,,NS0090,1563887.84770000,5181144.20830000,1.24836899,45.81687506
87085_1015_00039,rue Charles Le Gendre,39,,NT0053,1563808.53080000,5181069.63860000,1.24736970,45.81618857
87085_1015_00043,rue Charles Le Gendre,43,,NT0041,1563784.34730000,5181050.93810000,1.24706389,45.81601556
87085_1015_00045,rue Charles Le Gendre,45,,NT0040,1563776.68100000,5181043.95090000,1.24696724,45.81595118
87085_1015_00047,rue Charles Le Gendre,47,,NT0039,1563767.95110000,5181035.90260000,1.24685721,45.81587706
87085_1015_00049,rue Charles Le Gendre,49,,NT0038,1563755.20480000,5181022.47580000,1.24669704,45.81575375
87085_1015_00051,rue Charles Le Gendre,51,,NT0037,1563747.69530000,5181014.22220000,1.24660277,45.81567802
87085_1015_00053,rue Charles Le Gendre,53,,NT0036,1563740.90980000,5181006.39780000,1.24651769,45.81560629
87085_1015_00055,rue Charles Le Gendre,55,,NT0035,1563735.21350000,5180999.23980000,1.24644644,45.81554077
87085_1015_00057,rue Charles Le Gendre,57,,NT0034,1563727.29940000,5180991.04720000,1.24634695,45.81546550
87085_1015_00059,rue Charles Le Gendre,59,,NT0033,1563716.90310000,5180980.97170000,1.24621606,45.81537281
87085_1015_00060,rue Charles Le Gendre,60,,NS0094,1563714.20170000,5180997.03390000,1.24617676,45.81551676
87085_1015_00061,rue Charles Le Gendre,61,,NT0032,1563707.16280000,5180972.30000000,1.24609321,45.81529287
87085_1015_00063,rue Charles Le Gendre,63,,NT0116,1563698.69030000,5180964.44610000,1.24598644,45.81522054
87085_1015_00065,rue Charles Le Gendre,65,,NT0114,1563688.80100000,5180955.27220000,1.24586182,45.81513606
87085_1015_00066,rue Charles Le Gendre,66,,NS0028,1563668.37920000,5180954.68170000,1.24559927,45.81512670
87085_1015_00067,rue Charles Le Gendre,67,,NT0029,1563678.78770000,5180946.17430000,1.24573558,45.81505224
87085_1015_00068,rue Charles Le Gendre,68,,NS0025,1563658.26180000,5180945.66950000,1.24547167,45.81504363
87085_1015_00069,rue Charles Le Gendre,69,,NT0028,1563669.32350000,5180937.56710000,1.24561627,45.81497293
87085_1015_00070,rue Charles Le Gendre,70,,NS0024,1563648.55240000,5180937.10600000,1.24534919,45.81496467
87085_1015_00071,rue Charles Le Gendre,71,,NT0027,1563660.73020000,5180929.80090000,1.24550793,45.81490137
87085_1015_00072,rue Charles Le Gendre,72,,NS0023,1563637.98750000,5180927.75100000,1.24521594,45.81487842
87085_1015_00073,rue Charles Le Gendre,73,,NT0026,1563650.56320000,5180920.73090000,1.24537970,45.81481776
87085_1015_00075,rue Charles Le Gendre,75,,NT0025,1563642.03120000,5180913.04090000,1.24527212,45.81474690
87085_1015_00076,rue Charles Le Gendre,76,,NS0021,1563621.27420000,5180912.48290000,1.24500526,45.81473776
87085_1015_00077,rue Charles Le Gendre,77,,NT0001,1563625.28320000,5180897.49450000,1.24506108,45.81460373
87085_1015_00078,rue Charles Le Gendre,78,,NS0020,1563611.49940000,5180904.34820000,1.24488182,45.81466265
87085_1015_00080,rue Charles Le Gendre,80,,NS0019,1563599.74720000,5180895.12670000,1.24473325,45.81457737
87085_1015_00084,rue Charles Le Gendre,84,,NS0018,1563579.48340000,5180886.33260000,1.24447506,45.81449424
87085_1015_00093_a,rue Charles Le Gendre,93,a,NR0008,1563495.25870000,5180838.43100000,1.24340516,45.81404663
87085_1015_00093_b,rue Charles Le Gendre,93,b,NR0008,1563505.59680000,5180820.47240000,1.24354325,45.81388713
87085_1015_00093_c,rue Charles Le Gendre,93,c,NR0034,1563452.96040000,5180850.87560000,1.24285749,45.81415018
87085_1015_00093_d,rue Charles Le Gendre,93,d,NR0040,1563431.00530000,5180860.71230000,1.24257227,45.81423431
87085_1015_00098,rue Charles Le Gendre,98,,NS0001,1563423.87670000,5180888.98100000,1.24247254,45.81448719
87085_1016_00003,rue Charles Lindbergh,3,,EX0470,1565882.60680000,5180832.90910000,1.27411830,45.81446652
87085_1016_00004,rue Charles Lindbergh,4,,EX0355,1565875.04970000,5180819.47080000,1.27402483,45.81434417
87085_1016_00005,rue Charles Lindbergh,5,,EX0471,1565887.07960000,5180825.40910000,1.27417793,45.81439993
87085_1016_00007,rue Charles Lindbergh,7,,EX0472,1565892.68670000,5180816.43950000,1.27425256,45.81432034
87085_1016_00009,rue Charles Lindbergh,9,,EX0473,1565899.66970000,5180804.97680000,1.27434559,45.81421858
87085_1016_00011,rue Charles Lindbergh,11,,EX0474,1565904.89470000,5180797.04860000,1.27441502,45.81414828
87085_1016_00012,rue Charles Lindbergh,12,,EX0316,1565943.10680000,5180724.87790000,1.27492670,45.81350651
87085_1016_00013,rue Charles Lindbergh,13,,EX0475,1565912.27410000,5180786.03530000,1.27451302,45.81405065
87085_1016_00014,rue Charles Lindbergh,14,,EX0317,1565955.84380000,5180709.80480000,1.27509475,45.81337340
87085_1016_00015,rue Charles Lindbergh,15,,EX0482,1565928.92370000,5180762.16690000,1.27473386,45.81383918
87085_1016_00016,rue Charles Lindbergh,16,,EX0318,1565968.96450000,5180694.10920000,1.27526791,45.81323476
87085_1016_00018,rue Charles Lindbergh,18,,EX0319,1565981.58360000,5180678.91830000,1.27543448,45.81310057
87085_1016_00020,rue Charles Lindbergh,20,,EX0320,1565992.95920000,5180664.86680000,1.27558473,45.81297638
87085_1016_00021,rue Charles Lindbergh,21,,EX0476,1565973.85090000,5180708.83650000,1.27532667,45.81336819
87085_1016_00022,rue Charles Lindbergh,22,,EX0321,1566004.84180000,5180645.52450000,1.27574298,45.81280470
87085_1016_00024,rue Charles Lindbergh,24,,EX0497,1566016.91320000,5180589.06700000,1.27591399,45.81229918
87085_1016_00026,rue Charles Lindbergh,26,,EX0497,1565985.48380000,5180552.33160000,1.27551992,45.81196260
87085_1016_00028,rue Charles Lindbergh,28,,EX0497,1566025.38670000,5180532.31030000,1.27603880,45.81179026
87085_1016_00031,rue Charles Lindbergh,31,,EX0431,1566031.71540000,5180605.95290000,1.27609970,45.81245396
87085_1016_00033,rue Charles Lindbergh,33,,EX0432,1566035.37300000,5180583.15190000,1.27615310,45.81224956
87085_1016_00035,rue Charles Lindbergh,35,,EX0433,1566039.03620000,5180561.02350000,1.27620638,45.81205122
87085_1016_00037,rue Charles Lindbergh,37,,EX0434,1566043.00850000,5180538.98860000,1.27626362,45.81185377
87085_1020_00003,rue Charles Michels,3,,DY0298,1564901.73100000,5182401.55590000,1.26105931,45.82838553
87085_1020_00004,rue Charles Michels,4,,DY0268,1564910.96080000,5182404.02470000,1.26117738,45.82840955
87085_1020_00006,rue Charles Michels,6,,DY0267,1564906.24920000,5182410.47700000,1.26111494,45.82846667
87085_1020_00008,rue Charles Michels,8,,DY0266,1564901.33640000,5182417.19450000,1.26104984,45.82852613
87085_1020_00009,rue Charles Michels,9,,DY0536,1564885.29260000,5182426.15310000,1.26084087,45.82860357
87085_1020_00010,rue Charles Michels,10,,DY0262,1564896.69620000,5182424.04330000,1.26098820,45.82858683
87085_1020_00011,rue Charles Michels,11,,DY0331,1564880.79840000,5182432.20450000,1.26078134,45.82865712
87085_1020_00012,rue Charles Michels,12,,DY0261,1564894.23740000,5182427.79250000,1.26095551,45.82862007
87085_1020_00013,rue Charles Michels,13,,DY0332,1564876.77730000,5182437.65770000,1.26072807,45.82870538
87085_1020_00014,rue Charles Michels,14,,DY0260,1564891.66890000,5182431.08590000,1.26092153,45.82864919
87085_1020_00015,rue Charles Michels,15,,DY0333,1564871.94530000,5182443.71690000,1.26066419,45.82875894
87085_1020_00016,rue Charles Michels,16,,DY0528,1564889.19050000,5182434.94580000,1.26088856,45.82868343
87085_1020_00017,rue Charles Michels,17,,DY0334,1564862.44730000,5182451.25360000,1.26053985,45.82882487
87085_1020_00017_bis,rue Charles Michels,17,bis,DY0335,1564843.35300000,5182465.03440000,1.26029028,45.82894509
87085_1020_00018,rue Charles Michels,18,,DY0258,1564885.57330000,5182439.96240000,1.26084060,45.82872784
87085_1020_00019,rue Charles Michels,19,,DY0343,1564833.03000000,5182473.29510000,1.26015512,45.82901737
87085_1020_00020,rue Charles Michels,20,,DY0257,1564876.79380000,5182450.63620000,1.26072463,45.82882214
87085_1020_00021,rue Charles Michels,21,,DY0344,1564827.10410000,5182478.31730000,1.26007746,45.82906138
87085_1020_00022,rue Charles Michels,22,,DY0256,1564868.51970000,5182457.78810000,1.26061615,45.82888485
87085_1020_00023,rue Charles Michels,23,,DY0345,1564820.87980000,5182483.72380000,1.25999585,45.82910879
87085_1020_00024,rue Charles Michels,24,,DY0255,1564862.37380000,5182461.96440000,1.26053590,45.82892121
87085_1020_00030,rue Charles Michels,30,,DY0253,1564844.98440000,5182474.63630000,1.26030857,45.82903178
87085_1020_00032,rue Charles Michels,32,,DY0252,1564837.30660000,5182480.30800000,1.26020818,45.82908129
87085_1020_00034,rue Charles Michels,34,,DY0251,1564832.48370000,5182484.60690000,1.26014491,45.82911902
87085_1020_00036,rue Charles Michels,36,,DY0250,1564828.88180000,5182487.51670000,1.26009775,45.82914448
87085_1023_00001,rue Charles Nicolle,1,,NZ0089,1564848.88310000,5186225.72490000,1.25930368,45.86277575
87085_1023_00003,rue Charles Nicolle,3,,NZ0090,1564852.01700000,5186243.87480000,1.25933893,45.86293963
87085_1023_00004,rue Charles Nicolle,4,,NZ0071,1564870.47510000,5186244.58300000,1.25957639,45.86294963
87085_1023_00005,rue Charles Nicolle,5,,NZ0091,1564854.90640000,5186261.85180000,1.25937107,45.86310192
87085_1023_00006,rue Charles Nicolle,6,,NZ0072,1564866.17520000,5186257.66990000,1.25951734,45.86306651
87085_1023_00007,rue Charles Nicolle,7,,NZ0092,1564858.50430000,5186281.71380000,1.25941181,45.86328129
87085_1023_00008,rue Charles Nicolle,8,,NZ0073,1564865.23230000,5186274.13940000,1.25950057,45.86321448
87085_1023_00009,rue Charles Nicolle,9,,NZ0093,1564858.37700000,5186293.71910000,1.25940679,45.86338926
87085_1023_00010,rue Charles Nicolle,10,,NZ0074,1564900.68790000,5186288.64360000,1.25995300,45.86335192
87085_1023_00011,rue Charles Nicolle,11,,NZ0095,1564859.77250000,5186318.05740000,1.25941791,45.86360847
87085_1023_00012,rue Charles Nicolle,12,,NZ0075,1564923.48390000,5186288.49070000,1.26024655,45.86335503
87085_1023_00014,rue Charles Nicolle,14,,NZ0076,1564956.92500000,5186277.33810000,1.26068027,45.86326127
87085_1023_00015,rue Charles Nicolle,15,,NZ0088,1564873.31490000,5186296.55830000,1.25959833,45.86341774
87085_1023_00017,rue Charles Nicolle,17,,NZ0086,1564890.47860000,5186296.42140000,1.25981936,45.86341988
87085_1023_00019,rue Charles Nicolle,19,,NZ0085,1564912.54160000,5186296.19470000,1.26010350,45.86342218
87085_1023_00021,rue Charles Nicolle,21,,NZ0078,1564929.39190000,5186301.05400000,1.26031909,45.86346920
87085_1025_00001,rue Charles Péguy,1,,ES0278,1566631.30990000,5182169.53980000,1.28337930,45.82663596
87085_1025_00001_b,rue Charles Péguy,1,b,ES0278,1566630.08720000,5182155.45600000,1.28336747,45.82650903
87085_1025_00003,rue Charles Péguy,3,,ES0278,1566628.64600000,5182140.57620000,1.28335305,45.82637490
87085_1025_00005,rue Charles Péguy,5,,ES0278,1566625.03470000,5182107.06780000,1.28331588,45.82607277
87085_1025_00005_b,rue Charles Péguy,5,b,ES0278,1566626.29250000,5182114.42400000,1.28333002,45.82613918
87085_4020_00003,rue Charles Perrault,3,,CR0170,1566571.18220000,5183920.22950000,1.28211968,45.84237288
87085_4020_00004,rue Charles Perrault,4,,CR0027,1566578.23860000,5183932.92930000,1.28220698,45.84248849
87085_4020_00005,rue Charles Perrault,5,,CR0169,1566569.03990000,5183926.23400000,1.28209044,45.84242648
87085_4020_00012,rue Charles Perrault,12,,CR0027,1566564.25680000,5183974.44070000,1.28201549,45.84285920
87085_4020_00014,rue Charles Perrault,14,,CR0370,1566560.58100000,5183985.20350000,1.28196519,45.84295530
87085_4020_00016,rue Charles Perrault,16,,CR0329,1566557.25790000,5183995.12560000,1.28191967,45.84304392
87085_4020_00018,rue Charles Perrault,18,,CR0328,1566554.72770000,5184002.42000000,1.28188508,45.84310904
87085_4020_00020,rue Charles Perrault,20,,CR0017,1566549.95400000,5184016.54340000,1.28181971,45.84323516
87085_4020_00022,rue Charles Perrault,22,,CR0016,1566546.02010000,5184028.20180000,1.28176584,45.84333928
87085_4020_00029,rue Charles Perrault,29,,CR0263,1566521.14300000,5184068.45390000,1.28143446,45.84369654
87085_4020_00030,rue Charles Perrault,30,,CR0217,1566530.84340000,5184071.59020000,1.28155845,45.84372664
87085_4020_00030_a,rue Charles Perrault,30,a,CR0015,1566545.63880000,5184068.95380000,1.28174961,45.84370579
87085_4020_00030_b,rue Charles Perrault,30,b,CR0015,1566561.75350000,5184073.85480000,1.28195567,45.84375301
87085_4020_00030_c,rue Charles Perrault,30,c,CR0015,1566578.15120000,5184079.17280000,1.28216525,45.84380403
87085_4020_00030_d,rue Charles Perrault,30,d,CR0015,1566594.27050000,5184084.63280000,1.28237121,45.84385627
87085_4020_00030_e,rue Charles Perrault,30,e,CR0015,1566610.80680000,5184089.80980000,1.28258262,45.84390605
87085_4020_00036,rue Charles Perrault,36,,CR0250,1566522.05040000,5184098.05040000,1.28143792,45.84396296
87085_1030_00004,rue Charles Silvestre,4,,BV0316,1564802.21080000,5185407.08390000,1.25893320,45.85540244
87085_1030_00006,rue Charles Silvestre,6,,BV0318,1564779.83930000,5185405.49690000,1.25864564,45.85538376
87085_1030_00008,rue Charles Silvestre,8,,BV0319,1564766.00090000,5185404.36410000,1.25846781,45.85537085
87085_1030_00010,rue Charles Silvestre,10,,BV0320,1564752.15340000,5185403.57100000,1.25828976,45.85536099
87085_1030_00011,rue Charles Silvestre,11,,BT0127,1564708.67520000,5185381.49670000,1.25773600,45.85515400
87085_1030_00012,rue Charles Silvestre,12,,BV0321,1564732.85220000,5185402.12710000,1.25804168,45.85534421
87085_1030_00014,rue Charles Silvestre,14,,BV0322,1564720.05230000,5185400.81130000,1.25787727,45.85532985
87085_1030_00016,rue Charles Silvestre,16,,BV0323,1564701.72390000,5185399.69180000,1.25764163,45.85531617
87085_1030_00018,rue Charles Silvestre,18,,BV0324,1564686.60720000,5185398.74480000,1.25744729,45.85530468
87085_1030_00020,rue Charles Silvestre,20,,BV0325,1564671.56940000,5185397.78280000,1.25725397,45.85529306
87085_1030_00022,rue Charles Silvestre,22,,BV0326,1564657.44010000,5185396.63890000,1.25707239,45.85527999
87085_1030_00024,rue Charles Silvestre,24,,BV0328,1564642.17140000,5185395.34860000,1.25687619,45.85526538
87085_1030_00026,rue Charles Silvestre,26,,BV0329,1564628.30470000,5185394.42150000,1.25669793,45.85525431
87085_1030_00028,rue Charles Silvestre,28,,BV0330,1564611.61960000,5185393.66090000,1.25648335,45.85524418
87085_1030_00030,rue Charles Silvestre,30,,BV0331,1564598.58990000,5185392.33800000,1.25631598,45.85522971
87085_1030_00040,rue Charles Silvestre,40,,BV0610,1564483.25210000,5185383.98640000,1.25483350,45.85513186
87085_1030_00041,rue Charles Silvestre,41,,BT0038,1564378.12250000,5185358.80040000,1.25348720,45.85488457
87085_1030_00043,rue Charles Silvestre,43,,BT0037,1564367.35510000,5185357.96420000,1.25334882,45.85487492
87085_1030_00045,rue Charles Silvestre,45,,BT0036,1564356.34850000,5185357.06460000,1.25320738,45.85486466
87085_1030_00047,rue Charles Silvestre,47,,BT0032,1564340.98220000,5185355.68160000,1.25300995,45.85484918
87085_1030_00051,rue Charles Silvestre,51,,BT0031,1564315.19630000,5185353.85260000,1.25267851,45.85482764
87085_1030_00058,rue Charles Silvestre,58,,BV0723,1564402.27100000,5185377.40860000,1.25379283,45.85505672
87085_1030_00060,rue Charles Silvestre,60,,BV0338,1564382.71520000,5185376.35500000,1.25354137,45.85504339
87085_1030_00062,rue Charles Silvestre,62,,BV0343,1564366.73670000,5185375.36140000,1.25333595,45.85503129
87085_1030_00064,rue Charles Silvestre,64,,BV0347,1564351.27500000,5185373.80270000,1.25313734,45.85501422
87085_1030_00066,rue Charles Silvestre,66,,BV0349,1564339.89990000,5185373.08530000,1.25299110,45.85500552
87085_1030_00068,rue Charles Silvestre,68,,BV0351,1564328.32460000,5185372.34410000,1.25284229,45.85499657
87085_1030_00070,rue Charles Silvestre,70,,BV0352,1564316.31080000,5185371.70370000,1.25268781,45.85498844
87085_1030_00072,rue Charles Silvestre,72,,BV0353,1564303.05030000,5185370.39060000,1.25251747,45.85497401
87085_1030_00074,rue Charles Silvestre,74,,BV0354,1564286.27980000,5185368.96710000,1.25230198,45.85495790
87085_1031_00003,rue Charles Trénet,3,,MS0199,1565789.61410000,5189455.27340000,1.27051307,45.89201169
87085_1031_00005,rue Charles Trénet,5,,MS0085,1565813.20770000,5189440.69430000,1.27082109,45.89188516
87085_1031_00007,rue Charles Trénet,7,,MS0095,1565839.35630000,5189424.88270000,1.27116236,45.89174803
87085_1031_00009,rue Charles Trénet,9,,MS0093,1565862.13340000,5189411.16750000,1.27145962,45.89162910
87085_1031_00011,rue Charles Trénet,11,,MS0145,1565885.07060000,5189391.42960000,1.27176062,45.89145603
87085_1035_00003,rue Charpentier,3,,DT0001,1565213.04560000,5183656.52280000,1.26471330,45.83973579
87085_1035_00004,rue Charpentier,4,,DR0128,1565221.12970000,5183671.30510000,1.26481320,45.83987035
87085_1035_00004_bis,rue Charpentier,4,bis,DR0129,1565209.06380000,5183668.21600000,1.26465877,45.83984020
87085_1035_00006,rue Charpentier,6,,DR0089,1565201.87200000,5183666.82900000,1.26456660,45.83982631
87085_1035_00007,rue Charpentier,7,,DT0001,1565186.02440000,5183649.91570000,1.26436738,45.83967106
87085_1035_00008,rue Charpentier,8,,DR0130,1565190.02130000,5183664.01690000,1.26441487,45.83979869
87085_1035_00013,rue Charpentier,13,,DT0035,1565166.53360000,5183645.48530000,1.26411778,45.83962739
87085_1035_00023,rue Charpentier,23,,DT0390,1565139.13250000,5183638.83950000,1.26376698,45.83956223
87085_1035_00025,rue Charpentier,25,,DT0039,1565110.75050000,5183632.01360000,1.26340362,45.83949526
87085_1035_00027,rue Charpentier,27,,DT0040,1565101.49660000,5183629.71280000,1.26328516,45.83947275
87085_1035_00029,rue Charpentier,29,,DT0041,1565090.90130000,5183627.09180000,1.26314954,45.83944709
87085_1035_00031,rue Charpentier,31,,DT0042,1565079.61020000,5183624.55030000,1.26300493,45.83942201
87085_1035_00033,rue Charpentier,33,,DT0043,1565071.18210000,5183622.38360000,1.26289707,45.83940087
87085_1035_00035,rue Charpentier,35,,DT0048,1565046.37870000,5183616.38060000,1.26257953,45.83934200
87085_1035_00047,rue Charpentier,47,,DT0297,1564974.22510000,5183596.80170000,1.26165641,45.83915171
87085_1035_00049,rue Charpentier,49,,DT0298,1564966.08840000,5183594.67800000,1.26155228,45.83913101
87085_1035_00051,rue Charpentier,51,,DT0299,1564957.47240000,5183592.20690000,1.26144209,45.83910709
87085_1035_00053,rue Charpentier,53,,DT0300,1564945.02890000,5183589.00940000,1.26128284,45.83907588
87085_1040_00005,rue Charreyron,5,,DY0114,1564645.79120000,5182456.32530000,1.25775057,45.82882789
87085_1040_00009,rue Charreyron,9,,DY0110,1564638.63640000,5182467.29810000,1.25765541,45.82892519
87085_1040_00011,rue Charreyron,11,,DY0109,1564635.81870000,5182469.76130000,1.25761846,45.82894679
87085_1040_00019,rue Charreyron,19,,DY0096,1564636.62150000,5182481.39900000,1.25762551,45.82905164
87085_1055_00002,rue Châteaubriand,2,,CV1317,1564907.62100000,5184105.94200000,1.26065609,45.84371864
87085_1055_00003,rue Châteaubriand,3,,CV1315,1564902.15060000,5184119.90230000,1.26058175,45.84384315
87085_1055_00005,rue Châteaubriand,5,,CV1025,1564905.76990000,5184127.71140000,1.26062614,45.84391411
87085_1055_00006,rue Châteaubriand,6,,CV1319,1564915.22590000,5184124.51300000,1.26074875,45.84388720
87085_1055_00007,rue Châteaubriand,7,,CV1313,1564910.04980000,5184137.33200000,1.26067853,45.84400149
87085_1055_00009,rue Châteaubriand,9,,CV1311,1564913.75390000,5184145.71590000,1.26072384,45.84407764
87085_1055_00011,rue Châteaubriand,11,,CV1309,1564917.77010000,5184154.97770000,1.26077293,45.84416174
87085_1055_00013,rue Châteaubriand,13,,CV1515,1564921.33480000,5184163.04630000,1.26081655,45.84423502
87085_1050_00001,rue Château-Gaillard,1,,IT0526,1562629.10670000,5181885.26610000,1.23196385,45.82329106
87085_1050_00002,rue Château-Gaillard,2,,IT0365,1562639.68840000,5181894.77090000,1.23209729,45.82337868
87085_1050_00004,rue Château-Gaillard,4,,IT0365,1562637.03560000,5181907.99700000,1.23205938,45.82349712
87085_1050_00006,rue Château-Gaillard,6,,IT0103,1562633.94770000,5181922.83820000,1.23201541,45.82363001
87085_1050_00009,rue Château-Gaillard,9,,IT0118,1562620.51870000,5181927.47190000,1.23184130,45.82366901
87085_1050_00010,rue Château-Gaillard,10,,IT0102,1562630.53320000,5181939.65370000,1.23196667,45.82378059
87085_1050_00011,rue Château-Gaillard,11,,IT0119,1562617.74580000,5181941.43010000,1.23180164,45.82379402
87085_1050_00012,rue Château-Gaillard,12,,IT0101,1562627.06110000,5181957.82800000,1.23191681,45.82394339
87085_1050_00013,rue Château-Gaillard,13,,IT0120,1562616.13210000,5181948.95290000,1.23177872,45.82386137
87085_1050_00015,rue Château-Gaillard,15,,IT0125,1562614.05590000,5181959.81570000,1.23174891,45.82395867
87085_1050_00016,rue Château-Gaillard,16,,IT0320,1562624.16220000,5181972.54100000,1.23187531,45.82407516
87085_1050_00017,rue Château-Gaillard,17,,IT0126,1562611.79510000,5181970.90110000,1.23171665,45.82405794
87085_1050_00019,rue Château-Gaillard,19,,IT0127,1562609.85040000,5181980.54060000,1.23168888,45.82414426
87085_1050_00020,rue Château-Gaillard,20,,IT0359,1562619.10430000,5181998.49160000,1.23180281,45.82430759
87085_1050_00021,rue Château-Gaillard,21,,IT0338,1562607.24820000,5181993.89440000,1.23165158,45.82426387
87085_1050_00022,rue Château-Gaillard,22,,IT0098,1562617.24100000,5182008.40390000,1.23177601,45.82439638
87085_1050_00024,rue Château-Gaillard,24,,IT0097,1562614.88630000,5182020.36330000,1.23174229,45.82450350
87085_1050_00026,rue Château-Gaillard,26,,IT0096,1562612.84720000,5182030.69390000,1.23171311,45.82459602
87085_1050_00027,rue Château-Gaillard,27,,IT0129,1562601.93710000,5182020.79570000,1.23157556,45.82450480
87085_1050_00029,rue Château-Gaillard,29,,IT0130,1562597.82620000,5182040.84740000,1.23151694,45.82468435
87085_1077_00002,rue Chaudron,2,,HS0231,1565129.75430000,5181600.74320000,1.26421802,45.82122648
87085_1077_00003,rue Chaudron,3,,HS0241,1565136.23040000,5181572.49180000,1.26430927,45.82097361
87085_1077_00004,rue Chaudron,4,,HS0480,1565127.08640000,5181610.22250000,1.26418104,45.82131123
87085_1077_00008,rue Chaudron,8,,HS0480,1565128.31640000,5181630.82200000,1.26419109,45.82149678
87085_1115_00004,rue Christophe Colomb,4,,CV0188,1565382.88710000,5184383.92780000,1.26669543,45.84631251
87085_1115_00004_bis,rue Christophe Colomb,4,bis,CV0189,1565377.13700000,5184386.86160000,1.26662060,45.84633777
87085_1115_00006,rue Christophe Colomb,6,,CV0189,1565370.84990000,5184390.03610000,1.26653878,45.84636510
87085_1115_00007,rue Christophe Colomb,7,,CV0182,1565354.88980000,5184386.13070000,1.26633444,45.84632684
87085_1115_00008,rue Christophe Colomb,8,,CV0190,1565362.99610000,5184393.81370000,1.26643663,45.84639754
87085_1115_00010,rue Christophe Colomb,10,,CV0789,1565355.10030000,5184397.77370000,1.26633389,45.84643162
87085_1115_00010_bis,rue Christophe Colomb,10,bis,CV0790,1565347.50650000,5184401.47380000,1.26623510,45.84646341
87085_1115_00011,rue Christophe Colomb,11,,CV0179,1565334.42560000,5184396.25280000,1.26606819,45.84641389
87085_1115_00012,rue Christophe Colomb,12,,CV0192,1565336.61680000,5184406.88020000,1.26609342,45.84650991
87085_1115_00013,rue Christophe Colomb,13,,CV0178,1565326.35330000,5184400.49760000,1.26596310,45.84645049
87085_1115_00014,rue Christophe Colomb,14,,CV0193,1565324.88490000,5184412.78230000,1.26594075,45.84656071
87085_1115_00015,rue Christophe Colomb,15,,CV0177,1565318.42480000,5184404.51190000,1.26585992,45.84648505
87085_1115_00016,rue Christophe Colomb,16,,CV0194,1565310.11580000,5184420.14200000,1.26574859,45.84662402
87085_1115_00017,rue Christophe Colomb,17,,CV0175,1565310.53520000,5184408.18220000,1.26575734,45.84651652
87085_1115_00019,rue Christophe Colomb,19,,CV0780,1565302.68800000,5184412.14580000,1.26565522,45.84655064
87085_1115_00020,rue Christophe Colomb,20,,CV0195,1565289.38850000,5184430.29810000,1.26547894,45.84671132
87085_1115_00021,rue Christophe Colomb,21,,CV0173,1565294.78930000,5184416.00700000,1.26555247,45.84658382
87085_1115_00023,rue Christophe Colomb,23,,CV0171,1565283.89570000,5184421.50920000,1.26541070,45.84663118
87085_1115_00024,rue Christophe Colomb,24,,CV0196,1565274.68990000,5184437.95420000,1.26528760,45.84677731
87085_1115_00025,rue Christophe Colomb,25,,CV0170,1565272.68680000,5184427.08750000,1.26526486,45.84667917
87085_1115_00026,rue Christophe Colomb,26,,CV0196,1565257.86520000,5184446.05900000,1.26506876,45.84684692
87085_1115_00027,rue Christophe Colomb,27,,CV0169,1565260.72020000,5184433.02950000,1.26510916,45.84673027
87085_1135_00007,rue Claire-Fontaine,7,,IV0167,1563122.49270000,5181729.62820000,1.23835622,45.82198938
87085_1135_00008,rue Claire-Fontaine,8,,IV0140,1563120.53800000,5181752.08900000,1.23832467,45.82219103
87085_1135_00011,rue Claire-Fontaine,11,,IV0172,1563110.96490000,5181746.48760000,1.23820310,45.82213874
87085_1135_00013,rue Claire-Fontaine,13,,IV0173,1563103.41290000,5181757.40950000,1.23810283,45.82223549
87085_1135_00015,rue Claire-Fontaine,15,,IV0663,1563095.02460000,5181769.91870000,1.23799134,45.82234635
87085_1135_00016,rue Claire-Fontaine,16,,IV0390,1563084.02210000,5181805.06980000,1.23783978,45.82266036
87085_1135_00017,rue Claire-Fontaine,17,,IV0182,1563088.33110000,5181779.42110000,1.23790252,45.82243049
87085_1135_00018,rue Claire-Fontaine,18,,IV0137,1563071.69630000,5181823.60640000,1.23767591,45.82282465
87085_1135_00021,rue Claire-Fontaine,21,,IV0183,1563075.26870000,5181798.90650000,1.23772891,45.82260317
87085_1135_00025,rue Claire-Fontaine,25,,IV0186,1563059.57920000,5181821.99050000,1.23752047,45.82280770
87085_1150_00008,rue Claude Debussy,8,,IW0521,1562782.72110000,5182060.19030000,1.23389039,45.82489526
87085_1150_00010,rue Claude Debussy,10,,IW0521,1562776.75170000,5182061.84180000,1.23381311,45.82490893
87085_1150_00012,rue Claude Debussy,12,,IW0521,1562771.18520000,5182063.55540000,1.23374100,45.82492323
87085_1150_00014,rue Claude Debussy,14,,IW0521,1562766.68250000,5182064.82320000,1.23368271,45.82493374
87085_1150_00016,rue Claude Debussy,16,,IW0521,1562759.00470000,5182067.10900000,1.23358327,45.82495277
87085_1150_00025,rue Claude Debussy,25,,IT0552,1562728.97440000,5182062.67720000,1.23319810,45.82490690
87085_1150_00027,rue Claude Debussy,27,,IT0553,1562711.24730000,5182068.82880000,1.23296800,45.82495900
87085_1153_00002,rue Claude-Henri Gorceix,2,,MO0004,1566864.46810000,5188500.18190000,1.28462478,45.88362923
87085_1153_00004,rue Claude-Henri Gorceix,4,,MO0004,1566874.82620000,5188515.86940000,1.28475385,45.88377236
87085_1153_00005,rue Claude-Henri Gorceix,5,,MO0002,1566876.94150000,5188549.26000000,1.28477183,45.88407313
87085_1153_00006,rue Claude-Henri Gorceix,6,,MO0004,1566889.05340000,5188535.57480000,1.28493163,45.88395237
87085_1153_00008,rue Claude-Henri Gorceix,8,,MO0005,1566909.85800000,5188565.83440000,1.28519121,45.88422861
87085_1153_00010,rue Claude-Henri Gorceix,10,,MO0005,1566928.40130000,5188592.11190000,1.28542277,45.88446858
87085_1153_00016,rue Claude-Henri Gorceix,16,,MO0121,1567019.97300000,5188610.66400000,1.28659714,45.88465320
87085_1153_00017,rue Claude-Henri Gorceix,17,,MO0036,1567000.85590000,5188624.60140000,1.28634703,45.88477487
87085_1153_00021,rue Claude-Henri Gorceix,21,,MO0063,1567055.39380000,5188627.66520000,1.28704867,45.88481299
87085_1153_00024,rue Claude-Henri Gorceix,24,,MO0117,1567095.51170000,5188632.09930000,1.28756419,45.88486064
87085_1153_00025,rue Claude-Henri Gorceix,25,,MO0063,1567088.97880000,5188646.59160000,1.28747603,45.88498974
87085_1153_00028,rue Claude-Henri Gorceix,28,,MO0070,1567125.01060000,5188691.30490000,1.28792776,45.88539893
87085_1153_00029,rue Claude-Henri Gorceix,29,,MO0064,1567110.74100000,5188699.55100000,1.28774167,45.88547035
87085_1153_00030,rue Claude-Henri Gorceix,30,,MO0070,1567129.95500000,5188714.49600000,1.28798503,45.88560851
87085_1153_00034,rue Claude-Henri Gorceix,34,,MO0069,1567139.27710000,5188754.01380000,1.28809416,45.88596579
87085_1153_00035,rue Claude-Henri Gorceix,35,,MO0139,1567124.08400000,5188755.09250000,1.28789816,45.88597256
87085_1153_00036,rue Claude-Henri Gorceix,36,,MO0056,1567150.84620000,5188805.54630000,1.28822892,45.88643160
87085_1153_00038,rue Claude-Henri Gorceix,38,,MO0057,1567163.49350000,5188857.02130000,1.28837758,45.88689709
87085_1153_00039,rue Claude-Henri Gorceix,39,,MO0073,1567137.50770000,5188813.63840000,1.28805486,45.88650181
87085_1153_00044,rue Claude-Henri Gorceix,44,,MO0061,1567180.25440000,5188926.15260000,1.28857434,45.88752221
87085_1153_00045,rue Claude-Henri Gorceix,45,,MO0067,1567156.45890000,5188896.01490000,1.28827617,45.88724650
87085_1153_00047,rue Claude-Henri Gorceix,47,,MO0114,1567202.27540000,5188978.08810000,1.28884363,45.88799366
87085_1153_00051,rue Claude-Henri Gorceix,51,,MO0115,1567241.15990000,5188979.90290000,1.28934401,45.88801750
87085_1153_00053,rue Claude-Henri Gorceix,53,,MO0091,1567301.70000000,5188972.99830000,1.29012577,45.88796708
87085_1154_00006,rue Claude Lévi-Strauss,6,,PA0086,1560599.45190000,5181905.98050000,1.20584389,45.82306905
87085_1154_00008,rue Claude Lévi-Strauss,8,,PA0084,1560576.74370000,5181903.85390000,1.20555234,45.82304532
87085_1154_00012,rue Claude Lévi-Strauss,12,,PA0107,1560532.92860000,5181905.33560000,1.20499124,45.82306053
87085_1154_00014,rue Claude Lévi-Strauss,14,,PA0108,1560512.39690000,5181918.67060000,1.20473697,45.82317178
87085_1154_00015,rue Claude Lévi-Strauss,15,,PA0138,1560531.18930000,5181891.03150000,1.20496995,45.82292074
87085_1154_00016,rue Claude Lévi-Strauss,16,,PA0109,1560489.32520000,5181929.25400000,1.20442023,45.82325608
87085_1154_00017,rue Claude Lévi-Strauss,17,,PA0137,1560512.66840000,5181900.02740000,1.20472905,45.82299791
87085_1154_00019,rue Claude Lévi-Strauss,19,,PA0136,1560491.89860000,5181911.40450000,1.20445852,45.82309604
87085_1154_00021,rue Claude Lévi-Strauss,21,,PA0135,1560468.61520000,5181920.40040001,1.20415634,45.82317224
87085_1154_00022,rue Claude Lévi-Strauss,22,,PA0114,1560428.36510000,5181984.28750000,1.20361993,45.82373876
87085_1154_00023,rue Claude Lévi-Strauss,23,,PA0134,1560451.15270000,5181935.61400000,1.20392725,45.82330555
87085_1154_00024,rue Claude Lévi-Strauss,24,,PA0115,1560418.84010000,5181998.25750000,1.20349333,45.82386250
87085_1154_00025,rue Claude Lévi-Strauss,25,,PA0133,1560435.27770000,5181951.09220000,1.20371851,45.82344156
87085_1154_00027,rue Claude Lévi-Strauss,27,,PA0132,1560418.07970000,5181968.68700000,1.20349213,45.82359634
87085_1154_00028,rue Claude Lévi-Strauss,28,,PA0116,1560406.80160000,5182037.54820000,1.20332703,45.82421349
87085_1154_00029,rue Claude Lévi-Strauss,29,,PA0131,1560405.90880000,5181987.60470000,1.20333004,45.82376405
87085_1154_00030,rue Claude Lévi-Strauss,30,,PA0117,1560399.81650000,5182056.28080000,1.20323172,45.82438058
87085_1154_00032,rue Claude Lévi-Strauss,32,,PA0118,1560388.57170000,5182075.59540000,1.20308143,45.82455205
87085_1154_00033,rue Claude Lévi-Strauss,33,,PA0130,1560393.87020000,5182023.19130000,1.20316482,45.82408172
87085_1154_00034,rue Claude Lévi-Strauss,34,,PA0119,1560375.21020000,5182097.02670000,1.20290329,45.82474212
87085_1154_00035,rue Claude Lévi-Strauss,35,,PA0129,1560388.57850000,5182043.16740000,1.20309093,45.82426034
87085_1154_00036,rue Claude Lévi-Strauss,36,,PA0120,1560359.86430000,5182113.43090000,1.20270108,45.82488657
87085_1154_00037,rue Claude Lévi-Strauss,37,,PA0128,1560376.54000000,5182063.93720000,1.20293001,45.82444473
87085_1154_00038,rue Claude Lévi-Strauss,38,,PA0121,1560352.72050000,5182133.67160000,1.20260329,45.82506719
87085_1154_00039,rue Claude Lévi-Strauss,39,,PA0127,1560364.63370000,5182082.06120000,1.20277156,45.82460535
87085_1154_00040,rue Claude Lévi-Strauss,40,,PA0122,1560342.40170000,5182148.22380000,1.20246629,45.82519600
87085_1154_00041,rue Claude Lévi-Strauss,41,,PA0126,1560347.70030000,5182100.71440000,1.20254827,45.82476970
87085_1154_00042,rue Claude Lévi-Strauss,42,,PA0123,1560329.96630000,5182140.02170000,1.20230867,45.82511969
87085_1154_00043,rue Claude Lévi-Strauss,43,,PA0125,1560332.08990000,5182118.04460000,1.20234238,45.82492243
87085_1154_00045,rue Claude Lévi-Strauss,45,,PA0124,1560323.22630000,5182129.95090000,1.20222488,45.82502773
87085_1155_00001,rue Claude Lorrain,1,,CN0434,1565763.42370000,5184783.72180000,1.27148191,45.84998329
87085_1155_00002,rue Claude Lorrain,2,,CM0855,1565766.39580000,5184797.51680000,1.27151632,45.85010797
87085_1155_00003,rue Claude Lorrain,3,,CM0368,1565759.11690000,5184790.56810000,1.27142456,45.85004404
87085_1155_00007,rue Claude Lorrain,7,,CM0366,1565746.36200000,5184807.66650000,1.27125559,45.85019536
87085_1155_00008,rue Claude Lorrain,8,,CM0624,1565750.84050000,5184818.43600000,1.27131023,45.85029311
87085_1155_00009,rue Claude Lorrain,9,,CM0365,1565737.17030000,5184819.48050000,1.27113397,45.85029984
87085_1155_00010,rue Claude Lorrain,10,,CM0330,1565744.69540000,5184827.05160000,1.27122872,45.85036941
87085_1155_00011,rue Claude Lorrain,11,,CM0364,1565729.23310000,5184829.40610000,1.27102902,45.85038758
87085_1155_00012,rue Claude Lorrain,12,,CM0331,1565736.46870000,5184838.68360000,1.27111957,45.85047245
87085_1155_00013,rue Claude Lorrain,13,,CM0363,1565720.65680000,5184840.86830000,1.27091542,45.85048901
87085_1155_00016,rue Claude Lorrain,16,,CM0332,1565725.94920000,5184852.90350000,1.27098018,45.85059831
87085_1155_00017,rue Claude Lorrain,17,,CM0361,1565707.65790000,5184858.46390000,1.27074317,45.85064475
87085_1155_00018,rue Claude Lorrain,18,,CM0333,1565716.46570000,5184864.77380000,1.27085479,45.85070324
87085_1155_00019,rue Claude Lorrain,19,,CM0360,1565702.12810000,5184866.04770000,1.27066986,45.85071189
87085_1155_00020,rue Claude Lorrain,20,,CM0334,1565710.21070000,5184873.98090000,1.27077169,45.85078484
87085_1155_00021,rue Claude Lorrain,21,,CM0359,1565690.33060000,5184881.44080000,1.27051369,45.85084806
87085_1155_00022,rue Claude Lorrain,22,,CM0336,1565702.35470000,5184884.47170000,1.27066763,45.85087767
87085_1155_00024,rue Claude Lorrain,24,,CM0337,1565694.12340000,5184894.64420000,1.27055883,45.85096757
87085_1155_00025,rue Claude Lorrain,25,,CM0343,1565678.18950000,5184897.22910000,1.27035299,45.85098771
87085_1155_00026,rue Claude Lorrain,26,,CM0338,1565687.21260000,5184904.31600000,1.27046716,45.85105323
87085_1155_00027,rue Claude Lorrain,27,,CM0342,1565669.10910000,5184909.58980000,1.27023264,45.85109713
87085_1155_00029,rue Claude Lorrain,29,,CM0341,1565659.64660000,5184921.87110000,1.27010740,45.85120576
87085_1155_00030,rue Claude Lorrain,30,,CM0339,1565675.11120000,5184920.49480000,1.27030686,45.85119640
87085_1157_00021,rue Claude Mandonnaud,21,,SV0107,1566626.46610000,5185201.55400001,1.28247555,45.85390993
87085_1160_00003,rue Claude Monet,3,,CN0206,1566172.34670000,5184299.82910000,1.27688061,45.84571010
87085_1160_00005,rue Claude Monet,5,,CN0207,1566166.95550000,5184307.82070000,1.27680899,45.84578094
87085_1160_00007,rue Claude Monet,7,,CN0208,1566162.35660000,5184314.64770000,1.27674789,45.84584146
87085_1160_00009,rue Claude Monet,9,,CN0209,1566157.48500000,5184321.99170000,1.27668314,45.84590658
87085_1160_00011,rue Claude Monet,11,,CN0210,1566148.90830000,5184334.97030000,1.27656913,45.84602166
87085_1160_00013,rue Claude Monet,13,,CN0211,1566142.00870000,5184344.86430000,1.27647756,45.84610932
87085_1160_00015,rue Claude Monet,15,,CN0212,1566133.78790000,5184357.80520000,1.27636814,45.84622413
87085_1160_00016,rue Claude Monet,16,,CN0072,1566151.64500000,5184353.73920000,1.27659912,45.84619103
87085_1160_00017,rue Claude Monet,17,,CN0213,1566126.14600000,5184369.57490000,1.27626650,45.84632852
87085_1160_00019,rue Claude Monet,19,,CN0214,1566119.99550000,5184379.46110000,1.27618457,45.84641625
87085_1160_00021,rue Claude Monet,21,,CN0215,1566116.01250000,5184385.40620000,1.27613165,45.84646895
87085_1160_00022,rue Claude Monet,22,,CN0561,1566139.92180000,5184372.19070000,1.27644309,45.84635473
87085_1160_00023,rue Claude Monet,23,,CN0216,1566110.60020000,5184393.52880000,1.27605972,45.84654097
87085_1160_00024,rue Claude Monet,24,,CN0559,1566130.85340000,5184386.26000000,1.27632244,45.84647952
87085_1160_00026,rue Claude Monet,26,,CN0557,1566126.07950000,5184393.52190000,1.27625897,45.84654392
87085_1160_00028,rue Claude Monet,28,,CN0555,1566122.49400000,5184398.37070000,1.27621146,45.84658684
87085_1160_00029,rue Claude Monet,29,,CN0647,1566101.88960000,5184406.90580000,1.27594387,45.84665961
87085_1160_00030,rue Claude Monet,30,,CN0553,1566118.67960000,5184404.31530000,1.27616071,45.84663957
87085_1160_00031,rue Claude Monet,31,,CN0647,1566093.98130000,5184419.09810000,1.27583868,45.84676774
87085_1160_00032,rue Claude Monet,32,,CN0551,1566113.52200000,5184412.20950000,1.27609212,45.84670958
87085_1160_00033,rue Claude Monet,33,,CN0647,1566084.75710000,5184432.96770000,1.27571608,45.84689071
87085_1160_00034,rue Claude Monet,34,,CN0501,1566107.83090000,5184421.21520000,1.27601636,45.84678949
87085_1160_00035,rue Claude Monet,35,,CN0218,1566076.37340000,5184445.89190000,1.27560456,45.84700534
87085_1160_00036,rue Claude Monet,36,,CN0062,1566099.64100000,5184433.86620000,1.27590741,45.84690169
87085_1160_00037,rue Claude Monet,37,,CN0219,1566069.42670000,5184456.09920000,1.27551230,45.84709581
87085_1160_00038,rue Claude Monet,38,,CN0061,1566092.72530000,5184443.97010000,1.27581558,45.84699124
87085_1160_00040,rue Claude Monet,40,,CN0060,1566086.63310000,5184453.52980000,1.27573450,45.84707605
87085_1160_00042,rue Claude Monet,42,,CN0059,1566079.56110000,5184464.18920000,1.27564049,45.84717056
87085_1160_00044,rue Claude Monet,44,,CN0058,1566074.50720000,5184471.66600000,1.27557336,45.84723683
87085_1160_00044_bis,rue Claude Monet,44,bis,CN0451,1566071.74840000,5184476.03510000,1.27553663,45.84727560
87085_1160_00044_ter,rue Claude Monet,44,ter,CN0451,1566069.17830000,5184479.62040000,1.27550255,45.84730735
87085_1160_00046,rue Claude Monet,46,,CN0056,1566066.21390000,5184484.64820000,1.27546299,45.84735200
87085_1170_00002,rue Clément Ader,2,,BS0354,1565120.57230000,5184755.06250000,1.26321480,45.84959967
87085_1170_00004,rue Clément Ader,4,,BS0353,1565131.38300000,5184751.73570000,1.26335489,45.84957186
87085_1170_00006,rue Clément Ader,6,,BS0352,1565138.23490000,5184749.57010000,1.26344370,45.84955373
87085_1170_00007,rue Clément Ader,7,,BS0846,1565144.40620000,5184761.14190000,1.26351989,45.84965903
87085_1170_00008,rue Clément Ader,8,,BS0349,1565145.10240000,5184747.22440000,1.26353276,45.84953397
87085_1170_00009,rue Clément Ader,9,,BS0359,1565162.82120000,5184755.10940000,1.26375864,45.84960838
87085_1170_00010,rue Clément Ader,10,,BS0348,1565152.21200000,5184744.91780000,1.26362493,45.84951462
87085_1170_00012,rue Clément Ader,12,,BS0347,1565158.49090000,5184743.11220000,1.26370626,45.84949961
87085_1170_00013,rue Clément Ader,13,,BS0361,1565176.07000000,5184751.36610000,1.26393023,45.84957730
87085_1170_00014,rue Clément Ader,14,,BS0346,1565165.02540000,5184741.25760000,1.26379090,45.84948421
87085_1170_00015,rue Clément Ader,15,,BS0362,1565189.10730000,5184747.17660000,1.26409923,45.84954217
87085_1170_00016,rue Clément Ader,16,,BS0345,1565172.18470000,5184738.76950000,1.26388375,45.84946323
87085_1170_00018,rue Clément Ader,18,,BS0344,1565180.65210000,5184736.06620000,1.26399351,45.84944057
87085_1170_00019,rue Clément Ader,19,,BS0363,1565199.55490000,5184743.66560000,1.26423470,45.84951264
87085_1170_00020,rue Clément Ader,20,,BS0343,1565189.02300000,5184733.75820000,1.26410191,45.84942145
87085_1170_00021,rue Clément Ader,21,,BS0364,1565209.83970000,5184740.65210000,1.26436794,45.84948755
87085_1170_00023,rue Clément Ader,23,,BS0365,1565219.36470000,5184737.69930000,1.26449138,45.84946285
87085_1170_00024,rue Clément Ader,24,,BS0342,1565201.37780000,5184729.75390000,1.26426207,45.84938785
87085_1170_00026,rue Clément Ader,26,,BS0341,1565208.64420000,5184727.42820000,1.26435626,45.84936835
87085_1170_00027,rue Clément Ader,27,,BS0366,1565232.90870000,5184733.46560000,1.26466691,45.84942742
87085_1170_00028,rue Clément Ader,28,,BS0340,1565219.08600000,5184724.05340000,1.26449162,45.84934004
87085_1170_00029,rue Clément Ader,29,,BS0367,1565252.63720000,5184727.09790000,1.26492265,45.84937401
87085_1170_00030,rue Clément Ader,30,,BS0339,1565232.38540000,5184719.66400000,1.26466404,45.84930317
87085_1170_00033,rue Clément Ader,33,,BS0368,1565267.31140000,5184722.76260000,1.26511276,45.84933788
87085_1170_00034,rue Clément Ader,34,,BS0338,1565245.00890000,5184716.01150000,1.26482756,45.84927278
87085_1170_00035,rue Clément Ader,35,,BS0369,1565277.25500000,5184719.39810000,1.26524170,45.84930957
87085_1170_00036,rue Clément Ader,36,,BS0337,1565256.26090000,5184712.66020000,1.26497334,45.84924484
87085_1170_00037,rue Clément Ader,37,,BS0370,1565286.47500000,5184717.01320000,1.26536105,45.84928992
87085_1170_00039,rue Clément Ader,39,,BS0371,1565297.52710000,5184713.10510000,1.26550441,45.84925693
87085_1170_00041,rue Clément Ader,41,,BS0372,1565307.96430000,5184710.13980000,1.26563960,45.84923230
87085_1170_00042,rue Clément Ader,42,,BS0335,1565285.52020000,5184703.27050000,1.26535261,45.84916611
87085_1170_00043,rue Clément Ader,43,,BS0373,1565315.95530000,5184707.17330000,1.26574329,45.84920718
87085_1170_00044,rue Clément Ader,44,,BS0334,1565297.55920000,5184699.55290000,1.26550863,45.84913503
87085_1170_00045,rue Clément Ader,45,,BS0374,1565330.46710000,5184702.59940000,1.26593138,45.84916888
87085_1170_00046,rue Clément Ader,46,,BS0333,1565307.59710000,5184696.16910000,1.26563879,45.84910655
87085_1170_00048,rue Clément Ader,48,,BS0332,1565317.50670000,5184693.26090000,1.26576716,45.84908233
87085_1170_00050,rue Clément Ader,50,,BS0331,1565325.66140000,5184690.70940000,1.26587285,45.84906098
87085_1170_00052,rue Clément Ader,52,,BS0330,1565334.11810000,5184688.36840000,1.26598236,45.84904158
87085_1175_00006,rue Clément Marot,6,,BS0844,1564943.13420000,5184522.59610000,1.26099608,45.84747367
87085_1175_00008,rue Clément Marot,8,,BS0220,1564933.20030000,5184529.51720000,1.26086626,45.84753397
87085_1175_00010,rue Clément Marot,10,,BS0219,1564923.71600000,5184536.52670000,1.26074221,45.84759516
87085_1175_00012,rue Clément Marot,12,,BS0218,1564916.53780000,5184541.48480000,1.26064842,45.84763836
87085_1175_00013,rue Clément Marot,13,,BR0768,1564895.07260000,5184540.07210000,1.26037251,45.84762143
87085_1175_00014,rue Clément Marot,14,,BS0217,1564910.01730000,5184546.28760000,1.26056313,45.84768028
87085_1175_00015,rue Clément Marot,15,,BR0767,1564884.53960000,5184547.97910000,1.26023471,45.84769049
87085_1175_00016,rue Clément Marot,16,,BS0216,1564900.61120000,5184552.87820000,1.26044021,45.84773772
87085_1175_00018,rue Clément Marot,18,,BS0713,1564889.56630000,5184560.61960000,1.26029586,45.84780518
87085_1175_00019,rue Clément Marot,19,,BR0643,1564863.71260000,5184563.69820000,1.25996220,45.84782780
87085_1175_00020,rue Clément Marot,20,,BS0214,1564876.04830000,5184570.02660000,1.26011921,45.84788715
87085_1175_00026,rue Clément Marot,26,,BS0213,1564857.60780000,5184583.82330000,1.25987796,45.84800763
87085_1175_00027,rue Clément Marot,27,,BR0103,1564809.53670000,5184605.82750000,1.25925299,45.84819612
87085_1175_00028,rue Clément Marot,28,,BS0791,1564848.97690000,5184590.46320000,1.25976499,45.84806567
87085_1175_00029,rue Clément Marot,29,,BR0655,1564796.47190000,5184615.85630000,1.25908200,45.84828377
87085_1175_00030,rue Clément Marot,30,,BS0790,1564841.04180000,5184596.81180000,1.25966107,45.84812122
87085_1175_00034,rue Clément Marot,34,,BS0709,1564824.71080000,5184610.38140000,1.25944703,45.84824007
87085_1175_00036,rue Clément Marot,36,,BS0704,1564815.86020000,5184617.34440000,1.25933115,45.84830097
87085_1175_00038,rue Clément Marot,38,,BS0209,1564807.82290000,5184623.74940000,1.25922589,45.84835700
87085_1175_00040,rue Clément Marot,40,,BS0208,1564795.75020000,5184632.95380000,1.25906790,45.84843743
87085_1175_00042,rue Clément Marot,42,,BS0207,1564788.04760000,5184639.38080000,1.25896694,45.84849373
87085_1175_00044,rue Clément Marot,44,,BS0206,1564780.71820000,5184645.07000000,1.25887099,45.84854346
87085_1175_00046,rue Clément Marot,46,,BS0206,1564773.13480000,5184650.80910000,1.25877176,45.84859360
87085_1267_00003,rue Colonel Imfeld,3,,BS0105,1564997.09840000,5184855.05170000,1.26159729,45.85047489
87085_1267_00007,rue Colonel Imfeld,7,,BS0851,1565005.44680000,5184879.46359999,1.26169789,45.85069613
87085_1267_00008,rue Colonel Imfeld,8,,BS0737,1565012.35860000,5184852.70520000,1.26179439,45.85045678
87085_1267_00008_bis,rue Colonel Imfeld,8,bis,BS0736,1565013.66680000,5184862.68870000,1.26180842,45.85054685
87085_1267_00009,rue Colonel Imfeld,9,,BS0795,1565006.14670000,5184888.35350000,1.26170440,45.85077624
87085_1267_00010,rue Colonel Imfeld,10,,BS0675,1565014.09990000,5184873.28050000,1.26181102,45.85064221
87085_1267_00011,rue Colonel Imfeld,11,,BS0797,1565007.63880000,5184909.69240000,1.26171762,45.85096849
87085_1267_00012,rue Colonel Imfeld,12,,BS0094,1565014.51400000,5184883.39550000,1.26181351,45.85073328
87085_1267_00013,rue Colonel Imfeld,13,,BS0849,1565008.38700000,5184919.11110000,1.26172460,45.85105336
87085_1267_00014,rue Colonel Imfeld,14,,BS0095,1565015.14310000,5184889.28050000,1.26181995,45.85078635
87085_1267_00015,rue Colonel Imfeld,15,,BS0100,1565011.52430000,5184941.15100000,1.26175879,45.85125224
87085_1267_00016,rue Colonel Imfeld,16,,BS0096,1565016.47620000,5184907.30800000,1.26183205,45.85094877
87085_1267_00018,rue Colonel Imfeld,18,,BS0097,1565017.79180000,5184922.75620000,1.26184464,45.85108800
87085_1267_00020,rue Colonel Imfeld,20,,BS0098,1565018.64540000,5184933.55120000,1.26185260,45.85118527
87085_1267_00022,rue Colonel Imfeld,22,,BS0099,1565019.92510000,5184947.19920000,1.26186524,45.85130830
87085_1267_00024,rue Colonel Imfeld,24,,BS0056,1565020.78340000,5184957.29150000,1.26187345,45.85139925
87085_1267_00026,rue Colonel Imfeld,26,,BS0727,1565021.80620000,5184966.24260000,1.26188410,45.85147997
87085_1267_00028,rue Colonel Imfeld,28,,BS0884,1565022.44090000,5184977.13670000,1.26188921,45.85157809
87085_1267_00030,rue Colonel Imfeld,30,,BS0677,1565025.98210000,5184993.78280000,1.26193012,45.85172853
87085_1266_00004,rue Colonel Manhès,4,,NH0123,1561687.54630000,5181686.25700000,1.21990673,45.82131219
87085_1266_00006,rue Colonel Manhès,6,,NH0124,1561692.06680000,5181667.90170000,1.21997017,45.82114798
87085_1266_00008,rue Colonel Manhès,8,,NH0125,1561696.97930000,5181647.68330000,1.22003919,45.82096710
87085_1268_00001,rue Colonel Rivier,1,,BH0819,1563254.89130000,5184062.55350000,1.23939607,45.84300164
87085_1264_00001,rue Colonel Sautereau,1,,TC0057,1566921.56500000,5180921.72940000,1.28745936,45.81546729
87085_1264_00003,rue Colonel Sautereau,3,,TC0056,1566930.97570000,5180907.84290000,1.28758427,45.81534419
87085_1264_00005,rue Colonel Sautereau,5,,TC0055,1566940.97280000,5180892.29010000,1.28771718,45.81520622
87085_1264_00007,rue Colonel Sautereau,7,,TC0054,1566951.02820000,5180877.88860000,1.28785053,45.81507861
87085_1264_00008,rue Colonel Sautereau,8,,TC0049,1566952.95090000,5180846.66320000,1.28788390,45.81479809
87085_5400_00001,rue commandant Eugène Pinte,1,,ES0363,1566428.40550000,5182151.89369999,1.28077300,45.82643800
87085_5400_00002,rue commandant Eugène Pinte,2,,ES0372,1566519.75050000,5182190.84650000,1.28193790,45.82680600
87085_5400_00003,rue commandant Eugène Pinte,3,,ES0363,1566439.30640000,5182156.44449999,1.28091200,45.82648100
87085_5400_00004,rue commandant Eugène Pinte,4,,ES0372,1566513.32110000,5182188.14770000,1.28185590,45.82678050
87085_5400_00005,rue commandant Eugène Pinte,5,,ES0363,1566447.29680000,5182159.46080000,1.28101400,45.82651000
87085_5400_00006,rue commandant Eugène Pinte,6,,ES0372,1566485.38100000,5182203.70520000,1.28149200,45.82691500
87085_5400_00007,rue commandant Eugène Pinte,7,,ES0363,1566453.69970000,5182162.00080000,1.28109600,45.82653400
87085_5400_00008,rue commandant Eugène Pinte,8,,ES0371,1566475.85600000,5182227.67650000,1.28136290,45.82712880
87085_5400_00009,rue commandant Eugène Pinte,9,,ES0363,1566453.69970000,5182162.00080000,1.28124900,45.82658800
87085_5400_00011,rue commandant Eugène Pinte,11,,ES0363,1566478.83520000,5182186.18369999,1.28141300,45.82675600
87085_5400_00015,rue commandant Eugène Pinte,15,,ES0362,1566464.74340000,5182217.04020000,1.28122300,45.82703100
87085_1269_00003,rue Commandant Félix,3,,ET0173,1566330.53760000,5181611.45440000,1.27966432,45.82155723
87085_1269_00005,rue Commandant Félix,5,,ET0174,1566326.85840000,5181632.30280000,1.27961118,45.82174406
87085_1269_00007,rue Commandant Félix,7,,ET0175,1566309.67790000,5181654.30980000,1.27938402,45.82193869
87085_1269_00011,rue Commandant Félix,11,,ET0149,1566251.33180000,5181679.77530000,1.27862625,45.82215643
87085_1269_00013,rue Commandant Félix,13,,ET0150,1566236.95520000,5181686.35330000,1.27843945,45.82221280
87085_1269_00017,rue Commandant Félix,17,,ET0142,1566180.93110000,5181724.84710000,1.27770792,45.82254818
87085_1276_00017,rue Commandant Gatard,17,,NI0139,1561680.19010000,5180937.26140000,1.22002748,45.81457311
87085_1276_00021,rue Commandant Gatard,21,,NI0144,1561632.64020000,5180917.09560000,1.21942158,45.81438215
87085_1276_00022,rue Commandant Gatard,22,,NI0145,1561600.08760000,5180903.09620000,1.21900685,45.81424967
87085_1276_00023,rue Commandant Gatard,23,,NI0143,1561654.52690000,5180896.57430000,1.21970904,45.81420195
87085_1276_00024,rue Commandant Gatard,24,,NI0146,1561576.44740000,5180888.49550000,1.21870694,45.81411357
87085_1276_00025,rue Commandant Gatard,25,,NI0164,1561659.02110000,5180892.19710000,1.21976811,45.81416348
87085_1276_00026,rue Commandant Gatard,26,,NI0147,1561556.36210000,5180886.41890000,1.21844916,45.81409085
87085_1276_00027,rue Commandant Gatard,27,,NI0163,1561646.32870000,5180888.52290000,1.21960589,45.81412788
87085_1276_00028,rue Commandant Gatard,28,,NI0148,1561537.75420000,5180879.87240000,1.21821167,45.81402822
87085_1276_00029,rue Commandant Gatard,29,,NI0162,1561621.18810000,5180886.77160000,1.21928298,45.81410707
87085_1276_00030,rue Commandant Gatard,30,,NI0149,1561499.27340000,5180881.47520000,1.21771618,45.81403489
87085_1276_00031,rue Commandant Gatard,31,,NI0161,1561602.44840000,5180880.29240000,1.21904378,45.81404501
87085_1276_00032,rue Commandant Gatard,32,,NI0150,1561486.16850000,5180902.79770000,1.21754146,45.81422406
87085_1276_00033,rue Commandant Gatard,33,,NI0160,1561587.41370000,5180877.72650000,1.21885111,45.81401891
87085_1276_00035,rue Commandant Gatard,35,,NI0159,1561564.75440000,5180880.51050000,1.21855882,45.81403939
87085_1276_00037,rue Commandant Gatard,37,,NI0158,1561544.44860000,5180873.46380000,1.21829963,45.81397192
87085_1276_00039,rue Commandant Gatard,39,,NI0157,1561521.71820000,5180865.81950000,1.21800942,45.81389858
87085_1276_00041,rue Commandant Gatard,41,,NI0156,1561503.19430000,5180863.78590000,1.21777171,45.81387655
87085_1276_00043,rue Commandant Gatard,43,,NI0311,1561482.78810000,5180856.12860000,1.21751141,45.81380356
87085_1276_00045,rue Commandant Gatard,45,,NI0154,1561481.49430000,5180871.92830000,1.21749022,45.81394543
87085_1276_00047,rue Commandant Gatard,47,,NI0153,1561479.66610000,5180885.08140000,1.21746291,45.81406338
87085_1276_00049,rue Commandant Gatard,49,,NI0152,1561481.75610000,5180899.58240000,1.21748562,45.81419425
87085_1274_00001,rue Commandant Tulasne,1,,None,1564368.74720000,5183118.99990000,1.25399870,45.83473445
87085_1274_00002,rue Commandant Tulasne,2,,None,1564355.95740000,5183126.34650000,1.25383204,45.83479802
87085_1274_00003,rue Commandant Tulasne,3,,None,1564368.69540000,5183094.74460000,1.25400488,45.83451625
87085_1274_00004,rue Commandant Tulasne,4,,None,1564358.41940000,5183112.57000000,1.25386761,45.83467457
87085_1274_00005,rue Commandant Tulasne,5,,None,1564362.63920000,5183070.38540000,1.25393382,45.83429593
87085_1275_00001,rue Condorcet,1,,CT0897,1565838.66650000,5184158.85840000,1.27262496,45.84437696
87085_1275_00002,rue Condorcet,2,,CT1264,1565869.05100000,5184155.31280000,1.27301704,45.84435099
87085_1275_00003,rue Condorcet,3,,CT0896,1565822.20200000,5184147.58690000,1.27241619,45.84427235
87085_1275_00004,rue Condorcet,4,,CT0882,1565855.03500000,5184163.19640000,1.27283443,45.84441917
87085_1275_00005,rue Condorcet,5,,CT1102,1565826.38690000,5184167.33680000,1.27246454,45.84445083
87085_1275_00006,rue Condorcet,6,,CT1262,1565846.54440000,5184168.73060000,1.27272360,45.84446730
87085_1275_00007,rue Condorcet,7,,CT1268,1565816.07040000,5184174.20350000,1.27232983,45.84451059
87085_1275_00008,rue Condorcet,8,,CT1368,1565837.83040000,5184174.55150000,1.27260981,45.84451796
87085_1275_00009,rue Condorcet,9,,CT1270,1565805.42180000,5184181.37400000,1.27219077,45.84457301
87085_1275_00010,rue Condorcet,10,,CT1260,1565788.39490000,5184207.41920000,1.27196433,45.84480398
87085_1275_00011,rue Condorcet,11,,CT1272,1565797.53800000,5184186.60370001,1.27208783,45.84461852
87085_1275_00012,rue Condorcet,12,,CT1258,1565780.45130000,5184212.57070000,1.27186065,45.84484877
87085_1275_00013,rue Condorcet,13,,CT1274,1565782.61850000,5184196.39120000,1.27189306,45.84470365
87085_1275_00014,rue Condorcet,14,,CT1256,1565771.74610000,5184218.30380000,1.27174700,45.84489864
87085_1275_00015,rue Condorcet,15,,CT1276,1565774.20890000,5184201.98240000,1.27178326,45.84475230
87085_1275_00017,rue Condorcet,17,,CT0912,1565764.44560000,5184208.33160000,1.27165582,45.84480751
87085_1275_00018,rue Condorcet,18,,CT1134,1565746.43310000,5184235.10560000,1.27141649,45.84504484
87085_1275_00019,rue Condorcet,19,,CT1278,1565755.44740000,5184214.39480000,1.27153830,45.84486030
87085_1275_00020,rue Condorcet,20,,CT1134,1565734.55150000,5184243.25160000,1.27126128,45.84511580
87085_1275_00021,rue Condorcet,21,,CT1280,1565745.97530000,5184220.49040000,1.27141468,45.84491328
87085_1275_00022,rue Condorcet,22,,CT1134,1565723.26190000,5184250.86800000,1.27111384,45.84518211
87085_1275_00023,rue Condorcet,23,,CT1282,1565718.20710000,5184239.12020000,1.27105206,45.84507545
87085_1275_00025,rue Condorcet,25,,CT0878,1565698.45920000,5184252.61750000,1.27079410,45.84519300
87085_1275_00026,rue Condorcet,26,,CT1252,1565693.90530000,5184270.21120000,1.27073057,45.84535038
87085_1275_00027,rue Condorcet,27,,CT1284,1565688.51200000,5184259.31370000,1.27066419,45.84525130
87085_1275_00028,rue Condorcet,28,,CT1250,1565686.63280000,5184274.95600000,1.27063563,45.84539164
87085_1275_00029,rue Condorcet,29,,CT1286,1565678.99730000,5184265.62640000,1.27053996,45.84530623
87085_1275_00030,rue Condorcet,30,,CT1248,1565677.61750000,5184281.22040000,1.27051784,45.84544623
87085_1275_00031,rue Condorcet,31,,CT1288,1565670.13240000,5184271.45590000,1.27042423,45.84535693
87085_1275_00032,rue Condorcet,32,,CT1246,1565671.05760000,5184285.45040000,1.27043222,45.84548300
87085_1275_00033,rue Condorcet,33,,None,1565661.63200000,5184278.21400000,1.27031292,45.84541607
87085_1275_00034,rue Condorcet,34,,CT1244,1565664.91830000,5184289.65060000,1.27035203,45.84551959
87085_1275_00035,rue Condorcet,35,,CT1290,1565652.93710000,5184283.08220000,1.27019965,45.84545816
87085_1275_00036,rue Condorcet,36,,CT0918,1565657.95760000,5184294.17600000,1.27026117,45.84555894
87085_1275_00037,rue Condorcet,37,,CT1292,1565642.21570000,5184290.15080000,1.27005967,45.84551965
87085_1275_00037_bis,rue Condorcet,37,bis,CT0953,1565635.45100000,5184294.55280000,1.26997136,45.84555793
87085_1275_00038,rue Condorcet,38,,CT1242,1565651.50840000,5184298.48280000,1.27017695,45.84559642
87085_1275_00039,rue Condorcet,39,,CT0951,1565631.05990000,5184297.41430000,1.26991404,45.84558281
87085_1275_00040,rue Condorcet,40,,CT1240,1565643.96990000,5184303.63470000,1.27007848,45.84564129
87085_1275_00041,rue Condorcet,41,,CT1294,1565621.09700000,5184304.03300000,1.26978396,45.84564040
87085_1275_00042,rue Condorcet,42,,CT0940,1565635.70460000,5184309.19850000,1.26997053,45.84568972
87085_1275_00043,rue Condorcet,43,,CT1296,1565611.21750000,5184310.62160000,1.26965495,45.84569774
87085_1275_00044,rue Condorcet,44,,CT1238,1565627.30940000,5184314.73820000,1.26986092,45.84573792
87085_1275_00045,rue Condorcet,45,,CT1298,1565602.60920000,5184316.69520000,1.26954245,45.84575069
87085_1275_00046,rue Condorcet,46,,CT1236,1565617.40220000,5184321.31180000,1.26973156,45.84579511
87085_1275_00047,rue Condorcet,47,,CT1300,1565594.56470000,5184322.16870000,1.26943737,45.84579836
87085_1300_00003,rue Copernic,3,,HS0191,1565236.51070000,5181721.68670000,1.26555770,45.82233540
87085_1320_00003,rue Corneille,3,,BO0496,1564216.16760000,5184519.38580000,1.25163950,45.84730160
87085_1320_00006,rue Corneille,6,,BO0300,1564178.66810000,5184546.96170000,1.25114901,45.84754225
87085_1320_00009,rue Corneille,9,,BO0495,1564184.63900000,5184530.84400000,1.25123042,45.84739845
87085_1320_00010,rue Corneille,10,,BO0299,1564162.24120000,5184553.38630000,1.25093575,45.84759680
87085_1320_00011,rue Corneille,11,,BO0307,1564172.12140000,5184535.94370000,1.25106786,45.84744185
87085_1320_00012,rue Corneille,12,,BO0296,1564153.59550000,5184556.68020000,1.25082350,45.84762470
87085_1320_00013,rue Corneille,13,,BO0308,1564163.09510000,5184539.54460000,1.25095065,45.84747246
87085_1320_00014,rue Corneille,14,,BO0295,1564143.02980000,5184560.68350000,1.25068640,45.84765865
87085_1320_00015,rue Corneille,15,,BO0309,1564153.42510000,5184543.42970000,1.25082508,45.84750549
87085_1320_00016,rue Corneille,16,,BO0290,1564129.69330000,5184565.75950000,1.25051329,45.84770167
87085_1320_00017,rue Corneille,17,,BO0310,1564145.66000000,5184546.42260000,1.25072428,45.84753088
87085_1320_00018,rue Corneille,18,,BO0289,1564121.16290000,5184569.32860000,1.25040248,45.84773209
87085_1320_00019,rue Corneille,19,,BO0311,1564138.58480000,5184549.14000000,1.25063244,45.84755393
87085_1320_00020,rue Corneille,20,,BO0288,1564111.52540000,5184572.95050000,1.25027740,45.84776277
87085_1320_00021,rue Corneille,21,,BO0312,1564128.74670000,5184552.97970000,1.25050472,45.84758653
87085_1320_00022,rue Corneille,22,,BO0285,1564104.32710000,5184575.65720000,1.25018398,45.84778570
87085_1320_00022_bis,rue Corneille,22,bis,BO0284,1564097.43340000,5184578.36400000,1.25009448,45.84780868
87085_1320_00023,rue Corneille,23,,BO0313,1564114.09620000,5184558.46930000,1.25031459,45.84763301
87085_1320_00024,rue Corneille,24,,BO0283,1564092.56040000,5184580.33930000,1.25003119,45.84782549
87085_1320_00025,rue Corneille,25,,BO0314,1564105.56150000,5184561.50860000,1.25020387,45.84765867
87085_1320_00026,rue Corneille,26,,BO0280,1564083.87860000,5184583.60850000,1.24991852,45.84785318
87085_1320_00027,rue Corneille,27,,BO0315,1564098.79360000,5184564.43790000,1.25011593,45.84768368
87085_1320_00028,rue Corneille,28,,BO0279,1564073.73850000,5184587.34850000,1.24978693,45.84788482
87085_1320_00029,rue Corneille,29,,BO0316,1564092.13400000,5184566.89190000,1.25002951,45.84770444
87085_1320_00030,rue Corneille,30,,BO0468,1564061.34970000,5184591.94510000,1.24962616,45.84792372
87085_1320_00031,rue Corneille,31,,BO0317,1564086.77590000,5184569.04330000,1.24995993,45.84772273
87085_1320_00032,rue Corneille,32,,BO0276,1564049.77140000,5184596.37280000,1.24947588,45.84796126
87085_1320_00033,rue Corneille,33,,BO0318,1564080.82880000,5184571.21680000,1.24988276,45.84774111
87085_1320_00034,rue Corneille,34,,BO0273,1564032.85160000,5184603.34760000,1.24925611,45.84802065
87085_1320_00035,rue Corneille,35,,BO0319,1564074.84760000,5184573.34980000,1.24980517,45.84775911
87085_1320_00037,rue Corneille,37,,BO0320,1564068.45020000,5184576.07170000,1.24972205,45.84778233
87085_1320_00041,rue Corneille,41,,BO0269,1564027.38910000,5184591.51470000,1.24918914,45.84791313
87085_1320_00043,rue Corneille,43,,BO0270,1564015.50140000,5184596.14420000,1.24903481,45.84795242
87085_1330_00003,rue Corot,3,,CM0821,1565944.01870000,5184818.24190000,1.27379701,45.85032906
87085_1330_00004,rue Corot,4,,CM0734,1565957.38290000,5184825.31640000,1.27396707,45.85039531
87085_1330_00005,rue Corot,5,,CM0282,1565926.20320000,5184831.51520000,1.27356397,45.85044499
87085_1330_00006,rue Corot,6,,CM0733,1565946.20930000,5184833.37680000,1.27382099,45.85046564
87085_1330_00007,rue Corot,7,,CM0285,1565913.15500000,5184841.27300000,1.27339328,45.85053022
87085_1330_00008,rue Corot,8,,CM0274,1565936.41530000,5184840.18140000,1.27369301,45.85052494
87085_1330_00010,rue Corot,10,,CM0273,1565927.99860000,5184846.57920000,1.27358288,45.85058085
87085_1330_00011,rue Corot,11,,CM0286,1565902.37800000,5184848.91690000,1.27325242,45.85059688
87085_1330_00011_bis,rue Corot,11,bis,CM0289,1565890.29110000,5184858.18590000,1.27309424,45.85067790
87085_1330_00012,rue Corot,12,,CM0272,1565919.43660000,5184852.81470000,1.27347092,45.85063527
87085_1330_00014,rue Corot,14,,CM0271,1565910.44020000,5184859.33750000,1.27335329,45.85069219
87085_1330_00015,rue Corot,15,,CM0295,1565882.27630000,5184864.09040000,1.27298942,45.85072945
87085_1330_00016,rue Corot,16,,CM0757,1565903.37560000,5184865.32310000,1.27326068,45.85074466
87085_1330_00017,rue Corot,17,,CM0296,1565868.86130000,5184874.43490000,1.27281384,45.85081989
87085_1330_00018,rue Corot,18,,CM0269,1565894.57770000,5184871.65420000,1.27314566,45.85079989
87085_1330_00019,rue Corot,19,,CM0297,1565860.02510000,5184880.96640000,1.27269827,45.85087692
87085_1330_00020,rue Corot,20,,CM0268,1565886.09550000,5184877.87290000,1.27303474,45.85085418
87085_1330_00022,rue Corot,22,,CM0267,1565877.78930000,5184884.07260000,1.27292608,45.85090833
87085_1330_00023,rue Corot,23,,CM0907,1565839.04410000,5184896.98580000,1.27242372,45.85101693
87085_1330_00024,rue Corot,24,,CM0854,1565868.76110000,5184890.82950000,1.27280798,45.85096735
87085_1330_00026,rue Corot,26,,CM0265,1565857.92820000,5184898.98710000,1.27266625,45.85103862
87085_1345_00001,rue Coulomb,1,,OH0197,1562989.43010000,5184314.88340000,1.23590741,45.84521863
87085_1345_00002,rue Coulomb,2,,OH0213,1562992.03840000,5184327.82860000,1.23593729,45.84533560
87085_1345_00003,rue Coulomb,3,,OH0212,1562952.46710000,5184317.62700000,1.23543086,45.84523594
87085_1345_00005,rue Coulomb,5,,OH0211,1562948.39050000,5184304.24450000,1.23538221,45.84511475
87085_1345_00006,rue Coulomb,6,,OH0214,1562974.76710000,5184332.88000000,1.23571354,45.84537760
87085_1345_00007,rue Coulomb,7,,OH0210,1562944.36100000,5184290.60860000,1.23533423,45.84499128
87085_1345_00008,rue Coulomb,8,,OH0215,1562959.35660000,5184336.94390000,1.23551403,45.84541108
87085_1345_00009,rue Coulomb,9,,OH0209,1562940.23700000,5184276.10200000,1.23528529,45.84485997
87085_1345_00010,rue Coulomb,10,,OH0216,1562947.04020000,5184338.95470000,1.23535492,45.84542671
87085_1345_00011,rue Coulomb,11,,OH0208,1562936.34060000,5184262.06340000,1.23523914,45.84473290
87085_1345_00012,rue Coulomb,12,,OH0217,1562942.34620000,5184328.05260000,1.23529762,45.84532771
87085_1345_00013,rue Coulomb,13,,OH0207,1562932.07060000,5184247.07200000,1.23518845,45.84459720
87085_1345_00014,rue Coulomb,14,,OH0218,1562938.97790000,5184316.47440000,1.23525756,45.84522289
87085_1345_00015,rue Coulomb,15,,OH0206,1562927.70990000,5184232.61740000,1.23513645,45.84446630
87085_1345_00016,rue Coulomb,16,,OH0221,1562935.62470000,5184305.15040000,1.23521763,45.84512035
87085_1345_00017,rue Coulomb,17,,OH0205,1562924.26420000,5184220.92880000,1.23509543,45.84436047
87085_1345_00018,rue Coulomb,18,,OH0222,1562932.30580000,5184294.17290000,1.23517805,45.84502094
87085_1345_00020,rue Coulomb,20,,OH0223,1562928.70160000,5184281.70910000,1.23513521,45.84490811
87085_1345_00022,rue Coulomb,22,,OH0224,1562923.58370000,5184264.15150000,1.23507434,45.84474915
87085_1345_00026,rue Coulomb,26,,OH0225,1562919.07550000,5184249.27550000,1.23502056,45.84461443
87085_1345_00028,rue Coulomb,28,,OH0226,1562916.94450000,5184240.84590000,1.23499554,45.84453818
87085_1345_00030,rue Coulomb,30,,OH0227,1562914.09740000,5184232.15290000,1.23496137,45.84445941
87085_1345_00032,rue Coulomb,32,,OH0228,1562911.73180000,5184224.07220000,1.23493323,45.84438625
87085_1360_00001,rue Courtot,1,,IX0145,1562754.48740000,5182677.86600000,1.23335081,45.83044595
87085_1360_00002,rue Courtot,2,,IX0146,1562761.20800000,5182685.08820000,1.23343523,45.83051226
87085_1360_00003,rue Courtot,3,,IX0144,1562746.51370000,5182681.81990000,1.23324708,45.83047993
87085_1360_00004,rue Courtot,4,,IX0147,1562753.65810000,5182688.71930000,1.23333704,45.83054342
87085_1360_00005,rue Courtot,5,,IX0143,1562739.61910000,5182684.88400000,1.23315748,45.83050611
87085_1360_00006,rue Courtot,6,,IX0148,1562746.06860000,5182692.87820000,1.23323819,45.83057931
87085_1360_00007,rue Courtot,7,,IX0137,1562732.07090000,5182688.73510000,1.23305925,45.83053925
87085_1360_00008,rue Courtot,8,,IX0149,1562737.88060000,5182696.73450000,1.23313173,45.83061237
87085_1360_00009,rue Courtot,9,,IX0136,1562726.09620000,5182691.78520000,1.23298150,45.83056550
87085_1360_00010,rue Courtot,10,,IX0150,1562727.35750000,5182702.15950000,1.23299477,45.83065907
87085_1360_00011,rue Courtot,11,,IX0135,1562717.85260000,5182695.75150000,1.23287429,45.83059953
87085_1360_00012,rue Courtot,12,,IX0151,1562715.01720000,5182708.10150000,1.23283427,45.83071006
87085_1360_00013,rue Courtot,13,,IX0131,1562709.39850000,5182700.10180000,1.23276426,45.83063697
87085_1360_00014,rue Courtot,14,,IX0152,1562707.34690000,5182711.98800000,1.23273446,45.83074349
87085_1360_00016,rue Courtot,16,,IX0153,1562701.12600000,5182715.21260000,1.23265349,45.83077125
87085_1360_00018,rue Courtot,18,,IX0154,1562692.48250000,5182719.46830000,1.23254105,45.83080781
87085_1360_00020,rue Courtot,20,,IX0155,1562684.29820000,5182723.42030000,1.23243461,45.83084173
87085_1360_00021,rue Courtot,21,,IX0127,1562670.21690000,5182719.39850000,1.23225456,45.83080274
87085_1360_00022,rue Courtot,22,,IX0156,1562675.08690000,5182728.03690000,1.23231476,45.83088142
87085_1375_00005,rue Coutheillas,5,,NH0277,1561665.10680000,5181819.95270000,1.21957957,45.82251034
87085_1375_00006,rue Coutheillas,6,,NH0213,1561649.51350000,5181823.18700000,1.21937802,45.82253629
87085_1375_00007,rue Coutheillas,7,,NH0083,1561670.19590000,5181810.28890000,1.21964783,45.82242443
87085_1375_00008,rue Coutheillas,8,,NH0467,1561656.94830000,5181807.86760000,1.21947808,45.82239998
87085_1375_00010,rue Coutheillas,10,,NH0468,1561662.67460000,5181795.39900000,1.21955530,45.82228900
87085_1375_00014,rue Coutheillas,14,,NH0085,1561674.07400000,5181763.54340000,1.21971117,45.82200471
87085_1375_00015,rue Coutheillas,15,,NH0082,1561691.10250000,5181768.87500000,1.21992872,45.82205609
87085_1375_00023,rue Coutheillas,23,,NH0121,1561670.37650000,5181739.30620000,1.21967057,45.82178594
87085_1375_00024,rue Coutheillas,24,,NH0086,1561657.50860000,5181745.19510000,1.21950332,45.82183633
87085_1375_00025,rue Coutheillas,25,,NH0120,1561656.22110000,5181727.21790000,1.21949192,45.82167435
87085_1375_00026,rue Coutheillas,26,,NH0087,1561646.13720000,5181736.07830000,1.21935964,45.82175203
87085_1375_00027,rue Coutheillas,27,,NH0119,1561641.87910000,5181714.88260000,1.21931095,45.82156051
87085_1375_00029,rue Coutheillas,29,,NH0118,1561625.53790000,5181694.67610000,1.21910652,45.82137545
87085_1375_00031,rue Coutheillas,31,,NH0117,1561635.23440000,5181666.10250000,1.21923949,45.82112037
87085_1375_00032,rue Coutheillas,32,,NH0088,1561631.45710000,5181724.42410000,1.21917412,45.82164424
87085_1375_00033,rue Coutheillas,33,,NH0116,1561642.66320000,5181652.96160000,1.21933885,45.82100365
87085_1375_00035,rue Coutheillas,35,,NH0115,1561650.19020000,5181640.02590000,1.21943941,45.82088880
87085_1375_00036,rue Coutheillas,36,,NH0089,1561618.85570000,5181711.66700000,1.21901566,45.82152695
87085_1375_00037,rue Coutheillas,37,,NH0114,1561657.38350000,5181627.62930000,1.21953553,45.82077874
87085_1375_00039,rue Coutheillas,39,,NH0113,1561665.16790000,5181613.93110000,1.21963962,45.82065708
87085_1375_00040,rue Coutheillas,40,,NH0090,1561612.45010000,5181694.86290000,1.21893808,45.82137450
87085_1375_00041,rue Coutheillas,41,,NH0417,1561660.48770000,5181574.28550000,1.21959081,45.82029951
87085_1375_00042,rue Coutheillas,42,,NH0091,1561611.55150000,5181682.96880000,1.21892994,45.82126732
87085_1375_00043,rue Coutheillas,43,,NH0154,1561653.28520000,5181558.81590000,1.21950259,45.82015890
87085_1375_00045,rue Coutheillas,45,,NH0155,1561645.09950000,5181541.49370000,1.21940226,45.82000143
87085_1375_00052,rue Coutheillas,52,,NH0105,1561631.85300000,5181645.45450000,1.21920193,45.82093395
87085_1375_00056,rue Coutheillas,56,,NH0107,1561643.07490000,5181625.76390000,1.21935197,45.82075908
87085_1375_00058,rue Coutheillas,58,,NH0108,1561649.16170000,5181615.24340000,1.21943331,45.82066567
87085_1375_00060,rue Coutheillas,60,,NH0109,1561654.90310000,5181605.71180000,1.21950992,45.82058108
87085_1375_00062,rue Coutheillas,62,,NH0283,1561650.48170000,5181583.91760000,1.21945930,45.82038414
87085_1375_00066,rue Coutheillas,66,,NH0280,1561633.54220000,5181548.31020000,1.21925161,45.82006043
87085_1375_00068,rue Coutheillas,68,,NH0112,1561626.59730000,5181533.37480000,1.21916656,45.81992468
87085_0223_00001,rue Coysevox,1,,RR0065,1561987.59130000,5185105.24170000,1.22278537,45.85212792
87085_0223_00002,rue Coysevox,2,,RR0020,1561983.97430000,5185130.62000000,1.22273152,45.85235548
87085_0223_00003,rue Coysevox,3,,RR0009,1561975.36710000,5185124.91770000,1.22262236,45.85230246
87085_0223_00004,rue Coysevox,4,,RR0019,1561968.32160000,5185155.72450000,1.22252281,45.85257816
87085_0223_00005,rue Coysevox,5,,RR0010,1561959.65040000,5185148.25370000,1.22241333,45.85250922
87085_0223_00006,rue Coysevox,6,,RR0018,1561972.69190000,5185187.67060000,1.22256989,45.85286641
87085_0223_00007,rue Coysevox,7,,RR0011,1561956.25210000,5185167.74490000,1.22236398,45.85268387
87085_0223_00008,rue Coysevox,8,,RR0017,1561978.59260000,5185202.75270000,1.22264152,45.85300327
87085_0223_00009,rue Coysevox,9,,RR0012,1561957.75950000,5185178.11530000,1.22238041,45.85277746
87085_0223_00010,rue Coysevox,10,,RR0016,1561978.49580000,5185224.43750000,1.22263404,45.85319831
87085_0223_00011,rue Coysevox,11,,RR0014,1561966.75840000,5185200.97960000,1.22248968,45.85298494
87085_1410_00001,rue Croix Buchilien,1,,DH0308,1563937.00460000,5183077.13080000,1.24845445,45.83427253
87085_1410_00002,rue Croix Buchilien,2,,BC0188,1563946.46180000,5183094.47010000,1.24857125,45.83443038
87085_1410_00003,rue Croix Buchilien,3,,DH0306,1563927.48190000,5183071.97800000,1.24833337,45.83422429
87085_1410_00004,rue Croix Buchilien,4,,BC0189,1563924.87590000,5183082.61660000,1.24829682,45.83431948
87085_1410_00005,rue Croix Buchilien,5,,DH0304,1563917.73870000,5183066.58760000,1.24820951,45.83417388
87085_1410_00006,rue Croix Buchilien,6,,BC0303,1563910.85240000,5183074.69120000,1.24811860,45.83424541
87085_1410_00007,rue Croix Buchilien,7,,DH0300,1563899.08940000,5183055.85480000,1.24797255,45.83407364
87085_1410_00008,rue Croix Buchilien,8,,BC0201,1563896.30170000,5183066.56910000,1.24793364,45.83416947
87085_1410_00009,rue Croix Buchilien,9,,DH0299,1563881.40090000,5183046.55640000,1.24774755,45.83398649
87085_1410_00010,rue Croix Buchilien,10,,BC0296,1563880.41980000,5183057.87850000,1.24773172,45.83408815
87085_1410_00011,rue Croix Buchilien,11,,DH0298,1563873.79560000,5183042.33000000,1.24765088,45.83394697
87085_1450_00001,rue Cruche d'Or,1,,DY0210,1564826.29090000,5182560.65030000,1.26004385,45.82980186
87085_1450_00002,rue Cruche d'Or,2,,DY0219,1564826.27150000,5182570.70170000,1.26004077,45.82989227
87085_1450_00003,rue Cruche d'Or,3,,DY0211,1564819.65940000,5182568.51170000,1.25995630,45.82987127
87085_1450_00004,rue Cruche d'Or,4,,DY0218,1564819.26070000,5182579.25510000,1.25994815,45.82996783
87085_1450_00005,rue Cruche d'Or,5,,DY0212,1564813.90910000,5182575.80790000,1.25988026,45.82993577
87085_1450_00006,rue Cruche d'Or,6,,DY0570,1564814.45130000,5182585.08330000,1.25988463,45.83001932
87085_1450_00007,rue Cruche d'Or,7,,DY0213,1564808.62810000,5182582.54320000,1.25981041,45.82999532
87085_1450_00008,rue Cruche d'Or,8,,DY0215,1564809.36160000,5182591.26110000,1.25981740,45.83007389
87085_1450_00009,rue Cruche d'Or,9,,DY0201,1564804.68030000,5182586.96450000,1.25975836,45.83003432
87085_1450_00010,rue Cruche d'Or,10,,DY0214,1564802.94080000,5182599.56710000,1.25973244,45.83014735
87085_1450_00011,rue Cruche d'Or,11,,DY0201,1564797.52480000,5182595.75030000,1.25966382,45.83011195
87085_1460_00012,rue Cruveilhier,12,,DO0161,1564712.60720000,5183354.08580000,1.25835769,45.83691692
87085_1460_00014,rue Cruveilhier,14,,DO0161,1564707.31200000,5183334.19110000,1.25829514,45.83673691
87085_1460_00014_a,rue Cruveilhier,14,a,DO0161,1564705.06050000,5183326.54700000,1.25826831,45.83666771
87085_1460_00014_b,rue Cruveilhier,14,b,DO0161,1564702.81980000,5183320.21640000,1.25824126,45.83661032
87085_1460_00016,rue Cruveilhier,16,,DO0161,1564701.09160000,5183310.03610000,1.25822188,45.83651840
87085_1460_00019,rue Cruveilhier,19,,DV0150,1564710.02880000,5183294.11190000,1.25834138,45.83637691
87085_1460_00022,rue Cruveilhier,22,,DO0029,1564696.26790000,5183291.36780000,1.25816506,45.83634952
87085_1460_00024,rue Cruveilhier,24,,DO0030,1564676.36700000,5183294.88340000,1.25790796,45.83637723
87085_1460_00025,rue Cruveilhier,25,,DV0040,1564679.64050000,5183280.63490000,1.25795410,45.83624970
87085_1460_00028,rue Cruveilhier,28,,DO0032,1564659.79000000,5183299.58760000,1.25769330,45.83641628
87085_1460_00030,rue Cruveilhier,30,,DO0129,1564643.64970000,5183304.08900000,1.25748431,45.83645360
87085_1460_00035,rue Cruveilhier,35,,DO0051,1564611.97730000,5183299.16470000,1.25707809,45.83640307
87085_1460_00039,rue Cruveilhier,39,,DO0050,1564597.95870000,5183302.90390000,1.25689663,45.83643394
87085_1460_00043,rue Cruveilhier,43,,DO0049,1564581.76070000,5183307.24540000,1.25668695,45.83646981
87085_1460_00044,rue Cruveilhier,44,,DO0040,1564563.69180000,5183325.49300000,1.25644927,45.83663040
87085_1460_00045,rue Cruveilhier,45,,DO0049,1564574.05860000,5183309.38790000,1.25658722,45.83648757
87085_1460_00046,rue Cruveilhier,46,,DO0199,1564550.87070000,5183328.93700000,1.25628330,45.83665885
87085_1460_00047,rue Cruveilhier,47,,DO0044,1564566.75010000,5183311.40720000,1.25649260,45.83650429
87085_1460_00049,rue Cruveilhier,49,,DO0041,1564550.04840000,5183315.97270000,1.25627637,45.83654207
87085_2751_00007,rue Cugnot,7,,MA0009,1565794.14120000,5187456.53800000,1.27113038,45.87403284
87085_2751_00009,rue Cugnot,9,,MA0062,1565820.24540000,5187432.96280000,1.27147314,45.87382586
87085_1465_00001,rue Cujas,1,,EW0102,1565580.87380000,5181608.89250000,1.27001983,45.82138810
87085_1465_00002,rue Cujas,2,,EW0069,1565604.57690000,5181629.38090000,1.27031907,45.82157703
87085_1465_00003,rue Cujas,3,,EW0101,1565572.99230000,5181600.31050000,1.26992082,45.82130936
87085_1465_00004,rue Cujas,4,,EW0070,1565592.53420000,5181628.28400000,1.27016443,45.82156481
87085_1465_00005,rue Cujas,5,,EW0100,1565566.64290000,5181593.37580000,1.26984107,45.82124573
87085_1465_00006,rue Cujas,6,,EW0071,1565580.77570000,5181623.28670000,1.27001454,45.82151756
87085_1465_00007,rue Cujas,7,,EW0099,1565559.47000000,5181585.57650000,1.26975097,45.82117417
87085_1465_00009,rue Cujas,9,,EW0098,1565552.09050000,5181577.98540000,1.26965814,45.82110444
87085_1465_00011,rue Cujas,11,,EW0097,1565545.81780000,5181570.72680000,1.26957947,45.82103792
87085_1465_00012,rue Cujas,12,,EW0074,1565552.45350000,5181592.20890000,1.26965884,45.82123246
87085_1465_00013,rue Cujas,13,,EW0096,1565538.98520000,5181563.24450000,1.26949365,45.82096928
87085_1465_00014,rue Cujas,14,,EW0075,1565540.86970000,5181579.35900000,1.26951339,45.82111460
87085_1465_00016,rue Cujas,16,,EW0076,1565530.49700000,5181568.06770000,1.26938310,45.82101100
87085_1465_00017,rue Cujas,17,,EW0080,1565508.82490000,5181529.74880000,1.26911498,45.82066207
87085_1465_00018,rue Cujas,18,,EW0077,1565519.38260000,5181555.96070000,1.26924348,45.82089992
87085_1465_00020,rue Cujas,20,,EW0078,1565508.50240000,5181544.08180000,1.26910682,45.82079094
87085_1465_00022,rue Cujas,22,,EW0079,1565496.92550000,5181531.34510000,1.26896144,45.82067410
87085_2220_00001,rue Cuvier,1,,IM0141,1563348.74030000,5182731.71470000,1.24098234,45.83104868
87085_2220_00002,rue Cuvier,2,,IM0681,1563338.61640000,5182726.35960000,1.24085359,45.83099850
87085_2220_00005,rue Cuvier,5,,IM0140,1563346.61970000,5182718.24470000,1.24095888,45.83092709
87085_2220_00006,rue Cuvier,6,,IM0110,1563336.75520000,5182715.22150000,1.24083281,45.83089794
87085_2220_00007,rue Cuvier,7,,IM0139,1563345.52730000,5182707.15770000,1.24094798,45.83082714
87085_2220_00008,rue Cuvier,8,,IM0111,1563336.17660000,5182705.87050000,1.24082802,45.83081370
87085_2220_00009,rue Cuvier,9,,IM0138,1563345.53100000,5182697.22970000,1.24095085,45.83073783
87085_2220_00010,rue Cuvier,10,,IM0112,1563336.36190000,5182695.96520000,1.24083322,45.83072464
87085_2220_00011,rue Cuvier,11,,IM0137,1563345.70250000,5182686.06680000,1.24095623,45.83063745
87085_2220_00012,rue Cuvier,12,,IM0116,1563336.62420000,5182687.55310000,1.24083898,45.83064902
87085_2220_00013,rue Cuvier,13,,IM0136,1563345.67660000,5182675.73040000,1.24095883,45.83054446
87085_2220_00014,rue Cuvier,14,,IM0117,1563336.83020000,5182678.13220000,1.24084431,45.83056431
87085_2220_00015,rue Cuvier,15,,IM0135,1563345.78220000,5182664.08330000,1.24096350,45.83043971
87085_2220_00016,rue Cuvier,16,,IM0118,1563336.75580000,5182668.99610000,1.24084595,45.83048211
87085_2220_00017,rue Cuvier,17,,IM0134,1563346.03790000,5182654.57370000,1.24096949,45.83035422
87085_2220_00018,rue Cuvier,18,,IM0122,1563337.07720000,5182660.90140000,1.24085239,45.83040936
87085_2220_00019,rue Cuvier,19,,IM0133,1563346.32260000,5182645.93940000,1.24097561,45.83027661
87085_2220_00020,rue Cuvier,20,,IM0123,1563337.05080000,5182650.21360000,1.24085509,45.83031321
87085_2220_00021,rue Cuvier,21,,IM0132,1563346.18140000,5182638.93500000,1.24097579,45.83021357
87085_2220_00023,rue Cuvier,23,,IM0131,1563346.53560000,5182631.17600000,1.24098255,45.83014384
87085_2220_00024,rue Cuvier,24,,IM1160,1563337.37560000,5182630.82930000,1.24086478,45.83013890
87085_0045_00001,rue d'Aguesseau,1,,DL0092,1564517.02460000,5182523.32820000,1.25607476,45.82940527
87085_0045_00001_bis,rue d'Aguesseau,1,bis,DL0092,1564510.62390000,5182526.44260000,1.25599152,45.82943202
87085_0045_00002,rue d'Aguesseau,2,,DL0060,1564515.75900000,5182535.42220000,1.25605507,45.82951381
87085_0045_00003,rue d'Aguesseau,3,,DL0093,1564501.93550000,5182530.39240000,1.25587860,45.82946584
87085_0045_00004,rue d'Aguesseau,4,,DL0059,1564506.21710000,5182540.01950000,1.25593099,45.82955329
87085_0045_00004_b,rue d'Aguesseau,4,b,DL0059,1564503.09500000,5182541.34240000,1.25589044,45.82956457
87085_0045_00005,rue d'Aguesseau,5,,DL0095,1564494.18530000,5182534.25520000,1.25577779,45.82949906
87085_0045_00006,rue d'Aguesseau,6,,DL0055,1564498.17470000,5182544.15240000,1.25582633,45.82958888
87085_0045_00007,rue d'Aguesseau,7,,DL0096,1564489.69310000,5182536.41160000,1.25571938,45.82951758
87085_0045_00008,rue d'Aguesseau,8,,DL0054,1564489.72790000,5182548.16080000,1.25571651,45.82962327
87085_0045_00009,rue d'Aguesseau,9,,DL0099,1564480.82780000,5182540.59560000,1.25560412,45.82955347
87085_0045_00010,rue d'Aguesseau,10,,DL0051,1564480.91330000,5182552.15450000,1.25560196,45.82965746
87085_0045_00011,rue d'Aguesseau,11,,DL0101,1564469.70360000,5182545.85530000,1.25545949,45.82959859
87085_0045_00012,rue d'Aguesseau,12,,DL0050,1564473.95840000,5182555.41790000,1.25551155,45.82968545
87085_0045_00013,rue d'Aguesseau,13,,DL0101,1564456.56640000,5182552.12570000,1.25528868,45.82965240
87085_0045_00014,rue d'Aguesseau,14,,DL0046,1564468.20000000,5182558.02450000,1.25543671,45.82970776
87085_0045_00016,rue d'Aguesseau,16,,DL0045,1564460.40800000,5182562.01020000,1.25533532,45.82974208
87085_0045_00018,rue d'Aguesseau,18,,DL0045,1564450.71600000,5182566.59860000,1.25520931,45.82978144
87085_0100_00001,rue D'Alembert,1,,CT1142,1565653.87560000,5184648.41630000,1.27010958,45.84874474
87085_0100_00003,rue D'Alembert,3,,CT0942,1565634.00970000,5184627.25110000,1.26985978,45.84855047
87085_0100_00007,rue D'Alembert,7,,CT1144,1565604.83490000,5184594.47610000,1.26949340,45.84824993
87085_0100_00014,rue D'Alembert,14,,CT1138,1565590.59330000,5184597.53720000,1.26930922,45.84827469
87085_0100_00016,rue D'Alembert,16,,CT1136,1565583.07200000,5184589.47650000,1.26921466,45.84820070
87085_0100_00018,rue D'Alembert,18,,CT1104,1565574.01940000,5184580.19070000,1.26910073,45.84811540
87085_0100_00020,rue D'Alembert,20,,CT1105,1565568.20670000,5184575.01180000,1.26902736,45.84806768
87085_0130_00003,rue d'Alger,3,,None,1564253.62720000,5183231.01010000,1.25248559,45.83571933
87085_0130_00005,rue d'Alger,5,,None,1564243.49240000,5183239.76040000,1.25235269,45.83579605
87085_0130_00009,rue d'Alger,9,,None,1564224.21110000,5183255.75770000,1.25210004,45.83593614
87085_0130_00010,rue d'Alger,10,,DE0048,1564223.89060000,5183265.94720000,1.25209303,45.83602774
87085_0130_00011,rue d'Alger,11,,None,1564217.04840000,5183261.16270000,1.25200633,45.83598335
87085_0130_00012,rue d'Alger,12,,DE0047,1564209.17570000,5183277.86350000,1.25190030,45.83613203
87085_0130_00013,rue d'Alger,13,,DE0267,1564209.05400000,5183266.88640000,1.25190183,45.83603326
87085_0130_00015,rue d'Alger,15,,DE0270,1564199.08460000,5183274.24700000,1.25177145,45.83609751
87085_0130_00016,rue d'Alger,16,,DE0320,1564190.91590000,5183291.39670000,1.25166148,45.83625016
87085_0130_00017,rue d'Alger,17,,DE0363,1564188.19560000,5183282.53090000,1.25162898,45.83616987
87085_0130_00021,rue d'Alger,21,,DE0362,1564160.00470000,5183304.65860000,1.25125993,45.83636336
87085_0230_00001,rue d'Antony,1,,DI0267,1563842.24880000,5183016.79060000,1.24725214,45.83371098
87085_0230_00002,rue d'Antony,2,,AZ0066,1563777.08700000,5182996.67220000,1.24641929,45.83351710
87085_0230_00003,rue d'Antony,3,,DI0003,1563809.61640000,5183000.75790000,1.24683675,45.83356030
87085_0230_00004,rue d'Antony,4,,AZ0067,1563768.39410000,5182992.37610000,1.24630864,45.83347673
87085_0230_00005,rue d'Antony,5,,DI0004,1563796.80690000,5182994.37110000,1.24667371,45.83350031
87085_0230_00006,rue d'Antony,6,,AZ0068,1563759.64130000,5182988.26760000,1.24619717,45.83343804
87085_0230_00007,rue d'Antony,7,,AZ0114,1563761.38420000,5182977.16750000,1.24622275,45.83333853
87085_0230_00008,rue d'Antony,8,,AZ1059,1563746.21970000,5182981.80290000,1.24602628,45.83337723
87085_0230_00009,rue d'Antony,9,,AZ0839,1563749.41830000,5182971.50110000,1.24607037,45.83328519
87085_0230_00010,rue d'Antony,10,,AZ0070,1563735.30590000,5182976.50890000,1.24588734,45.83332744
87085_0230_00012,rue d'Antony,12,,AZ0071,1563723.05880000,5182971.50180000,1.24573115,45.83327997
87085_0230_00013,rue d'Antony,13,,AZ0112,1563726.14190000,5182960.48800000,1.24577395,45.83318151
87085_0230_00014,rue d'Antony,14,,AZ0072,1563708.81050000,5182966.88800000,1.24554911,45.83323565
87085_0230_00015,rue d'Antony,15,,AZ0111,1563716.45230000,5182957.46280000,1.24565012,45.83315238
87085_0230_00016,rue d'Antony,16,,AZ0073,1563697.52240000,5182963.87000000,1.24540470,45.83320626
87085_0230_00017,rue d'Antony,17,,AZ0110,1563703.75810000,5182953.89240000,1.24548777,45.83311774
87085_0230_00018,rue d'Antony,18,,AZ0074,1563687.61130000,5182961.19080000,1.24527792,45.83318020
87085_0230_00019,rue d'Antony,19,,AZ0109,1563694.62860000,5182951.42680000,1.24537099,45.83309375
87085_0230_00020,rue d'Antony,20,,AZ0075,1563678.31480000,5182958.96190000,1.24515892,45.83315830
87085_0230_00021,rue d'Antony,21,,AZ0108,1563684.14860000,5182948.72400000,1.24523689,45.83306736
87085_0230_00022,rue d'Antony,22,,AZ0076,1563673.39780000,5182957.66960000,1.24509601,45.83314570
87085_0230_00023,rue d'Antony,23,,AZ0107,1563676.11760000,5182946.71030000,1.24513411,45.83304766
87085_0230_00024,rue d'Antony,24,,AZ0077,1563665.94200000,5182955.66030000,1.24500063,45.83312615
87085_0230_00025,rue d'Antony,25,,AZ0106,1563666.16120000,5182944.27980000,1.24500668,45.83302382
87085_0230_00026,rue d'Antony,26,,AZ0852,1563659.14750000,5182953.82570000,1.24491372,45.83310830
87085_0230_00027,rue d'Antony,27,,AZ0105,1563655.31070000,5182941.66600000,1.24486779,45.83299816
87085_0230_00028,rue d'Antony,28,,AZ1005,1563633.61410000,5182947.44010000,1.24458695,45.83304580
87085_0230_00029,rue d'Antony,29,,AZ0104,1563644.23680000,5182939.11240000,1.24472601,45.83297299
87085_0230_00031,rue d'Antony,31,,AZ0103,1563629.98690000,5182935.57370000,1.24454364,45.83293833
87085_0230_00033,rue d'Antony,33,,AZ0098,1563615.12310000,5182931.80040000,1.24435343,45.83290144
87085_0230_00034,rue d'Antony,34,,AZ1073,1563590.36070000,5182935.44230000,1.24403374,45.83292929
87085_0230_00035,rue d'Antony,35,,AZ0097,1563603.30930000,5182928.68870000,1.24420229,45.83287111
87085_0230_00036,rue d'Antony,36,,AZ1065,1563575.37080000,5182929.28210000,1.24384259,45.83287090
87085_0230_00037,rue d'Antony,37,,AZ0096,1563590.93400000,5182924.34760000,1.24404427,45.83282960
87085_0230_00038,rue d'Antony,38,,AZ0520,1563568.69640000,5182926.22660000,1.24375757,45.83284209
87085_0230_00039,rue d'Antony,39,,AZ0171,1563573.68680000,5182916.39930000,1.24382458,45.83275468
87085_0230_00040,rue d'Antony,40,,AZ0513,1563558.40740000,5182920.86600000,1.24362668,45.83279183
87085_0230_00040_bis,rue d'Antony,40,bis,AZ0513,1563550.67610000,5182939.63850000,1.24352187,45.83295917
87085_0230_00041,rue d'Antony,41,,AZ0172,1563557.72340000,5182908.16860000,1.24362149,45.83267747
87085_0230_00042,rue d'Antony,42,,AZ0182,1563548.15680000,5182915.05120000,1.24349642,45.83273749
87085_0230_00043,rue d'Antony,43,,AZ0198,1563545.73870000,5182901.42790000,1.24346917,45.83261446
87085_0230_00044,rue d'Antony,44,,AZ0197,1563541.90820000,5182911.48230000,1.24341703,45.83270415
87085_0230_00045,rue d'Antony,45,,AZ0199,1563533.93610000,5182894.50870000,1.24331926,45.83254988
87085_0230_00046,rue d'Antony,46,,AZ0196,1563530.67570000,5182905.10410000,1.24327429,45.83264454
87085_0230_00048,rue d'Antony,48,,AZ0979,1563519.15270000,5182898.49830000,1.24312788,45.83258283
87085_0230_00049,rue d'Antony,49,,AZ0201,1563517.86990000,5182885.02990000,1.24311520,45.83246142
87085_0230_00050,rue d'Antony,50,,AZ0195,1563509.93670000,5182893.33640000,1.24301075,45.83253457
87085_0230_00051,rue d'Antony,51,,AZ0202,1563505.96290000,5182878.30330000,1.24296389,45.83239855
87085_0230_00052,rue d'Antony,52,,AZ0195,1563501.55310000,5182888.56490000,1.24290422,45.83248998
87085_0230_00053,rue d'Antony,53,,AZ0203,1563497.73460000,5182873.82190000,1.24285927,45.83235660
87085_0230_00054,rue d'Antony,54,,AZ1069,1563493.53590000,5182883.92050000,1.24280237,45.83244661
87085_0230_00055,rue d'Antony,55,,AZ0204,1563490.57690000,5182869.68470000,1.24276834,45.83231797
87085_0230_00056,rue d'Antony,56,,AZ0954,1563483.23020000,5182878.21470000,1.24267138,45.83239324
87085_0230_00057,rue d'Antony,57,,AZ0205,1563480.87860000,5182864.49390000,1.24264501,45.83226935
87085_0230_00058,rue d'Antony,58,,AZ0194,1563473.04360000,5182872.22800000,1.24254199,45.83233736
87085_0230_00059,rue d'Antony,59,,AZ0206,1563473.75750000,5182860.60920000,1.24255448,45.83223299
87085_0230_00060,rue d'Antony,60,,AZ0193,1563463.30460000,5182866.68760000,1.24241824,45.83228559
87085_0230_00065,rue d'Antony,65,,AZ0227,1563445.46890000,5182844.03480000,1.24219516,45.83207828
87085_0230_00066,rue d'Antony,66,,AZ0293,1563417.14240000,5182840.53600000,1.24183163,45.83204118
87085_0230_00067,rue d'Antony,67,,AZ0228,1563437.73530000,5182839.32440000,1.24209697,45.83203437
87085_0230_00068,rue d'Antony,68,,AZ0291,1563400.95620000,5182831.36000000,1.24162595,45.83195542
87085_0230_00068_bis,rue d'Antony,68,bis,AZ0290,1563393.13580000,5182826.89390000,1.24152658,45.83191369
87085_0230_00069,rue d'Antony,69,,AZ0229,1563431.85610000,5182836.09460000,1.24202224,45.83200415
87085_0230_00071,rue d'Antony,71,,AZ0230,1563424.39720000,5182831.85160000,1.24192746,45.83196450
87085_0230_00073,rue d'Antony,73,,AZ0231,1563412.39660000,5182824.71980000,1.24177506,45.83189796
87085_0230_00075,rue d'Antony,75,,AZ0244,1563402.76280000,5182819.52410000,1.24165256,45.83184931
87085_0230_00077,rue d'Antony,77,,AZ0245,1563395.75080000,5182815.64880000,1.24156343,45.83181305
87085_0230_00078,rue d'Antony,78,,AZ0253,1563350.61560000,5182803.26750000,1.24098614,45.83169271
87085_0230_00079,rue d'Antony,79,,AZ0246,1563387.21010000,5182810.72520000,1.24145493,45.83176707
87085_0230_00080,rue d'Antony,80,,AZ0980,1563343.06830000,5182798.70830000,1.24089031,45.83165020
87085_0230_00081,rue d'Antony,81,,AZ0993,1563377.20800000,5182804.89300000,1.24132787,45.83171262
87085_0230_00081_bis,rue d'Antony,81,bis,AZ0994,1563379.95970000,5182794.09800000,1.24136635,45.83161606
87085_0230_00082,rue d'Antony,82,,AZ0254,1563337.47410000,5182794.84210000,1.24081942,45.83161431
87085_0230_00083,rue d'Antony,83,,AZ0821,1563362.78220000,5182796.92920000,1.24114450,45.83163811
87085_0230_00084,rue d'Antony,84,,AZ0255,1563330.79310000,5182790.66970000,1.24073464,45.83157545
87085_0230_00086,rue d'Antony,86,,AZ0256,1563328.12540000,5182789.00710000,1.24070078,45.83155996
87085_0230_00087,rue d'Antony,87,,AZ0250,1563341.06680000,5182784.37230000,1.24086863,45.83152084
87085_0230_00088,rue d'Antony,88,,AZ0257,1563323.04120000,5182785.04920000,1.24063648,45.83152335
87085_0230_00089,rue d'Antony,89,,AZ0662,1563330.27300000,5182776.01460000,1.24073211,45.83144351
87085_0230_00090,rue d'Antony,90,,AZ0258,1563313.95530000,5182777.58970000,1.24052168,45.83145444
87085_0230_00091,rue d'Antony,91,,AZ0252,1563319.42980000,5182767.76270000,1.24059492,45.83136713
87085_0230_00092,rue d'Antony,92,,AZ0958,1563306.53880000,5182771.18930000,1.24042806,45.83139539
87085_0230_00094,rue d'Antony,94,,AZ0885,1563298.72090000,5182764.12250000,1.24032947,45.83133027
87085_0235_00003,rue d'Aquitaine,3,,IV0692,1563164.08510000,5181942.57450000,1.23883075,45.82391322
87085_0235_00005,rue d'Aquitaine,5,,IV0122,1563153.75180000,5181944.73680000,1.23869719,45.82393062
87085_0235_00007,rue d'Aquitaine,7,,IV0122,1563146.57500000,5181947.82610000,1.23860397,45.82395698
87085_0235_00009,rue d'Aquitaine,9,,IV0122,1563140.25460000,5181950.01620000,1.23852202,45.82397542
87085_0235_00010,rue d'Aquitaine,10,,IV0035,1563110.59280000,5181969.96660000,1.23813470,45.82414898
87085_0235_00012,rue d'Aquitaine,12,,IV0036,1563086.98860000,5181976.22260000,1.23782921,45.82420056
87085_0235_00015,rue d'Aquitaine,15,,IV0767,1563091.55440000,5181961.84990000,1.23789205,45.82407218
87085_0235_00016,rue d'Aquitaine,16,,IV0037,1563067.23340000,5181981.49070000,1.23757353,45.82424402
87085_0235_00017,rue d'Aquitaine,17,,IV0106,1563078.93310000,5181965.20230000,1.23772871,45.82409982
87085_0235_00018,rue d'Aquitaine,18,,IV0039,1563057.09700000,5181984.29170000,1.23744232,45.82426720
87085_0235_00019,rue d'Aquitaine,19,,IV0385,1563068.13760000,5181968.12040000,1.23758897,45.82412393
87085_0235_00020,rue d'Aquitaine,20,,IV0040,1563046.00010000,5181987.26610000,1.23729869,45.82429174
87085_0235_00021,rue d'Aquitaine,21,,IV0386,1563056.86590000,5181971.34130000,1.23744303,45.82415066
87085_0235_00023,rue d'Aquitaine,23,,IV0424,1563047.55550000,5181973.74320000,1.23732255,45.82417041
87085_0235_00024,rue d'Aquitaine,24,,IV0041,1563034.23120000,5181990.34740000,1.23714639,45.82431712
87085_0235_00025,rue d'Aquitaine,25,,IV0445,1563037.50540000,5181976.48170000,1.23719246,45.82419304
87085_0235_00026,rue d'Aquitaine,26,,IV0042,1563023.60790000,5181993.38060000,1.23700884,45.82434229
87085_0235_00027,rue d'Aquitaine,27,,IV0098,1563027.19390000,5181977.76550000,1.23705943,45.82420254
87085_0235_00028,rue d'Aquitaine,28,,IV0043,1563014.31420000,5181995.90590000,1.23688854,45.82436315
87085_0235_00029,rue d'Aquitaine,29,,IV0097,1563019.33100000,5181979.83440000,1.23695767,45.82421958
87085_0235_00030,rue d'Aquitaine,30,,IV0044,1563006.15290000,5181998.45730000,1.23678281,45.82438448
87085_0235_00031,rue d'Aquitaine,31,,IV0094,1563008.81510000,5181983.86290000,1.23682122,45.82425373
87085_0235_00032,rue d'Aquitaine,32,,IV0045,1562995.47660000,5182000.97350000,1.23664472,45.82440499
87085_0235_00033,rue d'Aquitaine,33,,IV0093,1562998.35220000,5181986.66690000,1.23668580,45.82427687
87085_0235_00034,rue d'Aquitaine,34,,IV0046,1562986.20900000,5182003.44680000,1.23652477,45.82442539
87085_0235_00040,rue d'Aquitaine,40,,IV0072,1562955.42300000,5182011.18390000,1.23612646,45.82448886
87085_0235_00043,rue d'Aquitaine,43,,IV0074,1562939.00720000,5182002.27590000,1.23591778,45.82440545
87085_0235_00044,rue d'Aquitaine,44,,IV0070,1562928.01920000,5182018.90610000,1.23577166,45.82455286
87085_0235_00045,rue d'Aquitaine,45,,IV0075,1562929.90800000,5182004.74970000,1.23580000,45.82442589
87085_0235_00046,rue d'Aquitaine,46,,IV0069,1562918.26920000,5182021.36600000,1.23564551,45.82457305
87085_0235_00047,rue d'Aquitaine,47,,IV0076,1562921.94050000,5182007.06820000,1.23569683,45.82444516
87085_0235_00048,rue d'Aquitaine,48,,IV0068,1562909.18690000,5182023.91560000,1.23552793,45.82459417
87085_0235_00051,rue d'Aquitaine,51,,IV0077,1562908.14330000,5182010.67910000,1.23551827,45.82447489
87085_0235_00053,rue d'Aquitaine,53,,IV0078,1562891.23760000,5182015.38490000,1.23529941,45.82451386
87085_0235_00057,rue d'Aquitaine,57,,IV0499,1562867.78080000,5182021.73510000,1.23499579,45.82456630
87085_0260_00001,rue d'Argenton,1,,DR0079,1565112.53320000,5183803.20190000,1.26337851,45.84103555
87085_0260_00004,rue d'Argenton,4,,DR0076,1565091.17360000,5183807.45080000,1.26310241,45.84106958
87085_0260_00006,rue d'Argenton,6,,DR0075,1565081.72000000,5183803.88240000,1.26298174,45.84103562
87085_0260_00008,rue d'Argenton,8,,DR0120,1565070.36120000,5183799.21330000,1.26283686,45.84099139
87085_0260_00012,rue d'Argenton,12,,DR0121,1565062.37830000,5183796.18610000,1.26273497,45.84096260
87085_0260_00014,rue d'Argenton,14,,DR0071,1565052.02390000,5183792.06720000,1.26260286,45.84092351
87085_0260_00016,rue d'Argenton,16,,DR0069,1565044.39870000,5183789.16470000,1.26250553,45.84089591
87085_0260_00018,rue d'Argenton,18,,DR0068,1565038.39030000,5183786.86380000,1.26242885,45.84087403
87085_0260_00020,rue d'Argenton,20,,DR0067,1565031.01980000,5183783.93470000,1.26233481,45.84084623
87085_0260_00022,rue d'Argenton,22,,DR0066,1565022.00080000,5183780.54170000,1.26221968,45.84081394
87085_0260_00024,rue d'Argenton,24,,DR0065,1565009.22120000,5183775.69620000,1.26205656,45.84076784
87085_0260_00026,rue d'Argenton,26,,DR0041,1564987.44360000,5183769.08050000,1.26177813,45.84070406
87085_0260_00028,rue d'Argenton,28,,DR0040,1564977.78100000,5183768.68800000,1.26165388,45.84069863
87085_0260_00030,rue d'Argenton,30,,DR0039,1564967.71860000,5183768.17320000,1.26152452,45.84069202
87085_0260_00032,rue d'Argenton,32,,DR0038,1564961.51190000,5183767.81420000,1.26144474,45.84068757
87085_0260_00034,rue d'Argenton,34,,DR0034,1564953.64030000,5183767.49740000,1.26134352,45.84068318
87085_0260_00036,rue d'Argenton,36,,DR0033,1564941.48210000,5183766.98000000,1.26118718,45.84067614
87085_0260_00040,rue d'Argenton,40,,DR0029,1564908.99330000,5183765.01070000,1.26076959,45.84065204
87085_0285_00001,rue d'Arsonval,1,,HZ0001,1564153.09880000,5182363.79160000,1.25143692,45.82789836
87085_0285_00002,rue d'Arsonval,2,,IK0124,1564130.77160000,5182387.24800000,1.25114299,45.82810495
87085_0285_00002_bis,rue d'Arsonval,2,bis,IK0067,1564131.11900000,5182370.21970000,1.25115228,45.82795184
87085_0285_00002_ter,rue d'Arsonval,2,ter,IK0067,1564117.87020000,5182366.31680000,1.25098290,45.82791411
87085_0285_00003,rue d'Arsonval,3,,HZ0245,1564129.52450000,5182356.78270000,1.25113556,45.82783065
87085_0285_00004,rue d'Arsonval,4,,IK0068,1564110.61460000,5182364.15130000,1.25089015,45.82789320
87085_0285_00005,rue d'Arsonval,5,,HZ0007,1564115.47180000,5182352.64730000,1.25095590,45.82779067
87085_0285_00006,rue d'Arsonval,6,,IK0069,1564100.51650000,5182361.16640000,1.25076106,45.82786435
87085_0285_00007,rue d'Arsonval,7,,HZ0009,1564104.09800000,5182349.27150000,1.25081050,45.82775806
87085_0285_00008,rue d'Arsonval,8,,IK0070,1564088.32460000,5182357.76880000,1.25060514,45.82783138
87085_0285_00009,rue d'Arsonval,9,,HZ0010,1564091.33020000,5182345.39280000,1.25064731,45.82772065
87085_0285_00010,rue d'Arsonval,10,,IK0193,1564071.73270000,5182352.82110000,1.25039304,45.82778359
87085_0285_00010_bis,rue d'Arsonval,10,bis,IK0192,1564059.29580000,5182349.21660000,1.25023403,45.82774871
87085_0285_00012,rue d'Arsonval,12,,IK0072,1564048.03400000,5182345.93880000,1.25009005,45.82771700
87085_0285_00013,rue d'Arsonval,13,,HZ0013,1564065.26750000,5182337.94540000,1.25031406,45.82764850
87085_0285_00014,rue d'Arsonval,14,,IK0073,1564021.02140000,5182337.85340000,1.24974475,45.82763893
87085_0285_00015,rue d'Arsonval,15,,HZ0015,1564043.06980000,5182331.36650000,1.25003029,45.82758493
87085_0285_00016,rue d'Arsonval,16,,IK0074,1564009.80410000,5182334.74200000,1.24960130,45.82760872
87085_0285_00017,rue d'Arsonval,17,,HZ0016,1564031.77330000,5182328.00860000,1.24988589,45.82755249
87085_0285_00018,rue d'Arsonval,18,,IK0075,1564000.54180000,5182331.92750000,1.24948291,45.82758157
87085_0285_00019,rue d'Arsonval,19,,HZ0019,1564019.55340000,5182324.57260000,1.24972962,45.82751917
87085_0285_00020,rue d'Arsonval,20,,IK0076,1563991.23820000,5182328.98520000,1.24936403,45.82755326
87085_0285_00021,rue d'Arsonval,21,,HZ0020,1564012.08560000,5182322.15920000,1.24963421,45.82749598
87085_0285_00023,rue d'Arsonval,23,,HZ0021,1564002.94350000,5182319.60300000,1.24951730,45.82747118
87085_0285_00025,rue d'Arsonval,25,,HZ0022,1563992.09060000,5182316.32720000,1.24937858,45.82743957
87085_0285_00029,rue d'Arsonval,29,,HZ0023,1563979.11140000,5182312.62310000,1.24921262,45.82740368
87085_0325_00002,rue d'Auzette,2,,EV0054,1565629.18450000,5182054.96970000,1.27051675,45.82541028
87085_0325_00003,rue d'Auzette,3,,EV0056,1565638.72770000,5182054.61760000,1.27063964,45.82540898
87085_0325_00004,rue d'Auzette,4,,EV0055,1565627.72860000,5182046.17970000,1.27050048,45.82533092
87085_0325_00006,rue d'Auzette,6,,EV0048,1565626.17810000,5182036.88450000,1.27048312,45.82524700
87085_0325_00009,rue d'Auzette,9,,EV0058,1565632.70250000,5182018.53410000,1.27057220,45.82508321
87085_0325_00010,rue d'Auzette,10,,EV0047,1565623.29280000,5182016.52380000,1.27045169,45.82506328
87085_0325_00010_b,rue d'Auzette,10,b,EV0047,1565622.39320000,5182010.86170000,1.27044170,45.82501217
87085_0325_00011,rue d'Auzette,11,,EV0059,1565631.70400000,5182011.85270000,1.27056122,45.82502291
87085_0325_00013,rue d'Auzette,13,,EV0060,1565630.80210000,5182005.91900000,1.27055127,45.82496935
87085_0325_00015,rue d'Auzette,15,,EV0061,1565629.79250000,5181998.57770000,1.27054033,45.82490312
87085_0325_00016,rue d'Auzette,16,,EV0043,1565616.52500000,5181971.94790000,1.27037707,45.82466097
87085_0325_00017,rue d'Auzette,17,,EV0434,1565627.64770000,5181983.38770000,1.27051698,45.82476605
87085_0325_00020,rue d'Auzette,20,,EV0037,1565613.82750000,5181954.29090000,1.27034729,45.82450161
87085_0325_00021,rue d'Auzette,21,,EV0063,1565625.17810000,5181967.52760000,1.27048964,45.82462290
87085_0325_00022,rue d'Auzette,22,,EV0316,1565612.05250000,5181943.47910000,1.27032748,45.82440400
87085_0325_00023,rue d'Auzette,23,,EV0064,1565622.82460000,5181952.69780000,1.27046350,45.82448904
87085_0325_00024,rue d'Auzette,24,,EV0035,1565610.09450000,5181931.62750000,1.27030559,45.82429701
87085_0325_00025,rue d'Auzette,25,,EV0065,1565621.45800000,5181944.49950000,1.27044821,45.82441502
87085_0325_00026,rue d'Auzette,26,,EV0283,1565609.35620000,5181925.23150000,1.27029788,45.82423933
87085_0325_00027,rue d'Auzette,27,,EV0066,1565620.04990000,5181935.95160000,1.27043248,45.82433785
87085_0325_00028,rue d'Auzette,28,,EV0033,1565606.77050000,5181915.24950000,1.27026740,45.82414903
87085_0325_00030,rue d'Auzette,30,,EV0032,1565603.89070000,5181905.96510000,1.27023294,45.82406495
87085_0325_00033,rue d'Auzette,33,,EV0097,1565609.18340000,5181893.98710000,1.27030439,45.82395823
87085_0325_00034,rue d'Auzette,34,,EV0031,1565590.15090000,5181885.38190000,1.27006191,45.82387710
87085_0325_00036,rue d'Auzette,36,,EV0030,1565583.69550000,5181878.10150000,1.26998089,45.82381035
87085_0325_00041,rue d'Auzette,41,,EV0232,1565574.25750000,5181853.61200000,1.26986630,45.82358821
87085_0325_00046,rue d'Auzette,46,,EV0448,1565551.72450000,5181841.43630000,1.26957978,45.82347428
87085_0325_00048,rue d'Auzette,48,,EV0027,1565547.75570000,5181836.99130000,1.26952996,45.82343351
87085_0325_00050,rue d'Auzette,50,,EV0026,1565543.05830000,5181831.65190000,1.26947102,45.82338457
87085_0325_00054,rue d'Auzette,54,,EV0025,1565530.21040000,5181826.52080000,1.26930714,45.82333590
87085_0325_00055,rue d'Auzette,55,,EV0422,1565540.56650000,5181767.51170000,1.26945689,45.82280710
87085_0325_00056,rue d'Auzette,56,,EV0023,1565537.11230000,5181812.64500000,1.26939983,45.82321242
87085_0325_00057,rue d'Auzette,57,,EV0236,1565537.56840000,5181761.87240000,1.26941989,45.82275578
87085_0325_00058,rue d'Auzette,58,,EV0022,1565535.47700000,5181803.24590000,1.26938141,45.82312755
87085_0325_00060,rue d'Auzette,60,,EV0021,1565533.17090000,5181791.15260000,1.26935512,45.82301832
87085_0325_00061,rue d'Auzette,61,,EV0237,1565535.65770000,5181750.73790000,1.26939842,45.82265525
87085_0325_00063,rue d'Auzette,63,,EV0238,1565533.14490000,5181735.80010000,1.26937027,45.82252038
87085_0325_00064,rue d'Auzette,64,,EV0020,1565529.92700000,5181772.86900000,1.26931850,45.82285321
87085_0325_00066,rue d'Auzette,66,,EV0019,1565528.93960000,5181765.18040000,1.26930794,45.82278385
87085_0325_00068,rue d'Auzette,68,,EV0018,1565527.39640000,5181754.25930000,1.26929114,45.82268531
87085_0325_00070,rue d'Auzette,70,,EV0017,1565524.80440000,5181739.56530000,1.26926190,45.82255262
87085_0325_00072,rue d'Auzette,72,,EV0016,1565522.66200000,5181726.49360000,1.26923799,45.82243461
87085_0325_00074,rue d'Auzette,74,,EV0015,1565520.29950000,5181713.88620000,1.26921112,45.82232074
87085_0325_00076,rue d'Auzette,76,,EV0014,1565518.94570000,5181705.17100000,1.26919614,45.82224208
87085_0325_00078,rue d'Auzette,78,,EV0013,1565516.81510000,5181693.55360000,1.26917198,45.82213715
87085_0325_00084,rue d'Auzette,84,,EV0011,1565511.44150000,5181664.46160000,1.26911097,45.82187440
87085_2565_00003,rue d'Isle,3,,IV0448,1563055.93490000,5182180.06490001,1.23737161,45.82602805
87085_2565_00005_bis,rue d'Isle,5,bis,IV0005,1563028.20450000,5182201.93050000,1.23700858,45.82621922
87085_2565_00007,rue d'Isle,7,,IV0004,1563021.92460000,5182195.24240000,1.23692968,45.82615781
87085_2565_00009,rue d'Isle,9,,IV0003,1563015.80930000,5182189.87850000,1.23685252,45.82610834
87085_2565_00011,rue d'Isle,11,,IV0730,1563009.37760000,5182184.32270000,1.23677135,45.82605708
87085_2565_00013,rue d'Isle,13,,IV0732,1563000.78740000,5182177.04160000,1.23666289,45.82598987
87085_2565_00014,rue d'Isle,14,,IW0542,1562956.10880000,5182163.18080000,1.23609196,45.82585629
87085_2565_00027,rue d'Isle,27,,IV0056,1562934.29440000,5182132.43080000,1.23582005,45.82557533
87085_2565_00028,rue d'Isle,28,,IW0318,1562897.67960000,5182113.81510000,1.23535424,45.82540057
87085_2565_00032,rue d'Isle,32,,IW0319,1562886.03280000,5182102.65250000,1.23520756,45.82529784
87085_2565_00036,rue d'Isle,36,,IW0323,1562877.25390000,5182095.66840000,1.23509660,45.82523326
87085_2565_00039,rue d'Isle,39,,IV0659,1562877.63630000,5182080.57450000,1.23510582,45.82509756
87085_2565_00040,rue d'Isle,40,,IW0499,1562863.65110000,5182084.45210000,1.23492477,45.82512965
87085_2565_00042,rue d'Isle,42,,None,1562858.32240000,5182074.47260000,1.23485906,45.82503882
87085_2565_00043,rue d'Isle,43,,IV0068,1562860.22150000,5182059.70680000,1.23488770,45.82490637
87085_2565_00044,rue d'Isle,44,,IW0361,1562848.91380000,5182067.27310000,1.23474005,45.82497218
87085_2565_00046,rue d'Isle,46,,IW0361,1562828.61810000,5182058.67590000,1.23448137,45.82489080
87085_2565_00046_bis,rue d'Isle,46,bis,IW0361,1562811.45130000,5182057.93090000,1.23426070,45.82488067
87085_2565_00047,rue d'Isle,47,,IV0498,1562839.50970000,5182023.32250000,1.23463159,45.82457494
87085_2565_00049,rue d'Isle,49,,IV0496,1562834.17020000,5182011.26680000,1.23456633,45.82446543
87085_2565_00050,rue d'Isle,50,,IT0329,1562821.67110000,5182024.59540000,1.23440170,45.82458284
87085_2565_00053,rue d'Isle,53,,IV0716,1562825.23950000,5181990.20100000,1.23445743,45.82427415
87085_2565_00057,rue d'Isle,57,,None,1562792.49910000,5181946.15400000,1.23404900,45.82387100
87085_2565_00063,rue d'Isle,63,,IV0753,1562773.10850000,5181931.24770000,1.23380400,45.82373300
87085_2565_00067_a,rue d'Isle,67,a,IV0435,1562759.64420000,5181867.37770000,1.23364850,45.82315621
87085_2565_00067_b,rue d'Isle,67,b,IV0435,1562758.98170000,5181840.37110000,1.23364768,45.82291314
87085_2565_00069,rue d'Isle,69,,IV0435,1562746.02950000,5181904.26100000,1.23346280,45.82348528
87085_2565_00075,rue d'Isle,75,,IV0435,1562712.66640000,5181893.75150000,1.23303654,45.82338408
87085_2565_00078,rue d'Isle,78,,IT0104,1562699.35650000,5181910.80040000,1.23286042,45.82353479
87085_2565_00080,rue d'Isle,80,,IT0105,1562684.83960000,5181905.07450000,1.23267527,45.82348038
87085_2565_00082,rue d'Isle,82,,IT0366,1562670.44590000,5181899.72390000,1.23249161,45.82342938
87085_2565_00083,rue d'Isle,83,,IV0661,1562673.84850000,5181891.01590000,1.23253787,45.82335172
87085_2565_00087,rue d'Isle,87,,IV0661,1562648.58580000,5181880.14000000,1.23221594,45.82324884
87085_2565_00091,rue d'Isle,91,,IV0364,1562624.32380000,5181862.98670000,1.23190868,45.82308969
87085_2565_00092,rue d'Isle,92,,IT0520,1562599.31050000,5181860.03260000,1.23158770,45.82305812
87085_2565_00094,rue d'Isle,94,,IT0517,1562590.53770000,5181852.28250000,1.23147704,45.82298666
87085_2565_00096,rue d'Isle,96,,IT0109,1562584.56550000,5181846.09230000,1.23140197,45.82292978
87085_2565_00097,rue d'Isle,97,,IV0758,1562590.58690000,5181838.46790000,1.23148162,45.82286240
87085_2565_00104,rue d'Isle,104,,IT0198,1562548.24000000,5181779.82500000,1.23095354,45.82232641
87085_2565_00105,rue d'Isle,105,,IV0378,1562566.64370000,5181796.64480000,1.23118551,45.82248139
87085_2565_00106,rue d'Isle,106,,IT0199,1562544.59940000,5181772.37620000,1.23090882,45.82225868
87085_2565_00107,rue d'Isle,107,,IV0378,1562561.38470000,5181785.64650000,1.23112099,45.82238140
87085_2565_00108,rue d'Isle,108,,IT0199,1562541.17400000,5181765.52460000,1.23086671,45.82219636
87085_2565_00109,rue d'Isle,109,,IV0393,1562558.46430000,5181777.03090000,1.23108588,45.82230332
87085_2565_00110,rue d'Isle,110,,IT0200,1562535.55100000,5181754.01060000,1.23079766,45.82209166
87085_2565_00111,rue d'Isle,111,,IV0393,1562553.61030000,5181767.12090000,1.23102626,45.82221320
87085_2565_00113,rue d'Isle,113,,IV0293,1562547.29480000,5181756.35880000,1.23094808,45.82211513
87085_2565_00114,rue d'Isle,114,,IT0500,1562519.20110000,5181720.33770000,1.23059693,45.82178549
87085_2565_00115,rue d'Isle,115,,IV0292,1562542.68970000,5181746.91700000,1.23089153,45.82202928
87085_2565_00116,rue d'Isle,116,,IT0499,1562515.97740000,5181712.98540000,1.23055755,45.82171871
87085_2565_00117,rue d'Isle,117,,IV0292,1562537.47390000,5181735.10030000,1.23082780,45.82192194
87085_2565_00118,rue d'Isle,118,,IT0512,1562509.93500000,5181703.22680001,1.23048260,45.82162971
87085_2565_00119,rue d'Isle,119,,IV0810,1562528.93790000,5181714.92120000,1.23072375,45.82173871
87085_2565_00120,rue d'Isle,120,,IT0511,1562501.78490000,5181686.56860000,1.23038250,45.82147824
87085_2565_00121,rue d'Isle,121,,IV0811,1562522.98940000,5181703.55030000,1.23065046,45.82163523
87085_2565_00122,rue d'Isle,122,,IT0258,1562496.34400000,5181676.29160000,1.23031544,45.82138470
87085_2565_00123,rue d'Isle,123,,IV0571,1562518.68710000,5181693.47680000,1.23059799,45.82154376
87085_2565_00123_bis,rue d'Isle,123,bis,IV0570,1562515.37660000,5181685.84090000,1.23055758,45.82147441
87085_2565_00125,rue d'Isle,125,,IV0687,1562512.52930000,5181678.25260000,1.23052312,45.82140558
87085_2565_00127,rue d'Isle,127,,IV0567,1562506.83980000,5181664.74530000,1.23045378,45.82128293
87085_2575_00002,rue d'Isly,2,,EI0144,1565129.03000000,5182829.47860000,1.26386405,45.83227956
87085_2575_00003,rue d'Isly,3,,EI0053,1565081.53680000,5182909.76330000,1.26323036,45.83299246
87085_2575_00004,rue d'Isly,4,,EI0143,1565122.95330000,5182845.79680000,1.26378128,45.83242516
87085_2575_00004_bis,rue d'Isly,4,bis,EI0136,1565116.56380000,5182861.73970000,1.26369458,45.83256733
87085_2575_00005,rue d'Isly,5,,EI0045,1565075.95700000,5182925.01760000,1.26315427,45.83312858
87085_2575_00006,rue d'Isly,6,,EI0147,1565112.17770000,5182874.03780000,1.26363469,45.83267709
87085_2575_00007,rue d'Isly,7,,EI0162,1565071.60190000,5182936.26230000,1.26309507,45.83322888
87085_2575_00008,rue d'Isly,8,,EI0156,1565095.52290000,5182917.54480000,1.26340816,45.83306520
87085_2575_00009,rue d'Isly,9,,EI0041,1565066.01940000,5182950.26300000,1.26301930,45.83335373
87085_2575_00010,rue d'Isly,10,,EI0063,1565090.64430000,5182929.57140000,1.26334200,45.83317243
87085_2575_00012,rue d'Isly,12,,EI0063,1565084.95490000,5182944.71990000,1.26326453,45.83330758
87085_2575_00013,rue d'Isly,13,,EI0178,1565051.19820000,5182987.22010000,1.26281820,45.83368327
87085_2575_00015,rue d'Isly,15,,EI0186,1565046.79270000,5182999.66880000,1.26275801,45.83379439
87085_2575_00016,rue d'Isly,16,,EI0083,1565064.83510000,5182998.19960000,1.26299061,45.83378472
87085_2575_00017,rue d'Isly,17,,EI0186,1565017.50860000,5182979.06200000,1.26238694,45.83360328
87085_2575_00018,rue d'Isly,18,,EI0084,1565057.96730000,5183015.60740000,1.26289734,45.83393996
87085_3810_00001,rue d'Orléans,1,,CN0379,1565937.06280000,5184486.17270000,1.27380013,45.84734054
87085_3810_00004,rue d'Orléans,4,,CN0761,1565950.10530000,5184483.02510000,1.27396889,45.84731477
87085_3810_00007,rue d'Orléans,7,,CN0378,1565941.55380000,5184507.23550000,1.27385206,45.84753089
87085_3810_00008,rue d'Orléans,8,,CN0294,1565954.85240000,5184505.32500000,1.27402377,45.84751630
87085_3810_00010,rue d'Orléans,10,,CN0295,1565956.56900000,5184514.44630000,1.27404332,45.84759868
87085_3810_00012,rue d'Orléans,12,,CN0296,1565959.74720000,5184528.14050000,1.27408041,45.84772249
87085_3810_00013,rue d'Orléans,13,,CN0377,1565947.20250000,5184531.16940000,1.27391809,45.84774729
87085_3810_00014,rue d'Orléans,14,,CN0297,1565962.67790000,5184541.48800000,1.27411441,45.84784313
87085_3810_00016,rue d'Orléans,16,,CN0298,1565965.54800000,5184555.04380000,1.27414758,45.84796563
87085_3810_00017,rue d'Orléans,17,,CN0787,1565951.54130000,5184552.03860000,1.27396812,45.84793587
87085_3810_00018,rue d'Orléans,18,,CN0689,1565967.67600000,5184564.16580000,1.27417242,45.84804811
87085_3810_00019,rue d'Orléans,19,,CN0785,1565958.02180000,5184587.39080000,1.27404167,45.84825515
87085_3810_00020,rue d'Orléans,20,,CN0690,1565969.39360000,5184572.85210000,1.27419211,45.84812658
87085_3810_00021,rue d'Orléans,21,,CN0785,1565959.92610000,5184596.80050000,1.27406356,45.84834016
87085_3810_00022,rue d'Orléans,22,,CN0302,1565971.62650000,5184584.93410000,1.27421748,45.84823570
87085_3810_00022_bis,rue d'Orléans,22,bis,CN0301,1565969.74100000,5184576.89790000,1.27419545,45.84816304
87085_3810_00023,rue d'Orléans,23,,CN0372,1565961.78760000,5184602.82720000,1.27408584,45.84839474
87085_3810_00024,rue d'Orléans,24,,CN0305,1565973.25430000,5184591.30040000,1.27423666,45.84829328
87085_3810_00025,rue d'Orléans,25,,CN0371,1565964.02650000,5184614.37890000,1.27411144,45.84849909
87085_3810_00027,rue d'Orléans,27,,CN0344,1565965.94310000,5184623.45620000,1.27413358,45.84858112
87085_3810_00028,rue d'Orléans,28,,CN0774,1565976.41780000,5184607.90670000,1.27427275,45.84844329
87085_3810_00029,rue d'Orléans,29,,CN0343,1565967.95990000,5184633.69570000,1.27415668,45.84867362
87085_3810_00030,rue d'Orléans,30,,CN0773,1565979.06360000,5184619.15150000,1.27430367,45.84854495
87085_3810_00031,rue d'Orléans,31,,CN0478,1565969.72220000,5184642.38160000,1.27417694,45.84875210
87085_3810_00036,rue d'Orléans,36,,CN0826,1565986.62830000,5184654.22920000,1.27439126,45.84886197
87085_1475_00001,rue Dalesme,1,,DW0089,1564881.72390000,5182673.10310000,1.26072555,45.83082433
87085_1475_00002,rue Dalesme,2,,DW0086,1564889.17890000,5182676.45440000,1.26082054,45.83085594
87085_1475_00005,rue Dalesme,5,,DW0087,1564864.22070000,5182695.87990000,1.26049391,45.83102578
87085_1480_00001,rue Dalloz,1,,EW0516,1565634.18080000,5181442.76050000,1.27075209,45.81990405
87085_1480_00003,rue Dalloz,3,,EW0516,1565609.95030000,5181456.52630000,1.27043650,45.82002315
87085_1480_00005,rue Dalloz,5,,EW0516,1565569.99130000,5181440.00120000,1.26992702,45.81986669
87085_1480_00007,rue Dalloz,7,,EW0516,1565568.37780000,5181488.54930000,1.26989269,45.82030309
87085_1480_00009,rue Dalloz,9,,EW0516,1565551.67560000,5181461.15950000,1.26968546,45.82005344
87085_1480_00011,rue Dalloz,11,,EW0516,1565530.99520000,5181423.52450000,1.26942992,45.81971085
87085_1480_00013,rue Dalloz,13,,EW0516,1565573.72860000,5181404.97280000,1.26998490,45.81955231
87085_1480_00018,rue Dalloz,18,,EW0507,1565520.29970000,5181485.87520000,1.26927488,45.82026964
87085_1480_00020,rue Dalloz,20,,EW0507,1565510.41810000,5181467.98980000,1.26915275,45.82010682
87085_1480_00022,rue Dalloz,22,,EW0507,1565499.06080000,5181446.92660000,1.26901252,45.81991512
87085_1480_00024,rue Dalloz,24,,EW0507,1565503.80690000,5181441.12870000,1.26907520,45.81986389
87085_1487_00002,rue Danièle Delorme,2,,PP0161,1560185.09180000,5184355.54820000,1.19980022,45.84501989
87085_1487_00003,rue Danièle Delorme,3,,PP0170,1560166.20220000,5184335.84020000,1.19956283,45.84483877
87085_1487_00004,rue Danièle Delorme,4,,PP0162,1560164.18970000,5184345.36170000,1.19953415,45.84492401
87085_1487_00005,rue Danièle Delorme,5,,PP0175,1560148.07820000,5184334.38500001,1.19932997,45.84482199
87085_1487_00006,rue Danièle Delorme,6,,PP0139,1560146.33030000,5184343.50960000,1.19930482,45.84490371
87085_1487_00007,rue Danièle Delorme,7,,PP0137,1560126.38230000,5184334.12040000,1.19905080,45.84481520
87085_1487_00009,rue Danièle Delorme,9,,PP0136,1560108.39060000,5184332.53290000,1.19881969,45.84479726
87085_1487_00010,rue Danièle Delorme,10,,PP0111,1560084.56230000,5184332.47340000,1.19851301,45.84479187
87085_1487_00011,rue Danièle Delorme,11,,PP0135,1560098.12480000,5184297.58130000,1.19869773,45.84448076
87085_1487_00012,rue Danièle Delorme,12,,PP0112,1560083.96960000,5184312.79490000,1.19851111,45.84461473
87085_1487_00014,rue Danièle Delorme,14,,PP0113,1560088.59980000,5184295.86150000,1.19857563,45.84446335
87085_1487_00016,rue Danièle Delorme,16,,PP0114,1560093.91790000,5184279.03399999,1.19864900,45.84431300
87085_1527_00001,rue Daniel Gélin,1,,MM0001,1565528.32480000,5188885.82910000,1.26730666,45.88683814
87085_1527_00002,rue Daniel Gélin,2,,MM0041,1565519.65520000,5188865.32550000,1.26720074,45.88665200
87085_1527_00003,rue Daniel Gélin,3,,MM0002,1565572.43020000,5188912.25190000,1.26786739,45.88708446
87085_1527_00007,rue Daniel Gélin,7,,MM0003,1565621.83250000,5188967.96180000,1.26848815,45.88759526
87085_1527_00010,rue Daniel Gélin,10,,MM0039,1565618.58180000,5188946.58090000,1.26845226,45.88740229
87085_1527_00011,rue Daniel Gélin,11,,MM0009,1565677.85320000,5189042.73830000,1.26918883,45.88827887
87085_1527_00012,rue Daniel Gélin,12,,MM0087,1565680.06660000,5188972.49740000,1.26923701,45.88764745
87085_1527_00013,rue Daniel Gélin,13,,MM0075,1565692.43490000,5189066.77960000,1.26936994,45.88849799
87085_1527_00015,rue Daniel Gélin,15,,MM0075,1565707.79360000,5189092.63320000,1.26956054,45.88873356
87085_1527_00016,rue Daniel Gélin,16,,MM0085,1565663.86710000,5189005.58580000,1.26901907,45.88794193
87085_1527_00020,rue Daniel Gélin,20,,MM0082,1565700.67550000,5189061.71390000,1.26947750,45.88845403
87085_1527_00022,rue Daniel Gélin,22,,MM0082,1565714.45140000,5189084.09560000,1.26964869,45.88865806
87085_1527_00038,rue Daniel Gélin,38,,MS0148,1565751.62100000,5189388.02720000,1.27004245,45.89139935
87085_1527_00040,rue Daniel Gélin,40,,MS0042,1565744.61120000,5189436.25170000,1.26993865,45.89183179
87085_1485_00001,rue Daniel Lamazière,1,,DX0007,1564649.15650000,5182858.31910000,1.25768070,45.83244472
87085_1485_00003,rue Daniel Lamazière,3,,DX0007,1564636.50250000,5182853.51240000,1.25751921,45.83239899
87085_1485_00006,rue Daniel Lamazière,6,,DX0551,1564633.40680000,5182868.67130000,1.25828500,45.83227100
87085_1490_00001,rue Dante,1,,BR0544,1564390.45970000,5184713.62340000,1.25382815,45.84908328
87085_1490_00002,rue Dante,2,,BR0652,1564386.02440000,5184725.85330000,1.25376760,45.84919242
87085_1490_00002_bis,rue Dante,2,bis,BR0654,1564379.36020000,5184723.67310000,1.25368244,45.84917149
87085_1490_00003,rue Dante,3,,BR0543,1564380.80610000,5184710.56720000,1.25370475,45.84905388
87085_1490_00004,rue Dante,4,,BR0654,1564373.41390000,5184722.15490000,1.25360632,45.84915666
87085_1490_00004_b,rue Dante,4,b,BR0654,1564375.79520000,5184722.73700000,1.25363681,45.84916236
87085_1490_00005,rue Dante,5,,BR0542,1564371.15600000,5184708.02160000,1.25358125,45.84902908
87085_1490_00006,rue Dante,6,,BR0548,1564366.27960000,5184720.16720000,1.25351505,45.84913737
87085_1490_00007,rue Dante,7,,BR0541,1564361.68400000,5184705.41310000,1.25346006,45.84900374
87085_1490_00008,rue Dante,8,,BR0549,1564356.95280000,5184717.85190000,1.25339564,45.84911470
87085_1490_00010,rue Dante,10,,BR0550,1564350.90540000,5184715.91380000,1.25331835,45.84909608
87085_1490_00011,rue Dante,11,,BR0539,1564344.47080000,5184700.76280000,1.25323980,45.84895851
87085_1490_00012,rue Dante,12,,BR0551,1564340.35380000,5184713.12310000,1.25318331,45.84906889
87085_1490_00013,rue Dante,13,,BR0538,1564335.31790000,5184698.15400000,1.25312271,45.84893324
87085_1490_00014,rue Dante,14,,BR0552,1564331.84630000,5184710.91100000,1.25307442,45.84904731
87085_1490_00015,rue Dante,15,,BR0537,1564324.88620000,5184695.39750000,1.25298921,45.84890639
87085_1490_00016,rue Dante,16,,BR0553,1564320.11740000,5184707.79230000,1.25292433,45.84901694
87085_1490_00017,rue Dante,17,,BR0536,1564316.01140000,5184692.80420000,1.25287571,45.84888131
87085_1490_00018,rue Dante,18,,BR0554,1564304.58290000,5184703.41890000,1.25272560,45.84897454
87085_1490_00019,rue Dante,19,,BR0535,1564306.50690000,5184690.41590000,1.25275404,45.84885795
87085_1490_00020,rue Dante,20,,BR0555,1564288.74240000,5184698.97710000,1.25252295,45.84893145
87085_1490_00021,rue Dante,21,,BR0534,1564293.66650000,5184686.74780000,1.25258979,45.84882242
87085_1490_00022,rue Dante,22,,BR0556,1564272.52760000,5184694.34690000,1.25231553,45.84888660
87085_1490_00023,rue Dante,23,,BR0533,1564283.96350000,5184684.29630000,1.25246558,45.84879845
87085_1490_00024,rue Dante,24,,BR0557,1564264.94560000,5184692.30290000,1.25221851,45.84886672
87085_1490_00025,rue Dante,25,,BR0532,1564275.38180000,5184681.74480000,1.25235583,45.84877380
87085_1490_00026,rue Dante,26,,BR0558,1564256.22000000,5184690.30680000,1.25210676,45.84884704
87085_1490_00027,rue Dante,27,,BR0531,1564268.20010000,5184680.06760000,1.25226386,45.84875730
87085_1490_00029,rue Dante,29,,BR0530,1564258.77430000,5184677.34160000,1.25214330,45.84873091
87085_1500_00001,rue Darnet,1,,DL0030,1564544.62530000,5182601.87800000,1.25640779,45.83011730
87085_1500_00002,rue Darnet,2,,DX0220,1564536.86780000,5182617.79230000,1.25630348,45.83025894
87085_1500_00003,rue Darnet,3,,DL0029,1564534.13630000,5182606.97270000,1.25627138,45.83016107
87085_1500_00004,rue Darnet,4,,DX0221,1564520.99770000,5182625.82860000,1.25609700,45.83032810
87085_1500_00005,rue Darnet,5,,DL0028,1564525.99060000,5182611.11860000,1.25616539,45.83019676
87085_1500_00006,rue Darnet,6,,DX0222,1564506.87770000,5182632.54290000,1.25591341,45.83038572
87085_1500_00007,rue Darnet,7,,DL0027,1564518.69920000,5182614.56770000,1.25607060,45.83022635
87085_1500_00008,rue Darnet,8,,DX0223,1564496.16760000,5182637.89530000,1.25577409,45.83043176
87085_1500_00009,rue Darnet,9,,DL0026,1564509.56600000,5182619.01170000,1.25595182,45.83026453
87085_1500_00011,rue Darnet,11,,DL0025,1564501.21520000,5182623.10890000,1.25584321,45.83029974
87085_1500_00013,rue Darnet,13,,DL0024,1564494.11550000,5182626.65050000,1.25575085,45.83033020
87085_1500_00015,rue Darnet,15,,DL0023,1564482.06450000,5182632.02690000,1.25559426,45.83037619
87085_0335_00010,rue de Babylone,10,,None,1565347.05630000,5181463.94360000,1.26705212,45.82003846
87085_0335_00011,rue de Babylone,11,,EV0338,1565348.98340000,5181488.47080000,1.26707005,45.82025947
87085_0335_00013,rue de Babylone,13,,EV0340,1565361.30870000,5181495.97480000,1.26722652,45.82032939
87085_0335_00017,rue de Babylone,17,,EV0342,1565381.54140000,5181511.13930000,1.26748258,45.82046976
87085_0335_00030,rue de Babylone,30,,EW0063,1565437.25800000,5181544.69610000,1.26819003,45.82078253
87085_0335_00043,rue de Babylone,43,,EV0287,1565531.43310000,5181673.93870000,1.26936554,45.82196356
87085_0335_00048,rue de Babylone,48,,EW0461,1565523.83950000,5181648.52180000,1.26927495,45.82173344
87085_0335_00052,rue de Babylone,52,,EW0462,1565562.89670000,5181666.25040000,1.26977250,45.82190055
87085_0335_00054,rue de Babylone,54,,EW0066,1565577.39330000,5181668.42230000,1.26995841,45.82192292
87085_0335_00055,rue de Babylone,55,,EV0313,1565588.23000000,5181687.01310000,1.27009264,45.82209228
87085_0335_00057,rue de Babylone,57,,EV0281,1565604.26610000,5181689.13870000,1.27029837,45.82211453
87085_0335_00058,rue de Babylone,58,,EW0068,1565601.37030000,5181671.94400000,1.27026592,45.82195929
87085_0335_00059,rue de Babylone,59,,EV0252,1565619.31140000,5181691.15610000,1.27049138,45.82213562
87085_0335_00061,rue de Babylone,61,,EV0251,1565629.78690000,5181692.55480000,1.27062577,45.82215025
87085_0335_00063,rue de Babylone,63,,EV0250,1565640.56730000,5181693.99720000,1.27076407,45.82216533
87085_0335_00065,rue de Babylone,65,,EV0249,1565650.88210000,5181695.20600000,1.27089644,45.82217822
87085_0335_00067,rue de Babylone,67,,EV0248,1565661.16350000,5181696.69220000,1.27102831,45.82219359
87085_0335_00068,rue de Babylone,68,,EW0349,1565681.38310000,5181682.86440000,1.27129232,45.82207315
87085_0335_00069,rue de Babylone,69,,EV0247,1565670.75230000,5181697.86840000,1.27115135,45.82220605
87085_0335_00071,rue de Babylone,71,,EV0246,1565681.62180000,5181699.23250000,1.27129082,45.82222044
87085_0335_00073,rue de Babylone,73,,EV0245,1565691.64260000,5181700.73100000,1.27141933,45.82223588
87085_0335_00074,rue de Babylone,74,,EW0126,1565715.53090000,5181687.02960000,1.27173051,45.82211729
87085_0335_00075,rue de Babylone,75,,EV0244,1565701.50600000,5181701.76500000,1.27154595,45.82224711
87085_0335_00076,rue de Babylone,76,,EW0127,1565727.70200000,5181687.28050000,1.27188704,45.82212192
87085_0335_00077,rue de Babylone,77,,EV0243,1565711.86120000,5181702.49080000,1.27167898,45.82225566
87085_0335_00078,rue de Babylone,78,,EW0128,1565739.96410000,5181686.25470000,1.27204509,45.82211509
87085_0335_00079,rue de Babylone,79,,EV0222,1565727.68030000,5181702.86910000,1.27188240,45.82226215
87085_0335_00080,rue de Babylone,80,,EW0129,1565751.42110000,5181684.76950000,1.27219291,45.82210396
87085_0335_00081,rue de Babylone,81,,EV0221,1565745.27570000,5181701.95610000,1.27210905,45.82225737
87085_0335_00083,rue de Babylone,83,,EV0220,1565757.72200000,5181700.36490000,1.27226963,45.82224548
87085_0335_00085,rue de Babylone,85,,EV0219,1565767.28870000,5181698.81720000,1.27239315,45.82223343
87085_0335_00087,rue de Babylone,87,,EV0218,1565775.37910000,5181697.35580000,1.27249765,45.82222186
87085_0335_00089,rue de Babylone,89,,EV0269,1565784.19810000,5181696.08410000,1.27261147,45.82221214
87085_0335_00092,rue de Babylone,92,,EW0270,1565852.37950000,5181669.21570000,1.27349620,45.82198375
87085_0335_00093,rue de Babylone,93,,EV0215,1565799.11350000,5181693.89570000,1.27280398,45.82219537
87085_0335_00095,rue de Babylone,95,,EV0214,1565808.90940000,5181692.43900000,1.27293043,45.82218417
87085_0335_00099,rue de Babylone,99,,EV0213,1565834.76020000,5181688.71890000,1.27326406,45.82215575
87085_0335_00101,rue de Babylone,101,,EV0206,1565851.24570000,5181686.20000000,1.27347687,45.82213631
87085_0335_00103,rue de Babylone,103,,EV0454,1565865.86480000,5181683.74260000,1.27366565,45.82211705
87085_0335_00105,rue de Babylone,105,,EV0485,1565879.52810000,5181681.81150000,1.27384198,45.82210235
87085_0335_00107,rue de Babylone,107,,EV0176,1565905.58520000,5181677.65270000,1.27417840,45.82207002
87085_0335_00109,rue de Babylone,109,,EV0175,1565920.65080000,5181674.79030000,1.27437303,45.82204720
87085_0440_00002,rue de Beaugaillard,2,,CV0184,1565366.12860000,5184332.22770000,1.26649421,45.84584415
87085_0440_00006,rue de Beaugaillard,6,,CV0183,1565347.00830000,5184341.84970000,1.26624540,45.84592696
87085_0440_00008,rue de Beaugaillard,8,,CV0181,1565335.42660000,5184347.69360000,1.26609469,45.84597726
87085_0440_00010,rue de Beaugaillard,10,,CV0180,1565324.37650000,5184353.42720000,1.26595085,45.84602668
87085_0440_00016,rue de Beaugaillard,16,,CV0176,1565290.64670000,5184370.48180000,1.26551191,45.84617348
87085_0440_00019,rue de Beaugaillard,19,,CV0924,1565287.80310000,5184357.74500000,1.26547888,45.84605835
87085_0440_00022,rue de Beaugaillard,22,,CV0172,1565267.60580000,5184382.34990000,1.26521200,45.84627573
87085_0440_00024,rue de Beaugaillard,24,,CV0167,1565254.65560000,5184388.80620000,1.26504350,45.84633127
87085_0440_00029,rue de Beaugaillard,29,,CV0164,1565241.48640000,5184381.32640000,1.26487609,45.84626140
87085_0440_00032,rue de Beaugaillard,32,,BS0648,1565207.49140000,5184418.21230000,1.26442817,45.84658655
87085_0440_00035,rue de Beaugaillard,35,,CV0099,1565184.97630000,5184403.79680000,1.26414240,45.84645246
87085_0440_00036,rue de Beaugaillard,36,,BS0609,1565172.39140000,5184415.20800000,1.26397721,45.84655264
87085_0440_00037,rue de Beaugaillard,37,,CV0098,1565172.81510000,5184402.76760000,1.26398615,45.84644082
87085_0440_00038,rue de Beaugaillard,38,,BS0607,1565159.54340000,5184413.90370000,1.26381220,45.84653839
87085_0440_00039,rue de Beaugaillard,39,,CV0095,1565161.01240000,5184401.67720000,1.26383454,45.84642869
87085_0440_00041,rue de Beaugaillard,41,,CV0092,1565151.23130000,5184400.83740000,1.26370887,45.84641922
87085_0440_00042,rue de Beaugaillard,42,,BS0599,1565147.07830000,5184412.75860000,1.26365207,45.84652565
87085_0440_00043,rue de Beaugaillard,43,,CV0091,1565139.46070000,5184399.58950000,1.26355772,45.84640569
87085_0440_00046,rue de Beaugaillard,46,,BS0587,1565119.56680000,5184410.26310000,1.26329865,45.84649780
87085_0460_00002,rue de Beaupuy,2,,BN0069,1564144.21790000,5183578.94900000,1.25097923,45.83882763
87085_0460_00002_bis,rue de Beaupuy,2,bis,BE0256,1564131.44680000,5183796.58600000,1.25075334,45.84078288
87085_0460_00003,rue de Beaupuy,3,,BE0438,1564072.77580000,5183332.83720000,1.25012937,45.83659960
87085_0460_00004,rue de Beaupuy,4,,BE0253,1564125.56330000,5183797.87940000,1.25067725,45.84079335
87085_0460_00005,rue de Beaupuy,5,,BE0437,1564076.68620000,5183342.63530000,1.25017693,45.83668851
87085_0460_00006,rue de Beaupuy,6,,BE0252,1564118.52360000,5183799.63640000,1.25058615,45.84080776
87085_0460_00007,rue de Beaupuy,7,,BE0436,1564081.02610000,5183353.72340000,1.25022964,45.83678912
87085_0460_00007_bis,rue de Beaupuy,7,bis,BE0435,1564085.02070000,5183364.48450000,1.25027801,45.83688671
87085_0460_00008,rue de Beaupuy,8,,BE0251,1564111.19280000,5183801.39170000,1.25049131,45.84082211
87085_0460_00008_bis,rue de Beaupuy,8,bis,BE0556,1564099.57720000,5183803.94950000,1.25034108,45.84084282
87085_0460_00009,rue de Beaupuy,9,,BE0434,1564090.10400000,5183384.26570000,1.25033784,45.83706566
87085_0460_00010,rue de Beaupuy,10,,BE0460,1564092.98470000,5183805.96190000,1.25025567,45.84085962
87085_0460_00010_bis,rue de Beaupuy,10,bis,BE0460,1564086.23820000,5183807.99870000,1.25016826,45.84087661
87085_0460_00010_ter,rue de Beaupuy,10,ter,BE0460,1564077.10380000,5183810.31320000,1.25005004,45.84089562
87085_0460_00011,rue de Beaupuy,11,,BE0433,1564090.25250000,5183389.56790000,1.25033825,45.83711338
87085_0460_00012,rue de Beaupuy,12,,BE0245,1564063.50950000,5183816.05930000,1.24987345,45.84094462
87085_0460_00013,rue de Beaupuy,13,,BE0432,1564090.52460000,5183395.76310000,1.25034000,45.83716916
87085_0460_00014,rue de Beaupuy,14,,BE0244,1564055.43620000,5183822.57710000,1.24976770,45.84100166
87085_0460_00015,rue de Beaupuy,15,,BE0431,1564091.04680000,5183408.59590000,1.25034309,45.83728471
87085_0460_00016,rue de Beaupuy,16,,BE0243,1564047.93490000,5183831.22610000,1.24966871,45.84107798
87085_0460_00017_bis,rue de Beaupuy,17,bis,BE0417,1564093.87900000,5183447.96460000,1.25036841,45.83763941
87085_0460_00018,rue de Beaupuy,18,,BE0242,1564041.27700000,5183848.83150000,1.24957804,45.84123503
87085_0460_00019,rue de Beaupuy,19,,BE0416,1564096.97680000,5183459.53730000,1.25040500,45.83774412
87085_0460_00020,rue de Beaupuy,20,,BE0241,1564038.71320000,5183861.72530000,1.24954139,45.84135051
87085_0460_00021,rue de Beaupuy,21,,BE0415,1564099.54610000,5183468.55530000,1.25043552,45.83782575
87085_0460_00022,rue de Beaupuy,22,,BE0239,1564036.79400000,5183871.09160000,1.24951404,45.84143439
87085_0460_00023,rue de Beaupuy,23,,BE0414,1564102.49330000,5183479.94630000,1.25047023,45.83792880
87085_0460_00024,rue de Beaupuy,24,,BE0238,1564034.37320000,5183883.78560000,1.24947930,45.84154810
87085_0460_00025,rue de Beaupuy,25,,BE0475,1564104.76570000,5183487.94820000,1.25049721,45.83800124
87085_0460_00026,rue de Beaupuy,26,,BE0237,1564032.36950000,5183894.58760000,1.24945045,45.84164487
87085_0460_00027,rue de Beaupuy,27,,BE0412,1564107.23720000,5183496.90710000,1.25052649,45.83808231
87085_0460_00028,rue de Beaupuy,28,,BE0236,1564030.36840000,5183904.07320000,1.24942201,45.84172980
87085_0460_00029,rue de Beaupuy,29,,BE0411,1564109.42150000,5183504.80390000,1.25055237,45.83815378
87085_0460_00030,rue de Beaupuy,30,,BE0235,1564028.55790000,5183914.57940000,1.24939574,45.84182396
87085_0460_00031,rue de Beaupuy,31,,BE0410,1564111.67590000,5183514.16300000,1.25057873,45.83823842
87085_0460_00032,rue de Beaupuy,32,,BE0234,1564026.99030000,5183922.70110000,1.24937326,45.84189671
87085_0460_00033,rue de Beaupuy,33,,BE0573,1564113.87490000,5183521.57830000,1.25060494,45.83830556
87085_0460_00034,rue de Beaupuy,34,,BE0233,1564025.08320000,5183932.07770000,1.24934606,45.84198068
87085_0460_00034_a,rue de Beaupuy,34,a,BE0232,1564023.49570000,5183942.23770000,1.24932276,45.84207176
87085_0460_00034_bis,rue de Beaupuy,34,bis,BE0231,1564028.27960000,5183956.05370000,1.24938042,45.84219699
87085_0460_00035,rue de Beaupuy,35,,BE0408,1564116.28130000,5183530.60720000,1.25063336,45.83838725
87085_0460_00036,rue de Beaupuy,36,,BE0230,1564041.62880000,5183959.00830000,1.24955140,45.84222620
87085_0460_00037,rue de Beaupuy,37,,BE0407,1564118.54700000,5183538.98030000,1.25066015,45.83846302
87085_0460_00038,rue de Beaupuy,38,,BE0229,1564049.58860000,5183960.28340000,1.24965349,45.84223925
87085_0460_00039,rue de Beaupuy,39,,BE0405,1564123.87230000,5183558.73160000,1.25072310,45.83864175
87085_0460_00040,rue de Beaupuy,40,,BE0227,1564055.82570000,5183961.62170000,1.24973338,45.84225252
87085_0460_00041,rue de Beaupuy,41,,BE0403,1564133.69160000,5183595.19340000,1.25083917,45.83897168
87085_0460_00042,rue de Beaupuy,42,,BE0226,1564065.43180000,5183963.46980000,1.24985650,45.84227104
87085_0460_00043,rue de Beaupuy,43,,BE0402,1564136.39530000,5183604.65270000,1.25087129,45.83905731
87085_0460_00044,rue de Beaupuy,44,,BE0554,1564076.76400000,5183965.76080000,1.25000170,45.84229389
87085_0460_00045,rue de Beaupuy,45,,BE0401,1564140.32540000,5183619.48830000,1.25091768,45.83919154
87085_0460_00046,rue de Beaupuy,46,,BE0511,1564079.78730000,5183980.75420000,1.25003638,45.84242936
87085_0460_00047,rue de Beaupuy,47,,BE0400,1564142.53940000,5183627.93050000,1.25094378,45.83926792
87085_0460_00048,rue de Beaupuy,48,,BE0545,1564078.10120000,5183989.81730000,1.25001211,45.84251056
87085_0460_00049,rue de Beaupuy,49,,BE0399,1564145.78300000,5183639.77300000,1.25098218,45.83937509
87085_0460_00050,rue de Beaupuy,50,,BE0100,1564076.19370000,5184000.33070000,1.24998459,45.84260475
87085_0460_00051,rue de Beaupuy,51,,BE0398,1564148.15730000,5183649.81390000,1.25100990,45.83946588
87085_0460_00052,rue de Beaupuy,52,,BE0530,1564074.68500000,5184008.52370000,1.24996285,45.84267816
87085_0460_00053,rue de Beaupuy,53,,BE0266,1564148.52810000,5183682.65310000,1.25100539,45.83976136
87085_0460_00054,rue de Beaupuy,54,,BE0102,1564073.61480000,5184017.44880000,1.24994655,45.84275823
87085_0460_00055,rue de Beaupuy,55,,BE0265,1564151.78100000,5183702.07530000,1.25104177,45.83993672
87085_0460_00056,rue de Beaupuy,56,,BE0715,1564071.55670000,5184026.08790000,1.24991762,45.84283554
87085_0460_00057,rue de Beaupuy,57,,BE0264,1564153.59200000,5183714.92240000,1.25106144,45.84005264
87085_0460_00058,rue de Beaupuy,58,,BE0104,1564069.56800000,5184036.59340000,1.24988905,45.84292965
87085_0460_00059,rue de Beaupuy,59,,BE0712,1564156.75670000,5183731.69690000,1.25109743,45.84020416
87085_0460_00060,rue de Beaupuy,60,,BE0105,1564067.71460000,5184046.55070000,1.24986238,45.84301885
87085_0460_00061,rue de Beaupuy,61,,BE0690,1564158.76630000,5183751.52010000,1.25111769,45.84038288
87085_0460_00061_b,rue de Beaupuy,61,b,BE0689,1564130.18410000,5183746.29150000,1.25075131,45.84033020
87085_0460_00062,rue de Beaupuy,62,,BE0107,1564066.39340000,5184055.14070000,1.24984294,45.84309586
87085_0460_00063,rue de Beaupuy,63,,BE0261,1564155.59730000,5183761.09490000,1.25107420,45.84046839
87085_0460_00064,rue de Beaupuy,64,,BE0481,1564064.73950000,5184063.96070000,1.24981916,45.84317488
87085_0460_00065,rue de Beaupuy,65,,BE0260,1564148.68490000,5183770.41380000,1.25098260,45.84055085
87085_0460_00066,rue de Beaupuy,66,,BE0109,1564062.72450000,5184074.21640000,1.24979033,45.84326673
87085_0460_00067,rue de Beaupuy,67,,BE0259,1564139.96640000,5183777.86810000,1.25086828,45.84061618
87085_0460_00068,rue de Beaupuy,68,,BE0112,1564060.46200000,5184085.47400000,1.24975802,45.84336756
87085_0460_00069,rue de Beaupuy,69,,BE0258,1564132.53120000,5183780.05340000,1.25077197,45.84063437
87085_0460_00070,rue de Beaupuy,70,,BE0113,1564058.51230000,5184096.59210000,1.24972978,45.84346718
87085_0460_00071,rue de Beaupuy,71,,BE0540,1564121.82030000,5183782.74710000,1.25063336,45.84065649
87085_0460_00072,rue de Beaupuy,72,,BE0116,1564056.39180000,5184107.54560000,1.24969939,45.84356530
87085_0460_00073,rue de Beaupuy,73,,BE0276,1564108.72460000,5183785.56390000,1.25046401,45.84067924
87085_0460_00075,rue de Beaupuy,75,,BE0277,1564101.94780000,5183787.12890000,1.25037635,45.84069198
87085_0460_00075_bis,rue de Beaupuy,75,bis,BE0278,1564095.77120000,5183789.22040000,1.25029627,45.84070957
87085_0460_00076,rue de Beaupuy,76,,BE0120,1564053.31820000,5184127.63340000,1.24965415,45.84374539
87085_0460_00077,rue de Beaupuy,77,,BE0279,1564087.07940000,5183790.96630000,1.25018390,45.84072356
87085_0460_00077_bis,rue de Beaupuy,77,bis,BE0508,1564078.64960000,5183793.21200000,1.25007477,45.84074209
87085_0460_00078,rue de Beaupuy,78,,BE0121,1564051.06890000,5184136.64680000,1.24962265,45.84382603
87085_0460_00079,rue de Beaupuy,79,,BE0509,1564070.04800000,5183795.14350000,1.24996352,45.84075777
87085_0460_00080,rue de Beaupuy,80,,BE0525,1564048.27830000,5184153.20390000,1.24958204,45.84397441
87085_0460_00081,rue de Beaupuy,81,,BE0030,1564027.49220000,5183837.81850000,1.24940374,45.84113324
87085_0460_00081_bis,rue de Beaupuy,81,bis,BE0032,1564011.91800000,5183920.83580000,1.24917980,45.84187695
87085_0460_00081_ter,rue de Beaupuy,81,ter,BE0033,1564008.10050000,5183940.29890000,1.24912516,45.84205127
87085_0460_00082,rue de Beaupuy,82,,BE0124,1564036.55630000,5184165.27990000,1.24942775,45.84408073
87085_0460_00085,rue de Beaupuy,85,,BE0518,1564018.78710000,5184161.10090000,1.24920022,45.84403962
87085_0460_00085_a,rue de Beaupuy,85,a,BE0499,1563973.63450000,5183984.12530000,1.24866915,45.84243870
87085_0460_00085_b,rue de Beaupuy,85,b,BE0499,1563932.34560000,5183975.85440000,1.24814007,45.84235613
87085_0460_00085_c,rue de Beaupuy,85,c,BE0499,1563931.57420000,5183992.39450000,1.24812546,45.84250476
87085_0460_00085_d,rue de Beaupuy,85,d,BE0518,1563975.06180000,5184048.21070000,1.24866938,45.84301546
87085_0460_00085_e,rue de Beaupuy,85,e,BE0518,1563968.77400000,5184082.68850000,1.24857869,45.84332437
87085_0460_00085_f,rue de Beaupuy,85,f,BE0518,1563961.28550000,5184108.79600000,1.24847492,45.84355774
87085_0460_00086,rue de Beaupuy,86,,BE0127,1564025.24000000,5184175.47850000,1.24927921,45.84417023
87085_0460_00087,rue de Beaupuy,87,,BE0095,1564003.55300000,5184175.27220000,1.24900013,45.84416409
87085_0460_00088,rue de Beaupuy,88,,BE0126,1564018.66550000,5184182.00850000,1.24919274,45.84422767
87085_0460_00089,rue de Beaupuy,89,,BE0094,1563995.25070000,5184182.82350000,1.24889113,45.84423037
87085_0465_00001,rue de Beauséjour,1,,HY0109,1564264.93840000,5181399.91590000,1.25314806,45.81924981
87085_0465_00001_bis,rue de Beauséjour,1,bis,HY0110,1564269.66620000,5181405.84150000,1.25320722,45.81930405
87085_0465_00002,rue de Beauséjour,2,,HY0115,1564293.72190000,5181418.96090000,1.25351300,45.81942681
87085_0465_00002_bis,rue de Beauséjour,2,bis,HY0432,1564303.96450000,5181492.86950000,1.25362393,45.82009368
87085_0465_00002_qua,rue de Beauséjour,2,qua,HY0430,1564321.86690000,5181516.44170000,1.25384760,45.82030926
87085_0465_00002_ter,rue de Beauséjour,2,ter,HY0430,1564307.08050000,5181466.50500000,1.25367145,45.81985714
87085_0465_00003,rue de Beauséjour,3,,HY0111,1564276.37910000,5181414.30870000,1.25329119,45.81938154
87085_0465_00004,rue de Beauséjour,4,,HV0551,1564335.44920000,5181520.78310000,1.25402112,45.82035099
87085_0465_00005,rue de Beauséjour,5,,HY0112,1564283.33060000,5181423.16290000,1.25337813,45.81946256
87085_0465_00006,rue de Beauséjour,6,,HV0551,1564344.22220000,5181529.83110000,1.25413144,45.82043412
87085_0465_00007,rue de Beauséjour,7,,HY0113,1564292.17000000,5181434.38170000,1.25348869,45.81956523
87085_0465_00008,rue de Beauséjour,8,,HV0551,1564352.99510000,5181538.87900000,1.25424176,45.82051724
87085_0465_00009,rue de Beauséjour,9,,HY0095,1564298.81260000,5181446.79840000,1.25357064,45.81967823
87085_0465_00010_a,rue de Beauséjour,10,a,HV0780,1564414.61500000,5181542.06700000,1.25503365,45.82055806
87085_0465_00010_b,rue de Beauséjour,10,b,HV0780,1564366.49290000,5181553.66010000,1.25441125,45.82065286
87085_0465_00010_c,rue de Beauséjour,10,c,HV0780,1564379.23220000,5181563.05360000,1.25457250,45.82073988
87085_0465_00012,rue de Beauséjour,12,,HV0314,1564383.36820000,5181691.31220000,1.25458955,45.82189445
87085_0465_00013,rue de Beauséjour,13,,HY0094,1564296.42510000,5181461.87270000,1.25353567,45.81981336
87085_0465_00015,rue de Beauséjour,15,,HY0093,1564294.81520000,5181470.47110000,1.25351254,45.81989039
87085_0465_00017,rue de Beauséjour,17,,HY0092,1564294.04860000,5181479.24660000,1.25350020,45.81996918
87085_0465_00019,rue de Beauséjour,19,,HY0091,1564294.12870000,5181489.09520000,1.25349845,45.82005779
87085_0465_00021,rue de Beauséjour,21,,HY0060,1564349.78060000,5181554.33040000,1.25419605,45.82065560
87085_0465_00023,rue de Beauséjour,23,,HY0059,1564356.05250000,5181565.67760000,1.25427354,45.82075891
87085_0465_00025,rue de Beauséjour,25,,HY0058,1564361.31050000,5181584.75350000,1.25433581,45.82093155
87085_0465_00049,rue de Beauséjour,49,,HV0695,1564369.50610000,5181614.30130000,1.25443292,45.82119896
87085_0465_00051,rue de Beauséjour,51,,HV0319,1564374.02200000,5181630.94050000,1.25448633,45.82134953
87085_0465_00051_bis,rue de Beauséjour,51,bis,HV0319,1564376.96080000,5181641.12180000,1.25452126,45.82144170
87085_0465_00055,rue de Beauséjour,55,,HV0317,1564378.45850000,5181662.26490000,1.25453457,45.82163219
87085_0465_00057,rue de Beauséjour,57,,HV0316,1564377.08990000,5181671.20590000,1.25451444,45.82171235
87085_0470_00001,rue de Beausoleil,1,,BD0136,1563899.43530000,5183311.13340000,1.24790473,45.83637008
87085_0470_00002,rue de Beausoleil,2,,BD0246,1563899.63060000,5183326.06710000,1.24790301,45.83650445
87085_0470_00003,rue de Beausoleil,3,,BD0137,1563889.78510000,5183306.91080000,1.24778173,45.83633018
87085_0470_00005,rue de Beausoleil,5,,BD0140,1563881.98370000,5183302.98460000,1.24768244,45.83629332
87085_0470_00007,rue de Beausoleil,7,,BD0141,1563875.90110000,5183299.67020000,1.24760510,45.83626230
87085_0470_00009,rue de Beausoleil,9,,BD0142,1563867.68810000,5183295.54730000,1.24750057,45.83622359
87085_0470_00011,rue de Beausoleil,11,,BD0146,1563859.62490000,5183291.33060000,1.24739800,45.83618406
87085_0470_00012,rue de Beausoleil,12,,BD0166,1563862.02360000,5183306.77740000,1.24742449,45.83632349
87085_0470_00013,rue de Beausoleil,13,,BD0147,1563851.60880000,5183287.29140000,1.24729598,45.83614614
87085_0470_00014,rue de Beausoleil,14,,BD0165,1563849.62220000,5183300.27490000,1.24726674,45.83626254
87085_0470_00015,rue de Beausoleil,15,,BD0151,1563840.65530000,5183281.56480000,1.24715664,45.83609246
87085_0470_00016,rue de Beausoleil,16,,BD0164,1563840.68510000,5183295.70960000,1.24715302,45.83621970
87085_0470_00017,rue de Beausoleil,17,,BD0152,1563828.64540000,5183275.33290000,1.24700385,45.83603402
87085_0470_00018,rue de Beausoleil,18,,BD0163,1563826.93710000,5183288.46190000,1.24697814,45.83615178
87085_0470_00020,rue de Beausoleil,20,,BD0160,1563816.46400000,5183283.08650000,1.24684488,45.83610136
87085_0486_00003,rue de Beauvais,3,,RD0017,1560033.27870000,5185266.05100000,1.19758096,45.85317935
87085_0486_00005,rue de Beauvais,5,,RD0018,1560010.23580000,5185290.62880000,1.19727716,45.85339575
87085_0486_00006,rue de Beauvais,6,,RD0009,1560027.44630000,5185289.85800000,1.19749894,45.85339232
87085_0486_00016,rue de Beauvais,16,,RN0060,1559876.90280000,5185477.69980000,1.19550618,45.85505136
87085_0486_00018,rue de Beauvais,18,,RN0057,1559765.69540000,5185594.89360000,1.19404034,45.85608289
87085_0486_00024,rue de Beauvais,24,,RN0055,1559774.27250000,5185632.29100000,1.19413984,45.85642105
87085_0486_00026,rue de Beauvais,26,,RN0055,1559778.59490000,5185669.84570000,1.19418452,45.85675975
87085_0486_00027,rue de Beauvais,27,,RN0035,1559761.70800000,5185731.38960000,1.19394915,45.85730991
87085_0486_00028,rue de Beauvais,28,,RN0084,1559777.00460000,5185710.31810000,1.19415223,45.85712349
87085_0486_00031,rue de Beauvais,31,,RN0081,1559758.38570000,5185749.78110000,1.19390101,45.85747468
87085_0486_00032,rue de Beauvais,32,,RN0048,1559769.01590000,5185744.84500000,1.19403931,45.85743244
87085_0486_00033,rue de Beauvais,33,,RN0081,1559752.25020000,5185771.61050000,1.19381565,45.85766979
87085_0486_00035,rue de Beauvais,35,,RN0038,1559747.92230000,5185790.03870000,1.19375455,45.85783467
87085_0486_00037,rue de Beauvais,37,,RN0039,1559742.03900000,5185807.59010000,1.19367368,45.85799136
87085_0486_00042,rue de Beauvais,42,,RX0004,1559746.53840000,5185825.05730000,1.19372651,45.85814940
87085_0486_00043,rue de Beauvais,43,,RN0021,1559715.36440000,5185851.30600000,1.19331750,45.85837915
87085_0486_00044,rue de Beauvais,44,,RX0003,1559737.81390000,5185846.07540000,1.19360805,45.85833668
87085_0486_00045,rue de Beauvais,45,,RN0020,1559719.03110000,5185857.41890000,1.19336292,45.85843489
87085_0486_00046,rue de Beauvais,46,,RX0002,1559729.30320000,5185868.58310000,1.19349190,45.85853741
87085_0486_00053,rue de Beauvais,53,,RN0018,1559711.61450000,5185936.96340000,1.19324420,45.85914891
87085_0486_00056,rue de Beauvais,56,,RX0014,1559741.88830000,5185966.04260000,1.19362547,45.85941667
87085_0486_00058,rue de Beauvais,58,,RX0016,1559764.16980000,5185985.51900000,1.19390664,45.85959641
87085_0486_00061,rue de Beauvais,61,,RY0028,1559818.14960000,5186073.83190000,1.19457583,45.86040183
87085_0486_00062,rue de Beauvais,62,,RX0017,1559802.44250000,5186023.74390000,1.19438823,45.85994807
87085_0486_00064,rue de Beauvais,64,,RX0038,1559811.03830000,5186036.15790000,1.19449527,45.86006149
87085_0486_00066,rue de Beauvais,66,,RX0058,1559826.51050000,5186065.15550000,1.19465905,45.86008503
87085_0486_00068,rue de Beauvais,68,,RX0061,1559842.84490000,5186091.96870000,1.19488849,45.86057001
87085_0486_00071,rue de Beauvais,71,,RY0025,1560014.01140000,5186231.78230000,1.19705147,45.86186257
87085_0486_00073,rue de Beauvais,73,,RY0023,1560040.48400000,5186269.15710000,1.19738141,45.86220417
87085_0486_00078,rue de Beauvais,78,,RX0053,1560044.08620000,5186246.83450000,1.19743429,45.86200410
87085_0486_00079,rue de Beauvais,79,,RY0045,1560057.67170000,5186354.01960000,1.19757797,45.86297104
87085_0486_00080,rue de Beauvais,80,,RX0052,1560052.62790000,5186273.93650000,1.19753637,45.86224963
87085_0486_00081,rue de Beauvais,81,,RY0045,1560069.16090000,5186386.85920000,1.19771633,45.86326878
87085_0486_00081_b,rue de Beauvais,81,b,RY0052,1560073.65880000,5186395.98730000,1.19777159,45.86335181
87085_0486_00083,rue de Beauvais,83,,RY0053,1560080.81790000,5186416.93030001,1.19785766,45.86354166
87085_0486_00084,rue de Beauvais,84,,RX0023,1560080.06580000,5186383.90110000,1.19785760,45.86324439
87085_0486_00085,rue de Beauvais,85,,RY0051,1560064.25160000,5186470.92130000,1.19762863,45.86402395
87085_0486_00090,rue de Beauvais,90,,RX0049,1560105.64540000,5186493.29280000,1.19815508,45.86423362
87085_0505_00003,rue de Belfort,3,,DR0057,1565056.37140000,5183836.81960000,1.26264624,45.84132694
87085_0505_00004,rue de Belfort,4,,DR0054,1565042.48610000,5183844.83660000,1.26246528,45.84139633
87085_0505_00005,rue de Belfort,5,,DR0058,1565048.00070000,5183833.62540000,1.26253941,45.84129656
87085_0505_00006,rue de Belfort,6,,DR0044,1565022.78870000,5183836.71490000,1.26221404,45.84131941
87085_0505_00007,rue de Belfort,7,,DR0059,1565040.10430000,5183830.30980000,1.26243871,45.84126519
87085_0505_00009,rue de Belfort,9,,DR0060,1565034.43250000,5183827.90510000,1.26236638,45.84124244
87085_0505_00010,rue de Belfort,10,,DR0014,1564994.00830000,5183824.74440000,1.26184699,45.84120607
87085_0505_00011,rue de Belfort,11,,DR0061,1565026.94680000,5183824.88760000,1.26227088,45.84121383
87085_0505_00012,rue de Belfort,12,,DR0015,1564985.68000000,5183821.44570000,1.26174072,45.84117477
87085_0505_00013,rue de Belfort,13,,DR0062,1565016.56100000,5183820.38480000,1.26213848,45.84117129
87085_0505_00014,rue de Belfort,14,,DR0115,1564973.86960000,5183816.44600000,1.26159012,45.84112747
87085_0505_00015,rue de Belfort,15,,DR0063,1565008.27470000,5183817.08240000,1.26203276,45.84113995
87085_0505_00016,rue de Belfort,16,,DR0115,1564959.46020000,5183810.48140000,1.26140634,45.84107099
87085_0505_00019,rue de Belfort,19,,DR0109,1564976.22770000,5183803.55820000,1.26162409,45.84101200
87085_0505_00021,rue de Belfort,21,,DR0108,1564967.44920000,5183799.97990000,1.26151212,45.84097809
87085_0505_00022,rue de Belfort,22,,DR0018,1564943.07000000,5183803.45110000,1.26119737,45.84100453
87085_0505_00023,rue de Belfort,23,,DR0037,1564958.59450000,5183796.33060000,1.26139918,45.84094352
87085_0505_00024,rue de Belfort,24,,DR0019,1564933.65930000,5183799.60790000,1.26107733,45.84096811
87085_0505_00025,rue de Belfort,25,,DR0036,1564948.76290000,5183792.35770000,1.26127376,45.84090585
87085_0505_00026,rue de Belfort,26,,DR0112,1564924.85560000,5183795.90720000,1.26096506,45.84093309
87085_0505_00026_bis,rue de Belfort,26,bis,DR0113,1564917.24170000,5183792.56730000,1.26086800,45.84090155
87085_0505_00028,rue de Belfort,28,,DR0026,1564908.79300000,5183789.37140000,1.26076016,45.84087114
87085_0505_00029,rue de Belfort,29,,DR0031,1564931.21600000,5183784.95150000,1.26105000,45.84083578
87085_0505_00030,rue de Belfort,30,,DR0111,1564897.72650000,5183784.72740000,1.26061904,45.84082719
87085_0505_00031,rue de Belfort,31,,DR0030,1564911.23210000,5183776.69480000,1.26079512,45.84075758
87085_0505_00034,rue de Belfort,34,,DR0027,1564879.49340000,5183777.21910000,1.26038648,45.84075606
87085_0505_00035,rue de Belfort,35,,DR0028,1564894.46680000,5183769.76250000,1.26058129,45.84069193
87085_0505_00037,rue de Belfort,37,,CW0075,1564834.52610000,5183744.70100000,1.25981688,45.84045471
87085_0505_00038,rue de Belfort,38,,CW0076,1564857.28850000,5183767.84230000,1.26010333,45.84066735
87085_0505_00039,rue de Belfort,39,,CW0072,1564826.12890000,5183741.28950000,1.25970976,45.84042237
87085_0505_00041,rue de Belfort,41,,CW0071,1564820.44750000,5183738.78740000,1.25963734,45.84039874
87085_0505_00043,rue de Belfort,43,,CW0070,1564814.04330000,5183736.23660000,1.25955564,45.84037454
87085_0505_00045,rue de Belfort,45,,CW0069,1564805.35720000,5183732.62860000,1.25944486,45.84034037
87085_0505_00046,rue de Belfort,46,,CW0168,1564798.81290000,5183743.72830000,1.25935751,45.84043894
87085_0505_00047,rue de Belfort,47,,CW0067,1564788.98370000,5183725.99400000,1.25923599,45.84027747
87085_0505_00048,rue de Belfort,48,,CW0167,1564790.85560000,5183740.17360000,1.25925610,45.84040539
87085_0505_00052,rue de Belfort,52,,CW0134,1564759.87270000,5183727.29680000,1.25886096,45.84028347
87085_0505_00053,rue de Belfort,53,,CW0157,1564756.81590000,5183712.42470000,1.25882580,45.84014908
87085_0505_00054,rue de Belfort,54,,CW0135,1564748.16480000,5183722.53190000,1.25871161,45.84023830
87085_0505_00055,rue de Belfort,55,,CW0129,1564749.20270000,5183708.99480000,1.25872878,45.84011673
87085_0505_00056,rue de Belfort,56,,CW0007,1564736.51640000,5183717.52800000,1.25856310,45.84019100
87085_0505_00058,rue de Belfort,58,,CW0007,1564732.19380000,5183715.94330000,1.25850792,45.84017589
87085_0515_00001,rue de Bellac,1,,BM0038,1563734.51400000,5184262.20730000,1.24551263,45.84489285
87085_0515_00002,rue de Bellac,2,,BO0117,1563751.29970000,5184256.74220000,1.24573024,45.84484701
87085_0515_00003,rue de Bellac,3,,BM0031,1563735.28460000,5184306.51050000,1.24550999,45.84529153
87085_0515_00004,rue de Bellac,4,,BO0442,1563751.17720000,5184264.86260000,1.24572636,45.84492004
87085_0515_00005,rue de Bellac,5,,BM0030,1563734.81060000,5184313.82380000,1.24550181,45.84535723
87085_0515_00006,rue de Bellac,6,,BO0115,1563751.25250000,5184274.12140000,1.24572470,45.84500334
87085_0515_00007,rue de Bellac,7,,BM0029,1563735.02400000,5184326.32120000,1.24550101,45.84546969
87085_0515_00008,rue de Bellac,8,,BO0114,1563751.26340000,5184285.09050000,1.24572173,45.84510201
87085_0515_00009,rue de Bellac,9,,BM0028,1563734.99560000,5184336.57070000,1.24549774,45.84556188
87085_0515_00010,rue de Bellac,10,,BO0113,1563751.29080000,5184292.28610000,1.24572004,45.84516675
87085_0515_00011,rue de Bellac,11,,BM0026,1563734.93070000,5184342.87320000,1.24549512,45.84561856
87085_0515_00012,rue de Bellac,12,,BO0112,1563751.67950000,5184298.77120000,1.24572321,45.84522516
87085_0515_00013,rue de Bellac,13,,BM0025,1563734.84420000,5184350.80590000,1.24549176,45.84568991
87085_0515_00014,rue de Bellac,14,,BO0537,1563751.48490000,5184311.94220000,1.24571697,45.84534360
87085_0515_00015,rue de Bellac,15,,BM0024,1563735.02850000,5184359.73380000,1.24549160,45.84577025
87085_0515_00016,rue de Bellac,16,,BO0110,1563751.68790000,5184323.16940000,1.24571640,45.84544464
87085_0515_00017,rue de Bellac,17,,BM0176,1563734.80010000,5184370.98480000,1.24548547,45.84587142
87085_0515_00018,rue de Bellac,18,,BO0109,1563751.65910000,5184333.35890000,1.24571314,45.84553629
87085_0515_00021,rue de Bellac,21,,BM0181,1563735.22560000,5184399.60940000,1.24548283,45.84612900
87085_0515_00022,rue de Bellac,22,,BO0105,1563752.27010000,5184357.46990000,1.24571417,45.84575331
87085_0515_00023,rue de Bellac,23,,BM0217,1563735.21850000,5184408.91500000,1.24548010,45.84621270
87085_0515_00024,rue de Bellac,24,,BO0522,1563752.36190000,5184368.76010000,1.24571215,45.84585489
87085_0515_00025,rue de Bellac,25,,BM0216,1563735.32400000,5184421.88560000,1.24547778,45.84632940
87085_0515_00026,rue de Bellac,26,,BO0540,1563752.33220000,5184378.83780000,1.24570891,45.84594553
87085_0515_00027,rue de Bellac,27,,BM0016,1563735.52560000,5184427.59740000,1.24547875,45.84638082
87085_0515_00028,rue de Bellac,28,,BO0102,1563752.35870000,5184399.47520000,1.24570340,45.84613118
87085_0515_00029,rue de Bellac,29,,BM0015,1563735.39330000,5184438.78770000,1.24547387,45.84648146
87085_0515_00030,rue de Bellac,30,,BO0101,1563752.40910000,5184406.43830000,1.24570207,45.84619383
87085_0515_00031,rue de Bellac,31,,BM0012,1563735.48230000,5184444.90410000,1.24547329,45.84653650
87085_0515_00033,rue de Bellac,33,,BM0011,1563735.38800000,5184451.88680000,1.24547009,45.84659929
87085_0515_00034,rue de Bellac,34,,BO0100,1563752.54710000,5184416.44190000,1.24570101,45.84628385
87085_0515_00035,rue de Bellac,35,,BM0010,1563735.02320000,5184461.96810000,1.24546254,45.84668991
87085_0515_00038,rue de Bellac,38,,BO0100,1563752.43660000,5184424.67380000,1.24569725,45.84635787
87085_0515_00039,rue de Bellac,39,,BM0099,1563735.51690000,5184477.35820000,1.24546453,45.84682845
87085_0515_00041,rue de Bellac,41,,BM0099,1563735.68560000,5184501.64690000,1.24545981,45.84704697
87085_0515_00041_b,rue de Bellac,41,b,BM0125,1563735.57980000,5184507.46769999,1.24545680,45.84709930
87085_0515_00042,rue de Bellac,42,,BO0099,1563752.63040000,5184434.75850000,1.24569689,45.84644863
87085_0515_00043,rue de Bellac,43,,BM0126,1563735.69140000,5184517.87670000,1.24545528,45.84719297
87085_0515_00044,rue de Bellac,44,,BO0098,1563752.64680000,5184451.32030000,1.24569240,45.84659762
87085_0515_00045,rue de Bellac,45,,BM0127,1563734.53120000,5184536.57390000,1.24543505,45.84736093
87085_0515_00046,rue de Bellac,46,,BO0819,1563752.61650000,5184461.32980000,1.24568917,45.84668765
87085_0515_00047,rue de Bellac,47,,BM0124,1563732.89330000,5184549.11640000,1.24541041,45.84747343
87085_0515_00048,rue de Bellac,48,,BO0822,1563752.72120000,5184473.38990000,1.24568710,45.84679616
87085_0515_00049,rue de Bellac,49,,BM0123,1563731.06650000,5184564.83840000,1.24538243,45.84761450
87085_0515_00050,rue de Bellac,50,,BO0822,1563752.95020000,5184487.90650000,1.24568593,45.84692679
87085_0515_00051,rue de Bellac,51,,BM0004,1563728.71790000,5184582.91630000,1.24534707,45.84777665
87085_0515_00052,rue de Bellac,52,,BO0822,1563752.76800000,5184492.88630000,1.24568218,45.84697155
87085_0515_00054,rue de Bellac,54,,BO0824,1563752.81070000,5184498.93570000,1.24568101,45.84702597
87085_0515_00056,rue de Bellac,56,,BO0513,1563752.83590000,5184505.09670000,1.24567959,45.84708140
87085_0515_00056_bis,rue de Bellac,56,bis,BO0509,1563773.70690000,5184508.44390000,1.24594729,45.84711565
87085_0515_00056_ter,rue de Bellac,56,ter,BO0084,1563772.63550000,5184513.39290000,1.24593209,45.84715995
87085_0515_00060,rue de Bellac,60,,BO0082,1563751.90200000,5184518.25460000,1.24566384,45.84719958
87085_0515_00064,rue de Bellac,64,,BO0422,1563750.11060000,5184550.33880000,1.24563168,45.84748784
87085_0515_00065,rue de Bellac,65,,OE0042,1563709.94250000,5184692.55459999,1.24507430,45.84875918
87085_0515_00066,rue de Bellac,66,,BO0459,1563748.64020000,5184560.54000000,1.24560986,45.84757931
87085_0515_00067,rue de Bellac,67,,OE0018,1563710.13500000,5184717.86470000,1.24506960,45.84898690
87085_0515_00068,rue de Bellac,68,,BO0437,1563747.41940000,5184569.85280000,1.24559150,45.84766284
87085_0515_00070,rue de Bellac,70,,BO0006,1563745.90110000,5184580.56000000,1.24556892,45.84775886
87085_0515_00071,rue de Bellac,71,,OE0017,1563708.08560000,5184732.61980000,1.24503903,45.84911922
87085_0515_00072,rue de Bellac,72,,BO0005,1563744.69230000,5184588.22370000,1.24555119,45.84782756
87085_0515_00073,rue de Bellac,73,,OE0048,1563707.07970000,5184738.92600000,1.24502429,45.84917575
87085_0515_00074,rue de Bellac,74,,BO0005,1563744.00110000,5184593.80070000,1.24554071,45.84787759
87085_0515_00075,rue de Bellac,75,,OE0015,1563705.90440000,5184749.65620000,1.24500612,45.84927204
87085_0515_00076,rue de Bellac,76,,BO0004,1563743.42090000,5184599.70980000,1.24553157,45.84793063
87085_0515_00077,rue de Bellac,77,,OE0014,1563703.94990000,5184763.73450000,1.24497697,45.84939830
87085_0515_00079,rue de Bellac,79,,OE0013,1563701.70160000,5184778.73600000,1.24494377,45.84953280
87085_0515_00080,rue de Bellac,80,,BP0615,1563728.08390000,5184707.24460000,1.24530365,45.84889492
87085_0515_00082,rue de Bellac,82,,BP0175,1563726.58220000,5184719.75590000,1.24528077,45.84900717
87085_0515_00084,rue de Bellac,84,,BP0174,1563724.76880000,5184732.20980000,1.24525390,45.84911884
87085_0515_00085,rue de Bellac,85,,OD0151,1563695.03090000,5184826.20030000,1.24484444,45.84995844
87085_0515_00086,rue de Bellac,86,,BP0552,1563723.26460000,5184743.16960000,1.24523143,45.84921713
87085_0515_00087,rue de Bellac,87,,OD0150,1563693.71100000,5184836.85720000,1.24482442,45.85005405
87085_0515_00088,rue de Bellac,88,,BP0172,1563721.88010000,5184753.87840000,1.24521057,45.84931319
87085_0515_00089,rue de Bellac,89,,OD0149,1563692.36390000,5184845.41430000,1.24480465,45.85013075
87085_0515_00090,rue de Bellac,90,,BP0171,1563720.63980000,5184762.79780000,1.24519207,45.84939318
87085_0515_00091,rue de Bellac,91,,OD0148,1563690.85420000,5184856.67760000,1.24478202,45.85023177
87085_0515_00092,rue de Bellac,92,,BP0170,1563719.33150000,5184770.82450000,1.24517295,45.84946513
87085_0515_00093,rue de Bellac,93,,OD0147,1563689.29500000,5184869.02750000,1.24475845,45.85034256
87085_0515_00094,rue de Bellac,94,,BP0169,1563718.47910000,5184780.35080000,1.24515928,45.84955065
87085_0515_00095,rue de Bellac,95,,OD0146,1563687.49680000,5184882.84390000,1.24473138,45.85046649
87085_0515_00096,rue de Bellac,96,,BP0168,1563716.67790000,5184790.29160000,1.24513327,45.84963972
87085_0515_00098,rue de Bellac,98,,BP0167,1563715.61000000,5184799.50970000,1.24511691,45.84972243
87085_0515_00099,rue de Bellac,99,,OD0123,1563680.32160000,5184933.13690000,1.24462475,45.85091748
87085_0515_00100,rue de Bellac,100,,BP0166,1563713.78830000,5184815.15350000,1.24508902,45.84986279
87085_0515_00103,rue de Bellac,103,,OD0121,1563677.71700000,5184952.55480000,1.24458571,45.85109164
87085_0515_00104,rue de Bellac,104,,BP0548,1563707.49520000,5184860.53080000,1.24499514,45.85026973
87085_0515_00105,rue de Bellac,105,,OD0120,1563676.21360000,5184963.19110000,1.24456334,45.85118702
87085_0515_00107,rue de Bellac,107,,OD0119,1563673.63670000,5184983.80890000,1.24452432,45.85137197
87085_0515_00110,rue de Bellac,110,,BP0563,1563698.24380000,5184923.39920000,1.24485822,45.85083344
87085_0515_00111,rue de Bellac,111,,OD0118,1563670.88580000,5185003.15230000,1.24448341,45.85154543
87085_0515_00113,rue de Bellac,113,,OD0117,1563669.87370000,5185010.53600000,1.24446829,45.85161165
87085_0515_00115,rue de Bellac,115,,OD0116,1563668.45050000,5185020.56090000,1.24444713,45.85170155
87085_0515_00115_bis,rue de Bellac,115,bis,OD0115,1563667.30910000,5185030.43760000,1.24442963,45.85179017
87085_0515_00116,rue de Bellac,116,,BP0159,1563692.17510000,5184968.99680000,1.24476716,45.85124241
87085_0515_00117,rue de Bellac,117,,OD0115,1563666.26560000,5185036.70690000,1.24441442,45.85184636
87085_0515_00118,rue de Bellac,118,,BP0158,1563691.14020000,5184977.79290000,1.24475134,45.85132133
87085_0515_00119,rue de Bellac,119,,OD0114,1563664.26260000,5185051.69000000,1.24438438,45.85198074
87085_0515_00120,rue de Bellac,120,,BP0157,1563689.42560000,5184987.74570000,1.24472645,45.85141052
87085_0515_00122,rue de Bellac,122,,BP0625,1563687.42890000,5185003.49210000,1.24469628,45.85155177
87085_0515_00124,rue de Bellac,124,,BP0155,1563685.65470000,5185016.05400000,1.24466987,45.85166442
87085_0515_00129,rue de Bellac,129,,OD0083,1563653.69450000,5185126.57690000,1.24422708,45.85265229
87085_0515_00133,rue de Bellac,133,,OD0074,1563650.30340000,5185146.65210000,1.24417773,45.85283221
87085_0515_00134,rue de Bellac,134,,BP0145,1563673.02760000,5185108.06510000,1.24448121,45.85248960
87085_0515_00135,rue de Bellac,135,,OD0049,1563648.29220000,5185160.74070000,1.24414784,45.85295854
87085_0515_00136,rue de Bellac,136,,BP0144,1563670.90230000,5185121.56150000,1.24445002,45.85261059
87085_0515_00138,rue de Bellac,138,,BP0142,1563668.32740000,5185140.17120000,1.24441160,45.85277748
87085_0515_00139,rue de Bellac,139,,OD0295,1563644.31400000,5185184.07840000,1.24409001,45.85316769
87085_0515_00140,rue de Bellac,140,,BP0619,1563666.96630000,5185151.65140000,1.24439082,45.85288048
87085_0515_00141,rue de Bellac,141,,OD0294,1563644.39450000,5185205.47740000,1.24408497,45.85336020
87085_0515_00144,rue de Bellac,144,,BP0535,1563661.79950000,5185191.04510000,1.24431312,45.85323383
87085_0515_00145,rue de Bellac,145,,OD0051,1563653.70100000,5185241.45890000,1.24419456,45.85368572
87085_0515_00146,rue de Bellac,146,,BP0023,1563661.90990000,5185208.71300000,1.24430953,45.85339278
87085_0515_00148,rue de Bellac,148,,BP0022,1563664.66190000,5185223.19600000,1.24434085,45.85352361
87085_0515_00149,rue de Bellac,149,,OD0055,1563669.09480000,5185267.08160000,1.24438546,45.85391926
87085_0515_00152,rue de Bellac,152,,BP0021,1563676.94580000,5185248.34570000,1.24449184,45.85375228
87085_0515_00154,rue de Bellac,154,,BP0020,1563686.57260000,5185260.73460000,1.24461226,45.85386563
87085_0515_00155,rue de Bellac,155,,OD0249,1563702.01190000,5185292.62200000,1.24480197,45.85415554
87085_0515_00158,rue de Bellac,158,,BP0018,1563706.22450000,5185276.34050000,1.24486082,45.85400991
87085_0515_00160,rue de Bellac,160,,BP0017,1563715.11190000,5185281.01480000,1.24497390,45.85405372
87085_0515_00161,rue de Bellac,161,,OD0057,1563727.20630000,5185302.90580000,1.24512339,45.85425304
87085_0515_00163,rue de Bellac,163,,OD0058,1563739.56750000,5185305.74620000,1.24528172,45.85428104
87085_0515_00164,rue de Bellac,164,,BP0015,1563735.30460000,5185288.06300000,1.24523185,45.85412113
87085_0515_00165,rue de Bellac,165,,OD0292,1563757.56200000,5185309.63500000,1.24551227,45.85431959
87085_0515_00166,rue de Bellac,166,,BP0014,1563744.06200000,5185289.84480000,1.24534409,45.85413889
87085_0515_00168,rue de Bellac,168,,BP0013,1563757.11420000,5185292.45190000,1.24551137,45.85416493
87085_0515_00169,rue de Bellac,169,,OD0280,1563792.44670000,5185315.10610000,1.24595980,45.85437572
87085_0515_00170,rue de Bellac,170,,BP0494,1563770.12470000,5185294.33500000,1.24567833,45.85418445
87085_0515_00170_bis,rue de Bellac,170,bis,BP0495,1563778.59470000,5185295.63340000,1.24578700,45.85419781
87085_0515_00171,rue de Bellac,171,,OD0282,1563804.25700000,5185317.22480000,1.24611124,45.85439712
87085_0515_00172,rue de Bellac,172,,BP0427,1563788.82490000,5185297.24540000,1.24591824,45.85421433
87085_0515_00174,rue de Bellac,174,,BP0429,1563804.92650000,5185299.82120000,1.24612480,45.85424070
87085_0515_00175,rue de Bellac,175,,OD0067,1563827.96860000,5185320.22190000,1.24641565,45.85442877
87085_0515_00177,rue de Bellac,177,,OD0068,1563851.46740000,5185325.04580000,1.24671679,45.85447682
87085_0515_00178,rue de Bellac,178,,BP0009,1563831.60480000,5185304.40180000,1.24646694,45.85428718
87085_0515_00179,rue de Bellac,179,,OD0069,1563864.95060000,5185329.41120000,1.24688913,45.85451876
87085_0515_00180,rue de Bellac,180,,BP0008,1563843.88650000,5185306.59260000,1.24662443,45.85430933
87085_0515_00181,rue de Bellac,181,,OD0070,1563877.48640000,5185333.25960000,1.24704942,45.85455586
87085_0515_00182,rue de Bellac,182,,BP0007,1563855.42400000,5185309.15510000,1.24677223,45.85433466
87085_0515_00183,rue de Bellac,183,,OD0071,1563893.90430000,5185339.77090000,1.24725893,45.85461769
87085_0515_00184,rue de Bellac,184,,BP0006,1563865.88800000,5185312.18810000,1.24690608,45.85436402
87085_0515_00186,rue de Bellac,186,,BP0005,1563875.95670000,5185315.63980000,1.24703472,45.85439706
87085_0515_00187,rue de Bellac,187,,OD0072,1563912.09430000,5185348.83280000,1.24749054,45.85470280
87085_0515_00188,rue de Bellac,188,,BP0004,1563896.73800000,5185323.08010000,1.24730014,45.85446810
87085_0515_00190,rue de Bellac,190,,BP0003,1563909.61010000,5185328.83440000,1.24746422,45.85452242
87085_0515_00192,rue de Bellac,192,,BP0002,1563918.81720000,5185333.90520000,1.24758131,45.85456985
87085_0515_00194,rue de Bellac,194,,BP0001,1563930.02710000,5185340.92670000,1.24772364,45.85463523
87085_0515_00196,rue de Bellac,196,,BV0512,1563947.17880000,5185353.80100000,1.24794079,45.85475444
87085_0515_00198,rue de Bellac,198,,BV0681,1563960.62510000,5185367.78070000,1.24810994,45.85488286
87085_0515_00200,rue de Bellac,200,,BV0680,1563971.42170000,5185380.54520000,1.24824532,45.85499982
87085_0515_00202,rue de Bellac,202,,BV0516,1563979.48290000,5185390.17670000,1.24834637,45.85508805
87085_0515_00212,rue de Bellac,212,,BV0628,1563984.64540000,5185450.68640000,1.24839569,45.85563339
87085_0515_00218,rue de Bellac,218,,BV0636,1563968.08440000,5185484.16310000,1.24817301,45.85593125
87085_0585_00002,rue de Bessines,2,,CV1186,1565339.44970000,5183990.66909999,1.26624652,45.84276640
87085_0585_00004,rue de Bessines,4,,CV1182,1565331.57310000,5184001.13460000,1.26614221,45.84285900
87085_0585_00006,rue de Bessines,6,,CV1180,1565328.14360000,5184005.58620000,1.26609682,45.84289838
87085_0585_00008,rue de Bessines,8,,CV1178,1565321.77120000,5184014.09800000,1.26601242,45.84297370
87085_0585_00009,rue de Bessines,9,,CV1193,1565309.13140000,5184014.06460000,1.26584974,45.84297092
87085_0585_00010,rue de Bessines,10,,CV1771,1565315.69470000,5184022.00240000,1.26593199,45.84304361
87085_0585_00011,rue de Bessines,11,,CV1047,1565303.16110000,5184021.59990000,1.26577078,45.84303754
87085_0585_00012,rue de Bessines,12,,CV1172,1565310.95630000,5184028.39640000,1.26586921,45.84310020
87085_0585_00013,rue de Bessines,13,,CV1095,1565299.89950000,5184025.82950000,1.26572762,45.84307495
87085_0585_00014,rue de Bessines,14,,CV1170,1565304.19810000,5184037.48140000,1.26577968,45.84318060
87085_0585_00015,rue de Bessines,15,,CV1195,1565295.97360000,5184031.03640000,1.26567563,45.84312102
87085_0585_00016,rue de Bessines,16,,CV0361,1565312.68960000,5184045.86410000,1.26588662,45.84325767
87085_0585_00016_bis,rue de Bessines,16,bis,CV0366,1565318.37700000,5184038.30930000,1.26596194,45.84319083
87085_0585_00017,rue de Bessines,17,,CV1197,1565290.01420000,5184038.68880000,1.26559678,45.84318869
87085_0585_00018,rue de Bessines,18,,CV1168,1565297.85650000,5184045.74230000,1.26569574,45.84325367
87085_0585_00019_bis,rue de Bessines,19,bis,CV1201,1565279.76310000,5184061.32000000,1.26545849,45.84339026
87085_0585_00020,rue de Bessines,20,,CV1113,1565289.37620000,5184063.07480000,1.26558173,45.84340793
87085_0585_00021,rue de Bessines,21,,CV1203,1565277.49820000,5184068.53590000,1.26542732,45.84345473
87085_0585_00023,rue de Bessines,23,,CV1205,1565274.45160000,5184079.12730000,1.26538513,45.84354941
87085_0585_00024,rue de Bessines,24,,CV1111,1565282.54410000,5184086.12470000,1.26548733,45.84361394
87085_0585_00025,rue de Bessines,25,,CV1207,1565271.99140000,5184087.20620000,1.26535120,45.84362160
87085_0585_00026,rue de Bessines,26,,CV1164,1565279.80310000,5184095.58070000,1.26544940,45.84369846
87085_0585_00027,rue de Bessines,27,,CV1209,1565270.11710000,5184093.38700000,1.26532535,45.84367683
87085_0585_00028,rue de Bessines,28,,CV1162,1565277.03350000,5184105.43250000,1.26541099,45.84378654
87085_0585_00029,rue de Bessines,29,,CV1211,1565266.72310000,5184104.39430000,1.26527858,45.84377518
87085_0585_00030,rue de Bessines,30,,CV1160,1565273.85520000,5184115.64130000,1.26536722,45.84387775
87085_0585_00031,rue de Bessines,31,,CV1045,1565264.62830000,5184111.52379999,1.26524961,45.84383891
87085_0585_00032,rue de Bessines,32,,CV1096,1565272.38910000,5184121.57670000,1.26534669,45.84393086
87085_0585_00033,rue de Bessines,33,,CV1213,1565262.88350000,5184116.99490000,1.26522562,45.84388778
87085_0585_00034,rue de Bessines,34,,CV1101,1565270.98050000,5184126.80150000,1.26532709,45.84397758
87085_0585_00035,rue de Bessines,35,,CV1215,1565260.05830000,5184126.49550000,1.26518660,45.84397269
87085_0585_00036,rue de Bessines,36,,CV1158,1565268.87150000,5184133.89630001,1.26529796,45.84404099
87085_0585_00037,rue de Bessines,37,,CV1217,1565256.80030000,5184137.56470000,1.26514156,45.84407163
87085_0585_00038,rue de Bessines,38,,CV1156,1565266.14400000,5184143.59590000,1.26526013,45.84412771
87085_0585_00040,rue de Bessines,40,,CV1103,1565261.93900000,5184157.66110000,1.26520206,45.84425341
87085_0585_00043,rue de Bessines,43,,CV1547,1565250.77980000,5184157.25550000,1.26505854,45.84424758
87085_0735_00003,rue de Bretagne,3,,BV0610,1564506.75150000,5185454.66960000,1.25511609,45.85577233
87085_0735_00009,rue de Bretagne,9,,BV0610,1564449.79570000,5185479.10480000,1.25437595,45.85598091
87085_0735_00011,rue de Bretagne,11,,BV0408,1564422.85730000,5185490.83100000,1.25402584,45.85608108
87085_0735_00013,rue de Bretagne,13,,BV0409,1564409.00370000,5185496.89640000,1.25384578,45.85613291
87085_0735_00015,rue de Bretagne,15,,BV0411,1564387.37050000,5185505.61800000,1.25356481,45.85620710
87085_0735_00017,rue de Bretagne,17,,BV0412,1564373.01320000,5185511.98440000,1.25337817,45.85626153
87085_0735_00019,rue de Bretagne,19,,BV0413,1564360.07670000,5185517.22930000,1.25321015,45.85630616
87085_0735_00021,rue de Bretagne,21,,BV0414,1564349.10290000,5185521.58820000,1.25306764,45.85634321
87085_0735_00023,rue de Bretagne,23,,BV0415,1564332.83730000,5185525.08930000,1.25285725,45.85637149
87085_0735_00025,rue de Bretagne,25,,BV0418,1564313.39860000,5185512.21430000,1.25261063,45.85625184
87085_0735_00026,rue de Bretagne,26,,BV0042,1564418.92510000,5185505.25980000,1.25397114,45.85621010
87085_0735_00027,rue de Bretagne,27,,BV0419,1564300.10370000,5185501.24980000,1.25244257,45.85615058
87085_0735_00028,rue de Bretagne,28,,BV0041,1564404.39470000,5185511.24770000,1.25378239,45.85626110
87085_0735_00028_b,rue de Bretagne,28,b,BV0040,1564396.36590000,5185514.44500000,1.25367810,45.85628830
87085_0735_00029,rue de Bretagne,29,,BV0420,1564285.66370000,5185494.78590000,1.25225850,45.85608958
87085_0735_00030,rue de Bretagne,30,,BV0039,1564381.12060000,5185521.52230000,1.25347986,45.85634893
87085_0735_00032,rue de Bretagne,32,,BV0689,1564362.39900000,5185529.88340000,1.25323647,45.85642045
87085_0735_00038,rue de Bretagne,38,,BV0554,1564309.10800000,5185523.86720000,1.25255210,45.85635581
87085_0735_00040,rue de Bretagne,40,,BV0553,1564300.71130000,5185515.80070000,1.25244628,45.85628159
87085_0735_00042,rue de Bretagne,42,,BV0552,1564288.72850000,5185508.80030000,1.25229399,45.85621626
87085_0735_00043,rue de Bretagne,43,,BV0543,1564192.88890000,5185548.09870000,1.25104904,45.85655084
87085_0735_00044,rue de Bretagne,44,,BV0551,1564271.47030000,5185503.05620000,1.25207343,45.85616118
87085_0735_00046,rue de Bretagne,46,,BV0550,1564246.00130000,5185519.36130000,1.25174094,45.85630282
87085_0735_00048,rue de Bretagne,48,,BV0545,1564232.00860000,5185530.96420000,1.25155752,45.85640443
87085_0735_00050,rue de Bretagne,50,,BV0568,1564218.74620000,5185542.01880000,1.25138365,45.85650125
87085_0740_00001,rue de Brettes,1,,EI0067,1565138.34290000,5182981.06890000,1.26394137,45.83364504
87085_0740_00002,rue de Brettes,2,,EI0069,1565150.28420000,5183002.30560000,1.26408908,45.83383841
87085_0740_00003,rue de Brettes,3,,EI0066,1565130.23160000,5182977.89750000,1.26383788,45.83361492
87085_0740_00004,rue de Brettes,4,,EI0070,1565136.31990000,5182996.84730000,1.26391091,45.83378657
87085_0740_00006,rue de Brettes,6,,EI0161,1565125.57430000,5182992.84500000,1.26377375,45.83374846
87085_0740_00008,rue de Brettes,8,,EI0182,1565111.70360000,5182987.71830000,1.26359669,45.83369963
87085_0740_00014,rue de Brettes,14,,EI0082,1565090.32340000,5182979.18080000,1.26332395,45.83361863
87085_0765_00001,rue de Brouillebas,1,,BV0116,1564479.35190000,5185848.43320000,1.25465225,45.85930905
87085_0765_00002,rue de Brouillebas,2,,BW0057,1564494.68400000,5185874.95920000,1.25484216,45.85955068
87085_0765_00003,rue de Brouillebas,3,,BV0115,1564462.49240000,5185839.74840000,1.25443764,45.85922760
87085_0765_00005,rue de Brouillebas,5,,BV0112,1564441.16920000,5185823.23150000,1.25416777,45.85907481
87085_0765_00007,rue de Brouillebas,7,,BV0111,1564424.76690000,5185806.65860000,1.25396128,45.85892250
87085_0765_00009,rue de Brouillebas,9,,BV0107,1564412.14220000,5185790.43410000,1.25380332,45.85877406
87085_0765_00016,rue de Brouillebas,16,,BW0062,1564405.73580000,5185796.26640000,1.25371919,45.85882526
87085_0765_00025,rue de Brouillebas,25,,BV0029,1564315.66700000,5185678.02950000,1.25259299,45.85774388
87085_0765_00027,rue de Brouillebas,27,,BV0027,1564301.32970000,5185667.98860000,1.25241125,45.85765073
87085_0765_00029,rue de Brouillebas,29,,BV0026,1564290.45200000,5185661.02760000,1.25227317,45.85758596
87085_0765_00030,rue de Brouillebas,30,,BV0013,1564324.04560000,5185698.89290000,1.25269497,45.85793321
87085_0765_00041,rue de Brouillebas,41,,BV0020,1564216.67230000,5185622.03520000,1.25133433,45.85722064
87085_0765_00043,rue de Brouillebas,43,,BV0018,1564206.58600000,5185613.78370000,1.25120681,45.85714442
87085_0765_00053,rue de Brouillebas,53,,BV0541,1564160.59720000,5185543.94010000,1.25063450,45.85650705
87085_0765_00054,rue de Brouillebas,54,,BV0574,1564147.17370000,5185547.27470000,1.25046074,45.85653439
87085_0765_00055,rue de Brouillebas,55,,BV0540,1564153.27500000,5185530.90050000,1.25054392,45.85638830
87085_0765_00056,rue de Brouillebas,56,,BV0575,1564140.30980000,5185534.65920000,1.25037594,45.85641955
87085_0765_00058,rue de Brouillebas,58,,BV0576,1564134.79970000,5185524.76990000,1.25030780,45.85632950
87085_0765_00060,rue de Brouillebas,60,,BV0581,1564129.40230000,5185517.89630000,1.25024026,45.85626661
87085_0765_00062,rue de Brouillebas,62,,BV0582,1564122.53620000,5185512.16670000,1.25015348,45.85621371
87085_0765_00063,rue de Brouillebas,63,,BV0534,1564091.72170000,5185476.06490000,1.24976699,45.85588286
87085_0765_00064,rue de Brouillebas,64,,BV0583,1564114.75180000,5185507.11210000,1.25005470,45.85616670
87085_0765_00065,rue de Brouillebas,65,,BV0533,1564074.65180000,5185464.49110000,1.24955051,45.85577537
87085_0765_00066,rue de Brouillebas,66,,BV0588,1564106.06150000,5185501.23480000,1.24994448,45.85611211
87085_0765_00067,rue de Brouillebas,67,,BV0530,1564059.79440000,5185454.23080000,1.24936215,45.85568014
87085_0765_00068,rue de Brouillebas,68,,BV0589,1564097.15110000,5185494.97600000,1.24983154,45.85605405
87085_0765_00069,rue de Brouillebas,69,,BV0529,1564046.79050000,5185445.47070000,1.24919721,45.85559877
87085_0765_00070,rue de Brouillebas,70,,BV0590,1564088.63290000,5185489.11810000,1.24972354,45.85599967
87085_0765_00071,rue de Brouillebas,71,,BV0526,1564033.16040000,5185435.94910000,1.24902444,45.85551042
87085_0765_00072,rue de Brouillebas,72,,BV0593,1564081.79110000,5185484.60170000,1.24963673,45.85595769
87085_0765_00073,rue de Brouillebas,73,,BV0525,1564019.75430000,5185427.07350000,1.24885436,45.85542793
87085_0765_00074,rue de Brouillebas,74,,BV0595,1564074.04430000,5185479.20150000,1.24953853,45.85590758
87085_0765_00075,rue de Brouillebas,75,,BV0524,1564004.96410000,5185416.92290000,1.24866683,45.85533369
87085_0765_00076,rue de Brouillebas,76,,BV0597,1564067.54210000,5185474.82130000,1.24945606,45.85586689
87085_0765_00077,rue de Brouillebas,77,,BV0518,1563993.44050000,5185406.82730000,1.24852134,45.85524059
87085_0765_00084,rue de Brouillebas,84,,BV0601,1564031.63320000,5185447.38640000,1.24900154,45.85561300
87085_0765_00086,rue de Brouillebas,86,,BV0725,1564019.30940000,5185441.40680001,1.24884458,45.85555677
87085_0798_00002,rue de Buxerolles,2,,SK0018,1565299.32840000,5186840.58880000,1.26493093,45.86839522
87085_0798_00006,rue de Buxerolles,6,,SK0016,1565269.19210000,5186833.31480000,1.26440843,45.86846467
87085_0798_00007,rue de Buxerolles,7,,SK0042,1565209.49210000,5186840.52810000,1.26377414,45.86837706
87085_0798_00008,rue de Buxerolles,8,,SK0016,1565250.97580000,5186831.88000000,1.26418390,45.86841262
87085_0798_00014,rue de Buxerolles,14,,SK0016,1565214.82660000,5186863.83420000,1.26383629,45.86858776
87085_0798_00016,rue de Buxerolles,16,,SK0031,1565206.26870000,5186882.10840000,1.26372096,45.86875047
87085_0937_00006,rue de Chambeau,6,,NW0302,1560639.58820000,5183818.93890000,1.20580576,45.84028512
87085_0937_00007,rue de Chambeau,7,,NW0327,1560670.60980000,5183769.40340000,1.20621938,45.83984581
87085_0937_00008,rue de Chambeau,8,,NW0302,1560640.16900000,5183789.21200000,1.20582186,45.84001783
87085_0937_00009,rue de Chambeau,9,,NW0326,1560677.83800000,5183745.38630000,1.20631937,45.83963123
87085_0937_00010,rue de Chambeau,10,,NW0302,1560657.14380000,5183765.14380000,1.20604730,45.83980477
87085_0937_00011,rue de Chambeau,11,,NW0325,1560682.18180000,5183720.44630000,1.20638250,45.83940777
87085_0937_00012,rue de Chambeau,12,,NW0302,1560656.64660000,5183748.57850000,1.20604571,45.83965565
87085_0937_00013,rue de Chambeau,13,,NW0333,1560671.97330000,5183702.68860000,1.20625627,45.83924596
87085_0937_00015,rue de Chambeau,15,,NW0334,1560658.52520000,5183691.86180000,1.20608633,45.83914584
87085_0937_00017,rue de Chambeau,17,,NW0335,1560645.65210000,5183674.35500000,1.20592573,45.83898575
87085_0937_00019,rue de Chambeau,19,,NW0336,1560632.26050000,5183661.69620000,1.20575705,45.83886917
87085_0937_00021,rue de Chambeau,21,,NW0337,1560613.83640000,5183650.93380000,1.20552306,45.83876862
87085_0937_00023,rue de Chambeau,23,,NW0338,1560608.66330000,5183669.28580000,1.20545116,45.83893266
87085_0937_00025,rue de Chambeau,25,,NW0339,1560594.16120000,5183681.46520000,1.20526099,45.83903928
87085_0937_00027,rue de Chambeau,27,,NW0340,1560573.44690000,5183694.73150000,1.20499055,45.83915441
87085_0937_00029,rue de Chambeau,29,,NW0341,1560560.47330000,5183701.70100000,1.20482156,45.83921448
87085_0937_00031,rue de Chambeau,31,,NW0342,1560568.67730000,5183717.26810000,1.20492263,45.83935617
87085_0937_00033,rue de Chambeau,33,,NW0343,1560577.86570000,5183730.10540000,1.20503716,45.83947351
87085_0970_00015,rue de Chantelauve,15,,HR0532,1565274.81780000,5181204.63870000,1.26619536,45.81769170
87085_0970_00019,rue de Chantelauve,19,,HR0492,1565264.35030000,5181197.64740000,1.26606265,45.81762676
87085_0970_00021,rue de Chantelauve,21,,HR0544,1565249.59030000,5181188.59300000,1.26587530,45.81754242
87085_0970_00026,rue de Chantelauve,26,,HR0404,1565255.58000000,5181203.29660000,1.26594823,45.81767586
87085_0970_00027,rue de Chantelauve,27,,HR0574,1565228.32780000,5181177.21510000,1.26560494,45.81743591
87085_0970_00028,rue de Chantelauve,28,,HR0554,1565248.07350000,5181198.82940000,1.26585291,45.81763421
87085_0970_00029,rue de Chantelauve,29,,HR0567,1565219.65860000,5181173.50600000,1.26549445,45.81740084
87085_0970_00030,rue de Chantelauve,30,,HR0061,1565240.52400000,5181194.96840000,1.26575687,45.81759800
87085_0970_00031,rue de Chantelauve,31,,HR0565,1565214.20000000,5181170.84420000,1.26542497,45.81737583
87085_0970_00032,rue de Chantelauve,32,,HR0060,1565233.01820000,5181190.59270000,1.26566153,45.81755716
87085_0970_00033,rue de Chantelauve,33,,HR0439,1565201.31240000,5181163.08200000,1.26526135,45.81730348
87085_0970_00034,rue de Chantelauve,34,,HR0523,1565225.13930000,5181186.40760000,1.26556134,45.81751797
87085_0970_00035,rue de Chantelauve,35,,HR0441,1565194.99490000,5181124.99380000,1.26519074,45.81695961
87085_0970_00035_bis,rue de Chantelauve,35,bis,HR0441,1565200.25140000,5181100.82500000,1.26526514,45.81674323
87085_0970_00036,rue de Chantelauve,36,,HR0057,1565219.04280000,5181183.28000000,1.26548379,45.81748864
87085_0970_00037,rue de Chantelauve,37,,HR0441,1565206.38920000,5181083.42410000,1.26534898,45.81658790
87085_0970_00037_bis,rue de Chantelauve,37,bis,HR0441,1565205.34130000,5181076.49220000,1.26533744,45.81652534
87085_0970_00038,rue de Chantelauve,38,,HR0057,1565212.56790000,5181180.76140000,1.26540119,45.81746472
87085_0970_00040,rue de Chantelauve,40,,HR0056,1565205.35520000,5181177.59930000,1.26530929,45.81743486
87085_0970_00041,rue de Chantelauve,41,,HR0435,1565142.05440000,5181136.62660000,1.26450641,45.81705388
87085_0970_00042,rue de Chantelauve,42,,HR0055,1565195.05270000,5181173.39020000,1.26517792,45.81739498
87085_0970_00043,rue de Chantelauve,43,,HR0435,1565131.45820000,5181132.30720000,1.26437130,45.81701295
87085_0970_00044,rue de Chantelauve,44,,HR0054,1565186.06300000,5181169.14210000,1.26506346,45.81735500
87085_0970_00045,rue de Chantelauve,45,,HR0433,1565152.44640000,5181140.85320000,1.26463891,45.81709394
87085_0970_00046,rue de Chantelauve,46,,HR0398,1565169.22900000,5181167.17630000,1.26484744,45.81733402
87085_0970_00048,rue de Chantelauve,48,,HR0398,1565148.23190000,5181157.50790000,1.26458003,45.81724293
87085_0970_00050,rue de Chantelauve,50,,HR0398,1565144.14840000,5181184.13110000,1.26452003,45.81748162
87085_0970_00052,rue de Chantelauve,52,,HR0398,1565125.67270000,5181175.83010000,1.26428466,45.81740333
87085_1060_00001,rue de Châteauroux,1,,DT0358,1565116.72230000,5183390.91460000,1.26354814,45.83732760
87085_1060_00003,rue de Châteauroux,3,,DT0172,1565107.81660000,5183390.89330000,1.26343353,45.83732566
87085_1060_00003_bis,rue de Châteauroux,3,bis,DT0173,1565100.39320000,5183390.64270000,1.26333806,45.83732195
87085_1060_00004,rue de Châteauroux,4,,DT0218,1565112.81750000,5183403.46880000,1.26349436,45.83743977
87085_1060_00005,rue de Châteauroux,5,,DT0174,1565092.33390000,5183390.45380000,1.26323439,45.83731867
87085_1060_00006,rue de Châteauroux,6,,DT0217,1565105.86240000,5183403.20230000,1.26340492,45.83743601
87085_1060_00008,rue de Châteauroux,8,,DT0360,1565099.17340000,5183403.00440000,1.26331889,45.83743291
87085_1060_00009,rue de Châteauroux,9,,DT0338,1565024.61360000,5183389.66210000,1.26236308,45.83729826
87085_1060_00010,rue de Châteauroux,10,,DT0215,1565091.24000000,5183402.97010000,1.26321680,45.83743105
87085_1060_00011,rue de Châteauroux,11,,DT0198,1565013.93130000,5183389.59340000,1.26222562,45.83729555
87085_1060_00012,rue de Châteauroux,12,,DT0214,1565081.06050000,5183402.79990000,1.26308584,45.83742752
87085_1060_00014,rue de Châteauroux,14,,DT0213,1565070.30520000,5183402.61520000,1.26294748,45.83742375
87085_1060_00014_bis,rue de Châteauroux,14,bis,DT0212,1565057.12510000,5183402.37960000,1.26277792,45.83741904
87085_1060_00015,rue de Châteauroux,15,,DV0105,1564962.31740000,5183386.77440000,1.26156216,45.83726005
87085_1060_00016,rue de Châteauroux,16,,DT0211,1565045.29380000,5183402.24650000,1.26262569,45.83741552
87085_1060_00017,rue de Châteauroux,17,,DV0104,1564945.93610000,5183384.60520000,1.26135195,45.83723732
87085_1060_00018,rue de Châteauroux,18,,DT0210,1565034.29270000,5183402.15490000,1.26248414,45.83741254
87085_1060_00019,rue de Châteauroux,19,,DV0103,1564926.83670000,5183382.31710000,1.26110679,45.83721299
87085_1060_00020,rue de Châteauroux,20,,DT0209,1565025.86380000,5183402.07380000,1.26237568,45.83741016
87085_1060_00021,rue de Châteauroux,21,,DV0102,1564917.23520000,5183381.07280000,1.26098357,45.83719991
87085_1060_00022,rue de Châteauroux,22,,DT0208,1565019.25710000,5183402.04680000,1.26229067,45.83740862
87085_1060_00023,rue de Châteauroux,23,,DV0101,1564874.12140000,5183375.59950000,1.26043025,45.83714220
87085_1060_00024,rue de Châteauroux,24,,DT0207,1565011.58370000,5183401.82920000,1.26219197,45.83740515
87085_1060_00025,rue de Châteauroux,25,,DV0075,1564851.26060000,5183372.51220000,1.26013691,45.83710994
87085_1060_00025_bis,rue de Châteauroux,25,bis,DV0075,1564834.06500000,5183370.20230000,1.25991626,45.83708578
87085_1060_00026,rue de Châteauroux,26,,DT0206,1565004.55450000,5183401.85970000,1.26210150,45.83740405
87085_1060_00027,rue de Châteauroux,27,,DV0073,1564815.49540000,5183367.68960000,1.25967798,45.83705953
87085_1060_00030,rue de Châteauroux,30,,DP0070,1564948.01740000,5183397.90910000,1.26137500,45.83735741
87085_1060_00032,rue de Châteauroux,32,,DP0071,1564941.16120000,5183396.99980000,1.26128702,45.83734788
87085_1060_00034,rue de Châteauroux,34,,DP0072,1564934.36120000,5183396.16780000,1.26119974,45.83733906
87085_1060_00036,rue de Châteauroux,36,,DP0077,1564926.45150000,5183395.10320000,1.26109824,45.83732793
87085_1060_00038,rue de Châteauroux,38,,DP0078,1564918.22900000,5183394.03020000,1.26099272,45.83731667
87085_1060_00038_ter,rue de Châteauroux,38,ter,DP0081,1564884.18790000,5183389.64030000,1.26055586,45.83727049
87085_1060_00040,rue de Châteauroux,40,,DP0082,1564865.08270000,5183387.44460000,1.26031060,45.83724698
87085_1060_00042,rue de Châteauroux,42,,DP0083,1564842.29280000,5183384.51560000,1.26001812,45.83721616
87085_1060_00044,rue de Châteauroux,44,,DP0105,1564834.98560000,5183383.56520000,1.25992435,45.83720617
87085_1060_00044_bis,rue de Châteauroux,44,bis,DP0105,1564814.51230000,5183380.69570000,1.25966167,45.83717633
87085_1060_00046,rue de Châteauroux,46,,DP0106,1564802.37790000,5183378.94460000,1.25950600,45.83715819
87085_1074_00002,rue de Chatreix,2,,SI0014,1557423.01600000,5186596.09380000,1.16358431,45.86460711
87085_1074_00004,rue de Chatreix,4,,SI0015,1557393.21590000,5186625.94190000,1.16319175,45.86486942
87085_1074_00006,rue de Chatreix,6,,SI0016,1557408.92170000,5186586.09070000,1.16340581,45.86451421
87085_1074_00007,rue de Chatreix,7,,SI0020,1557387.01750000,5186563.92200000,1.16313036,45.86431025
87085_1074_00008,rue de Chatreix,8,,SI0018,1557373.53400000,5186571.10610000,1.16295462,45.86437207
87085_1074_00010,rue de Chatreix,10,,SI0018,1557370.05170000,5186597.95740000,1.16290181,45.86461289
87085_1074_00012,rue de Chatreix,12,,SI0106,1557351.82270000,5186528.79580000,1.16268765,45.86398697
87085_1097_00001,rue de Chez-Fournier,1,,PH0081,1560771.31400000,5182880.79030000,1.20777283,45.83187273
87085_1097_00002,rue de Chez-Fournier,2,,PH0065,1560788.23400000,5182883.54320000,1.20798976,45.83190092
87085_1097_00002_b,rue de Chez-Fournier,2,b,PH0064,1560761.11420000,5182889.89320000,1.20763894,45.83195255
87085_1097_00003,rue de Chez-Fournier,3,,PH0080,1560732.84540000,5182890.30120000,1.20727505,45.83195050
87085_1097_00004,rue de Chez-Fournier,4,,PH0063,1560739.19480000,5182895.50320000,1.20735525,45.83199858
87085_1097_00005,rue de Chez-Fournier,5,,PH0079,1560710.97070000,5182897.06660000,1.20699160,45.83200692
87085_1097_00006,rue de Chez-Fournier,6,,PH0062,1560714.87750000,5182902.44660000,1.20704032,45.83205611
87085_1097_00007,rue de Chez-Fournier,7,,PH0078,1560685.71370000,5182903.16310000,1.20666482,45.83205665
87085_1097_00008,rue de Chez-Fournier,8,,PH0061,1560687.58730000,5182910.44480000,1.20668682,45.83212253
87085_1097_00009,rue de Chez-Fournier,9,,PH0077,1560662.83060000,5182910.80810000,1.20636814,45.83212078
87085_1097_00010_b,rue de Chez-Fournier,10,b,PH0048,1560613.55910000,5182935.66390000,1.20572690,45.83233439
87085_1097_00011,rue de Chez-Fournier,11,,PH0076,1560624.45490000,5182923.76520000,1.20587056,45.83222956
87085_1097_00011_b,rue de Chez-Fournier,11,b,PH0075,1560602.38860000,5182930.43270000,1.20558467,45.83228507
87085_1097_00012,rue de Chez-Fournier,12,,PH0008,1560593.24520000,5182941.77410000,1.20546372,45.83238523
87085_1097_00014,rue de Chez-Fournier,14,,PH0009,1560567.74980000,5182948.34320000,1.20513373,45.83243916
87085_1097_00015,rue de Chez-Fournier,15,,PH0074,1560576.50030000,5182937.76100000,1.20524941,45.83234574
87085_1097_00016,rue de Chez-Fournier,16,,PH0032,1560530.04710000,5182953.96170000,1.20464693,45.83248205
87085_1097_00017,rue de Chez-Fournier,17,,PH0073,1560548.04570000,5182942.79780000,1.20488178,45.83238528
87085_1097_00045,rue de Chez-Fournier,45,,PI0033,1560167.90510000,5182993.54930000,1.19997526,45.83276462
87085_1097_00050,rue de Chez-Fournier,50,,PI0032,1560156.66780000,5182987.54130000,1.19983240,45.83270829
87085_1097_00052,rue de Chez-Fournier,52,,PI0064,1560145.14020000,5182989.14460000,1.19968360,45.83272037
87085_1097_00052_b,rue de Chez-Fournier,52,b,PI0063,1560134.09380000,5182984.77890000,1.19954272,45.83267885
87085_1097_00060,rue de Chez-Fournier,60,,PI0063,1560103.90370000,5182981.88230000,1.19915506,45.83264666
87085_1097_00071,rue de Chez-Fournier,71,,PI0069,1560088.85340000,5182995.25380000,1.19932139,45.83246673
87085_1097_00077,rue de Chez-Fournier,77,,PI0069,1560088.85340000,5182995.25380000,1.19906562,45.83262271
87085_1097_00085,rue de Chez-Fournier,85,,PI0069,1560088.85340000,5182995.25380000,1.19862793,45.83284249
87085_1256_00001,rue de Columbia,1,,SX0002,1567308.88450000,5186114.05580000,1.29100863,45.86225052
87085_1256_00002,rue de Columbia,2,,SX0003,1567325.47070000,5186120.00860000,1.29122054,45.86230727
87085_1256_00005,rue de Columbia,5,,SX0051,1567263.36210000,5186127.47550000,1.29041880,45.86236245
87085_1256_00007,rue de Columbia,7,,SX0052,1567281.02580000,5186166.20380000,1.29063553,45.86271424
87085_1256_00009,rue de Columbia,9,,SX0060,1567297.13280000,5186207.23600000,1.29083157,45.86308647
87085_1256_00011,rue de Columbia,11,,SX0095,1567313.81560000,5186238.71310000,1.29103768,45.86337284
87085_1256_00017,rue de Columbia,17,,SX0140,1567374.02510000,5186325.00390000,1.29178909,45.86416070
87085_1256_00019,rue de Columbia,19,,SX0167,1567392.21710000,5186351.51000000,1.29201601,45.86440265
87085_1256_00021,rue de Columbia,21,,SX0113,1567412.83780000,5186371.79760000,1.29227592,45.86458913
87085_1317_00002,rue de Corgnac,2,,OI0025,1562973.09060000,5184186.35030000,1.23573375,45.84405915
87085_1317_00004,rue de Corgnac,4,,OI0026,1562972.28360000,5184177.77680000,1.23572581,45.84398187
87085_1317_00005,rue de Corgnac,5,,OH0169,1562984.41950000,5184172.49610000,1.23588351,45.84393678
87085_1317_00006,rue de Corgnac,6,,OI0027,1562971.79710000,5184167.14460000,1.23572258,45.84388613
87085_1317_00007,rue de Corgnac,7,,OH0168,1562984.49810000,5184157.79750000,1.23588872,45.84380458
87085_1317_00008,rue de Corgnac,8,,OI0028,1562971.77960000,5184157.10080000,1.23572521,45.84379578
87085_1317_00010,rue de Corgnac,10,,OI0029,1562972.06980000,5184143.81380000,1.23573274,45.84367631
87085_1317_00011,rue de Corgnac,11,,OH0167,1562985.04440000,5184140.80190000,1.23590059,45.84365180
87085_1317_00012,rue de Corgnac,12,,OI0030,1562972.24640000,5184131.16070000,1.23573862,45.84356252
87085_1317_00014,rue de Corgnac,14,,OI0031,1562972.54360000,5184119.10990000,1.23574588,45.84345418
87085_1317_00015,rue de Corgnac,15,,OH0264,1562985.15810000,5184127.63670000,1.23590581,45.84353340
87085_1317_00016,rue de Corgnac,16,,OI0032,1562972.64130000,5184106.78210000,1.23575065,45.84334330
87085_1317_00017,rue de Corgnac,17,,OH0165,1562985.05120000,5184115.88600000,1.23590778,45.84342767
87085_1317_00018,rue de Corgnac,18,,OI0033,1562972.39810000,5184096.75930000,1.23575038,45.84325310
87085_1317_00019,rue de Corgnac,19,,OH0164,1562985.40290000,5184105.94660000,1.23591515,45.84333833
87085_1317_00022,rue de Corgnac,22,,OI0069,1562976.63570000,5184081.35260000,1.23580932,45.84311535
87085_1317_00023,rue de Corgnac,23,,OI0081,1562986.10920000,5184076.23020000,1.23593271,45.84307116
87085_1317_00024,rue de Corgnac,24,,OI0070,1562977.22350000,5184076.60730000,1.23581823,45.84307278
87085_1317_00025,rue de Corgnac,25,,OI0080,1562985.93210000,5184065.95250000,1.23593336,45.84297867
87085_1317_00026,rue de Corgnac,26,,OI0073,1562975.59610000,5184062.48240000,1.23580132,45.84294539
87085_1317_00028,rue de Corgnac,28,,OI0064,1562974.14700000,5184054.91300000,1.23578482,45.84287702
87085_1317_00029,rue de Corgnac,29,,OI0078,1563018.23620000,5184026.58940000,1.23636036,45.84263101
87085_1317_00030,rue de Corgnac,30,,OI0075,1562972.15170000,5184047.39900000,1.23576128,45.84280903
87085_1317_00031,rue de Corgnac,31,,OI0078,1562977.14820000,5184032.58270000,1.23582982,45.84267674
87085_1317_00032,rue de Corgnac,32,,OI0076,1562968.73890000,5184034.37490000,1.23572107,45.84269119
87085_1317_00034,rue de Corgnac,34,,OI0063,1562965.03470000,5184021.27800000,1.23567713,45.84257263
87085_1317_00035,rue de Corgnac,35,,OI0238,1562971.36170000,5184012.61610000,1.23576103,45.84249598
87085_1317_00037,rue de Corgnac,37,,OI0243,1562968.01680000,5184002.48210000,1.23572087,45.84240415
87085_1317_00038,rue de Corgnac,38,,OI0062,1562952.56450000,5184006.62200000,1.23552081,45.84243831
87085_1317_00039,rue de Corgnac,39,,OI0111,1562963.15740000,5183989.55240000,1.23566202,45.84228687
87085_1317_00040,rue de Corgnac,40,,OI0114,1562944.46100000,5183983.67160000,1.23542306,45.84223025
87085_1317_00041,rue de Corgnac,41,,OI0113,1562955.68980000,5183975.49290000,1.23556991,45.84215891
87085_1317_00042,rue de Corgnac,42,,OI0115,1562940.99040000,5183974.43740000,1.23538102,45.84214649
87085_1317_00043,rue de Corgnac,43,,OI0112,1562952.30760000,5183966.53840000,1.23552893,45.84207769
87085_1317_00044,rue de Corgnac,44,,OI0116,1562939.03940000,5183968.64660000,1.23535756,45.84209401
87085_1317_00046,rue de Corgnac,46,,OI0121,1562937.23840000,5183962.09940000,1.23533625,45.84203475
87085_1317_00048,rue de Corgnac,48,,OI0122,1562935.44020000,5183955.01600000,1.23531513,45.84197067
87085_1317_00049,rue de Corgnac,49,,OI0106,1562948.99940000,5183957.06960000,1.23548906,45.84199185
87085_1317_00050,rue de Corgnac,50,,OI0277,1562933.14790000,5183948.49340000,1.23528748,45.84191154
87085_1317_00050_bis,rue de Corgnac,50,bis,OI0278,1562929.23130000,5183938.38490000,1.23523996,45.84181983
87085_1317_00052,rue de Corgnac,52,,OI0124,1562928.20980000,5183929.79110000,1.23522926,45.84174232
87085_1317_00054,rue de Corgnac,54,,OI0268,1562921.51030000,5183919.29470000,1.23514603,45.84164657
87085_1317_00056,rue de Corgnac,56,,OI0181,1562909.95840000,5183906.16810000,1.23500109,45.84152618
87085_1317_00057,rue de Corgnac,57,,OI0270,1562929.96860000,5183914.93140000,1.23525614,45.84160900
87085_1317_00058,rue de Corgnac,58,,OI0180,1562897.21140000,5183895.35540000,1.23484012,45.84142638
87085_1317_00059,rue de Corgnac,59,,OI0271,1562911.85340000,5183896.05170000,1.23502837,45.84143556
87085_1317_00060,rue de Corgnac,60,,OI0128,1562884.34730000,5183883.31560000,1.23467798,45.84131551
87085_1317_00064,rue de Corgnac,64,,OI0130,1562876.26980000,5183874.19280000,1.23457663,45.84123183
87085_1317_00066,rue de Corgnac,66,,OI0131,1562869.21930000,5183864.90770000,1.23448853,45.84114690
87085_1317_00067,rue de Corgnac,67,,OI0264,1562891.63780000,5183878.43090000,1.23477321,45.84127302
87085_1317_00068,rue de Corgnac,68,,OI0132,1562860.12850000,5183853.47950000,1.23437479,45.84104229
87085_1317_00071,rue de Corgnac,71,,OI0262,1562878.56840000,5183856.27000000,1.23461132,45.84107106
87085_1511_00001,rue de Delft,1,,NH0400,1561578.04330000,5181419.49560000,1.21857466,45.81889051
87085_1511_00003,rue de Delft,3,,NH0400,1561572.99550000,5181417.91680000,1.21851018,45.81887529
87085_1511_00005,rue de Delft,5,,NH0400,1561562.45600000,5181414.74700000,1.21837549,45.81884466
87085_1511_00007,rue de Delft,7,,NH0400,1561558.06630000,5181413.65560000,1.21831933,45.81883395
87085_1511_00009,rue de Delft,9,,NH0400,1561548.23400000,5181410.27340000,1.21819381,45.81880155
87085_1511_00011,rue de Delft,11,,NH0400,1561544.50820000,5181408.72000000,1.21814633,45.81878683
87085_1511_00014,rue de Delft,14,,NH0403,1561459.87490000,5181426.31580000,1.21705243,45.81892807
87085_1511_00015,rue de Delft,15,,NH0400,1561534.71950000,5181405.06620000,1.21802145,45.81875199
87085_1511_00016,rue de Delft,16,,NH0400,1561464.17650000,5181427.87870000,1.21710733,45.81894300
87085_1511_00017,rue de Delft,17,,NH0400,1561530.50610000,5181403.51670000,1.21796769,45.81873720
87085_1511_00019,rue de Delft,19,,NH0400,1561520.95230000,5181400.38470000,1.21784568,45.81870711
87085_1511_00021,rue de Delft,21,,NH0400,1561517.12590000,5181398.88000000,1.21779688,45.81869280
87085_1511_00023,rue de Delft,23,,NH0400,1561507.78520000,5181395.37150000,1.21767772,45.81865936
87085_1511_00025,rue de Delft,25,,NH0400,1561503.87330000,5181394.24950000,1.21762772,45.81864848
87085_1511_00027,rue de Delft,27,,NH0400,1561493.90790000,5181391.02720000,1.21750044,45.81861749
87085_1511_00029,rue de Delft,29,,NH0400,1561490.03210000,5181389.97220000,1.21745088,45.81860721
87085_1511_00031,rue de Delft,31,,NH0400,1561479.91970000,5181387.26520000,1.21732156,45.81858083
87085_1511_00033,rue de Delft,33,,NH0400,1561474.63020000,5181385.74130000,1.21725395,45.81856605
87085_1511_00035,rue de Delft,35,,NH0403,1561466.05940000,5181383.26670000,1.21714440,45.81854207
87085_1511_00037,rue de Delft,37,,NH0403,1561462.01700000,5181382.07880000,1.21709273,45.81853057
87085_1511_00039,rue de Delft,39,,NH0403,1561453.73620000,5181380.97840000,1.21698652,45.81851900
87085_1511_00041,rue de Delft,41,,NH0403,1561453.34920000,5181384.66650000,1.21698048,45.81855210
87085_1511_00043,rue de Delft,43,,NH0403,1561452.16690000,5181393.49330000,1.21696272,45.81863126
87085_1511_00045,rue de Delft,45,,NH0403,1561451.50630000,5181398.24230000,1.21695286,45.81867385
87085_1511_00047,rue de Delft,47,,NH0403,1561450.51360000,5181407.35600000,1.21693746,45.81875563
87085_1511_00049,rue de Delft,49,,NH0403,1561450.12170000,5181411.77390000,1.21693115,45.81879529
87085_1511_00051,rue de Delft,51,,NH0403,1561449.02610000,5181420.91710000,1.21691442,45.81887732
87085_1511_00053,rue de Delft,53,,NH0403,1561449.57790000,5181424.99090000,1.21692034,45.81891408
87085_1508_00006,rue de Dion Bouton,6,,ML0111,1566225.20290000,5188561.10380000,1.27637379,45.88405309
87085_1508_00010,rue de Dion Bouton,10,,ML0024,1566159.33660000,5188561.63980000,1.27552525,45.88404509
87085_1508_00011,rue de Dion Bouton,11,,ML0184,1566083.54370000,5188541.53020000,1.27455462,45.88384942
87085_1508_00016,rue de Dion Bouton,16,,ML0023,1566110.54030000,5188561.24970000,1.27489684,45.88403207
87085_1508_00020,rue de Dion Bouton,20,,ML0022,1566050.41960000,5188571.49750000,1.27411960,45.88411254
87085_1508_00022,rue de Dion Bouton,22,,ML0016,1566006.83960000,5188602.73510000,1.27354954,45.88438504
87085_1508_00033,rue de Dion Bouton,33,,ML0185,1565901.62950000,5188615.61080000,1.27219078,45.88448034
87085_1508_00035,rue de Dion Bouton,35,,MH0003,1565846.21730000,5188570.42010000,1.27148967,45.88406301
87085_1508_00045,rue de Dion Bouton,45,,MH0040,1565737.47340000,5188480.40540000,1.27011418,45.88323203
87085_1508_00046,rue de Dion Bouton,46,,ME0039,1565707.98260000,5188481.24250000,1.26973409,45.88323380
87085_1508_00048,rue de Dion Bouton,48,,ME0037,1565678.21690000,5188455.44560000,1.26935792,45.88299592
87085_1508_00052,rue de Dion Bouton,52,,ME0037,1565541.14910000,5188344.23560000,1.26762362,45.88196872
87085_1595_00002,rue de Douai,2,,HP0220,1565306.23610000,5180831.37520000,1.26670407,45.81434012
87085_1595_00004,rue de Douai,4,,HP0220,1565311.01150000,5180825.66490000,1.26676711,45.81428969
87085_1595_00006,rue de Douai,6,,HP0220,1565311.28360000,5180818.55320000,1.26677260,45.81422576
87085_1595_00008,rue de Douai,8,,HP0220,1565311.57370000,5180811.19150000,1.26677839,45.81415960
87085_1595_00010,rue de Douai,10,,HP0220,1565311.70900000,5180802.71750000,1.26678250,45.81408340
87085_1595_00021,rue de Douai,21,,HP0299,1565328.13670000,5180670.97020000,1.26703072,45.81290146
87085_1595_00024,rue de Douai,24,,HP0252,1565312.60500000,5180696.19450000,1.26682385,45.81312533
87085_1595_00025,rue de Douai,25,,HP0090,1565332.21130000,5180638.47780000,1.26709223,45.81260997
87085_1595_00026,rue de Douai,26,,HP0252,1565314.40830000,5180669.96190000,1.26685440,45.81288970
87085_1900_00005,rue de Feytiat,5,,ES0026,1566301.33580000,5182029.07670000,1.27917250,45.82530834
87085_1900_00007,rue de Feytiat,7,,ES0303,1566309.25330000,5182015.00770000,1.27927828,45.82518332
87085_1900_00009,rue de Feytiat,9,,ES0024,1566316.79220000,5182002.43830000,1.27937878,45.82507171
87085_1900_00011,rue de Feytiat,11,,ES0023,1566321.99600000,5181992.31100000,1.27944855,45.82498162
87085_1900_00013,rue de Feytiat,13,,ES0022,1566327.41900000,5181983.08190000,1.27952089,45.82489966
87085_1900_00015,rue de Feytiat,15,,ES0021,1566333.25960000,5181973.04420000,1.27959883,45.82481050
87085_1900_00017,rue de Feytiat,17,,ES0020,1566340.21700000,5181961.40100000,1.27969159,45.82470711
87085_1900_00019,rue de Feytiat,19,,ES0140,1566351.62020000,5181942.57470000,1.27984354,45.82453997
87085_1900_00033,rue de Feytiat,33,,SY0014,1566495.28210000,5181747.77280000,1.28174609,45.82281550
87085_1900_00041,rue de Feytiat,41,,SY0015,1566559.34620000,5181739.74680001,1.28257259,45.82275573
87085_1900_00041_bis,rue de Feytiat,41,bis,SY0017,1566707.55630000,5181745.19780000,1.28447800,45.82283350
87085_1900_00041_ter,rue de Feytiat,41,ter,SY0019,1566739.89140000,5181701.68340000,1.28490610,45.82244833
87085_1900_00072,rue de Feytiat,72,,SZ0101,1566672.24080000,5181518.41970000,1.28408649,45.82078664
87085_1900_00082,rue de Feytiat,82,,SZ0102,1566713.63250000,5181468.34160000,1.28463291,45.82034418
87085_1900_00084,rue de Feytiat,84,,SZ0055,1566725.07040000,5181452.61320000,1.28478443,45.82020491
87085_1900_00090,rue de Feytiat,90,,SZ0054,1566760.78920000,5181403.66520000,1.28525754,45.81977150
87085_1900_00101,rue de Feytiat,101,,SZ0096,1566726.74350000,5181477.39190000,1.28479909,45.82042813
87085_1900_00103,rue de Feytiat,103,,SZ0096,1566794.36670000,5181391.14070000,1.28569300,45.81966534
87085_1900_00105,rue de Feytiat,105,,SZ0096,1566813.30690000,5181366.24810000,1.28594357,45.81944508
87085_1900_00108,rue de Feytiat,108,,SZ0175,1566814.96090000,5181336.67590000,1.28597304,45.81917938
87085_1900_00111,rue de Feytiat,111,,TB0006,1566854.04900000,5181314.24540000,1.28648214,45.81898517
87085_1900_00121,rue de Feytiat,121,,TB0007,1566939.02910000,5181260.30940000,1.28759037,45.81851642
87085_1900_00123,rue de Feytiat,123,,TB0008,1566929.67520000,5181246.60050000,1.28747382,45.81839129
87085_1900_00138,rue de Feytiat,138,,TC0145,1566959.51190000,5181180.11400000,1.28787608,45.81779897
87085_1949_00001,rue de Floréal,1,,LM0007,1567569.52850000,5188681.37010000,1.29365629,45.88539539
87085_1949_00003,rue de Floréal,3,,LM0007,1567562.74070000,5188684.37730000,1.29356803,45.88542113
87085_1949_00004,rue de Floréal,4,,LM0010,1567544.93860000,5188719.17840000,1.29332911,45.88573075
87085_1949_00005,rue de Floréal,5,,LM0007,1567554.34640000,5188690.26430000,1.29345827,45.88547247
87085_1949_00006,rue de Floréal,6,,LM0010,1567542.50280000,5188727.94390000,1.29329532,45.88580914
87085_1949_00007,rue de Floréal,7,,LM0007,1567546.73380000,5188697.29320000,1.29335828,45.88553423
87085_1949_00008,rue de Floréal,8,,LM0010,1567541.62540000,5188735.18720000,1.29328202,45.88587412
87085_1949_00010,rue de Floréal,10,,LM0010,1567543.39220000,5188751.01360000,1.29330040,45.88601683
87085_1949_00011,rue de Floréal,11,,LM0007,1567517.15890000,5188726.30980000,1.29296931,45.88578955
87085_1949_00012,rue de Floréal,12,,LM0010,1567545.10640000,5188759.66010000,1.29332010,45.88609494
87085_1949_00014,rue de Floréal,14,,LM0010,1567546.55280000,5188766.93510000,1.29333672,45.88616067
87085_1949_00015,rue de Floréal,15,,LM0007,1567517.81660000,5188713.66860000,1.29298128,45.88567596
87085_1949_00016,rue de Floréal,16,,LM0010,1567547.94780000,5188773.72930000,1.29335281,45.88622205
87085_1949_00017,rue de Floréal,17,,LM0007,1567519.43150000,5188707.09550000,1.29300389,45.88561714
87085_1949_00018,rue de Floréal,18,,LM0010,1567549.79180000,5188783.24380000,1.29337394,45.88630800
87085_1949_00019,rue de Floréal,19,,LM0007,1567515.08090000,5188702.47370000,1.29294913,45.88557473
87085_1949_00020,rue de Floréal,20,,LM0010,1567551.53100000,5188791.75680000,1.29339399,45.88638491
87085_1949_00021,rue de Floréal,21,,LM0007,1567506.08820000,5188706.64570000,1.29283214,45.88561052
87085_1949_00022,rue de Floréal,22,,LM0010,1567553.68090000,5188802.49700000,1.29341872,45.88648194
87085_1949_00023,rue de Floréal,23,,LM0007,1567497.99390000,5188702.05920000,1.29272915,45.88556770
87085_1949_00024,rue de Floréal,24,,LM0010,1567560.57590000,5188812.26070000,1.29350484,45.88657110
87085_1949_00025,rue de Floréal,25,,LM0007,1567491.29710000,5188703.78140000,1.29264241,45.88558191
87085_1949_00026,rue de Floréal,26,,LM0010,1567565.74990000,5188820.18840000,1.29356930,45.88664341
87085_1949_00027,rue de Floréal,27,,LM0008,1567494.94930000,5188711.14500000,1.29268742,45.88564885
87085_1949_00028,rue de Floréal,28,,LM0010,1567551.18080000,5188811.85640000,1.29338393,45.88656565
87085_1949_00029,rue de Floréal,29,,LM0008,1567500.20770000,5188718.51030000,1.29275312,45.88571612
87085_1949_00030,rue de Floréal,30,,LM0010,1567543.60090000,5188813.22900000,1.29328592,45.88657654
87085_1949_00031,rue de Floréal,31,,LM0008,1567501.75470000,5188726.36700000,1.29277088,45.88578709
87085_1949_00032,rue de Floréal,32,,LM0010,1567537.50190000,5188814.45940000,1.29320702,45.88658643
87085_1949_00033,rue de Floréal,33,,LM0008,1567503.59500000,5188734.89670000,1.29279223,45.88586418
87085_1949_00034,rue de Floréal,34,,LM0010,1567530.79330000,5188815.99380000,1.29312018,45.88659894
87085_1949_00035,rue de Floréal,35,,LM0008,1567503.31820000,5188745.19720000,1.29278582,45.88595678
87085_1949_00036,rue de Floréal,36,,LM0010,1567521.19990000,5188822.82370000,1.29299472,45.88665853
87085_1949_00037,rue de Floréal,37,,LM0009,1567502.35500000,5188757.11150000,1.29277012,45.88606377
87085_1949_00039,rue de Floréal,39,,LM0009,1567507.03550000,5188756.17960000,1.29283067,45.88605629
87085_1949_00041,rue de Floréal,41,,LM0009,1567513.03430000,5188746.26340000,1.29291067,45.88596825
87085_1949_00043,rue de Floréal,43,,LM0009,1567523.22460000,5188744.45510000,1.29304244,45.88595395
87085_1949_00045,rue de Floréal,45,,LM0009,1567538.33030000,5188795.03770000,1.29322305,45.88641188
87085_1949_00047,rue de Floréal,47,,LM0009,1567532.46900000,5188796.06540000,1.29314726,45.88642000
87085_1949_00049,rue de Floréal,49,,LM0009,1567523.93170000,5188797.53850000,1.29303689,45.88643160
87085_1949_00051,rue de Floréal,51,,LM0009,1567512.95200000,5188784.86610000,1.29289896,45.88631549
87085_1949_00053,rue de Floréal,53,,LM0009,1567515.12260000,5188794.43980000,1.29292427,45.88640203
87085_1949_00055,rue de Floréal,55,,LM0009,1567517.12040000,5188802.19520000,1.29294786,45.88647218
87085_1949_00057,rue de Floréal,57,,LM0009,1567520.10130000,5188809.84630000,1.29298415,45.88654158
87085_1949_00059,rue de Floréal,59,,LM0009,1567518.45240000,5188816.01680000,1.29296121,45.88659677
87085_1965_00002,rue de Fontainebleau,2,,BO0690,1564491.76750000,5184092.09460000,1.25530750,45.84351225
87085_1965_00004,rue de Fontainebleau,4,,BO0692,1564509.48730000,5184097.43650000,1.25553406,45.84356379
87085_1965_00004_b,rue de Fontainebleau,4,b,BO0686,1564530.33650000,5184098.17730000,1.25580221,45.84357457
87085_1965_00006,rue de Fontainebleau,6,,BO0696,1564564.61840000,5184101.18080000,1.25624261,45.84360834
87085_1980_00001,rue de Fontaubert,1,,IN0081,1563278.93380000,5182272.68780000,1.24021459,45.82690561
87085_1980_00002,rue de Fontaubert,2,,IN0476,1563267.25100000,5182278.26030000,1.24006268,45.82695342
87085_1980_00003,rue de Fontaubert,3,,IN0080,1563275.86770000,5182265.12240000,1.24017729,45.82683695
87085_1980_00004,rue de Fontaubert,4,,IN0477,1563263.03070000,5182267.27190000,1.24001151,45.82685373
87085_1980_00005,rue de Fontaubert,5,,IN0079,1563272.82240000,5182256.68270000,1.24014051,45.82676042
87085_1980_00006,rue de Fontaubert,6,,IN0008,1563260.45620000,5182261.07850000,1.23998014,45.82679750
87085_1980_00007,rue de Fontaubert,7,,IN0078,1563268.29970000,5182245.24540000,1.24008557,45.82665664
87085_1980_00009,rue de Fontaubert,9,,IN0077,1563264.63390000,5182236.20580000,1.24004097,45.82657459
87085_1980_00010,rue de Fontaubert,10,,IN0010,1563254.41380000,5182245.57600000,1.23990680,45.82665685
87085_1980_00011,rue de Fontaubert,11,,IN0076,1563260.25710000,5182225.29400000,1.23998775,45.82647556
87085_1980_00012,rue de Fontaubert,12,,IN0383,1563250.51610000,5182236.07250000,1.23985935,45.82657059
87085_1980_00015,rue de Fontaubert,15,,IN0075,1563254.02970000,5182209.43840000,1.23991214,45.82633170
87085_1980_00018,rue de Fontaubert,18,,IN0016,1563241.08710000,5182211.20880000,1.23974510,45.82634505
87085_1980_00019,rue de Fontaubert,19,,IN0041,1563244.46460000,5182184.77040000,1.23979608,45.82610789
87085_1980_00020,rue de Fontaubert,20,,IN0019,1563238.15220000,5182203.90730000,1.23970941,45.82627878
87085_1980_00021,rue de Fontaubert,21,,IN0040,1563240.02330000,5182173.81730000,1.23974205,45.82600848
87085_1980_00022,rue de Fontaubert,22,,IN0022,1563234.73490000,5182195.52650000,1.23966783,45.82620271
87085_1980_00024,rue de Fontaubert,24,,IN0023,1563231.84650000,5182187.55140000,1.23963293,45.82613040
87085_1980_00026,rue de Fontaubert,26,,IN0024,1563229.36450000,5182181.13200000,1.23960282,45.82607216
87085_1980_00027,rue de Fontaubert,27,,IN0039,1563231.79970000,5182152.58910000,1.23964227,45.82581589
87085_1980_00028,rue de Fontaubert,28,,IN0025,1563226.97390000,5182175.49940000,1.23957366,45.82602102
87085_1980_00029,rue de Fontaubert,29,,IN0038,1563225.73520000,5182136.99960000,1.23956867,45.82567444
87085_1980_00030,rue de Fontaubert,30,,IN0028,1563224.33440000,5182168.40220000,1.23954172,45.82595665
87085_1980_00031,rue de Fontaubert,31,,IN0036,1563222.00830000,5182127.47720000,1.23952343,45.82558804
87085_1980_00032,rue de Fontaubert,32,,IN0029,1563220.86170000,5182158.99760000,1.23949971,45.82587136
87085_1980_00034,rue de Fontaubert,34,,IN0031,1563218.47430000,5182152.94050000,1.23947071,45.82581640
87085_1980_00038,rue de Fontaubert,38,,IN0034,1563213.40340000,5182139.96320000,1.23940916,45.82569865
87085_1980_00041,rue de Fontaubert,41,,IN0279,1563198.16290000,5182066.04570000,1.23923409,45.82503069
87085_1980_00043,rue de Fontaubert,43,,IN0278,1563194.39960000,5182056.68040000,1.23918833,45.82494570
87085_1980_00045,rue de Fontaubert,45,,IN0277,1563191.14140000,5182048.12750000,1.23914884,45.82486811
87085_1980_00050,rue de Fontaubert,50,,IN0288,1563184.63210000,5182066.49650000,1.23905986,45.82503205
87085_1980_00051,rue de Fontaubert,51,,IN0276,1563186.42170000,5182035.96680000,1.23909158,45.82475778
87085_1985_00007,rue de Fontaury,7,,CW0165,1564865.70680000,5183805.38210000,1.26020112,45.84100670
87085_1985_00008,rue de Fontaury,8,,DR0024,1564872.22190000,5183811.34930000,1.26028330,45.84106166
87085_1985_00010,rue de Fontaury,10,,DR0023,1564872.58810000,5183817.00850000,1.26028642,45.84111264
87085_1985_00012,rue de Fontaury,12,,DR0022,1564874.19360000,5183832.52120000,1.26030272,45.84125250
87085_1985_00014,rue de Fontaury,14,,DR0021,1564874.98550000,5183844.01000000,1.26030968,45.84135600
87085_1985_00014_bis,rue de Fontaury,14,bis,DR0021,1564875.61950000,5183853.05950000,1.26031530,45.84143753
87085_1985_00014_ter,rue de Fontaury,14,ter,DR0021,1564880.44500000,5183871.27530000,1.26037228,45.84160234
87085_1985_00019,rue de Fontaury,19,,CW0091,1564881.91460000,5183890.74040000,1.26038573,45.84177773
87085_1985_00020,rue de Fontaury,20,,DR0105,1564889.89040000,5183883.30040000,1.26049047,45.84171237
87085_1985_00022,rue de Fontaury,22,,DR0104,1564894.18130000,5183891.77210000,1.26054332,45.84178942
87085_1985_00023,rue de Fontaury,23,,CW0178,1564908.18940000,5183912.45210000,1.26071780,45.84197820
87085_1985_00025,rue de Fontaury,25,,CW0178,1564919.95430000,5183910.55610000,1.26086975,45.84196346
87085_1985_00026,rue de Fontaury,26,,DR0002,1564911.66670000,5183901.16460000,1.26076572,45.84187735
87085_1985_00027,rue de Fontaury,27,,CW0106,1564932.98640000,5183908.47020000,1.26103807,45.84194725
87085_1985_00028,rue de Fontaury,28,,DR0003,1564919.34330000,5183900.02510000,1.26086485,45.84186860
87085_1985_00029,rue de Fontaury,29,,CW0117,1564958.45760000,5183906.37200000,1.26136649,45.84193338
87085_1985_00030,rue de Fontaury,30,,DR0004,1564930.37280000,5183900.14950000,1.26100677,45.84187189
87085_1985_00031,rue de Fontaury,31,,CW0118,1564977.42790000,5183905.80510000,1.26161081,45.84193201
87085_1985_00032,rue de Fontaury,32,,DR0005,1564939.03680000,5183898.94050000,1.26111862,45.84186272
87085_1985_00033,rue de Fontaury,33,,CW0169,1564987.53620000,5183905.94200000,1.26174088,45.84193522
87085_1985_00034,rue de Fontaury,34,,DR0006,1564946.54460000,5183898.52050000,1.26121537,45.84186041
87085_1985_00035,rue de Fontaury,35,,CW0181,1564996.74230000,5183906.30760000,1.26185926,45.84194032
87085_1985_00037,rue de Fontaury,37,,CW0120,1565009.87350000,5183906.76970000,1.26202814,45.84194706
87085_1985_00038,rue de Fontaury,38,,DR0007,1564971.87500000,5183897.02800000,1.26154181,45.84185196
87085_1985_00042,rue de Fontaury,42,,DR0048,1565013.38960000,5183898.34130000,1.26207576,45.84187193
87085_1985_00043,rue de Fontaury,43,,CV0842,1565103.20200000,5183915.01050000,1.26322703,45.84203950
87085_1985_00045,rue de Fontaury,45,,CV1433,1565118.09240000,5183925.97910000,1.26341561,45.84214109
87085_1985_00046,rue de Fontaury,46,,CV0803,1565083.70580000,5183898.31750000,1.26298079,45.84188551
87085_1985_00046_b,rue de Fontaury,46,b,CV0997,5183855.05800000,5183855.05800000,1.26362122,45.84150595
87085_1985_00048,rue de Fontaury,48,,CV0506,1565094.46060000,5183900.80040000,1.26311851,45.84190996
87085_1985_00049,rue de Fontaury,49,,CV1431,1565149.71510000,5183949.34860000,1.26381606,45.84235752
87085_1985_00050,rue de Fontaury,50,,CV0506,1565118.47060000,5183910.59760000,1.26342479,45.84200280
87085_1985_00051,rue de Fontaury,51,,CV0614,1565159.25150000,5183956.58540000,1.26393677,45.84242449
87085_1985_00054,rue de Fontaury,54,,CV0831,1565146.25690000,5183931.11710000,1.26377666,45.84219284
87085_1990_00001,rue de Fontbonne,1,,EP0056,1565742.87330000,5182363.74130000,1.27189337,45.82821007
87085_1990_00003,rue de Fontbonne,3,,EP0057,1565748.59740000,5182353.60350000,1.27196985,45.82812000
87085_1990_00004,rue de Fontbonne,4,,EP0123,1565745.65380000,5182347.29270000,1.27193374,45.82806265
87085_1990_00006,rue de Fontbonne,6,,EP0122,1565754.78760000,5182336.15990000,1.27205438,45.82796429
87085_1990_00007,rue de Fontbonne,7,,EP0059,1565764.11350000,5182337.47360000,1.27217401,45.82797793
87085_1990_00009,rue de Fontbonne,9,,EP0467,1565789.04670000,5182319.86660000,1.27249975,45.82782441
87085_1990_00010,rue de Fontbonne,10,,EP0119,1565775.89960000,5182320.32630000,1.27233045,45.82782598
87085_1990_00014,rue de Fontbonne,14,,EP0118,1565790.09280000,5182310.88300000,1.27251572,45.82774380
87085_1990_00015,rue de Fontbonne,15,,EP0332,1565812.16070000,5182303.68850000,1.27280169,45.82768338
87085_1990_00016,rue de Fontbonne,16,,EP0421,1565803.49370000,5182301.79190000,1.27269069,45.82766463
87085_1990_00017,rue de Fontbonne,17,,EP0079,1565823.13160000,5182292.88800000,1.27294587,45.82758837
87085_1990_00018,rue de Fontbonne,18,,EP0421,1565828.50850000,5182281.87090000,1.27301813,45.82749031
87085_1990_00023,rue de Fontbonne,23,,EP0298,1565842.80350000,5182273.79690000,1.27320432,45.82742047
87085_1990_00026,rue de Fontbonne,26,,EP0331,1565849.64630000,5182238.46600000,1.27330223,45.82710398
87085_1990_00027,rue de Fontbonne,27,,EP0287,1565856.63630000,5182259.62090000,1.27338627,45.82729564
87085_1990_00028,rue de Fontbonne,28,,EP0102,1565843.22250000,5182213.10610000,1.27322665,45.82687460
87085_1990_00031,rue de Fontbonne,31,,EP0099,1565863.52490000,5182219.86870000,1.27348600,45.82693939
87085_1990_00032,rue de Fontbonne,32,,EP0345,1565839.28960000,5182183.24960000,1.27318437,45.82660525
87085_1990_00033,rue de Fontbonne,33,,EP0099,1565865.22550000,5182195.46490000,1.27351469,45.82672020
87085_2011_00034,rue de Fougeras,34,,SX0007,1567750.05540000,5186812.37210000,1.29649661,45.86861735
87085_2011_00040,rue de Fougeras,40,,SX0008,1567902.77500000,5186968.77610000,1.29842015,45.87005367
87085_2011_00044,rue de Fougeras,44,,SX0009,1567934.71380000,5187005.13140000,1.29882144,45.87038685
87085_2011_00095,rue de Fougeras,95,,LT0154,1567804.99000000,5186930.88020000,1.29717138,45.86969397
87085_2116_00001,rue de Furth,1,,NI0232,1561898.86570000,5181459.60080000,1.22269061,45.81931576
87085_2116_00004,rue de Furth,4,,NH0250,1561863.14360000,5181464.66840000,1.22222958,45.81935417
87085_2116_00006,rue de Furth,6,,NH0251,1561847.51600000,5181463.08260000,1.22202898,45.81933677
87085_2116_00007,rue de Furth,7,,NH0245,1561799.56520000,5181465.86210000,1.22141127,45.81935214
87085_2116_00008,rue de Furth,8,,NH0252,1561824.92350000,5181464.80780000,1.22173782,45.81934775
87085_2116_00009,rue de Furth,9,,NH0246,1561772.88350000,5181482.59230000,1.22106320,45.81949728
87085_2116_00010,rue de Furth,10,,NH0253,1561805.27450000,5181474.73420000,1.22148218,45.81943310
87085_2116_00011,rue de Furth,11,,NH0234,1561750.17660000,5181496.90650000,1.22076695,45.81962148
87085_2116_00012,rue de Furth,12,,NH0254,1561785.46790000,5181487.09480000,1.22122381,45.81954031
87085_2116_00014,rue de Furth,14,,NH0159,1561709.06980000,5181525.04520000,1.22023000,45.81986633
87085_2116_00015,rue de Furth,15,,NH0402,1561705.70280000,5181513.10390000,1.22019012,45.81975824
87085_2116_00016,rue de Furth,16,,NH0156,1561674.43160000,5181524.49160000,1.21978452,45.81985439
87085_2116_00017,rue de Furth,17,,NH0402,1561685.81330000,5181513.16000000,1.21993421,45.81975475
87085_2116_00018,rue de Furth,18,,NH0403,1561605.27950000,5181509.34720001,1.21889921,45.81970425
87085_2116_00019,rue de Furth,19,,NH0402,1561668.04560000,5181512.92390000,1.21970569,45.81974905
87085_2116_00020,rue de Furth,20,,NH0400,1561585.57300000,5181503.74700000,1.21864729,45.81964991
87085_2116_00021,rue de Furth,21,,NH0402,1561654.57910000,5181511.54560000,1.21953284,45.81973394
87085_2116_00022,rue de Furth,22,,NH0400,1561553.81280000,5181503.39840000,1.21823878,45.81964038
87085_2116_00023,rue de Furth,23,,NH0400,1561636.84670000,5181508.14900000,1.21930568,45.81969982
87085_2116_00024,rue de Furth,24,,NH0403,1561555.32490000,5181515.21920000,1.21825483,45.81974702
87085_2116_00025,rue de Furth,25,,NH0400,1561627.63610000,5181505.87540000,1.21918783,45.81967752
87085_2116_00026,rue de Furth,26,,NH0403,1561555.25910000,5181519.56860000,1.21825273,45.81978613
87085_2116_00027,rue de Furth,27,,NH0400,1561619.15760000,5181503.56700000,1.21907942,45.81965505
87085_2116_00028,rue de Furth,28,,NH0403,1561546.13830000,5181517.31660000,1.21813604,45.81976404
87085_2116_00029,rue de Furth,29,,NH0400,1561613.06510000,5181501.51160000,1.21900163,45.81963533
87085_2116_00030,rue de Furth,30,,NH0403,1561546.42190000,5181514.88700000,1.21814039,45.81974224
87085_2116_00031,rue de Furth,31,,NH0400,1561607.23100000,5181500.09780000,1.21892698,45.81962144
87085_2116_00032,rue de Furth,32,,NH0400,1561547.85670000,5181504.76150000,1.21816176,45.81965144
87085_2116_00033,rue de Furth,33,,NH0400,1561603.89100000,5181499.19330000,1.21888427,45.81961263
87085_2116_00034,rue de Furth,34,,NH0400,1561517.55680000,5181497.42250000,1.21777405,45.81957933
87085_2116_00035,rue de Furth,35,,NH0400,1561600.07280000,5181497.98070000,1.21883549,45.81960095
87085_2116_00036,rue de Furth,36,,NH0403,1561516.67690000,5181513.61170000,1.21775807,45.81972478
87085_2116_00037,rue de Furth,37,,NH0400,1561595.96600000,5181496.80150000,1.21878300,45.81958952
87085_2116_00038,rue de Furth,38,,NH0403,1561516.80940000,5181517.45380000,1.21775867,45.81975937
87085_2116_00039,rue de Furth,39,,NH0400,1561592.02380000,5181495.77520000,1.21873257,45.81957950
87085_2116_00040,rue de Furth,40,,NH0403,1561507.69030000,5181515.40410000,1.21764194,45.81973909
87085_2116_00041,rue de Furth,41,,NH0400,1561587.79480000,5181494.65030000,1.21867849,45.81956853
87085_2116_00042,rue de Furth,42,,NH0403,1561507.65490000,5181511.05540000,1.21764274,45.81969997
87085_2116_00043,rue de Furth,43,,NH0400,1561566.72750000,5181490.87710000,1.21840854,45.81953034
87085_2116_00044,rue de Furth,44,,NH0400,1561509.99170000,5181499.91130000,1.21767601,45.81960019
87085_2116_00045,rue de Furth,45,,NH0400,1561551.43770000,5181488.67520000,1.21821246,45.81950746
87085_2116_00046,rue de Furth,46,,NH0403,1561479.90780000,5181494.28980000,1.21729059,45.81954357
87085_2116_00047,rue de Furth,47,,NH0400,1561543.13830000,5181487.93360000,1.21810590,45.81949912
87085_2116_00048,rue de Furth,48,,NH0403,1561478.61040000,5181508.86420000,1.21726970,45.81967441
87085_2116_00049,rue de Furth,49,,NH0400,1561533.82350000,5181486.69460000,1.21798642,45.81948610
87085_2116_00050,rue de Furth,50,,NH0403,1561478.54470000,5181513.21370000,1.21726760,45.81971352
87085_2116_00051,rue de Furth,51,,NH0400,1561524.30800000,5181485.65930000,1.21786430,45.81947487
87085_2116_00052,rue de Furth,52,,NH0403,1561469.62460000,5181510.75780000,1.21715355,45.81968963
87085_2116_00053,rue de Furth,53,,NH0400,1561512.26030000,5181484.13900000,1.21770974,45.81945877
87085_2116_00054,rue de Furth,54,,NH0403,1561469.58430000,5181505.80230000,1.21715445,45.81964505
87085_2116_00055,rue de Furth,55,,NH0400,1561504.86950000,5181483.18780000,1.21761492,45.81944872
87085_2116_00056,rue de Furth,56,,NH0403,1561471.21630000,5181495.06840000,1.21717854,45.81954882
87085_2116_00057,rue de Furth,57,,NH0400,1561493.12750000,5181481.96840000,1.21746421,45.81943539
87085_2116_00059,rue de Furth,59,,NH0400,1561481.68410000,5181480.13980000,1.21731751,45.81941664
87085_2116_00061,rue de Furth,61,,NH0403,1561471.35710000,5181478.80780000,1.21718504,45.81940257
87085_1510_00002,rue Degas,2,,SP0175,1565836.43880000,5185004.76380000,1.27236008,45.85198595
87085_1510_00003,rue Degas,3,,CM0427,1565737.12910000,5184996.18570000,1.27108405,45.85188940
87085_1510_00004,rue Degas,4,,SP0176,1565828.73840000,5185026.41310000,1.27225490,45.85217920
87085_1510_00005,rue Degas,5,,CM0428,1565731.17810000,5185014.89780000,1.27100222,45.85205656
87085_1510_00006,rue Degas,6,,SP0174,1565802.20580000,5185029.12210000,1.27191259,45.85219839
87085_1510_00007,rue Degas,7,,CM0429,1565715.04330000,5185029.16350000,1.27079053,45.85218174
87085_1510_00008,rue Degas,8,,SP0172,1565784.52300000,5185022.53990000,1.27168680,45.85213573
87085_1510_00009,rue Degas,9,,CM0430,1565705.62500000,5185034.21570000,1.27066787,45.85222535
87085_1510_00010,rue Degas,10,,SP0171,1565767.11670000,5185016.25150000,1.27146448,45.85207576
87085_1510_00011,rue Degas,11,,CM0431,1565693.98080000,5185039.52950000,1.27051649,45.85227087
87085_1510_00012,rue Degas,12,,SP0170,1565746.40730000,5185046.05950000,1.27118956,45.85233986
87085_1510_00014,rue Degas,14,,SP0169,1565739.07770000,5185066.92550000,1.27108937,45.85252613
87085_1510_00016,rue Degas,16,,SP0165,1565691.95230000,5185083.49290000,1.27047808,45.85266596
87085_1510_00018,rue Degas,18,,SP0164,1565683.19420000,5185106.95570000,1.27035878,45.85287531
87085_1510_00019,rue Degas,19,,CM0484,1565658.59320000,5185062.11950000,1.27005462,45.85246717
87085_1510_00020,rue Degas,20,,SP0161,1565640.75490000,5185116.08910000,1.26980989,45.85294917
87085_1510_00021,rue Degas,21,,CM0485,1565647.71180000,5185070.70120000,1.26991214,45.85254224
87085_1510_00022,rue Degas,22,,SP0162,1565631.44840000,5185141.36010000,1.26968302,45.85317468
87085_1510_00023,rue Degas,23,,CM0486,1565637.42440000,5185079.61870000,1.26977722,45.85262045
87085_1510_00024,rue Degas,24,,SP0157,1565586.08700000,5185154.61160000,1.26909536,45.85328502
87085_1510_00026,rue Degas,26,,SP0156,1565578.08160000,5185177.13890000,1.26898600,45.85348610
87085_1510_00028,rue Degas,28,,SP0155,1565569.26510000,5185201.28080000,1.26886574,45.85370155
87085_1510_00030,rue Degas,30,,SP0154,1565560.76790000,5185224.28300000,1.26874992,45.85390680
87085_1510_00032,rue Degas,32,,SP0153,1565552.08450000,5185247.52820000,1.26863162,45.85411421
87085_1510_00034,rue Degas,34,,SP0197,1565563.88530000,5185269.93830000,1.26877727,45.85431811
87085_1510_00050,rue Degas,50,,SP0026,1565474.30010000,5185353.71170000,1.26760052,45.85505418
87085_1510_00052,rue Degas,52,,SP0026,1565470.59590000,5185358.87110000,1.26755139,45.85509986
87085_1510_00055,rue Degas,55,,CM0061,1565462.10870000,5185347.90020000,1.26744520,45.85499951
87085_1510_00057,rue Degas,57,,CM0060,1565455.34540000,5185358.37780000,1.26735520,45.85509244
87085_2176_00006,rue de Gâte-Soleil,6,,SI0053,1557748.77590000,5185777.61170000,1.16802111,45.85731210
87085_2176_00016,rue de Gâte-Soleil,16,,SI0054,1557645.29720000,5185883.54740000,1.16665753,45.85824360
87085_2176_00017,rue de Gâte-Soleil,17,,RK0045,1557654.52660000,5185867.66070000,1.16678106,45.85810261
87085_2176_00018,rue de Gâte-Soleil,18,,SI0055,1557627.00000000,5185895.77390000,1.16641835,45.85834979
87085_2176_00019,rue de Gâte-Soleil,19,,RK0044,1557622.40530000,5185889.06490000,1.16636118,45.85828849
87085_2176_00020,rue de Gâte-Soleil,20,,SI0150,1557617.83220000,5185903.17940000,1.16629813,45.85841451
87085_2176_00022,rue de Gâte-Soleil,22,,SI0139,1557586.39450000,5185924.40560000,1.16588710,45.85859893
87085_2176_00023,rue de Gâte-Soleil,23,,RK0022,1557576.35810000,5185923.10770000,1.16575827,45.85858518
87085_2176_00024,rue de Gâte-Soleil,24,,SI0139,1557571.65900000,5185935.68690000,1.16569404,45.85869736
87085_2176_00025,rue de Gâte-Soleil,25,,RK0029,1557561.01210000,5185935.93360000,1.16555690,45.85869737
87085_2176_00028,rue de Gâte-Soleil,28,,SI0061,1557545.08560000,5185960.15460000,1.16534467,45.85891195
87085_2176_00030,rue de Gâte-Soleil,30,,SI0062,1557522.61000000,5185978.07360000,1.16505000,45.85906848
87085_2176_00032,rue de Gâte-Soleil,32,,SI0103,1557516.43040000,5185966.97190000,1.16497374,45.85896733
87085_2176_00034,rue de Gâte-Soleil,34,,SI0102,1557504.53870000,5185966.83940000,1.16482068,45.85896367
87085_2176_00038,rue de Gâte-Soleil,38,,SI0078,1557475.19810000,5185979.38470000,1.16443921,45.85907044
87085_2176_00042,rue de Gâte-Soleil,42,,SI0080,1557445.18740000,5186026.81230000,1.16403877,45.85949084
87085_2176_00043,rue de Gâte-Soleil,43,,SI0070,1557389.58600000,5185875.07140000,1.16336799,45.85811435
87085_2176_00045,rue de Gâte-Soleil,45,,SI0071,1557370.18040000,5185883.97150000,1.16311552,45.85819039
87085_2176_00047,rue de Gâte-Soleil,47,,SI0072,1557393.06570000,5185901.92090000,1.16340482,45.85835660
87085_2176_00048,rue de Gâte-Soleil,48,,SI0115,1557439.61920000,5186044.26860000,1.16396190,45.85964671
87085_2176_00049,rue de Gâte-Soleil,49,,SI0073,1557406.28610000,5185929.76310000,1.16356675,45.85860979
87085_2176_00050,rue de Gâte-Soleil,50,,SI0081,1557432.99790000,5186006.98010000,1.16388772,45.85930992
87085_2176_00051,rue de Gâte-Soleil,51,,SI0074,1557419.71470000,5185958.97810000,1.16373096,45.85887537
87085_2187_00005,rue de Gemini,5,,SX0016,1567655.41930000,5186102.04810000,1.29547376,45.86220931
87085_2187_00012,rue de Gemini,12,,SX0134,1567793.13440000,5186155.41870000,1.29723222,45.86271592
87085_2187_00015,rue de Gemini,15,,SX0072,1567847.92970000,5186198.05980000,1.29792601,45.86311004
87085_2246_00001,rue de Germinal,1,,LP0002,1567489.71830000,5188569.03330000,1.29265929,45.88436946
87085_2246_00002,rue de Germinal,2,,LM0006,1567482.94770000,5188580.76330000,1.29256884,45.88447367
87085_2246_00003,rue de Germinal,3,,LP0002,1567487.42250000,5188558.42460000,1.29263264,45.88427359
87085_2246_00004,rue de Germinal,4,,LM0006,1567480.39570000,5188568.13480000,1.29253945,45.88435958
87085_2246_00005,rue de Germinal,5,,LP0002,1567485.54140000,5188549.25040000,1.29261095,45.88419070
87085_2246_00006,rue de Germinal,6,,LM0006,1567473.15360000,5188544.90230000,1.29245259,45.88414919
87085_2246_00007,rue de Germinal,7,,LP0002,1567489.18180000,5188539.39600000,1.29266056,45.88410275
87085_2246_00008,rue de Germinal,8,,LM0006,1567465.64300000,5188544.03450000,1.29235608,45.88413994
87085_2246_00009,rue de Germinal,9,,LP0002,1567493.01260000,5188530.85240000,1.29271226,45.88402663
87085_2246_00010,rue de Germinal,10,,LM0006,1567454.68280000,5188542.53930000,1.29221532,45.88412437
87085_2246_00011,rue de Germinal,11,,LP0002,1567490.35990000,5188520.93240000,1.29268083,45.88393689
87085_2246_00012,rue de Germinal,12,,LP0001,1567448.87300000,5188535.08820000,1.29214255,45.88405622
87085_2246_00014,rue de Germinal,14,,LP0001,1567456.73930000,5188533.51570000,1.29224431,45.88404360
87085_2246_00015,rue de Germinal,15,,LP0001,1567481.28710000,5188528.65370000,1.29256184,45.88400459
87085_2246_00016,rue de Germinal,16,,LP0001,1567463.83260000,5188532.13700000,1.29233605,45.88403256
87085_2246_00018,rue de Germinal,18,,LP0001,1567473.08820000,5188530.28460000,1.29245578,45.88401768
87085_2275_00001,rue de Gorre,1,,DX0165,1564668.90220000,5182657.97190000,1.25799119,45.83064637
87085_2275_00003,rue de Gorre,3,,DX0165,1564661.47530000,5182664.76130000,1.25789371,45.83070598
87085_2275_00004,rue de Gorre,4,,DX0041,1564666.53120000,5182667.06040000,1.25795812,45.83072766
87085_2275_00005,rue de Gorre,5,,DX0166,1564648.13540000,5182670.00910000,1.25772057,45.83075056
87085_2275_00006,rue de Gorre,6,,DX0039,1564659.58330000,5182670.61490000,1.25786772,45.83075827
87085_2275_00008,rue de Gorre,8,,DX0558,1564654.65630000,5182672.21980000,1.25780386,45.83077173
87085_2275_00010,rue de Gorre,10,,DX0467,1564649.78330000,5182674.88460000,1.25774041,45.83079475
87085_2288_00002,rue de Goupilloux,2,,ND0013,1566836.49750000,5192635.38200000,1.28311620,45.92082227
87085_2288_00003_b,rue de Goupilloux,3,b,ND0193,1566815.56130000,5192653.14550000,1.28284140,45.92097800
87085_2288_00004,rue de Goupilloux,4,,ND0071,1566809.26990000,5192691.33690000,1.28274971,45.92132033
87085_2288_00005,rue de Goupilloux,5,,ND0155,1566805.35390000,5192673.98350000,1.28270406,45.92116347
87085_2288_00006,rue de Goupilloux,6,,ND0070,1566793.22600000,5192724.83400000,1.28253360,45.92161855
87085_2288_00007,rue de Goupilloux,7,,ND0156,1566795.37930000,5192696.58330000,1.28256921,45.92136483
87085_2288_00007_b,rue de Goupilloux,7,b,ND0157,1566782.46760000,5192723.88840000,1.28239520,45.92160795
87085_2288_00009,rue de Goupilloux,9,,ND0158,1566774.65420000,5192740.56850000,1.28228985,45.92175648
87085_2288_00011,rue de Goupilloux,11,,ND0130,1566753.56110000,5192781.63920000,1.28200656,45.92212184
87085_2288_00013,rue de Goupilloux,13,,ND0129,1566746.17450000,5192800.38360000,1.28190614,45.92228903
87085_2288_00015,rue de Goupilloux,15,,ND0129,1566741.80890000,5192809.90860000,1.28184722,45.92237386
87085_2288_00022,rue de Goupilloux,22,,KW0105,1566582.72310000,5192990.54710000,1.27974640,45.92396791
87085_2288_00023,rue de Goupilloux,23,,ND0008,1566663.02570000,5192923.34370000,1.28080018,45.92337898
87085_2288_00024,rue de Goupilloux,24,,KW0106,1566550.78970000,5193008.95700000,1.27932966,45.92412731
87085_2288_00025,rue de Goupilloux,25,,ND0007,1566642.24200000,5192937.62950000,1.28052831,45.92350345
87085_2288_00027,rue de Goupilloux,27,,ND0005,1566615.25970000,5192956.18240000,1.28017536,45.92366510
87085_2288_00029,rue de Goupilloux,29,,ND0004,1566595.20490000,5192969.91230000,1.27991303,45.92378471
87085_2288_00032,rue de Goupilloux,32,,KW0035,1566462.74390000,5193048.35680000,1.27818378,45.92446461
87085_2288_00035,rue de Goupilloux,35,,KW0130,1566504.81320000,5193013.91450000,1.27873565,45.92416296
87085_2288_00037,rue de Goupilloux,37,,KW0131,1566480.70440000,5193025.11070000,1.27842177,45.92425899
87085_2288_00038,rue de Goupilloux,38,,KW0043,1566415.20000000,5193085.96040000,1.27756047,45.92479363
87085_2288_00040,rue de Goupilloux,40,,KW0044,1566402.08600000,5193096.51720000,1.27738848,45.92488604
87085_2288_00042,rue de Goupilloux,42,,KW0045,1566386.58130000,5193106.17670000,1.27718593,45.92496991
87085_2288_00043,rue de Goupilloux,43,,KW0108,1566427.30780000,5193064.41200000,1.27772254,45.92460214
87085_2288_00045,rue de Goupilloux,45,,KW0047,1566410.55270000,5193078.11500000,1.27750275,45.92472215
87085_2288_00046,rue de Goupilloux,46,,KW0041,1566356.86870000,5193127.13520000,1.27679700,45.92515300
87085_2288_00049,rue de Goupilloux,49,,KW0049,1566383.94450000,5193097.58150000,1.27715434,45.92489208
87085_2288_00053,rue de Goupilloux,53,,KW0129,1566368.25060000,5193106.50920000,1.27694956,45.92496934
87085_2288_00055,rue de Goupilloux,55,,KW0127,1566365.51870000,5193108.73150000,1.27691373,45.92498879
87085_0067_00001,rue de l'Aixette,1,,OO0024,1561311.33270000,5181832.29530000,1.21502433,45.82255012
87085_0067_00003,rue de l'Aixette,3,,OO0023,1561308.01770000,5181846.00010000,1.21497773,45.82267274
87085_0067_00005,rue de l'Aixette,5,,OO0022,1561304.91700000,5181858.83980000,1.21493413,45.82278761
87085_0067_00007,rue de l'Aixette,7,,OO0021,1561301.30770000,5181873.90230000,1.21488335,45.82292238
87085_0067_00009,rue de l'Aixette,9,,OO0020,1561298.20000000,5181886.03800000,1.21483987,45.82303092
87085_0067_00011,rue de l'Aixette,11,,OO0019,1561294.83660000,5181900.25490000,1.21479249,45.82315813
87085_0067_00013,rue de l'Aixette,13,,OO0018,1561290.79080000,5181917.04560000,1.21473559,45.82330835
87085_0067_00015,rue de l'Aixette,15,,OO0016,1561271.90180000,5181934.07470000,1.21448765,45.82345773
87085_0067_00017,rue de l'Aixette,17,,OO0014,1561274.86040000,5181944.15790000,1.21452281,45.82354903
87085_0067_00019,rue de l'Aixette,19,,OO0013,1561286.68010000,5181944.21060000,1.21467487,45.82355189
87085_0140_00001,rue de l'Alma,1,,CT1302,1565823.54560000,5184190.27550000,1.27242156,45.84465662
87085_0140_00005,rue de l'Alma,5,,CT1304,1565829.10780000,5184210.11270000,1.27248761,45.84483616
87085_0140_00006,rue de l'Alma,6,,CT1366,1565841.11950000,5184206.88930000,1.27264312,45.84480950
87085_0140_00007,rue de l'Alma,7,,CT0854,1565832.71400000,5184222.77250000,1.27253050,45.84495074
87085_0140_00008,rue de l'Alma,8,,CT1364,1565843.76010000,5184217.01540000,1.27267428,45.84490111
87085_0140_00009,rue de l'Alma,9,,CT1306,1565836.07160000,5184235.18260000,1.27257025,45.84506303
87085_0140_00011,rue de l'Alma,11,,CT1308,1565839.31360000,5184247.50220000,1.27260854,45.84517449
87085_0140_00012,rue de l'Alma,12,,None,1565847.65620000,5184234.22750000,1.27271963,45.84505670
87085_0140_00013,rue de l'Alma,13,,CT0910,1565842.32450000,5184258.82370000,1.27264413,45.84527692
87085_0140_00014,rue de l'Alma,14,,CT1360,1565853.39310000,5184251.49650000,1.27278865,45.84521317
87085_0140_00015,rue de l'Alma,15,,CT1310,1565845.27080000,5184269.33150000,1.27267912,45.84537202
87085_0140_00016,rue de l'Alma,16,,CT1358,1565857.90040000,5184266.88990000,1.27284237,45.84535252
87085_0140_00017,rue de l'Alma,17,,CT1312,1565847.91160000,5184279.26930000,1.27271034,45.84546193
87085_0140_00018,rue de l'Alma,18,,CT1356,1565860.99390000,5184278.90130000,1.27287883,45.84546117
87085_0140_00018_bis,rue de l'Alma,18,bis,CT0870,1565862.67430000,5184285.37120000,1.27289865,45.84551970
87085_0140_00019,rue de l'Alma,19,,CT0768,1565851.08610000,5184290.61890000,1.27274803,45.84556465
87085_0140_00020,rue de l'Alma,20,,CT1354,1565864.40160000,5184292.77040000,1.27291882,45.84558660
87085_0140_00021,rue de l'Alma,21,,CT0769,1565853.85260000,5184301.21460000,1.27278068,45.84566050
87085_0140_00022,rue de l'Alma,22,,CT0841,1565867.19330000,5184301.82330000,1.27295223,45.84566858
87085_0140_00023,rue de l'Alma,23,,CT1314,1565856.36440000,5184310.16850000,1.27281051,45.84574154
87085_0140_00024,rue de l'Alma,24,,CT1352,1565870.25270000,5184312.61620000,1.27298859,45.84576626
87085_0140_00025,rue de l'Alma,25,,CT1316,1565859.36070000,5184319.97540000,1.27284634,45.84583034
87085_0140_00026,rue de l'Alma,26,,CT1348,1565874.06980000,5184326.98170000,1.27303372,45.84589624
87085_0140_00027,rue de l'Alma,27,,CT1318,1565861.88780000,5184329.65070000,1.27287617,45.84591787
87085_0140_00028,rue de l'Alma,28,,CT1346,1565876.50550000,5184335.94860000,1.27306257,45.84597737
87085_0140_00029,rue de l'Alma,29,,CT1320,1565864.20280000,5184338.56030000,1.27290348,45.84599847
87085_0140_00030,rue de l'Alma,30,,CT1344,1565879.39310000,5184346.52140000,1.27309678,45.84607305
87085_0140_00031,rue de l'Alma,31,,CT1322,1565867.16610000,5184349.63780000,1.27293853,45.84609869
87085_0140_00032,rue de l'Alma,32,,CT1342,1565882.47110000,5184357.47270000,1.27313335,45.84617216
87085_0140_00033,rue de l'Alma,33,,CT1324,1565869.26620000,5184357.39740000,1.27296340,45.84616891
87085_0140_00034,rue de l'Alma,34,,CT0884,1565886.04130000,5184369.81270000,1.27317586,45.84628386
87085_0140_00035,rue de l'Alma,35,,CT0932,1565872.08850000,5184366.96750000,1.27299705,45.84625555
87085_0140_00036,rue de l'Alma,36,,CT0776,1565889.35090000,5184381.98260000,1.27321506,45.84639398
87085_0140_00037,rue de l'Alma,37,,CT1326,1565873.35270000,5184372.40340000,1.27301181,45.84630469
87085_0140_00039,rue de l'Alma,39,,CT1328,1565875.71340000,5184380.18620000,1.27304002,45.84637516
87085_0140_00040,rue de l'Alma,40,,CT0643,1565898.69780000,5184415.78460000,1.27332594,45.84669988
87085_0140_00041,rue de l'Alma,41,,CT1465,1565878.10580000,5184389.41110000,1.27306824,45.84645861
87085_0140_00042,rue de l'Alma,42,,CT1340,1565901.11470000,5184423.47900000,1.27335490,45.84676956
87085_0140_00044,rue de l'Alma,44,,CT1338,1565903.77580000,5184433.78080000,1.27338628,45.84686275
87085_0140_00045,rue de l'Alma,45,,CT1158,1565889.02330000,5184429.19600000,1.27319767,45.84681863
87085_0140_00049,rue de l'Alma,49,,CT1330,1565897.05090000,5184455.60470000,1.27329363,45.84705776
87085_0140_00051,rue de l'Alma,51,,CT1332,1565899.67780000,5184465.30890000,1.27332473,45.84714557
87085_0140_00053,rue de l'Alma,53,,CT1334,1565903.32100000,5184478.53190000,1.27336793,45.84726523
87085_0180_00002,rue de l'Amphithéâtre,2,,DK0044,1564217.39570000,5182738.27840000,1.25215849,45.83127978
87085_0180_00006,rue de l'Amphithéâtre,6,,DK0042,1564205.87150000,5182730.50580000,1.25201239,45.83120758
87085_0180_00008,rue de l'Amphithéâtre,8,,DK0046,1564197.16190000,5182725.09740000,1.25190184,45.83115721
87085_0180_00010,rue de l'Amphithéâtre,10,,DK0108,1564187.55560000,5182718.61200000,1.25178006,45.83109697
87085_0180_00012,rue de l'Amphithéâtre,12,,DK0108,1564178.80860000,5182713.11720000,1.25166905,45.83104582
87085_0180_00014,rue de l'Amphithéâtre,14,,DK0108,1564169.00580000,5182706.53740000,1.25154477,45.83098469
87085_0180_00016,rue de l'Amphithéâtre,16,,DK0062,1564161.65930000,5182701.52780000,1.25145165,45.83093818
87085_0180_00016_bis,rue de l'Amphithéâtre,16,bis,DK0106,1564153.59300000,5182721.33930000,1.25134225,45.83111480
87085_0180_00016_t,rue de l'Amphithéâtre,16,t,DK0063,1564149.67720000,5182715.94179999,1.25129339,45.83106547
87085_0180_00020,rue de l'Amphithéâtre,20,,DK0066,1564148.67530000,5182705.11690000,1.25128355,45.83096790
87085_0180_00022,rue de l'Amphithéâtre,22,,DK0065,1564154.06670000,5182696.66650000,1.25135532,45.83089295
87085_0180_00024,rue de l'Amphithéâtre,24,,DK0067,1564148.60280000,5182693.11240000,1.25128601,45.83085990
87085_0180_00026,rue de l'Amphithéâtre,26,,DK0068,1564142.34170000,5182688.81180000,1.25120666,45.83081997
87085_0180_00030,rue de l'Amphithéâtre,30,,DK0070,1564129.09570000,5182680.25960000,1.25103862,45.83074043
87085_0180_00032,rue de l'Amphithéâtre,32,,DK0071,1564120.77160000,5182674.71710000,1.25093308,45.83068892
87085_0180_00034,rue de l'Amphithéâtre,34,,DK0072,1564111.86760000,5182668.94000000,1.25082013,45.83063520
87085_0180_00038,rue de l'Amphithéâtre,38,,DK0099,1564087.60840000,5182653.91040000,1.25051221,45.83049520
87085_0180_00040,rue de l'Amphithéâtre,40,,DK0100,1564081.03420000,5182649.70390000,1.25042880,45.83045606
87085_0196_00001,rue de l'Ancienne Ecole Normale d'Instituteurs,1,,EY0040,1566144.41820000,5181075.23670000,1.27741892,45.81669741
87085_0196_00002,rue de l'Ancienne Ecole Normale d'Instituteurs,2,,EY0050,1566142.01850000,5181066.55880000,1.27739046,45.81661888
87085_0196_00003,rue de l'Ancienne Ecole Normale d'Instituteurs,3,,EY0040,1566169.69990000,5181069.10470000,1.27774588,45.81664717
87085_0196_00006,rue de l'Ancienne Ecole Normale d'Instituteurs,6,,EY0052,1566178.02390000,5181057.33340000,1.27785624,45.81654290
87085_0196_00006_a,rue de l'Ancienne Ecole Normale d'Instituteurs,6,a,EY0052,1566181.08140000,5181049.30620000,1.27789781,45.81647128
87085_0196_00006_b,rue de l'Ancienne Ecole Normale d'Instituteurs,6,b,EY0052,1566164.57930000,5181012.16160000,1.27769584,45.81613393
87085_0196_00007,rue de l'Ancienne Ecole Normale d'Instituteurs,7,,EY0294,1566215.93990000,5181055.29030000,1.27834459,45.81653189
87085_0196_00007_b,rue de l'Ancienne Ecole Normale d'Instituteurs,7,b,EY0294,1566221.73420000,5181052.71060000,1.27841985,45.81650981
87085_0196_00008,rue de l'Ancienne Ecole Normale d'Instituteurs,8,,EY0136,1566196.19380000,5181049.76300000,1.27809210,45.81647833
87085_0196_00009,rue de l'Ancienne Ecole Normale d'Instituteurs,9,,EY0159,1566235.96120000,5181045.94280000,1.27860476,45.81645170
87085_0196_00010,rue de l'Ancienne Ecole Normale d'Instituteurs,10,,EY0163,1566210.26910000,5181043.63690000,1.27827488,45.81642596
87085_0196_00010_a,rue de l'Ancienne Ecole Normale d'Instituteurs,10,a,EY0055,1566187.03250000,5181007.11470000,1.27798610,45.81609290
87085_0196_00010_b,rue de l'Ancienne Ecole Normale d'Instituteurs,10,b,EY0056,1566183.45530000,5180995.53420000,1.27794330,45.81598803
87085_0196_00010_c,rue de l'Ancienne Ecole Normale d'Instituteurs,10,c,EY0057,1566179.31660000,5180978.71780000,1.27789474,45.81583595
87085_0196_00012,rue de l'Ancienne Ecole Normale d'Instituteurs,12,,EY0165,1566226.99750000,5181036.02310000,1.27849221,45.81636072
87085_0196_00016,rue de l'Ancienne Ecole Normale d'Instituteurs,16,,EY0169,1566252.93860000,5181023.50930000,1.27882941,45.81625320
87085_0196_00018,rue de l'Ancienne Ecole Normale d'Instituteurs,18,,EY0262,1566270.49410000,5181014.29390000,1.27905782,45.81617371
87085_0196_00022,rue de l'Ancienne Ecole Normale d'Instituteurs,22,,EY0118,1566339.62930000,5180975.49030000,1.27995802,45.81583808
87085_0196_00024,rue de l'Ancienne Ecole Normale d'Instituteurs,24,,EY0119,1566352.08380000,5180954.13920000,1.28012418,45.81564844
87085_0196_00026,rue de l'Ancienne Ecole Normale d'Instituteurs,26,,SZ0003,1566376.94850000,5180966.80930000,1.28044053,45.81576724
87085_0196_00031,rue de l'Ancienne Ecole Normale d'Instituteurs,31,,EY0183,1566431.71850000,5181015.18010000,1.28113170,45.81621301
87085_0196_00033,rue de l'Ancienne Ecole Normale d'Instituteurs,33,,EY0183,1566451.75020000,5181032.99910000,1.28138446,45.81637719
87085_0196_00039,rue de l'Ancienne Ecole Normale d'Instituteurs,39,,SZ0030,1566502.01610000,5181062.74160000,1.28202287,45.81665450
87085_0196_00045,rue de l'Ancienne Ecole Normale d'Instituteurs,45,,SZ0032,1566571.02160000,5181101.11870000,1.28289998,45.81701311
87085_0196_00047,rue de l'Ancienne Ecole Normale d'Instituteurs,47,,SZ0135,1566591.01540000,5181113.07520000,1.28315388,45.81712455
87085_0196_00053,rue de l'Ancienne Ecole Normale d'Instituteurs,53,,SZ0231,1566649.40980000,5181131.53970000,1.28390001,45.81730197
87085_0196_00055,rue de l'Ancienne Ecole Normale d'Instituteurs,55,,SZ0188,1566736.74120000,5181156.64970000,1.28501658,45.81754478
87085_0196_00064,rue de l'Ancienne Ecole Normale d'Instituteurs,64,,SZ0027,1566688.05630000,5181128.55230000,1.28439803,45.81728259
87085_0196_00066,rue de l'Ancienne Ecole Normale d'Instituteurs,66,,SZ0026,1566708.21810000,5181134.24900000,1.28465584,45.81733774
87085_0196_00068,rue de l'Ancienne Ecole Normale d'Instituteurs,68,,SZ0023,1566726.85380000,5181139.26270000,1.28489420,45.81738645
87085_0196_00070,rue de l'Ancienne Ecole Normale d'Instituteurs,70,,SZ0021,1566743.51580000,5181144.06670000,1.28510722,45.81743290
87085_0196_00073,rue de l'Ancienne Ecole Normale d'Instituteurs,73,,SZ0108,1566858.22470000,5181217.88020000,1.28656300,45.81811900
87085_0196_00078,rue de l'Ancienne Ecole Normale d'Instituteurs,78,,SZ0015,1566809.10920000,5181168.14090000,1.28594443,45.81766216
87085_0265_00001,rue de l'Argonne,1,,BH0207,1563503.23680000,5183686.91300000,1.24269919,45.83967189
87085_0265_00004,rue de l'Argonne,4,,BH0223,1563514.20960000,5183694.28320000,1.24283831,45.83974037
87085_0265_00005,rue de l'Argonne,5,,BH0209,1563489.46960000,5183700.86210000,1.24251804,45.83979464
87085_0265_00006,rue de l'Argonne,6,,BH0222,1563503.71850000,5183705.12770000,1.24270021,45.83983584
87085_0265_00007,rue de l'Argonne,7,,BH0210,1563483.43240000,5183707.05530000,1.24243858,45.83984915
87085_0265_00008,rue de l'Argonne,8,,BH0221,1563497.08020000,5183712.24330000,1.24261276,45.83989853
87085_0265_00009,rue de l'Argonne,9,,BH0211,1563476.51320000,5183714.46900000,1.24234742,45.83991447
87085_0265_00010,rue de l'Argonne,10,,BH0220,1563490.88810000,5183718.07740000,1.24253141,45.83994978
87085_0265_00011,rue de l'Argonne,11,,BH0212,1563468.42670000,5183722.47230000,1.24224107,45.83998486
87085_0265_00012,rue de l'Argonne,12,,BH0219,1563484.02730000,5183725.45980000,1.24244101,45.84001483
87085_0265_00013,rue de l'Argonne,13,,BH0213,1563461.30850000,5183730.10790000,1.24214729,45.84005213
87085_0265_00014,rue de l'Argonne,14,,BH0218,1563476.80270000,5183732.88240000,1.24234592,45.84008016
87085_0265_00015,rue de l'Argonne,15,,BH0215,1563453.96400000,5183737.96700000,1.24205053,45.84012137
87085_0265_00016,rue de l'Argonne,16,,BH0217,1563469.65600000,5183740.61010000,1.24225174,45.84014826
87085_0265_00017,rue de l'Argonne,17,,BH0216,1563447.79350000,5183744.00690000,1.24196940,45.84017448
87085_0265_00019,rue de l'Argonne,19,,BH0193,1563438.30840000,5183754.23570000,1.24184442,45.84026461
87085_0265_00022,rue de l'Argonne,22,,BH0896,1563442.48290000,5183768.64230000,1.24189405,45.84039503
87085_0265_00023,rue de l'Argonne,23,,BH0881,1563426.66170000,5183766.25160000,1.24169111,45.84037038
87085_0265_00024,rue de l'Argonne,24,,BH0232,1563434.43120000,5183776.69600000,1.24178814,45.84046588
87085_0265_00026,rue de l'Argonne,26,,BH0233,1563426.84240000,5183784.57720000,1.24168823,45.84053527
87085_0265_00027,rue de l'Argonne,27,,BH0191,1563412.74940000,5183780.54280000,1.24150799,45.84049618
87085_0265_00028,rue de l'Argonne,28,,BH0234,1563422.92270000,5183788.76730000,1.24163659,45.84057218
87085_0265_00030,rue de l'Argonne,30,,BH0235,1563417.82060000,5183793.95250000,1.24156945,45.84061781
87085_0265_00031,rue de l'Argonne,31,,BH0958,1563382.98020000,5183810.67370000,1.24111629,45.84076130
87085_0265_00031_bis,rue de l'Argonne,31,bis,BH0181,1563377.89660000,5183816.16970000,1.24104930,45.84080973
87085_0265_00032,rue de l'Argonne,32,,BH0236,1563409.05620000,5183803.03260000,1.24145407,45.84069775
87085_0265_00033,rue de l'Argonne,33,,BH0180,1563372.16560000,5183822.39950000,1.24097377,45.84086464
87085_0265_00034,rue de l'Argonne,34,,BH0790,1563400.96060000,5183810.93930000,1.24134763,45.84076727
87085_0265_00035,rue de l'Argonne,35,,BH0965,1563358.81940000,5183836.16060000,1.24079808,45.84098577
87085_0265_00037,rue de l'Argonne,37,,BH0176,1563353.67580000,5183841.81200000,1.24073028,45.84103559
87085_0265_00037_bis,rue de l'Argonne,37,bis,BH0907,1563348.71750000,5183846.44200000,1.24066515,45.84107625
87085_0265_00039,rue de l'Argonne,39,,BH0908,1563343.58400000,5183851.70730000,1.24059758,45.84112260
87085_0265_00040,rue de l'Argonne,40,,BH0764,1563382.91380000,5183830.18870000,1.24110989,45.84093684
87085_0265_00041,rue de l'Argonne,41,,BH0171,1563336.98040000,5183858.57690000,1.24051063,45.84118308
87085_0265_00043,rue de l'Argonne,43,,BH0802,1563328.44630000,5183867.24340000,1.24039833,45.84125934
87085_0265_00044,rue de l'Argonne,44,,BH0238,1563372.03050000,5183841.24000000,1.24096667,45.84103409
87085_0265_00045,rue de l'Argonne,45,,BH0168,1563318.27570000,5183878.01980000,1.24026437,45.84135426
87085_0265_00046,rue de l'Argonne,46,,BH0239,1563362.83920000,5183850.84400000,1.24084565,45.84111866
87085_0265_00048,rue de l'Argonne,48,,BH0240,1563354.57710000,5183859.24170000,1.24073692,45.84119256
87085_0265_00049,rue de l'Argonne,49,,BH0138,1563288.99830000,5183908.03560000,1.23987901,45.84161845
87085_0265_00050,rue de l'Argonne,50,,BH0241,1563344.07370000,5183870.24030000,1.24059861,45.84128941
87085_0265_00051,rue de l'Argonne,51,,BH0139,1563283.60580000,5183913.72700000,1.23980799,45.84166857
87085_0265_00052,rue de l'Argonne,52,,BH0242,1563337.08340000,5183877.39500000,1.24050661,45.84135238
87085_0265_00054,rue de l'Argonne,54,,BH0243,1563330.63930000,5183884.45590000,1.24042166,45.84141461
87085_0265_00055,rue de l'Argonne,55,,BH0143,1563262.75730000,5183935.68940000,1.23953341,45.84186199
87085_0265_00057,rue de l'Argonne,57,,BH0144,1563254.53810000,5183944.31080000,1.23942517,45.84193791
87085_0265_00058,rue de l'Argonne,58,,BH0107,1563302.59780000,5183912.44880000,1.24005279,45.84166085
87085_0265_00059,rue de l'Argonne,59,,BH0145,1563246.85050000,5183951.92270000,1.23932406,45.84200485
87085_0265_00060,rue de l'Argonne,60,,BH0135,1563296.49620000,5183918.90200000,1.23997242,45.84171769
87085_0265_00061,rue de l'Argonne,61,,BH0146,1563240.06780000,5183959.34540000,1.23923465,45.84207028
87085_0265_00062,rue de l'Argonne,62,,BH0134,1563291.18310000,5183924.60960000,1.23990242,45.84176797
87085_0265_00063,rue de l'Argonne,63,,BH0147,1563232.38110000,5183967.16930000,1.23913349,45.84213913
87085_0265_00064,rue de l'Argonne,64,,BH0962,1563285.16160000,5183930.51810000,1.23982324,45.84181993
87085_0265_00065,rue de l'Argonne,65,,BH0148,1563223.94600000,5183975.76420000,1.23902248,45.84221477
87085_0265_00067,rue de l'Argonne,67,,BH0149,1563218.13610000,5183981.88090000,1.23894596,45.84226863
87085_0265_00068,rue de l'Argonne,68,,BH0785,1563272.39940000,5183944.05410000,1.23965513,45.84193915
87085_0265_00069,rue de l'Argonne,69,,BH0789,1563206.36000000,5183993.46910000,1.23879109,45.84237053
87085_0265_00070,rue de l'Argonne,70,,BH0784,1563264.87300000,5183951.96800000,1.23955601,45.84200885
87085_0265_00072,rue de l'Argonne,72,,BH0130,1563257.51870000,5183959.44330000,1.23945922,45.84207463
87085_0265_00074,rue de l'Argonne,74,,BH0129,1563246.98350000,5183970.08700000,1.23932060,45.84216828
87085_0265_00076,rue de l'Argonne,76,,BH0128,1563241.16260000,5183976.30070000,1.23924391,45.84222302
87085_0265_00078,rue de l'Argonne,78,,BH0127,1563232.89530000,5183984.63930000,1.23913513,45.84229638
87085_0265_00080,rue de l'Argonne,80,,BH0126,1563226.46150000,5183991.21080000,1.23905046,45.84235422
87085_0265_00082,rue de l'Argonne,82,,BH0125,1563220.17980000,5183997.91300000,1.23896770,45.84241326
87085_0265_00082_bis,rue de l'Argonne,82,bis,BH0124,1563235.21020000,5184012.79330000,1.23915692,45.84255010
87085_0265_00084,rue de l'Argonne,84,,BH0123,1563214.19820000,5184003.82120000,1.23888903,45.84246521
87085_0291_00005,rue de l'Astrolabe,5,,NV0142,1560261.78500000,5183764.90880000,1.20095910,45.83972242
87085_0291_00006,rue de l'Astrolabe,6,,NV0142,1560252.57740000,5183744.43000000,1.20084655,45.83953634
87085_0291_00007,rue de l'Astrolabe,7,,NV0142,1560262.89630000,5183759.11440000,1.20097509,45.83967053
87085_0291_00008,rue de l'Astrolabe,8,,NV0142,1560246.30680000,5183743.55680000,1.20076611,45.83952721
87085_0291_00009,rue de l'Astrolabe,9,,NV0142,1560263.76940000,5183753.39939999,1.20098799,45.83961929
87085_0291_00010,rue de l'Astrolabe,10,,NV0142,1560241.30620000,5183742.52490000,1.20070205,45.83951691
87085_0291_00011,rue de l'Astrolabe,11,,NV0142,1560264.64250000,5183748.00190000,1.20100079,45.83957092
87085_0291_00012,rue de l'Astrolabe,12,,NV0142,1560234.95620000,5183741.73110000,1.20062056,45.83950848
87085_0291_00014,rue de l'Astrolabe,14,,NV0142,1560229.71740000,5183740.61990000,1.20055346,45.83949742
87085_0291_00015,rue de l'Astrolabe,15,,NV0142,1560265.83310000,5183742.12810000,1.20101782,45.83951832
87085_0291_00016,rue de l'Astrolabe,16,,NV0142,1560223.68490000,5183739.58800000,1.20047612,45.83948691
87085_0291_00017,rue de l'Astrolabe,17,,NV0142,1560266.70620000,5183736.17500000,1.20103079,45.83946495
87085_0291_00018,rue de l'Astrolabe,18,,NV0142,1560218.44610000,5183738.63549999,1.20040897,45.83947728
87085_0291_00019,rue de l'Astrolabe,19,,NV0142,1560253.68870000,5183719.10930000,1.20086822,45.83930879
87085_0291_00020,rue de l'Astrolabe,20,,NV0142,1560212.57230000,5183737.44490001,1.20033372,45.83946537
87085_0291_00021,rue de l'Astrolabe,21,,NV0142,1560234.71800000,5183715.85490000,1.20062501,45.83927566
87085_0291_00022,rue de l'Astrolabe,22,,NV0142,1560251.86300000,5183726.88800000,1.20084246,45.83937839
87085_0291_00023,rue de l'Astrolabe,23,,NV0142,1560220.03360000,5183713.31490000,1.20043677,45.83924983
87085_0291_00024,rue de l'Astrolabe,24,,NV0142,1560241.06800000,5183725.06240000,1.20070406,45.83935978
87085_0291_00025,rue de l'Astrolabe,25,,NV0142,1560212.49300000,5183667.91230000,1.20035293,45.83883988
87085_0291_00026,rue de l'Astrolabe,26,,NV0142,1560230.11420000,5183723.23680000,1.20056362,45.83934113
87085_0291_00027,rue de l'Astrolabe,27,,NV0142,1560223.92300000,5183669.65860000,1.20049952,45.83885791
87085_0291_00028,rue de l'Astrolabe,28,,NV0142,1560218.76360000,5183721.01430000,1.20041818,45.83931883
87085_0291_00029,rue de l'Astrolabe,29,,NV0142,1560240.11550000,5183672.67490000,1.20070704,45.83888834
87085_0291_00031,rue de l'Astrolabe,31,,NV0142,1560199.29020000,5183656.13180000,1.20018643,45.83873122
87085_0291_00033,rue de l'Astrolabe,33,,NV0142,1560205.80560000,5183657.05780000,1.20027002,45.83874088
87085_0291_00035,rue de l'Astrolabe,35,,NV0142,1560211.16340000,5183658.01690000,1.20033869,45.83875060
87085_0291_00037,rue de l'Astrolabe,37,,NV0142,1560217.74490000,5183659.17450000,1.20042306,45.83876235
87085_0291_00039,rue de l'Astrolabe,39,,NV0142,1560222.60660000,5183660.13360000,1.20048535,45.83877196
87085_0291_00041,rue de l'Astrolabe,41,,NV0142,1560229.05580000,5183661.19190000,1.20056804,45.83878279
87085_0291_00043,rue de l'Astrolabe,43,,NV0142,1560233.68600000,5183661.98570000,1.20062740,45.83879087
87085_0291_00045,rue de l'Astrolabe,45,,NV0142,1560240.13520000,5183663.11020000,1.20071007,45.83880230
87085_0320_00001,rue de l'Aurence,1,,OO0189,1561543.56950000,5181929.05380000,1.21798445,45.82346730
87085_0320_00003,rue de l'Aurence,3,,OO0190,1561532.61430000,5181923.50390000,1.21784510,45.82341517
87085_0320_00004,rue de l'Aurence,4,,OO0187,1561528.56440000,5181928.49350000,1.21779155,45.82345924
87085_0320_00005,rue de l'Aurence,5,,OO0191,1561519.87740000,5181916.66170000,1.21768319,45.82335106
87085_0320_00006,rue de l'Aurence,6,,OO0186,1561516.87780000,5181922.37460000,1.21764295,45.82340184
87085_0320_00007,rue de l'Aurence,7,,OO0192,1561510.13060000,5181911.29160000,1.21755933,45.82330079
87085_0320_00008,rue de l'Aurence,8,,OO0185,1561505.93530000,5181916.60660000,1.21750382,45.82334776
87085_0320_00009,rue de l'Aurence,9,,OO0193,1561496.83190000,5181904.26470000,1.21739025,45.82323490
87085_0320_00010,rue de l'Aurence,10,,OO0184,1561493.74950000,5181910.02730000,1.21734893,45.82328612
87085_0320_00011,rue de l'Aurence,11,,OO0194,1561486.15640000,5181898.59360000,1.21725453,45.82318174
87085_0320_00012,rue de l'Aurence,12,,OO0183,1561483.12760000,5181904.38970000,1.21721389,45.82323327
87085_0320_00013,rue de l'Aurence,13,,OO0195,1561474.61420000,5181892.50860000,1.21710778,45.82312468
87085_0320_00014,rue de l'Aurence,14,,OO0182,1561471.22660000,5181898.07650000,1.21706259,45.82317408
87085_0320_00015,rue de l'Aurence,15,,OO0196,1561463.38850000,5181886.46700000,1.21696509,45.82306807
87085_0320_00016,rue de l'Aurence,16,,OO0181,1561460.06800000,5181892.11830000,1.21692074,45.82311823
87085_0319_00001,rue de l'Aurençous,1,,PR0083,1560421.57240000,5183839.87390000,1.20299379,45.84042922
87085_0319_00002,rue de l'Aurençous,2,,PS0237,1560430.32540000,5183869.00270000,1.20309799,45.84069302
87085_0319_00003,rue de l'Aurençous,3,,PR0084,1560407.40920000,5183871.78730000,1.20280224,45.84071342
87085_0319_00006,rue de l'Aurençous,6,,PS0070,1560421.68960000,5183886.99340000,1.20298162,45.84085311
87085_0319_00008,rue de l'Aurençous,8,,PS0070,1560417.06570000,5183896.47600000,1.20291935,45.84093747
87085_0319_00010,rue de l'Aurençous,10,,PS0071,1560404.76850000,5183922.06990000,1.20275365,45.84116520
87085_0319_00012,rue de l'Aurençous,12,,PS0072,1560394.95060000,5183939.52370000,1.20262222,45.84132021
87085_0319_00014,rue de l'Aurençous,14,,PS0073,1560381.37100000,5183964.80630000,1.20244010,45.84154488
87085_0319_00018,rue de l'Aurençous,18,,PS0096,1560352.73670000,5184018.20270000,1.20205605,45.84201939
87085_0319_00030,rue de l'Aurençous,30,,PS0181,1560356.21390000,5184150.57370000,1.20206234,45.84321083
87085_0319_00040,rue de l'Aurençous,40,,PS0181,1560394.41970000,5184228.85320000,1.20253134,45.84392275
87085_0321_00003,rue de l'Autier,3,,LV0008,1567598.45200000,5187479.81880000,1.29436033,45.87459226
87085_0321_00004,rue de l'Autier,4,,LV0005,1567612.78460000,5187530.74150000,1.29453087,45.87505311
87085_0321_00005,rue de l'Autier,5,,LV0008,1567594.31980000,5187469.55330000,1.29430995,45.87449912
87085_0321_00006,rue de l'Autier,6,,LV0005,1567603.69680000,5187532.17540000,1.29441344,45.87506425
87085_0321_00007,rue de l'Autier,7,,LV0008,1567585.93490000,5187467.66160000,1.29420249,45.87448049
87085_0321_00008,rue de l'Autier,8,,LV0005,1567598.08560000,5187533.28810000,1.29434087,45.87507318
87085_0321_00009,rue de l'Autier,9,,LV0008,1567577.63220000,5187472.75870000,1.29409416,45.87452474
87085_0321_00010,rue de l'Autier,10,,LV0005,1567590.60810000,5187537.12390000,1.29424351,45.87510625
87085_0321_00011,rue de l'Autier,11,,LV0008,1567576.26800000,5187478.60630000,1.29407498,45.87457708
87085_0321_00012,rue de l'Autier,12,,LV0005,1567583.57620000,5187540.60800000,1.29415199,45.87513623
87085_0321_00014,rue de l'Autier,14,,LV0005,1567577.44400000,5187545.20760000,1.29407175,45.87517643
87085_0321_00015,rue de l'Autier,15,,LV0008,1567575.06930000,5187485.34440000,1.29405768,45.87463746
87085_0321_00017,rue de l'Autier,17,,LV0008,1567572.25570000,5187497.52470000,1.29401808,45.87474649
87085_0321_00019,rue de l'Autier,19,,LV0008,1567570.84240000,5187504.39880000,1.29399799,45.87480805
87085_0321_00021,rue de l'Autier,21,,LV0008,1567568.89370000,5187512.92340000,1.29397054,45.87488436
87085_0321_00023,rue de l'Autier,23,,LV0008,1567566.94770000,5187521.00570000,1.29394325,45.87495669
87085_0321_00025,rue de l'Autier,25,,LV0008,1567565.62530000,5187526.75760000,1.29392463,45.87500818
87085_0321_00027,rue de l'Autier,27,,LV0008,1567562.73810000,5187539.69680000,1.29388388,45.87512402
87085_0321_00029,rue de l'Autier,29,,LV0008,1567559.29210000,5187548.46360000,1.29383708,45.87520222
87085_0321_00031,rue de l'Autier,31,,LV0008,1567555.00810000,5187554.83460000,1.29378015,45.87525870
87085_0321_00033,rue de l'Autier,33,,LV0008,1567550.29650000,5187560.23640000,1.29371798,45.87530639
87085_0321_00035,rue de l'Autier,35,,LV0008,1567543.47660000,5187569.30360000,1.29362765,45.87538664
87085_0321_00037,rue de l'Autier,37,,LV0153,1567518.45040000,5187572.81200000,1.29330438,45.87541338
87085_0321_00039,rue de l'Autier,39,,LV0153,1567516.86060000,5187578.96460000,1.29328221,45.87546842
87085_0321_00041,rue de l'Autier,41,,LV0153,1567515.29180000,5187586.24000000,1.29325999,45.87553356
87085_0321_00043,rue de l'Autier,43,,LV0153,1567513.48640000,5187593.48970000,1.29323474,45.87559843
87085_0321_00045,rue de l'Autier,45,,LV0153,1567512.06860000,5187600.21550000,1.29321463,45.87565866
87085_0321_00047,rue de l'Autier,47,,LV0153,1567512.13080000,5187604.63380000,1.29321421,45.87569841
87085_0321_00049,rue de l'Autier,49,,LV0153,1567516.15390000,5187607.69380000,1.29326517,45.87572672
87085_0321_00051,rue de l'Autier,51,,LV0153,1567523.29940000,5187609.65470000,1.29335666,45.87574573
87085_0321_00053,rue de l'Autier,53,,LV0152,1567515.57520000,5187669.27410000,1.29324072,45.87628056
87085_0321_00055,rue de l'Autier,55,,LV0152,1567506.92840000,5187667.86750000,1.29312975,45.87626624
87085_0321_00057,rue de l'Autier,57,,LV0152,1567500.52310000,5187666.37440000,1.29304767,45.87625157
87085_0321_00059,rue de l'Autier,59,,LV0152,1567493.25260000,5187657.55470000,1.29295647,45.87617083
87085_0321_00061,rue de l'Autier,61,,LV0152,1567493.86290000,5187666.59020000,1.29296184,45.87625223
87085_0321_00063,rue de l'Autier,63,,LV0152,1567491.49580000,5187672.49820000,1.29292972,45.87630492
87085_0321_00065,rue de l'Autier,65,,LV0152,1567490.09430000,5187678.44920000,1.29291003,45.87635818
87085_0321_00067,rue de l'Autier,67,,LV0152,1567489.84030000,5187682.70000000,1.29290558,45.87639637
87085_0321_00069,rue de l'Autier,69,,LV0152,1567492.03200000,5187686.90470000,1.29293265,45.87643462
87085_0321_00071,rue de l'Autier,71,,LV0152,1567498.46770000,5187689.31610000,1.29301487,45.87645755
87085_0321_00073,rue de l'Autier,73,,LV0152,1567505.85440000,5187690.19970000,1.29310976,45.87646692
87085_0321_00075,rue de l'Autier,75,,LV0152,1567516.30890000,5187688.07520000,1.29324498,45.87644983
87085_0321_00077,rue de l'Autier,77,,LV0152,1567528.31020000,5187685.80290000,1.29340017,45.87643170
87085_0321_00079,rue de l'Autier,79,,LV0152,1567535.79280000,5187692.95730000,1.29349457,45.87649750
87085_0321_00081,rue de l'Autier,81,,LV0152,1567558.46600000,5187722.77480000,1.29377834,45.87677010
87085_0321_00083,rue de l'Autier,83,,LV0152,1567557.48490000,5187729.19640000,1.29376394,45.87682768
87085_0321_00085,rue de l'Autier,85,,LV0152,1567556.03980000,5187735.92780000,1.29374347,45.87688795
87085_0321_00087,rue de l'Autier,87,,LV0152,1567553.77850000,5187744.59570000,1.29371195,45.87696549
87085_0321_00089,rue de l'Autier,89,,LV0152,1567550.08630000,5187751.56090000,1.29366248,45.87702743
87085_0321_00091,rue de l'Autier,91,,LV0152,1567539.52350000,5187759.75990000,1.29352418,45.87709915
87085_1690_00001,rue de l'Egalité,1,,IX0045,1562417.40310000,5182848.81550000,1.22896431,45.83191638
87085_1690_00003,rue de l'Egalité,3,,IX0046,1562406.55120000,5182854.19090000,1.22882312,45.83196256
87085_1690_00004,rue de l'Egalité,4,,IX0880,1562416.42900000,5182864.82200000,1.22894719,45.83206017
87085_1690_00004_b,rue de l'Egalité,4,b,IX0879,1562407.85650000,5182869.26700000,1.22883560,45.83209844
87085_1690_00005,rue de l'Egalité,5,,IX0047,1562398.18750000,5182858.58850000,1.22871424,45.83200045
87085_1690_00006,rue de l'Egalité,6,,IX0079,1562399.07230000,5182873.92370000,1.22872123,45.83213857
87085_1690_00007,rue de l'Egalité,7,,IX0048,1562390.22950000,5182862.98670000,1.22861057,45.83203842
87085_1690_00008,rue de l'Egalité,8,,IX0078,1562386.68510000,5182880.20240000,1.22856003,45.83219257
87085_1690_00009,rue de l'Egalité,9,,IX0049,1562381.12830000,5182867.68030000,1.22849211,45.83207882
87085_1690_00010,rue de l'Egalité,10,,IX0077,1562377.20570000,5182885.19870000,1.22843662,45.83223562
87085_1690_00011,rue de l'Egalité,11,,IX0052,1562372.44550000,5182872.13880000,1.22837910,45.83211719
87085_1690_00011_bis,rue de l'Egalité,11,bis,IX0053,1562361.61250000,5182877.92510000,1.22823804,45.83216707
87085_1690_00013,rue de l'Egalité,13,,IX0055,1562353.56870000,5182881.83220000,1.22813341,45.83220061
87085_1690_00014,rue de l'Egalité,14,,IX0075,1562352.89210000,5182897.77960000,1.22812014,45.83234393
87085_1690_00015,rue de l'Egalité,15,,IX0056,1562346.00280000,5182885.96340000,1.22803487,45.83223626
87085_1690_00016,rue de l'Egalité,16,,IX0074,1562344.78830000,5182902.16510000,1.22801460,45.83238176
87085_1690_00017,rue de l'Egalité,17,,IX0057,1562339.27630000,5182889.33410000,1.22794735,45.83226523
87085_1690_00018,rue de l'Egalité,18,,IX0073,1562337.31410000,5182905.80560000,1.22791738,45.83241301
87085_1690_00019,rue de l'Egalité,19,,IX0058,1562330.17670000,5182894.22770000,1.22782885,45.83230743
87085_1690_00020,rue de l'Egalité,20,,IX0701,1562324.78970000,5182912.32170000,1.22775434,45.83246912
87085_1690_00022,rue de l'Egalité,22,,IX0700,1562306.78040000,5182921.66130000,1.22751992,45.83254953
87085_1690_00025,rue de l'Egalité,25,,IX0063,1562302.46160000,5182908.92930000,1.22746799,45.83243413
87085_1705_00002,rue de l'Elysée,2,,CX0242,1564610.35620000,5183882.26790000,1.25689298,45.84164810
87085_1705_00003,rue de l'Elysée,3,,CX0209,1564598.67760000,5183877.07440000,1.25674413,45.84159908
87085_1705_00004,rue de l'Elysée,4,,CX0182,1564604.32090000,5183896.16470000,1.25681138,45.84177192
87085_1705_00006,rue de l'Elysée,6,,CX0275,1564601.32960000,5183903.14850000,1.25677091,45.84183415
87085_1705_00007,rue de l'Elysée,7,,CX0208,1564589.30080000,5183898.12510000,1.25661751,45.84178660
87085_1705_00009,rue de l'Elysée,9,,CX0207,1564585.34660000,5183907.05790000,1.25656410,45.84186617
87085_1705_00010,rue de l'Elysée,10,,CX0186,1564588.28270000,5183933.11870000,1.25659455,45.84210118
87085_1705_00013,rue de l'Elysée,13,,CX0233,1564575.11340000,5183931.35240000,1.25642555,45.84208270
87085_1705_00020,rue de l'Elysée,20,,CX0284,1564559.77120000,5183998.21940000,1.25620924,45.84268119
87085_1731_00001,rue de l'Eneide,1,,LW0038,1567477.73900000,5186751.23380000,1.29300687,45.86801492
87085_1731_00002,rue de l'Eneide,2,,LW0130,1567478.03470000,5186742.05670000,1.29301321,45.86793242
87085_1731_00003,rue de l'Eneide,3,,LW0039,1567486.76360000,5186752.17230000,1.29312282,45.86802510
87085_1731_00004,rue de l'Eneide,4,,LW0129,1567485.24610000,5186742.79620000,1.29310587,45.86794046
87085_1731_00005,rue de l'Eneide,5,,LW0040,1567495.88360000,5186752.90620000,1.29324005,45.86803346
87085_1731_00007,rue de l'Eneide,7,,LW0041,1567505.62640000,5186754.03990000,1.29336520,45.86804554
87085_1731_00009,rue de l'Eneide,9,,LW0042,1567513.58170000,5186784.62170000,1.29345920,45.86832217
87085_1731_00011,rue de l'Eneide,11,,LW0037,1567499.03050000,5186798.78190000,1.29326792,45.86844675
87085_1731_00012,rue de l'Eneide,12,,LW0510,1567523.23100000,5186774.99580000,1.29358611,45.86823744
87085_1731_00014,rue de l'Eneide,14,,LW0094,1567524.32860000,5186792.26480000,1.29359548,45.86839300
87085_1731_00015,rue de l'Eneide,15,,LW0036,1567495.32610000,5186804.61620000,1.29321861,45.86849852
87085_1731_00016,rue de l'Eneide,16,,LW0273,1567559.75860000,5186808.23990000,1.29404730,45.86854353
87085_1731_00017,rue de l'Eneide,17,,LW0043,1567501.36260000,5186809.94470000,1.29329487,45.86854761
87085_1731_00019,rue de l'Eneide,19,,LW0044,1567519.52330000,5186801.49440000,1.29353105,45.86847510
87085_1731_00021,rue de l'Eneide,21,,LW0048,1567526.24590000,5186804.98140000,1.29361666,45.86850776
87085_1731_00023,rue de l'Eneide,23,,LW0049,1567534.27620000,5186807.85670000,1.29371927,45.86853517
87085_1731_00024,rue de l'Eneide,24,,LW0272,1567584.79370000,5186817.57520000,1.29436710,45.86863233
87085_1731_00026,rue de l'Eneide,26,,LW0266,1567598.78450000,5186838.08550000,1.29454161,45.86881953
87085_1731_00027,rue de l'Eneide,27,,LW0279,1567587.36880000,5186828.18370000,1.29439734,45.86872826
87085_1731_00028,rue de l'Eneide,28,,LW0265,1567600.56430000,5186870.55070000,1.29455557,45.86911192
87085_1731_00029,rue de l'Eneide,29,,LW0059,1567590.65120000,5186846.80060000,1.29443447,45.86889636
87085_1731_00030,rue de l'Eneide,30,,LW0063,1567601.36090000,5186890.97390000,1.29456020,45.86929579
87085_1731_00031,rue de l'Eneide,31,,LW0058,1567591.25700000,5186858.84680000,1.29443895,45.86900484
87085_1731_00032,rue de l'Eneide,32,,LW0064,1567601.97030000,5186901.00150000,1.29456528,45.86938611
87085_1731_00033,rue de l'Eneide,33,,LW0057,1567591.74940000,5186869.47960000,1.29444236,45.86910059
87085_1731_00034,rue de l'Eneide,34,,LW0065,1567602.41650000,5186908.13320000,1.29456906,45.86945035
87085_1731_00035,rue de l'Eneide,35,,LW0056,1567592.16210000,5186882.84820000,1.29444398,45.86922092
87085_1731_00036,rue de l'Eneide,36,,LW0066,1567602.87520000,5186916.80120000,1.29457258,45.86952842
87085_1731_00038,rue de l'Eneide,38,,LW0264,1567619.02170000,5186938.48340000,1.29477452,45.86972657
87085_1731_00042,rue de l'Eneide,42,,LW0263,1567649.43970000,5186948.53990000,1.29516345,45.86982290
87085_1731_00043,rue de l'Eneide,43,,LW0261,1567630.33660000,5186951.39920000,1.29491666,45.86984494
87085_1731_00047,rue de l'Eneide,47,,LW0260,1567652.33010000,5186958.69460000,1.29519787,45.86991480
87085_1740_00004,rue de l'Ermitage,4,,BD0063,1563965.91290000,5183404.24450000,1.24873390,45.83722082
87085_1740_00006,rue de l'Ermitage,6,,BD0064,1563959.89580000,5183403.57180000,1.24865665,45.83721358
87085_1740_00007,rue de l'Ermitage,7,,BD0094,1563962.88740000,5183395.18880000,1.24869753,45.83713876
87085_1740_00008,rue de l'Ermitage,8,,BD0065,1563953.45950000,5183402.74420000,1.24857405,45.83720486
87085_1740_00009,rue de l'Ermitage,9,,BD0182,1563941.97020000,5183392.26050000,1.24842916,45.83710828
87085_1740_00010,rue de l'Ermitage,10,,BD0066,1563945.76310000,5183402.01210000,1.24847521,45.83719675
87085_1740_00013,rue de l'Ermitage,13,,BD0082,1563926.13280000,5183390.91010000,1.24822572,45.83709300
87085_1740_00014,rue de l'Ermitage,14,,BD0079,1563907.34270000,5183396.75630000,1.24798225,45.83714187
87085_1740_00015,rue de l'Ermitage,15,,BD0081,1563917.86600000,5183390.00740000,1.24811959,45.83708324
87085_1740_00016,rue de l'Ermitage,16,,BD0076,1563892.49110000,5183392.49640000,1.24779232,45.83710061
87085_1740_00018,rue de l'Ermitage,18,,BD0251,1563875.99190000,5183401.20580000,1.24757751,45.83717569
87085_1740_00019,rue de l'Ermitage,19,,BD0080,1563898.92650000,5183386.20020000,1.24787692,45.83704525
87085_1740_00021,rue de l'Ermitage,21,,BD0172,1563880.52420000,5183388.92670000,1.24763932,45.83706613
87085_1740_00023,rue de l'Ermitage,23,,BD0172,1563870.01740000,5183396.09840000,1.24750207,45.83712856
87085_1740_00028,rue de l'Ermitage,28,,BD0027,1563838.97840000,5183421.99900000,1.24709528,45.83735541
87085_1740_00030,rue de l'Ermitage,30,,BD0026,1563818.87210000,5183430.73860000,1.24683404,45.83743004
87085_1740_00032,rue de l'Ermitage,32,,BD0025,1563811.67950000,5183434.16920000,1.24674050,45.83745948
87085_1740_00036,rue de l'Ermitage,36,,BD0023,1563797.21130000,5183440.75890000,1.24655243,45.83751589
87085_1740_00038,rue de l'Ermitage,38,,BD0020,1563784.82320000,5183446.49600000,1.24639138,45.83756505
87085_1805_00005,rue de l'Etoile de Fontaury,5,,CV1437,1565110.83300000,5183953.11020000,1.26331456,45.84238373
87085_1805_00006,rue de l'Etoile de Fontaury,6,,CV1061,1565122.19900000,5183955.27110000,1.26346024,45.84240540
87085_1805_00007,rue de l'Etoile de Fontaury,7,,CV1439,1565107.33430000,5183958.30080000,1.26326807,45.84242973
87085_1805_00008,rue de l'Etoile de Fontaury,8,,CV1429,1565118.74900000,5183960.65940000,1.26341432,45.84245319
87085_1805_00009,rue de l'Etoile de Fontaury,9,,CV1441,1565103.79950000,5183963.82790000,1.26322102,45.84247876
87085_1805_00010,rue de l'Etoile de Fontaury,10,,CV1427,1565115.35880000,5183965.80530000,1.26336924,45.84249882
87085_1805_00011,rue de l'Etoile de Fontaury,11,,CV1443,1565099.03330000,5183971.28780000,1.26315758,45.84254493
87085_1805_00013,rue de l'Etoile de Fontaury,13,,CV1445,1565093.92590000,5183979.23590000,1.26308961,45.84261543
87085_1805_00015,rue de l'Etoile de Fontaury,15,,CV0994,1565090.39310000,5183984.31610000,1.26304272,45.84266043
87085_1805_00016,rue de l'Etoile de Fontaury,16,,CV1265,1565099.78170000,5183990.54050000,1.26316181,45.84271827
87085_1805_00017,rue de l'Etoile de Fontaury,17,,CV1447,1565085.40470000,5183992.07550000,1.26297633,45.84272926
87085_1805_00019,rue de l'Etoile de Fontaury,19,,CV1449,1565079.36870000,5184001.42410000,1.26289602,45.84281217
87085_1805_00023,rue de l'Etoile de Fontaury,23,,CV1454,1565067.30680000,5184019.84550000,1.26273560,45.84297551
87085_1805_00024_a,rue de l'Etoile de Fontaury,24,a,CV1265,1565084.49500000,5184033.25060000,1.26295307,45.84309947
87085_1805_00024_b,rue de l'Etoile de Fontaury,24,b,CV1265,1565102.28880000,5184021.17790000,1.26318548,45.84299436
87085_1805_00030,rue de l'Etoile de Fontaury,30,,CV1341,1565057.52580000,5184055.61410000,1.26259967,45.84329535
87085_2515_00001_bis,rue de l'Hôpital,1,bis,HS0314,1564966.67510000,5181884.51040000,1.26204018,45.82374715
87085_2515_00002,rue de l'Hôpital,2,,HS0329,1564984.39440000,5181884.67690000,1.26226812,45.82375212
87085_2515_00003,rue de l'Hôpital,3,,HS0442,1564960.18430000,5181892.25540000,1.26195449,45.82381554
87085_2515_00004,rue de l'Hôpital,4,,HS0506,1564946.29430000,5181933.49260000,1.26176419,45.82418377
87085_2515_00005,rue de l'Hôpital,5,,HS0441,1564954.21580000,5181898.53350000,1.26187593,45.82387085
87085_2515_00005_bis,rue de l'Hôpital,5,bis,HS0440,1564947.86500000,5181904.66740000,1.26179250,45.82392478
87085_2515_00007,rue de l'Hôpital,7,,HS0310,1564938.09250000,5181920.96480000,1.26166218,45.82406946
87085_2515_00008,rue de l'Hôpital,8,,HS0510,1564967.13820000,5181906.37520000,1.26204000,45.82394392
87085_2515_00018,rue de l'Hôpital,18,,HS0431,1564925.78790000,5181967.21600000,1.26149087,45.82448311
87085_2555_00001,rue de l'Industrie,1,,DS0290,1565364.38870000,5183671.15170000,1.26665702,45.83989704
87085_2555_00002,rue de l'Industrie,2,,DS0023,1565369.03850000,5183679.93600000,1.26671440,45.83997697
87085_2555_00003,rue de l'Industrie,3,,DS0291,1565351.46250000,5183670.03980000,1.26649097,45.83988450
87085_2555_00004,rue de l'Industrie,4,,DS0022,1565360.75400000,5183679.31010000,1.26660796,45.83996972
87085_2555_00005,rue de l'Industrie,5,,DS0292,1565340.12270000,5183669.16210000,1.26634527,45.83987439
87085_2555_00006,rue de l'Industrie,6,,DS0021,1565349.51710000,5183678.38160000,1.26646359,45.83995916
87085_2555_00007,rue de l'Industrie,7,,DS0293,1565328.05470000,5183666.90800000,1.26619058,45.83985175
87085_2555_00008,rue de l'Industrie,8,,DS0017,1565341.05930000,5183677.75720000,1.26635491,45.83995189
87085_2555_00009,rue de l'Industrie,9,,DS0293,1565314.79890000,5183662.39620000,1.26602124,45.83980857
87085_2555_00010,rue de l'Industrie,10,,DS0016,1565332.85220000,5183676.95740000,1.26624951,45.83994309
87085_2555_00011,rue de l'Industrie,11,,DS0301,1565307.99780000,5183659.94970000,1.26593439,45.83978523
87085_2555_00013,rue de l'Industrie,13,,DS0301,1565300.07320000,5183657.04900000,1.26583322,45.83975758
87085_2555_00014,rue de l'Industrie,14,,DS0015,1565313.44860000,5183670.93250000,1.26600147,45.83988509
87085_2555_00014_b,rue de l'Industrie,14,b,DS0007,1565302.54770000,5183669.60960001,1.26586154,45.83987105
87085_2555_00015,rue de l'Industrie,15,,DS0302,1565294.03580000,5183654.86830000,1.26575612,45.83973678
87085_2555_00016,rue de l'Industrie,16,,DS0007,1565298.70600000,5183665.61340000,1.26581322,45.83983435
87085_2555_00017,rue de l'Industrie,17,,DS0392,1565283.11580000,5183651.08740000,1.26561664,45.83970063
87085_2555_00019,rue de l'Industrie,19,,DS0309,1565274.04990000,5183647.83480000,1.26550087,45.83966959
87085_2555_00022,rue de l'Industrie,22,,DS0007,1565272.51200000,5183656.05130000,1.26547878,45.83974321
87085_2555_00023,rue de l'Industrie,23,,DS0311,1565249.13000000,5183638.93630000,1.26518264,45.83958466
87085_2555_00024,rue de l'Industrie,24,,DS0389,1565266.77570000,5183654.00140000,1.26540552,45.83972364
87085_2555_00026,rue de l'Industrie,26,,DS0389,1565257.22720000,5183650.82260000,1.26528352,45.83969318
87085_2555_00028,rue de l'Industrie,28,,DS0005,1565247.94040000,5183647.44850000,1.26516495,45.83966100
87085_3801_00001,rue de l'Observatoire Garrigou-Lagrange,1,,IK0122,1564132.20730000,5182416.87860000,1.25115309,45.82837178
87085_3801_00001_b,rue de l'Observatoire Garrigou-Lagrange,1,b,IK0092,1564117.85390000,5182415.26500000,1.25096886,45.82835443
87085_3801_00002,rue de l'Observatoire Garrigou-Lagrange,2,,IK0175,1564140.30100000,5182430.50430000,1.25125339,45.82849595
87085_3801_00002_bis,rue de l'Observatoire Garrigou-Lagrange,2,bis,IK0175,1564121.17540000,5182428.46780000,1.25100787,45.82847385
87085_3801_00003,rue de l'Observatoire Garrigou-Lagrange,3,,IK0204,1564108.36920000,5182414.13100000,1.25084713,45.82834235
87085_3801_00004,rue de l'Observatoire Garrigou-Lagrange,4,,IK0104,1564096.97060000,5182425.44160000,1.25069726,45.82844185
87085_3801_00005,rue de l'Observatoire Garrigou-Lagrange,5,,IK0202,1564090.98490000,5182411.98660000,1.25062405,45.82831963
87085_3801_00006,rue de l'Observatoire Garrigou-Lagrange,6,,IK0105,1564077.60660000,5182423.04120000,1.25044878,45.82841643
87085_3801_00007,rue de l'Observatoire Garrigou-Lagrange,7,,IK0191,1564073.70960000,5182409.91730000,1.25040234,45.82829760
87085_3801_00008,rue de l'Observatoire Garrigou-Lagrange,8,,IK0106,1564063.74560000,5182421.56410000,1.25027084,45.82840040
87085_3801_00009,rue de l'Observatoire Garrigou-Lagrange,9,,IK0087,1564061.23680000,5182408.23880000,1.25024232,45.82828003
87085_3801_00010,rue de l'Observatoire Garrigou-Lagrange,10,,IK0107,1564052.95830000,5182420.21530000,1.25013241,45.82838613
87085_3801_00011,rue de l'Observatoire Garrigou-Lagrange,11,,IK0087,1564049.06370000,5182406.80230000,1.25008609,45.82826471
87085_3801_00012,rue de l'Observatoire Garrigou-Lagrange,12,,IK0108,1564040.71830000,5182418.91000000,1.24997528,45.82837197
87085_3801_00013,rue de l'Observatoire Garrigou-Lagrange,13,,IK0085,1564039.99310000,5182406.03410000,1.24996959,45.82825600
87085_3801_00014,rue de l'Observatoire Garrigou-Lagrange,14,,IK0109,1564027.43450000,5182417.12230000,1.24980486,45.82835326
87085_3801_00015,rue de l'Observatoire Garrigou-Lagrange,15,,IK0084,1564029.88090000,5182404.45270000,1.24983992,45.82823978
87085_3801_00016,rue de l'Observatoire Garrigou-Lagrange,16,,IK0111,1564013.79470000,5182415.57120000,1.24962979,45.82833661
87085_3801_00017,rue de l'Observatoire Garrigou-Lagrange,17,,IK0189,1564018.08720000,5182403.20350000,1.24968852,45.82822621
87085_3815_00001,rue de l'Orme,1,,EN0087,1565432.27720000,5182661.99440000,1.26781327,45.83083234
87085_5125_00002,rue de l'Université,2,,BD0067,1563928.37290000,5183403.86850000,1.24825088,45.83721001
87085_5125_00003,rue de l'Université,3,,BD0078,1563904.73600000,5183413.37010000,1.24794399,45.83729080
87085_5125_00004,rue de l'Université,4,,BD0068,1563924.97060000,5183408.48270000,1.24820579,45.83725084
87085_5125_00005,rue de l'Université,5,,BD0077,1563898.82000000,5183421.17770000,1.24786565,45.83735987
87085_5125_00008,rue de l'Université,8,,BD0069,1563915.92130000,5183420.47270000,1.24808593,45.83735691
87085_5125_00010,rue de l'Université,10,,BD0070,1563912.71000000,5183425.08530000,1.24804330,45.83739777
87085_5125_00012,rue de l'Université,12,,BD0071,1563906.62440000,5183431.94650000,1.24796304,45.83745828
87085_5125_00013,rue de l'Université,13,,BD0030,1563870.11150000,5183457.27070000,1.24748596,45.83767886
87085_5125_00014,rue de l'Université,14,,BD0071,1563900.57160000,5183439.63990000,1.24788296,45.83752629
87085_5125_00015,rue de l'Université,15,,BD0031,1563866.70070000,5183462.16730000,1.24744068,45.83772223
87085_5125_00016,rue de l'Université,16,,BD0072,1563892.68910000,5183448.94500000,1.24777888,45.83760844
87085_5125_00017,rue de l'Université,17,,BD0032,1563862.39060000,5183467.48510000,1.24738370,45.83776922
87085_5125_00018,rue de l'Université,18,,BD0254,1563883.54890000,5183461.22840000,1.24765777,45.83771712
87085_5125_00018_b,rue de l'Université,18,b,BD0203,1563896.83100000,5183463.53030000,1.24782806,45.83774046
87085_5125_00019,rue de l'Université,19,,BD0035,1563859.55210000,5183470.94810000,1.24734619,45.83779981
87085_5125_00020,rue de l'Université,20,,BD0051,1563877.32110000,5183468.52190000,1.24757556,45.83778150
87085_5125_00022,rue de l'Université,22,,BD0036,1563870.27680000,5183477.65670000,1.24748231,45.83786228
87085_0336_00034,rue de la Baconie,34,,RH0021,1559041.91100000,5184883.33990000,1.18493133,45.84953417
87085_0336_00038,rue de la Baconie,38,,RH0036,1559078.67540000,5184917.88200000,1.18539444,45.84985242
87085_0336_00040,rue de la Baconie,40,,RH0019,1559066.10380000,5184923.09790000,1.18523108,45.84989676
87085_0336_00042,rue de la Baconie,42,,RH0054,1559053.16910000,5184925.58950000,1.18506385,45.84991652
87085_0336_00044,rue de la Baconie,44,,RH0051,1559036.50660000,5184930.83870000,1.18484783,45.84996033
87085_0336_00048,rue de la Baconie,48,,RH0016,1558970.49210000,5184884.83140000,1.18401158,45.84953294
87085_0336_00050,rue de la Baconie,50,,RH0013,1558944.84630000,5184911.16620000,1.18367373,45.84976457
87085_0336_00052,rue de la Baconie,52,,RH0012,1558922.73220000,5184927.45570000,1.18338429,45.84990656
87085_0336_00056,rue de la Baconie,56,,RH0011,1558890.51410000,5184954.75030000,1.18296155,45.85014547
87085_0336_00059,rue de la Baconie,59,,RI0037,1558843.40950000,5184995.35250000,1.18234327,45.85050103
87085_0336_00061,rue de la Baconie,61,,RI0038,1558828.61570000,5185013.54610000,1.18214750,45.85066165
87085_0336_00063,rue de la Baconie,63,,RI0038,1558816.23210000,5185028.22930000,1.18198377,45.85079119
87085_0336_00064,rue de la Baconie,64,,RH0010,1558814.40760000,5185048.02810000,1.18195447,45.85096892
87085_0336_00066,rue de la Baconie,66,,RH0056,1558788.98890000,5185076.98550000,1.18161875,45.85122418
87085_0336_00067,rue de la Baconie,67,,RI0030,1558786.17290000,5185060.58600000,1.18158733,45.85107608
87085_0336_00068,rue de la Baconie,68,,RH0043,1558759.17720000,5185108.49730000,1.18122574,45.85150151
87085_0336_00071,rue de la Baconie,71,,RI0029,1558760.52860000,5185088.78240000,1.18124893,45.85132445
87085_0336_00075,rue de la Baconie,75,,RI0028,1558727.25150000,5185125.86550000,1.18080966,45.85165119
87085_0336_00088,rue de la Baconie,88,,RL0014,1558488.86460000,5185281.87830000,1.17769503,45.85300555
87085_0640_00003,rue de la Boëtie,3,,BC0183,1563900.66390000,5183172.12960000,1.24795989,45.83511991
87085_0640_00004,rue de la Boëtie,4,,BC0174,1563905.12820000,5183185.50090000,1.24801356,45.83524107
87085_0640_00005,rue de la Boëtie,5,,BC0191,1563886.58060000,5183169.14430000,1.24777950,45.83509026
87085_0640_00006,rue de la Boëtie,6,,BC0173,1563890.50790000,5183182.88000000,1.24782615,45.83521460
87085_0640_00007,rue de la Boëtie,7,,BC0192,1563866.05890000,5183165.35960000,1.24751648,45.83505216
87085_0640_00008,rue de la Boëtie,8,,BC0171,1563870.18290000,5183178.70950000,1.24756577,45.83517306
87085_0640_00009,rue de la Boëtie,9,,BC0193,1563853.28730000,5183162.58760000,1.24735290,45.83502469
87085_0640_00010,rue de la Boëtie,10,,BC0331,1563857.94790000,5183176.36380000,1.24740898,45.83514954
87085_0640_00011,rue de la Boëtie,11,,BC0194,1563844.10550000,5183160.79490000,1.24723525,45.83500675
87085_0640_00012,rue de la Boëtie,12,,BC0313,1563850.74000000,5183174.82680000,1.24731665,45.83513429
87085_0640_00013,rue de la Boëtie,13,,BC0337,1563835.76020000,5183159.04370000,1.24712835,45.83498934
87085_0640_00014,rue de la Boëtie,14,,BC0312,1563841.97630000,5183173.07240000,1.24720437,45.83511677
87085_0640_00016,rue de la Boëtie,16,,BC0167,1563832.17700000,5183171.03400000,1.24707884,45.83509649
87085_0658_00003,rue de la Borie,3,,BC0240,1563590.62700000,5183281.52780000,1.24393896,45.83604257
87085_0658_00004,rue de la Borie,4,,BC0066,1563602.35350000,5183283.67750000,1.24408926,45.83606424
87085_0658_00005,rue de la Borie,5,,BC0063,1563598.80650000,5183288.96790000,1.24404211,45.83611112
87085_0658_00006,rue de la Borie,6,,BC0090,1563607.57340000,5183288.14080000,1.24415517,45.83610542
87085_0658_00007,rue de la Borie,7,,BC0061,1563609.55830000,5183298.96960000,1.24417764,45.83620323
87085_0658_00008,rue de la Borie,8,,BC0067,1563616.96180000,5183296.86180000,1.24427352,45.83618573
87085_0658_00010,rue de la Borie,10,,BC0068,1563626.93000000,5183305.91480000,1.24439923,45.83626915
87085_0658_00011,rue de la Borie,11,,BC0046,1563622.74280000,5183311.55630000,1.24434375,45.83631907
87085_0658_00012,rue de la Borie,12,,BC0069,1563634.94990000,5183313.02740000,1.24450043,45.83633472
87085_0658_00013,rue de la Borie,13,,BC0045,1563629.90960000,5183318.44690000,1.24443402,45.83638247
87085_0658_00014,rue de la Borie,14,,BC0070,1563639.03600000,5183316.79580000,1.24455194,45.83636943
87085_0658_00015,rue de la Borie,15,,BC0044,1563638.77940000,5183326.69200000,1.24454583,45.83645840
87085_0658_00016,rue de la Borie,16,,BC0071,1563648.11140000,5183325.10170000,1.24466638,45.83644594
87085_0658_00017,rue de la Borie,17,,BC0043,1563647.25290000,5183333.08370000,1.24465307,45.83651758
87085_0658_00018,rue de la Borie,18,,BC0072,1563652.58290000,5183329.07030000,1.24472280,45.83648253
87085_0658_00019,rue de la Borie,19,,BC0038,1563653.01950000,5183338.45840000,1.24472576,45.83656707
87085_0658_00020,rue de la Borie,20,,BC0073,1563659.67650000,5183335.64890000,1.24481223,45.83654312
87085_0658_00022,rue de la Borie,22,,BC0074,1563669.37400000,5183343.97770000,1.24493467,45.83661996
87085_0658_00024,rue de la Borie,24,,BC0076,1563680.50420000,5183353.95040000,1.24507508,45.83671188
87085_0658_00025,rue de la Borie,25,,BC0034,1563672.86380000,5183357.33300000,1.24497579,45.83674079
87085_0658_00027,rue de la Borie,27,,BC0033,1563679.76310000,5183363.16470000,1.24506293,45.83679462
87085_0670_00002,rue de la Boucherie,2,,DY0163,1564696.59080000,5182423.08040000,1.25841359,45.82853883
87085_0670_00003,rue de la Boucherie,3,,DY0132,1564691.46790000,5182414.78180000,1.25835001,45.82846317
87085_0670_00004,rue de la Boucherie,4,,DY0162,1564688.29340000,5182423.46020000,1.25830672,45.82854061
87085_0670_00005,rue de la Boucherie,5,,DY0133,1564687.43900000,5182416.11450000,1.25829779,45.82847437
87085_0670_00006,rue de la Boucherie,6,,DY0161,1564684.67810000,5182424.88180000,1.25825980,45.82855269
87085_0670_00007,rue de la Boucherie,7,,DY0134,1564682.94450000,5182417.57020000,1.25823955,45.82848658
87085_0670_00008,rue de la Boucherie,8,,DY0137,1564678.30050000,5182426.28270000,1.25817734,45.82856404
87085_0670_00009,rue de la Boucherie,9,,DY0135,1564676.82800000,5182419.44980000,1.25816032,45.82850228
87085_0670_00010,rue de la Boucherie,10,,DY0138,1564674.42010000,5182427.76150000,1.25812699,45.82857658
87085_0670_00011,rue de la Boucherie,11,,DY0136,1564671.92860000,5182420.90680000,1.25809686,45.82851442
87085_0670_00012,rue de la Boucherie,12,,DY0524,1564670.73510000,5182428.71040000,1.25807931,45.82858439
87085_0670_00013,rue de la Boucherie,13,,DY0123,1564666.23780000,5182422.44240000,1.25802320,45.82852712
87085_0670_00014,rue de la Boucherie,14,,DY0140,1564667.14840000,5182429.82790000,1.25803284,45.82859373
87085_0670_00015,rue de la Boucherie,15,,DY0122,1564660.52460000,5182424.45650000,1.25794912,45.82854411
87085_0670_00016,rue de la Boucherie,16,,DY0142,1564661.94590000,5182431.41270000,1.25796545,45.82860697
87085_0670_00017,rue de la Boucherie,17,,DY0119,1564657.53360000,5182425.39080000,1.25791037,45.82855193
87085_0670_00018,rue de la Boucherie,18,,DY0143,1564657.18640000,5182432.71830000,1.25790384,45.82861777
87085_0670_00019,rue de la Boucherie,19,,DY0041,1564634.85250000,5182429.03370000,1.25761749,45.82858023
87085_0670_00020,rue de la Boucherie,20,,DY0144,1564652.41250000,5182433.62510000,1.25784216,45.82862499
87085_0670_00021,rue de la Boucherie,21,,DY0042,1564632.94220000,5182431.91820000,1.25759210,45.82860581
87085_0670_00023,rue de la Boucherie,23,,DY0043,1564631.18940000,5182434.93910000,1.25756870,45.82863264
87085_0670_00024,rue de la Boucherie,24,,DY0553,1564643.86730000,5182436.31450000,1.25773144,45.82864750
87085_0670_00025,rue de la Boucherie,25,,DY0044,1564628.94480000,5182437.77260000,1.25753901,45.82865768
87085_0670_00026,rue de la Boucherie,26,,DY0115,1564637.04880000,5182439.12400000,1.25764291,45.82867143
87085_0670_00027,rue de la Boucherie,27,,DY0045,1564626.72820000,5182440.77180000,1.25750965,45.82868423
87085_0670_00029,rue de la Boucherie,29,,DY0046,1564620.97260000,5182446.94500000,1.25743385,45.82873862
87085_0670_00031,rue de la Boucherie,31,,DY0047,1564618.58650000,5182449.99420000,1.25740229,45.82876558
87085_0670_00032,rue de la Boucherie,32,,DY0113,1564630.97000000,5182445.10700000,1.25756301,45.82872406
87085_0670_00033,rue de la Boucherie,33,,DY0048,1564616.69800000,5182453.02380000,1.25737713,45.82879247
87085_0670_00034,rue de la Boucherie,34,,DY0112,1564628.37040000,5182448.92900000,1.25752848,45.82875793
87085_0670_00035,rue de la Boucherie,35,,DY0049,1564614.87670000,5182455.85280000,1.25735290,45.82881756
87085_0670_00036,rue de la Boucherie,36,,DY0111,1564625.69470000,5182452.42310000,1.25749307,45.82878883
87085_0670_00037,rue de la Boucherie,37,,DY0550,1564611.97930000,5182459.98280000,1.25731445,45.82885414
87085_0670_00038,rue de la Boucherie,38,,DY0110,1564623.31550000,5182455.71660000,1.25746153,45.82881799
87085_0670_00039,rue de la Boucherie,39,,DY0551,1564609.95880000,5182462.89790000,1.25728763,45.82887996
87085_0670_00040,rue de la Boucherie,40,,DY0109,1564621.31700000,5182458.33280000,1.25743507,45.82884113
87085_0670_00041,rue de la Boucherie,41,,DY0071,1564608.47610000,5182465.14530000,1.25726792,45.82889989
87085_0670_00042,rue de la Boucherie,42,,DY0108,1564618.50940000,5182462.31940000,1.25739782,45.82887644
87085_0670_00043,rue de la Boucherie,43,,DY0072,1564606.84490000,5182467.58160000,1.25724625,45.82892148
87085_0670_00044,rue de la Boucherie,44,,DY0107,1564616.06390000,5182465.59810000,1.25736543,45.82890545
87085_0670_00045,rue de la Boucherie,45,,DY0073,1564604.84770000,5182470.09770000,1.25721984,45.82894372
87085_0670_00046,rue de la Boucherie,46,,DY0521,1564613.99240000,5182468.39330000,1.25733799,45.82893019
87085_0670_00047,rue de la Boucherie,47,,DY0074,1564601.21030000,5182475.45790000,1.25717152,45.82899122
87085_0670_00048,rue de la Boucherie,48,,DY0105,1564612.01060000,5182471.87300000,1.25731151,45.82896110
87085_0670_00049,rue de la Boucherie,49,,DY0075,1564598.23260000,5182479.67390000,1.25713202,45.82902856
87085_0670_00050,rue de la Boucherie,50,,DY0104,1564609.27990000,5182475.84800000,1.25727525,45.82899632
87085_0670_00051,rue de la Boucherie,51,,DY0076,1564596.49900000,5182482.44040000,1.25710893,45.82905311
87085_0670_00052,rue de la Boucherie,52,,DY0103,1564602.17390000,5182485.46820000,1.25718111,45.82908146
87085_0705_00005,rue de la Brasserie,5,,IM0411,1563534.05520000,5182461.04270000,1.24344383,45.82865063
87085_0705_00005_a,rue de la Brasserie,5,a,IM0411,1563542.15000000,5182460.62480000,1.24354811,45.82864848
87085_0705_00005_b,rue de la Brasserie,5,b,IM0411,1563546.90300000,5182460.58610000,1.24360928,45.82864908
87085_0705_00006,rue de la Brasserie,6,,IM0468,1563520.87350000,5182447.64390000,1.24327801,45.82852749
87085_0705_00007,rue de la Brasserie,7,,IM0412,1563532.49490000,5182451.61550000,1.24342643,45.82856552
87085_0705_00008,rue de la Brasserie,8,,IM0467,1563519.53900000,5182437.84810000,1.24326362,45.82843911
87085_0705_00009,rue de la Brasserie,9,,IM0413,1563531.28410000,5182443.20590000,1.24341323,45.82848963
87085_0705_00010,rue de la Brasserie,10,,IM0466,1563517.29900000,5182424.21610000,1.24323867,45.82831603
87085_0705_00011,rue de la Brasserie,11,,IM0414,1563530.19820000,5182437.46520000,1.24340089,45.82843778
87085_0705_00013,rue de la Brasserie,13,,IM0415,1563528.88620000,5182429.11890000,1.24338638,45.82836244
87085_0705_00014,rue de la Brasserie,14,,IM0465,1563516.27160000,5182417.10750000,1.24322747,45.82825188
87085_0705_00015,rue de la Brasserie,15,,IM0416,1563527.86850000,5182422.63510000,1.24337512,45.82830391
87085_0705_00016,rue de la Brasserie,16,,IM0464,1563514.72680000,5182407.59310000,1.24321029,45.82816599
87085_0705_00017,rue de la Brasserie,17,,IM0417,1563526.79830000,5182416.14430000,1.24336319,45.82824531
87085_0705_00018,rue de la Brasserie,18,,IM0463,1563513.03760000,5182398.15760000,1.24319123,45.82808078
87085_0705_00019,rue de la Brasserie,19,,IM0418,1563525.83760000,5182410.51250000,1.24335243,45.82819446
87085_0705_00020,rue de la Brasserie,20,,IM0462,1563512.24940000,5182391.86960000,1.24318288,45.82802406
87085_0705_00021,rue de la Brasserie,21,,IM0419,1563525.09880000,5182404.81900000,1.24334454,45.82814309
87085_0705_00022,rue de la Brasserie,22,,IM0461,1563510.34300000,5182381.79570000,1.24316120,45.82793306
87085_0705_00023,rue de la Brasserie,23,,IM0420,1563523.81960000,5182396.19990000,1.24333052,45.82806531
87085_0705_00024,rue de la Brasserie,24,,IM0661,1563508.56590000,5182368.92860000,1.24314199,45.82781696
87085_0705_00025,rue de la Brasserie,25,,IM0421,1563522.49680000,5182387.87130000,1.24331587,45.82799012
87085_0705_00026,rue de la Brasserie,26,,IM0660,1563506.73350000,5182357.23680000,1.24312173,45.82771142
87085_0705_00027,rue de la Brasserie,27,,IM0422,1563521.15420000,5182379.22280000,1.24330105,45.82791206
87085_0705_00028,rue de la Brasserie,28,,IM0459,1563505.30010000,5182349.43430000,1.24310550,45.82764095
87085_0705_00029,rue de la Brasserie,29,,IM0424,1563519.04930000,5182366.00090000,1.24327772,45.82779270
87085_0705_00030,rue de la Brasserie,30,,IM0456,1563503.99280000,5182340.89290000,1.24309111,45.82756385
87085_0705_00031,rue de la Brasserie,31,,IM0722,1563517.18660000,5182354.37700000,1.24325705,45.82768777
87085_0705_00031_bis,rue de la Brasserie,31,bis,IM0723,1563516.41820000,5182350.28950000,1.24324832,45.82765085
87085_0705_00032,rue de la Brasserie,32,,IM1386,1563503.02950000,5182334.97300000,1.24308039,45.82751041
87085_0705_00033,rue de la Brasserie,33,,IM0725,1563515.38300000,5182343.07240000,1.24323705,45.82758572
87085_0705_00034,rue de la Brasserie,34,,IM0454,1563501.59960000,5182326.28850000,1.24306446,45.82743200
87085_0705_00035,rue de la Brasserie,35,,IM0428,1563514.13860000,5182335.75310000,1.24322311,45.82751963
87085_0705_00036,rue de la Brasserie,36,,IM0453,1563500.25680000,5182317.64000000,1.24304963,45.82735394
87085_0705_00037,rue de la Brasserie,37,,IM0731,1563512.42690000,5182326.31770000,1.24320377,45.82743442
87085_0705_00038,rue de la Brasserie,38,,IM0762,1563498.67670000,5182306.84850000,1.24303237,45.82725655
87085_0705_00039,rue de la Brasserie,39,,IM0430,1563511.37670000,5182317.66690000,1.24319271,45.82735639
87085_0705_00040,rue de la Brasserie,40,,IM0451,1563497.18210000,5182297.40640000,1.24301582,45.82717132
87085_0705_00041,rue de la Brasserie,41,,IM0431,1563510.29810000,5182311.16630000,1.24318068,45.82729770
87085_0705_00042,rue de la Brasserie,42,,IM0746,1563495.59230000,5182288.45490000,1.24299790,45.82709048
87085_0705_00043,rue de la Brasserie,43,,IM0432,1563508.93940000,5182304.76770000,1.24316501,45.82723987
87085_0705_00044,rue de la Brasserie,44,,IM0449,1563493.81710000,5182276.42790000,1.24297847,45.82698194
87085_0705_00045,rue de la Brasserie,45,,IM0433,1563507.95770000,5182296.56150000,1.24315471,45.82716586
87085_0705_00046,rue de la Brasserie,46,,IM0448,1563492.19130000,5182266.17430000,1.24296046,45.82688938
87085_0705_00047,rue de la Brasserie,47,,IM0434,1563505.88790000,5182284.26400000,1.24313157,45.82705482
87085_0705_00048,rue de la Brasserie,48,,IM0444,1563490.72490000,5182255.55520000,1.24294461,45.82679356
87085_0705_00049,rue de la Brasserie,49,,IM0435,1563504.46800000,5182275.35620000,1.24311582,45.82697441
87085_0705_00051,rue de la Brasserie,51,,IM0436,1563503.16570000,5182267.47750000,1.24310130,45.82690328
87085_0705_00053,rue de la Brasserie,53,,IM0437,1563501.45920000,5182257.80200000,1.24308209,45.82681590
87085_0705_00055,rue de la Brasserie,55,,IM0438,1563500.24620000,5182249.37050000,1.24306888,45.82673982
87085_0705_00057,rue de la Brasserie,57,,IM0442,1563498.61380000,5182240.25640000,1.24305046,45.82665751
87085_0720_00001,rue de la Bregère,1,,CT1423,1565828.82620000,5184040.62560000,1.27253131,45.84331146
87085_0720_00002,rue de la Bregère,2,,CT0383,1565839.01850000,5184040.36030000,1.27266257,45.84331106
87085_0720_00003,rue de la Bregère,3,,CT0516,1565836.89310000,5184055.31400000,1.27263104,45.84344517
87085_0720_00003_bis,rue de la Bregère,3,bis,CT0673,1565841.97120000,5184063.92170000,1.27269400,45.84352359
87085_0720_00005,rue de la Bregère,5,,CT0672,1565848.01820000,5184074.45690000,1.27276889,45.84361954
87085_0720_00007,rue de la Bregère,7,,CT0514,1565852.85220000,5184083.58560000,1.27282856,45.84370260
87085_0720_00009,rue de la Bregère,9,,CT0513,1565857.92760000,5184092.10030000,1.27289151,45.84378018
87085_0720_00011,rue de la Bregère,11,,CT0512,1565863.18620000,5184101.87290000,1.27295647,45.84386912
87085_0720_00013,rue de la Bregère,13,,CT0511,1565868.44100000,5184110.94800000,1.27302157,45.84395178
87085_0720_00014,rue de la Bregère,14,,CT0915,1565880.11310000,5184111.87160000,1.27317154,45.84396237
87085_0720_00015,rue de la Bregère,15,,CT0510,1565873.85370000,5184119.91650000,1.27308873,45.84403352
87085_0720_00016,rue de la Bregère,16,,CT0375,1565886.63620000,5184123.65150000,1.27325222,45.84406961
87085_0720_00017,rue de la Bregère,17,,CT1266,1565879.23940000,5184129.26210000,1.27315544,45.84411864
87085_0720_00021,rue de la Bregère,21,,CT0327,1565894.50720000,5184156.90280000,1.27334425,45.84437026
87085_0720_00022,rue de la Bregère,22,,CT0844,1565905.09670000,5184157.15050000,1.27348048,45.84437455
87085_0720_00023,rue de la Bregère,23,,CT0328,1565900.66830000,5184166.93650000,1.27342075,45.84446172
87085_0720_00025,rue de la Bregère,25,,CT0329,1565905.70940000,5184175.71490000,1.27348318,45.84454167
87085_0720_00026,rue de la Bregère,26,,CT0837,1565918.50470000,5184182.06430000,1.27364611,45.84460128
87085_0720_00027,rue de la Bregère,27,,CT0330,1565911.34560000,5184185.88450000,1.27355289,45.84463425
87085_0720_00029,rue de la Bregère,29,,CT0659,1565916.00340000,5184193.78150000,1.27361064,45.84470620
87085_0720_00030,rue de la Bregère,30,,CT1160,1565953.02110000,5184279.88590000,1.27406309,45.84548798
87085_0720_00031,rue de la Bregère,31,,CT0331,1565920.40020000,5184202.76910000,1.27366473,45.84478790
87085_0720_00033,rue de la Bregère,33,,CT0332,1565927.07870000,5184220.15610000,1.27374584,45.84494561
87085_0720_00034,rue de la Bregère,34,,CT0740,1565957.24560000,5184295.17080000,1.27411320,45.84562630
87085_0720_00035,rue de la Bregère,35,,CT0333,1565930.82510000,5184232.03490000,1.27379074,45.84505320
87085_0720_00036,rue de la Bregère,36,,CT0348,1565960.59240000,5184307.08270000,1.27415296,45.84573410
87085_0720_00037,rue de la Bregère,37,,CT0334,1565934.51890000,5184245.57380000,1.27383451,45.84517571
87085_0720_00038,rue de la Bregère,38,,None,1565964.59090000,5184320.25560000,1.27420075,45.84585338
87085_0720_00039,rue de la Bregère,39,,CT0335,1565936.79090000,5184253.68490000,1.27386149,45.84524912
87085_0720_00040,rue de la Bregère,40,,CT1515,1565975.68700000,5184360.34040000,1.27433240,45.84621613
87085_0720_00041,rue de la Bregère,41,,CT0336,1565938.74650000,5184261.82360000,1.27388439,45.84532271
87085_0720_00042,rue de la Bregère,42,,CN0290,1565974.77420000,5184444.55430000,1.27429716,45.84697351
87085_0720_00043,rue de la Bregère,43,,CT0337,1565941.46470000,5184272.14770000,1.27391650,45.84541611
87085_0720_00044,rue de la Bregère,44,,CN0291,1565966.64150000,5184453.65300000,1.27418994,45.84705377
87085_0720_00044_bis,rue de la Bregère,44,bis,CN0742,1565962.27000000,5184457.33110000,1.27413264,45.84708601
87085_0720_00045,rue de la Bregère,45,,CT0338,1565943.69650000,5184280.98900000,1.27394276,45.84549608
87085_0720_00046,rue de la Bregère,46,,CN0431,1565958.65100000,5184461.20220000,1.27408498,45.84712013
87085_0720_00047,rue de la Bregère,47,,CT0339,1565946.78300000,5184293.15000000,1.27397910,45.84560608
87085_0720_00048,rue de la Bregère,48,,CN0738,1565950.39580000,5184468.20910000,1.27397676,45.84718155
87085_0720_00049,rue de la Bregère,49,,CT0340,1565950.52970000,5184307.31850000,1.27402337,45.84573426
87085_0720_00051,rue de la Bregère,51,,CT0341,1565953.13170000,5184315.69270000,1.27405453,45.84581010
87085_0720_00052,rue de la Bregère,52,,CN0380,1565918.01680000,5184494.24750000,1.27355271,45.84740946
87085_0720_00053,rue de la Bregère,53,,CT0342,1565955.72030000,5184325.29570000,1.27408517,45.84589699
87085_0720_00056,rue de la Bregère,56,,CN0595,1565898.03910000,5184504.59750000,1.27329267,45.84749867
87085_0720_00057,rue de la Bregère,57,,CT0343,1565960.00230000,5184340.79980000,1.27413596,45.84603730
87085_0720_00058,rue de la Bregère,58,,CN0383,1565883.89080000,5184514.67380000,1.27310774,45.84758656
87085_0720_00059,rue de la Bregère,59,,CT0774,1565963.14320000,5184352.00360000,1.27417326,45.84613869
87085_0720_00059_bis,rue de la Bregère,59,bis,CT0775,1565964.55100000,5184357.96000000,1.27418972,45.84619255
87085_0720_00062,rue de la Bregère,62,,CN0819,1565873.33470000,5184526.26370000,1.27296863,45.84768875
87085_0720_00063,rue de la Bregère,63,,CT1461,1565972.42680000,5184385.41910000,1.27428344,45.84644110
87085_0720_00064,rue de la Bregère,64,,CN0387,1565860.44930000,5184534.94730000,1.27280034,45.84776436
87085_0720_00065,rue de la Bregère,65,,CT0699,1565974.18620000,5184393.95420000,1.27430370,45.84651822
87085_0720_00066,rue de la Bregère,66,,CN0388,1565849.19610000,5184542.88210000,1.27265327,45.84783354
87085_0720_00067,rue de la Bregère,67,,CT0297,1565976.86610000,5184404.45480000,1.27433527,45.84661320
87085_0720_00068,rue de la Bregère,68,,CN0391,1565838.93410000,5184550.38360000,1.27251908,45.84789902
87085_0720_00070,rue de la Bregère,70,,CN0392,1565829.01960000,5184557.54880000,1.27238946,45.84796154
87085_0720_00071,rue de la Bregère,71,,CT0296,1565973.86350000,5184422.61070000,1.27429156,45.84677594
87085_0720_00072,rue de la Bregère,72,,CN0396,1565820.02880000,5184563.82310000,1.27227198,45.84801622
87085_0720_00073,rue de la Bregère,73,,CT0295,1565958.61450000,5184447.61150000,1.27408830,45.84699786
87085_0720_00074,rue de la Bregère,74,,CN0404,1565808.74310000,5184571.63440000,1.27212453,45.84808429
87085_0720_00075,rue de la Bregère,75,,CT0710,1565945.81780000,5184459.66940000,1.27392022,45.84710383
87085_0720_00079,rue de la Bregère,79,,CT1493,1565932.40860000,5184469.31280000,1.27374492,45.84718797
87085_0720_00081,rue de la Bregère,81,,CT1336,1565920.38030000,5184477.84480000,1.27358771,45.84726237
87085_0720_00084,rue de la Bregère,84,,CN0633,1565745.78550000,5184614.30840000,1.27130220,45.84845587
87085_0720_00087,rue de la Bregère,87,,CT0290,1565879.16240000,5184506.20350000,1.27304924,45.84750944
87085_0720_00088,rue de la Bregère,88,,CN0630,1565732.82490000,5184623.85380000,1.27113270,45.84853921
87085_0720_00089,rue de la Bregère,89,,CT0282,1565870.45400000,5184512.65390000,1.27293535,45.84756576
87085_0720_00090,rue de la Bregère,90,,CN0417,1565721.57050000,5184631.64990000,1.27098565,45.84860714
87085_0720_00091,rue de la Bregère,91,,CT0281,1565864.03730000,5184516.81450000,1.27285159,45.84760194
87085_0720_00092,rue de la Bregère,92,,CN0418,1565712.12970000,5184638.70630000,1.27086216,45.84866878
87085_0720_00093,rue de la Bregère,93,,CT0280,1565857.85960000,5184520.89970000,1.27277093,45.84763748
87085_0720_00093_bis,rue de la Bregère,93,bis,CT0277,1565850.87660000,5184526.24100000,1.27267955,45.84768417
87085_0720_00094,rue de la Bregère,94,,CN0422,1565699.62570000,5184647.65890000,1.27069870,45.84874687
87085_0720_00095,rue de la Bregère,95,,CT0735,1565843.62620000,5184531.61090000,1.27258472,45.84773106
87085_0720_00096,rue de la Bregère,96,,CN0423,1565689.65970000,5184655.35330000,1.27056826,45.84881414
87085_0720_00097,rue de la Bregère,97,,CT0275,1565829.24600000,5184541.10730000,1.27239697,45.84781368
87085_0720_00098,rue de la Bregère,98,,CM0880,1565615.57480000,5184738.22790000,1.26959144,45.84954517
87085_0720_00099,rue de la Bregère,99,,CT0274,1565823.35440000,5184545.77490000,1.27231983,45.84785452
87085_0720_00115,rue de la Bregère,115,,CT1035,1565740.10840000,5184603.08230000,1.27123226,45.84835378
87085_0720_00120,rue de la Bregère,120,,CM0880,1565567.94970000,5184797.70640000,1.26896174,45.85007090
87085_0720_00125,rue de la Bregère,125,,CT0025,1565705.06280000,5184627.63870000,1.27077428,45.84856784
87085_0720_00127,rue de la Bregère,127,,CT0695,1565695.35100000,5184634.70720000,1.27064729,45.84862952
87085_0720_00129,rue de la Bregère,129,,CT0694,1565683.16840000,5184643.92410000,1.27048790,45.84871006
87085_0720_00133,rue de la Bregère,133,,CT1140,1565649.53050000,5184672.22950000,1.27004699,45.84895811
87085_0720_00135,rue de la Bregère,135,,CT0019,1565635.19200000,5184690.36300000,1.26985735,45.84911843
87085_0720_00137,rue de la Bregère,137,,CT1192,1565624.21620000,5184704.27950000,1.26971217,45.84924147
87085_0720_00143,rue de la Bregère,143,,CT0001,1565587.63560000,5184746.46650000,1.26922948,45.84961382
87085_0720_00166,rue de la Bregère,166,,CM0374,1565517.48090000,5184855.24940000,1.26829597,45.85057866
87085_0720_00168,rue de la Bregère,168,,CM0375,1565510.58640000,5184859.40590000,1.26820605,45.85061470
87085_0720_00172,rue de la Bregère,172,,CM0378,1565464.23020000,5184869.75900000,1.26760642,45.85069877
87085_0720_00174,rue de la Bregère,174,,CM0379,1565454.74710000,5184869.29620000,1.26748448,45.85069275
87085_0720_00176,rue de la Bregère,176,,CM0381,1565446.17570000,5184867.65620000,1.26737460,45.85067632
87085_0720_00178,rue de la Bregère,178,,CM0383,1565436.95650000,5184865.22140000,1.26725660,45.85065261
87085_0720_00179,rue de la Bregère,179,,BS0431,1565350.77310000,5184863.91830000,1.26614755,45.85062401
87085_0720_00180,rue de la Bregère,180,,CM0385,1565425.34730000,5184861.90390000,1.26710809,45.85062050
87085_0720_00181,rue de la Bregère,181,,BS0430,1565332.68320000,5184872.63590000,1.26591224,45.85069889
87085_0720_00181_b,rue de la Bregère,181,b,BS0422,1565324.74570000,5184878.13920000,1.26580852,45.85074684
87085_0720_00182,rue de la Bregère,182,,CM0387,1565409.32710000,5184858.05400000,1.26690295,45.85058273
87085_0720_00183,rue de la Bregère,183,,BS0421,1565313.75560000,5184887.43480000,1.26566444,45.85082831
87085_0720_00184,rue de la Bregère,184,,CM0388,1565391.70010000,5184858.60740000,1.26667588,45.85058425
87085_0720_00186,rue de la Bregère,186,,CM0389,1565379.15310000,5184864.19730000,1.26651280,45.85063208
87085_0720_00188,rue de la Bregère,188,,CM0390,1565367.48770000,5184869.58180000,1.26636113,45.85067823
87085_0720_00190,rue de la Bregère,190,,CM0391,1565358.15250000,5184873.84710000,1.26623976,45.85071477
87085_0720_00192,rue de la Bregère,192,,CM0392,1565350.28640000,5184877.88280000,1.26613737,45.85074954
87085_0720_00193,rue de la Bregère,193,,BS0420,1565291.27290000,5184913.11100000,1.26536783,45.85105488
87085_0720_00194,rue de la Bregère,194,,CM0393,1565343.28020000,5184881.77870000,1.26604609,45.85078321
87085_0720_00198,rue de la Bregère,198,,CM0562,1565306.19850000,5184908.78070000,1.26556118,45.85101885
87085_0720_00200,rue de la Bregère,200,,CM0572,1565287.99510000,5184931.85240000,1.26532038,45.85122282
87085_0745_00004,rue de la Briance,4,,ON0038,1561586.84890000,5182108.84800000,1.21848955,45.82509335
87085_0745_00005,rue de la Briance,5,,OO0245,1561582.00540000,5182100.40970000,1.21842966,45.82501647
87085_0745_00006,rue de la Briance,6,,ON0037,1561566.75410000,5182116.97170000,1.21822866,45.82516238
87085_0745_00007,rue de la Briance,7,,OO0244,1561571.03050000,5182104.42160000,1.21828729,45.82505035
87085_0745_00009,rue de la Briance,9,,OO0243,1561561.35390000,5182108.02990000,1.21816175,45.82508086
87085_0745_00010,rue de la Briance,10,,ON0036,1561549.62340000,5182123.18140000,1.21800645,45.82521479
87085_0745_00011,rue de la Briance,11,,OO0242,1561551.69860000,5182111.28180000,1.21803658,45.82510817
87085_0745_00012,rue de la Briance,12,,ON0033,1561533.32370000,5182128.98900000,1.21779506,45.82526375
87085_0745_00013,rue de la Briance,13,,OO0241,1561539.02390000,5182116.19570000,1.21787208,45.82514982
87085_0745_00014,rue de la Briance,14,,ON0032,1561521.97170000,5182133.43460000,1.21764771,45.82530146
87085_0745_00016,rue de la Briance,16,,ON0029,1561511.12650000,5182137.47270000,1.21750701,45.82533560
87085_0745_00022,rue de la Briance,22,,ON0018,1561463.86270000,5182150.23440000,1.21689520,45.82544088
87085_0745_00023,rue de la Briance,23,,OO0118,1561451.82960000,5182142.23150000,1.21674268,45.82536647
87085_0745_00024,rue de la Briance,24,,ON0017,1561451.75680000,5182151.01200000,1.21673921,45.82544544
87085_0745_00025,rue de la Briance,25,,OO0117,1561435.16070000,5182142.74750000,1.21652806,45.82536775
87085_0745_00026,rue de la Briance,26,,ON0016,1561439.89010000,5182151.30820000,1.21658644,45.82544571
87085_0745_00027,rue de la Briance,27,,OO0116,1561421.14610000,5182140.91480000,1.21634826,45.82534844
87085_0745_00028,rue de la Briance,28,,ON0015,1561428.04470000,5182150.95380000,1.21643413,45.82544014
87085_0745_00029,rue de la Briance,29,,OO0113,1561408.82350000,5182137.85780000,1.21619059,45.82531846
87085_0745_00030,rue de la Briance,30,,ON0014,1561416.58760000,5182149.00120000,1.21628728,45.82542026
87085_0745_00031,rue de la Briance,31,,OO0112,1561395.97540000,5182133.90900000,1.21602642,45.82528035
87085_0745_00032,rue de la Briance,32,,ON0013,1561403.24410000,5182145.65150000,1.21611656,45.82538744
87085_0745_00033,rue de la Briance,33,,OO0109,1561383.27370000,5182129.40600000,1.21586429,45.82523728
87085_0745_00034,rue de la Briance,34,,ON0011,1561392.37560000,5182142.40980000,1.21597765,45.82535609
87085_0745_00035,rue de la Briance,35,,OO0108,1561371.05920000,5182124.04860000,1.21570867,45.82518663
87085_0745_00036,rue de la Briance,36,,ON0012,1561378.15630000,5182137.34460000,1.21579616,45.82530766
87085_0745_00037,rue de la Briance,37,,OO0105,1561357.47000000,5182116.63810000,1.21553596,45.82511723
87085_0795_00002,rue de la Butte,2,,CT1385,1565675.68970000,5184575.11720000,1.27041087,45.84808964
87085_0795_00003,rue de la Butte,3,,CT1381,1565668.98940000,5184563.77580001,1.27032779,45.84798630
87085_0795_00005,rue de la Butte,5,,CT1379,1565659.07500000,5184573.17489999,1.27019754,45.84806892
87085_0795_00006,rue de la Butte,6,,CT1495,1565665.86820000,5184584.38850000,1.27028185,45.84817112
87085_0795_00007,rue de la Butte,7,,CT1377,1565645.76630000,5184585.39690000,1.27002281,45.84817626
87085_0795_00008,rue de la Butte,8,,CT1387,1565659.91330000,5184590.16780000,1.27020358,45.84822194
87085_0795_00009,rue de la Butte,9,,CT1375,1565627.88040000,5184602.01280000,1.26990755,45.84841030
87085_0795_00010,rue de la Butte,10,,CT1389,1565655.95810000,5184594.04810000,1.27015159,45.84825607
87085_0795_00012,rue de la Butte,12,,CT1391,1565652.61050000,5184596.95690000,1.27010768,45.84828159
87085_0795_00014,rue de la Butte,14,,CT1393,1565649.00480000,5184600.52890000,1.27006027,45.84831301
87085_0795_00015,rue de la Butte,15,,CT1373,1565604.73720000,5184623.94259999,1.26948390,45.84851498
87085_0795_00016,rue de la Butte,16,,CT1395,1565645.03770000,5184604.19270000,1.27000818,45.84834520
87085_0795_00019,rue de la Butte,19,,CT1370,1565595.95100000,5184632.34409999,1.26936845,45.84858884
87085_0795_00024,rue de la Butte,24,,CT1397,1565609.07050000,5184637.19190000,1.26953597,45.84863502
87085_0795_00025,rue de la Butte,25,,CT0842,1565579.70440000,5184647.08410000,1.26915519,45.84871826
87085_0795_00026,rue de la Butte,26,,CT0936,1565596.93370000,5184648.51410000,1.26937658,45.84873449
87085_0795_00028,rue de la Butte,28,,CT1399,1565588.62660000,5184656.14000000,1.26926751,45.84880147
87085_0890_00001,rue de la Cathédrale,1,,EO0197,1565212.27040000,5182366.92330000,1.26506491,45.82813492
87085_0890_00003,rue de la Cathédrale,3,,EO0197,1565201.67260000,5182360.67490000,1.26493030,45.82807663
87085_0900_00001,rue de la Céramique,1,,BR0360,1564553.04740000,5184327.99590000,1.25602974,45.84564639
87085_0900_00001_bis,rue de la Céramique,1,bis,BR0361,1564560.28470000,5184328.94860000,1.25612263,45.84565638
87085_0900_00002,rue de la Céramique,2,,BR0359,1564558.24090000,5184312.98640000,1.25610082,45.84551239
87085_0900_00003,rue de la Céramique,3,,BR0362,1564573.03050000,5184331.32270000,1.25628602,45.84568025
87085_0900_00004,rue de la Céramique,4,,BR0314,1564611.72040000,5184321.97420000,1.25678665,45.84560378
87085_0900_00005,rue de la Céramique,5,,BR0776,1564604.10250000,5184336.67020000,1.25668446,45.84573448
87085_0900_00010,rue de la Céramique,10,,BR0773,1564677.88110000,5184333.04300000,1.25763513,45.84571637
87085_0900_00012,rue de la Céramique,12,,BR0759,1564691.55860000,5184335.25080000,1.25781056,45.84573892
87085_0900_00013,rue de la Céramique,13,,BR0777,1564676.86150000,5184349.80150000,1.25761728,45.84586692
87085_0900_00014,rue de la Céramique,14,,BR0312,1564700.85190000,5184336.95510000,1.25792969,45.84575608
87085_0900_00016,rue de la Céramique,16,,BR0267,1564720.50700000,5184340.66950000,1.25818164,45.84579336
87085_0900_00018,rue de la Céramique,18,,BR0266,1564726.93510000,5184341.71480000,1.25826409,45.84580403
87085_0900_00020,rue de la Céramique,20,,BR0265,1564733.62470000,5184342.88950000,1.25834986,45.84581591
87085_0900_00022,rue de la Céramique,22,,BR0264,1564740.27650000,5184343.57230000,1.25843529,45.84582337
87085_0900_00024,rue de la Céramique,24,,BR0263,1564752.79080000,5184345.96720000,1.25859569,45.84584737
87085_0921_00001,rue de la Chabeaudie,1,,PV0099,1561843.92930000,5184013.55220000,1.22124992,45.84227879
87085_0921_00002,rue de la Chabeaudie,2,,PZ0078,1561844.52890000,5184029.11440000,1.22125316,45.84241890
87085_0921_00007,rue de la Chabeaudie,7,,PV0052,1561794.44290000,5184048.29760000,1.22060300,45.84258140
87085_0921_00010,rue de la Chabeaudie,10,,PZ0124,1561780.92240000,5184065.88270000,1.22042393,45.84273687
87085_0921_00012,rue de la Chabeaudie,12,,PZ0123,1561773.44870000,5184069.49240000,1.22032670,45.84276784
87085_0921_00014,rue de la Chabeaudie,14,,PZ0121,1561757.19660000,5184077.45900000,1.22011523,45.84283623
87085_0921_00020,rue de la Chabeaudie,20,,PZ0097,1561674.20150000,5184113.46090000,1.21903665,45.84314339
87085_0921_00022,rue de la Chabeaudie,22,,PZ0086,1561651.62280000,5184123.48450000,1.21874316,45.84322902
87085_0921_00024_a,rue de la Chabeaudie,24,a,PZ0093,1561676.85340000,5184159.09320000,1.21905765,45.84355441
87085_0921_00024_b,rue de la Chabeaudie,24,b,PZ0092,1561669.94780000,5184161.47450000,1.21896808,45.84357444
87085_0921_00024_c,rue de la Chabeaudie,24,c,PZ0094,1561667.09040000,5184159.11970000,1.21893199,45.84355269
87085_0921_00024_d,rue de la Chabeaudie,24,d,PZ0095,1561658.75600000,5184150.91760000,1.21882707,45.84347723
87085_0921_00025,rue de la Chabeaudie,25,,PV0097,1561657.70390000,5184108.96750000,1.21882561,45.84309966
87085_0921_00026,rue de la Chabeaudie,26,,PZ0088,1561647.11420000,5184137.92650000,1.21868097,45.84335802
87085_0921_00027,rue de la Chabeaudie,27,,PV0096,1561624.94250000,5184116.80600000,1.21840169,45.84316357
87085_0921_00028,rue de la Chabeaudie,28,,PZ0081,1561632.18440000,5184127.60230000,1.21849179,45.84326215
87085_0921_00030,rue de la Chabeaudie,30,,PZ0011,1561596.27640000,5184128.17880000,1.21802945,45.84326011
87085_0921_00031,rue de la Chabeaudie,31,,PV0011,1561561.65560000,5184117.54380000,1.21758692,45.84315747
87085_0921_00037,rue de la Chabeaudie,37,,PT0037,1561528.15510000,5184192.06430000,1.21713427,45.84382107
87085_0921_00040,rue de la Chabeaudie,40,,PZ0071,1561578.42390000,5184192.01190000,1.21778129,45.84383072
87085_0921_00040_bis,rue de la Chabeaudie,40,bis,PZ0071,1561588.22060000,5184200.66650000,1.21790489,45.84391055
87085_0921_00041,rue de la Chabeaudie,41,,PT0003,1561519.32860000,5184240.59070000,1.21700668,45.84425581
87085_0921_00046,rue de la Chabeaudie,46,,PZ0015,1561613.23700000,5184209.34440000,1.21822438,45.84399364
87085_0921_00048,rue de la Chabeaudie,48,,PZ0101,1561603.28370000,5184232.22440000,1.21815260,45.84414784
87085_0921_00050,rue de la Chabeaudie,50,,PZ0102,1561603.28370000,5184232.22440000,1.21808968,45.84419746
87085_0921_00056,rue de la Chabeaudie,56,,PZ0053,1561589.20820000,5184216.30420000,1.21791310,45.84405141
87085_0921_00068,rue de la Chabeaudie,68,,PZ0055,1561520.06570000,5184286.01780000,1.21700307,45.84466460
87085_0921_00072,rue de la Chabeaudie,72,,PZ0007,1561508.72300000,5184322.48240000,1.21684657,45.84499033
87085_0921_00076,rue de la Chabeaudie,76,,PZ0079,1561494.11890000,5184355.42040000,1.21664910,45.84528368
87085_0921_00078,rue de la Chabeaudie,78,,PZ0004,1561480.47920000,5184381.82460000,1.21646593,45.84551845
87085_0921_00080,rue de la Chabeaudie,80,,PZ0003,1561471.43790000,5184399.22080000,1.21634454,45.84567312
87085_0921_00084,rue de la Chabeaudie,84,,PZ0091,1561453.34800000,5184437.14940000,1.21610076,45.84601066
87085_0921_00096,rue de la Chabeaudie,96,,PZ0001,1561401.63650000,5184564.52270000,1.21539842,45.84714602
87085_0921_00127,rue de la Chabeaudie,127,,RO0044,1561438.15200000,5185141.79650000,1.21570195,45.85234622
87085_0921_00129,rue de la Chabeaudie,129,,RO0043,1561450.28200000,5185164.13550000,1.21585165,45.85254962
87085_1130_00001,rue de la Cité,1,,EO0041,1565194.75590000,5182466.38440000,1.26481166,45.82902620
87085_1130_00002,rue de la Cité,2,,EO0030,1565208.79860000,5182475.40480000,1.26498983,45.82911009
87085_1130_00004,rue de la Cité,4,,EO0032,1565201.95590000,5182474.97760000,1.26490190,45.82910491
87085_1130_00005,rue de la Cité,5,,EO0276,1565163.27530000,5182465.20540000,1.26440690,45.82900942
87085_1130_00006,rue de la Cité,6,,EO0033,1565193.02950000,5182474.28250000,1.26478723,45.82909691
87085_1130_00008,rue de la Cité,8,,EO0034,1565185.47960000,5182473.15950000,1.26469039,45.82908533
87085_1130_00010,rue de la Cité,10,,EO0035,1565179.82910000,5182473.33780000,1.26461763,45.82908582
87085_1130_00012,rue de la Cité,12,,EO0036,1565175.13350000,5182472.87280000,1.26455734,45.82908072
87085_1130_00016,rue de la Cité,16,,EO0037,1565169.47230000,5182472.43870000,1.26448462,45.82907570
87085_1283_00002,rue de la Conque,2,,NN0037,1563211.58890000,5181348.28290000,1.23961099,45.81857669
87085_1283_00004,rue de la Conque,4,,NN0036,1563203.21810000,5181351.86880000,1.23950228,45.81860728
87085_1283_00008,rue de la Conque,8,,NN0137,1563182.19540000,5181360.54770000,1.23922935,45.81868117
87085_1283_00010,rue de la Conque,10,,NN0033,1563168.52830000,5181366.16390000,1.23905192,45.81872897
87085_1283_00013,rue de la Conque,13,,NN0027,1563072.33110000,5181330.88820000,1.23782436,45.81839251
87085_1283_00015,rue de la Conque,15,,NN0027,1563035.67130000,5181381.60390000,1.23733828,45.81884142
87085_1283_00024,rue de la Conque,24,,NN0030,1562998.65260000,5181427.62200000,1.23684892,45.81924801
87085_1283_00026,rue de la Conque,26,,NN0030,1562986.15800000,5181430.63340000,1.23668731,45.81927261
87085_1283_00027,rue de la Conque,27,,NN0148,1562962.34620000,5181415.69730001,1.23638500,45.81913400
87085_1283_00028,rue de la Conque,28,,NN0030,1562974.09900000,5181433.18180000,1.23653144,45.81929313
87085_1283_00030,rue de la Conque,30,,NN0030,1562961.38610000,5181435.41890000,1.23636725,45.81931073
87085_1283_00032,rue de la Conque,32,,NN0030,1562944.67060000,5181438.20120000,1.23615140,45.81933242
87085_1283_00033,rue de la Conque,33,,NN0007,1562891.27890000,5181427.28610000,1.23546761,45.81922360
87085_1283_00034,rue de la Conque,34,,NN0030,1562928.70940000,5181440.37090000,1.23594544,45.81934876
87085_1283_00039,rue de la Conque,39,,NN0006,1562873.44650000,5181429.98880000,1.23523742,45.81924435
87085_1283_00041,rue de la Conque,41,,NN0006,1562861.27570000,5181431.59640000,1.23508038,45.81925639
87085_1283_00043,rue de la Conque,43,,NN0006,1562848.00480000,5181433.63540000,1.23490906,45.81927208
87085_1283_00045,rue de la Conque,45,,NN0001,1562837.95260000,5181434.50460000,1.23477949,45.81927790
87085_1290_00002,rue de la Convention,2,,CV0272,1565616.42780000,5184037.62110000,1.26979836,45.84324295
87085_1290_00003,rue de la Convention,3,,CV0315,1565600.83970000,5184034.85150000,1.26959850,45.84321499
87085_1290_00004,rue de la Convention,4,,CV0273,1565603.69360000,5184049.27720000,1.26963120,45.84334532
87085_1290_00005,rue de la Convention,5,,CV0314,1565593.15980000,5184042.16350000,1.26949760,45.84327927
87085_1290_00006,rue de la Convention,6,,CV0348,1565593.13840000,5184059.19910000,1.26949256,45.84343251
87085_1290_00007,rue de la Convention,7,,CV0313,1565585.09510000,5184050.11860000,1.26939158,45.84334925
87085_1290_00008,rue de la Convention,8,,CV0349,1565585.14680000,5184066.73030000,1.26938760,45.84349869
87085_1290_00009,rue de la Convention,9,,CV0312,1565574.22410000,5184060.14960000,1.26924885,45.84343736
87085_1290_00010,rue de la Convention,10,,CV0275,1565570.76540000,5184080.20480000,1.26919872,45.84361709
87085_1290_00011,rue de la Convention,11,,CV0311,1565565.82510000,5184068.29080000,1.26913847,45.84350895
87085_1290_00012,rue de la Convention,12,,CV0276,1565564.80230000,5184085.87450000,1.26912039,45.84366693
87085_1290_00013,rue de la Convention,13,,CV0310,1565558.65280000,5184074.83200000,1.26904432,45.84356639
87085_1290_00015,rue de la Convention,15,,CV0309,1565551.45790000,5184081.53010000,1.26894984,45.84362524
87085_1290_00016,rue de la Convention,16,,CV0277,1565547.28670000,5184102.23930000,1.26889036,45.84381072
87085_1290_00017,rue de la Convention,17,,CV0308,1565542.38150000,5184090.08330000,1.26883063,45.84370041
87085_1290_00018,rue de la Convention,18,,CV0278,1565540.56690000,5184108.35350000,1.26880216,45.84386440
87085_1290_00019,rue de la Convention,19,,CV0305,1565530.32070000,5184101.49510000,1.26867220,45.84380070
87085_1290_00020,rue de la Convention,20,,CV0279,1565534.83990000,5184113.94470000,1.26872688,45.84391358
87085_1290_00021,rue de la Convention,21,,CV0304,1565522.28490000,5184109.17220000,1.26856662,45.84386819
87085_1290_00022,rue de la Convention,22,,CV0280,1565528.59850000,5184119.83680000,1.26864490,45.84396536
87085_1290_00023,rue de la Convention,23,,CV0303,1565513.28860000,5184117.85900000,1.26844839,45.84394458
87085_1290_00024,rue de la Convention,24,,CV0281,1565516.35790000,5184131.12220000,1.26848419,45.84406449
87085_1290_00025,rue de la Convention,25,,CV0301,1565502.17160000,5184128.16470000,1.26830242,45.84403511
87085_1290_00026,rue de la Convention,26,,CV0282,1565509.67980000,5184137.42610000,1.26839647,45.84411989
87085_1290_00027,rue de la Convention,27,,CV1746,1565493.66870000,5184136.34320000,1.26819069,45.84410702
87085_1290_00028,rue de la Convention,28,,CV0283,1565503.59210000,5184142.99870000,1.26831655,45.84416883
87085_1290_00029,rue de la Convention,29,,CV1738,1565475.47490000,5184151.90500000,1.26795215,45.84424344
87085_1290_00030,rue de la Convention,30,,CV0284,1565497.26980000,5184148.85800000,1.26823354,45.84422030
87085_1290_00031,rue de la Convention,31,,CV0298,1565465.91920000,5184160.91400000,1.26782664,45.84432262
87085_1290_00032,rue de la Convention,32,,CV0285,1565485.88480000,5184159.57160000,1.26808400,45.84431445
87085_1290_00033,rue de la Convention,33,,CV0289,1565453.72470000,5184172.76010000,1.26766636,45.84442679
87085_1290_00034,rue de la Convention,34,,CV0286,1565479.15080000,5184165.98250000,1.26799553,45.84437080
87085_1290_00036,rue de la Convention,36,,CV0287,1565473.59440000,5184171.29740000,1.26792252,45.84441752
87085_1290_00038,rue de la Convention,38,,CV0762,1565466.99590000,5184177.56070000,1.26783584,45.84447257
87085_1336_00002,rue de la Corvette,2,,PR0122,1560180.52930000,5184081.68270000,1.19982118,45.84255542
87085_1336_00003,rue de la Corvette,3,,PR0115,1560167.77690000,5184094.27330000,1.19965339,45.84266609
87085_1336_00004,rue de la Corvette,4,,PR0121,1560171.95830000,5184111.81740000,1.19970210,45.84282476
87085_1336_00005,rue de la Corvette,5,,PR0116,1560162.15940000,5184114.78340000,1.19957512,45.84284944
87085_1336_00006,rue de la Corvette,6,,PR0120,1560168.66860000,5184135.67340000,1.19965282,45.84303868
87085_1336_00007,rue de la Corvette,7,,PR0117,1560156.04280000,5184136.05550000,1.19949020,45.84303955
87085_1336_00008,rue de la Corvette,8,,PR0256,1560157.23620000,5184165.57880000,1.19949697,45.84330537
87085_1335_00003,rue de la Côte,3,,EL0833,1565938.98360000,5183139.55720000,1.27420000,45.83522700
87085_1335_00004,rue de la Côte,4,,EL0216,1565948.29400000,5183143.50590000,1.27431921,45.83526462
87085_1335_00006,rue de la Côte,6,,EL0215,1565928.63270000,5183176.31210000,1.27405703,45.83555589
87085_1335_00007,rue de la Côte,7,,EL0747,1565925.46490000,5183157.21850000,1.27402159,45.83538352
87085_1335_00008,rue de la Côte,8,,EL0215,1565945.25090000,5183187.68000000,1.27426773,45.83566140
87085_1335_00010,rue de la Côte,10,,EL0215,1565924.71440000,5183192.54560000,1.27400208,45.83570116
87085_1335_00011,rue de la Côte,11,,None,1565917.10240000,5183170.66890000,1.27391022,45.83550288
87085_1335_00013,rue de la Côte,13,,EL0188,1565910.03490000,5183177.03570000,1.27381749,45.83555878
87085_1335_00014,rue de la Côte,14,,EL0214,1565900.70260000,5183197.35100000,1.27369172,45.83573971
87085_1335_00017,rue de la Côte,17,,EL0189,1565903.49520000,5183182.96400000,1.27373168,45.83561083
87085_1335_00018,rue de la Côte,18,,EL0797,1565881.11480000,5183214.51860000,1.27343485,45.83589032
87085_1335_00020,rue de la Côte,20,,EL0801,1565876.71960000,5183218.38490000,1.27337721,45.83592424
87085_1335_00021,rue de la Côte,21,,EL0194,1565888.04790000,5183196.05090000,1.27352923,45.83572554
87085_1335_00022,rue de la Côte,22,,EL0590,1565869.21690000,5183224.40780000,1.27327897,45.83597696
87085_1335_00023,rue de la Côte,23,,EL0194,1565875.58350000,5183207.33140000,1.27336567,45.83582459
87085_1335_00024,rue de la Côte,24,,EL0589,1565860.42570000,5183231.43480000,1.27316388,45.83603846
87085_1335_00025,rue de la Côte,25,,EL0194,1565862.23620000,5183218.50220000,1.27319078,45.83592247
87085_1335_00026,rue de la Côte,26,,EL0199,1565854.79110000,5183235.85510000,1.27309013,45.83607712
87085_1365_00001_bis,rue de la Courtine,1,bis,DW0094,1564834.66630000,5182683.99850000,1.26011694,45.83091309
87085_1365_00002,rue de la Courtine,2,,DW0115,1564844.05760000,5182700.91560000,1.26023304,45.83106712
87085_1365_00003,rue de la Courtine,3,,DW0095,1564828.99410000,5182679.80860000,1.26004513,45.83087429
87085_1365_00004,rue de la Courtine,4,,DW0114,1564836.93600000,5182695.74390000,1.26014285,45.83101919
87085_1365_00005,rue de la Courtine,5,,DW0099,1564823.88210000,5182675.83050000,1.25998047,45.83083750
87085_1365_00006,rue de la Courtine,6,,DW0113,1564830.56900000,5182691.23400000,1.26006218,45.83097737
87085_1365_00007,rue de la Courtine,7,,DW0218,1564819.08980000,5182672.46670000,1.25991974,45.83080629
87085_1365_00008,rue de la Courtine,8,,DW0112,1564817.94980000,5182682.22850000,1.25990233,45.83089388
87085_1810_00002,rue Delacroix,2,,CM0261,1565861.60900000,5184952.57590000,1.27269867,45.85152140
87085_1810_00004,rue Delacroix,4,,CM0260,1565871.84470000,5184948.44300000,1.27283159,45.85148622
87085_1810_00006,rue Delacroix,6,,CM0259,1565884.70230000,5184943.33250000,1.27299853,45.85144276
87085_1810_00008,rue Delacroix,8,,CM0258,1565895.83310000,5184938.88990000,1.27314305,45.85140497
87085_1810_00010,rue Delacroix,10,,CM0722,1565903.84040000,5184936.25870000,1.27324687,45.85138286
87085_1810_00012,rue Delacroix,12,,CM0256,1565913.96370000,5184932.21040000,1.27337831,45.85134842
87085_1810_00014,rue Delacroix,14,,CM0255,1565923.70530000,5184928.60360000,1.27350472,45.85131787
87085_1810_00016,rue Delacroix,16,,CM0253,1565936.99290000,5184923.49590000,1.27367720,45.85127451
87085_1810_00018,rue Delacroix,18,,CM0252,1565948.46570000,5184919.01280000,1.27382614,45.85123642
87085_1810_00020,rue Delacroix,20,,CM0251,1565962.59930000,5184913.52360000,1.27400961,45.85118980
87085_1810_00022,rue Delacroix,22,,CM0736,1565978.06790000,5184907.72180000,1.27421035,45.85114063
87085_1425_00006,rue de la Croix Rouge,6,,AZ1061,1563528.13260000,5182740.94230000,1.24328817,45.83116731
87085_1425_00008,rue de la Croix Rouge,8,,AZ0215,1563524.87780000,5182750.66510000,1.24324352,45.83125413
87085_1425_00012,rue de la Croix Rouge,12,,AZ0211,1563514.28440000,5182769.33140000,1.24310191,45.83141994
87085_1425_00015,rue de la Croix Rouge,15,,AZ0221,1563487.14450000,5182795.33620000,1.24274528,45.83164848
87085_1425_00016,rue de la Croix Rouge,16,,AZ0210,1563499.11010000,5182795.70420000,1.24289915,45.83165416
87085_1425_00019,rue de la Croix Rouge,19,,AZ0225,1563477.53270000,5182812.06310000,1.24261684,45.83179704
87085_1425_00020,rue de la Croix Rouge,20,,AZ0209,1563489.35440000,5182812.75120000,1.24276877,45.83180558
87085_1425_00022,rue de la Croix Rouge,22,,AZ0719,1563485.65000000,5182819.02890000,1.24271932,45.83186131
87085_1425_00025,rue de la Croix Rouge,25,,AZ0226,1563458.84580000,5182844.06420000,1.24236729,45.83208120
87085_1425_00028,rue de la Croix Rouge,28,,AZ0207,1563468.72320000,5182848.88190000,1.24249302,45.83212650
87085_1430_00002,rue de la Croix Verte,2,,HV0641,1564717.43480000,5182004.31930000,1.25879962,45.82477592
87085_1430_00014,rue de la Croix Verte,14,,HV0584,1564725.22820000,5181926.03480000,1.25892192,45.82407324
87085_1430_00016,rue de la Croix Verte,16,,HV0601,1564726.59540000,5181914.39160000,1.25894279,45.82396877
87085_1430_00022,rue de la Croix Verte,22,,HV0482,1564730.08480000,5181885.93850000,1.25899569,45.82371351
87085_1430_00024,rue de la Croix Verte,24,,HV0145,1564735.77610000,5181875.90480000,1.25907174,45.82362437
87085_1430_00028,rue de la Croix Verte,28,,HV0176,1564748.48420000,5181842.68330000,1.25924459,45.82332802
87085_1430_00030,rue de la Croix Verte,30,,HV0177,1564752.48740000,5181835.08350000,1.25929823,45.82326044
87085_1430_00032,rue de la Croix Verte,32,,HV0169,1564758.09300000,5181823.72160000,1.25937355,45.82315933
87085_1430_00034,rue de la Croix Verte,34,,HV0168,1564747.41960000,5181799.88600000,1.25924293,45.82294282
87085_1430_00035,rue de la Croix Verte,35,,HV0808,1564774.00540000,5181800.51420000,1.25958481,45.82295370
87085_1430_00036,rue de la Croix Verte,36,,HV0167,1564766.38670000,5181804.39880000,1.25948569,45.82298715
87085_1430_00038,rue de la Croix Verte,38,,HV0835,1564775.45960000,5181785.01080000,1.25960788,45.82281452
87085_1430_00040,rue de la Croix Verte,40,,HV0836,1564781.77340000,5181771.47940000,1.25969292,45.82269404
87085_1430_00042,rue de la Croix Verte,42,,HV0165,1564786.32970000,5181757.37820000,1.25975551,45.82256809
87085_1430_00044,rue de la Croix Verte,44,,HV0706,1564790.95330000,5181746.31960000,1.25981811,45.82246952
87085_1430_00050,rue de la Croix Verte,50,,HV0706,1564801.39250000,5181720.71360000,1.25995962,45.82224123
87085_1430_00051,rue de la Croix Verte,51,,HV0204,1564801.53630000,5181742.75850000,1.25995527,45.82243956
87085_1430_00053,rue de la Croix Verte,53,,HV0207,1564805.19280000,5181733.63790000,1.26000488,45.82235824
87085_1430_00055,rue de la Croix Verte,55,,HV0208,1564809.72780000,5181721.72270000,1.26006658,45.82225194
87085_1430_00059,rue de la Croix Verte,59,,HV0209,1564813.93500000,5181697.22950000,1.26012759,45.82203244
87085_1430_00061,rue de la Croix Verte,61,,HV0210,1564815.38010000,5181686.51090000,1.26014920,45.82193630
87085_1430_00062,rue de la Croix Verte,62,,HV0707,1564799.02850000,5181659.22660000,1.25994649,45.82168765
87085_1430_00063,rue de la Croix Verte,63,,HV0477,1564815.69200000,5181678.97700001,1.26015533,45.82186859
87085_1430_00065,rue de la Croix Verte,65,,HV0212,1564811.68310000,5181664.07590000,1.26010794,45.82173376
87085_1430_00066,rue de la Croix Verte,66,,HV0707,1564789.98610000,5181642.34150000,1.25983489,45.82153398
87085_1430_00067,rue de la Croix Verte,67,,HV0733,1564793.75800000,5181626.50070000,1.25988788,45.82139223
87085_1430_00079,rue de la Croix Verte,79,,HV0733,1564755.39120000,5181568.33790000,1.25941061,45.82086147
87085_1430_00080,rue de la Croix Verte,80,,HV0501,1564751.67570000,5181578.02690000,1.25936008,45.82094790
87085_1430_00081,rue de la Croix Verte,81,,HV0240,1564751.02960000,5181561.63520000,1.25935638,45.82080032
87085_1430_00082,rue de la Croix Verte,82,,HV0499,1564745.05110000,5181567.30080000,1.25927787,45.82085011
87085_1430_00084,rue de la Croix Verte,84,,HV0758,1564743.74920000,5181556.56680000,1.25926413,45.82075330
87085_1430_00086,rue de la Croix Verte,86,,HV0771,1564738.75180000,5181549.91300000,1.25920171,45.82069246
87085_1430_00087,rue de la Croix Verte,87,,HV0534,1564730.06230000,5181532.26440000,1.25909488,45.82053199
87085_1521_00004,rue de la Déliade,4,,RN0063,1559374.55980000,5185708.60220000,1.18897167,45.85702584
87085_1521_00006,rue de la Déliade,6,,RN0063,1559431.25010000,5185657.91260000,1.18971634,45.85658146
87085_1521_00020,rue de la Déliade,20,,RN0034,1559625.43200000,5185731.23590000,1.19219478,45.85728072
87085_1521_00025,rue de la Déliade,25,,RN0001,1559614.29010000,5185736.86010000,1.19204969,45.85732903
87085_1521_00028,rue de la Déliade,28,,RN0033,1559677.63750000,5185796.06180000,1.19284793,45.85787451
87085_1521_00029,rue de la Déliade,29,,RN0006,1559633.64010000,5185748.69790000,1.19229534,45.85743947
87085_1521_00035,rue de la Déliade,35,,RN0007,1559660.03830000,5185769.51890000,1.19262911,45.85763215
87085_1521_00036,rue de la Déliade,36,,RN0040,1559719.82690000,5185828.49100000,1.19338161,45.85817483
87085_1521_00037,rue de la Déliade,37,,RN0008,1559666.85250000,5185792.41910000,1.19271015,45.85783954
87085_1521_00038,rue de la Déliade,38,,RN0041,1559757.62270000,5185807.03480000,1.19387447,45.85798954
87085_1521_00040,rue de la Déliade,40,,RN0042,1559765.45010000,5185793.61280000,1.19397916,45.85787040
87085_1521_00040_c,rue de la Déliade,40,c,RN0047,1559774.12850000,5185762.70940000,1.19409991,45.85759418
87085_1521_00041,rue de la Déliade,41,,RN0026,1559692.99850000,5185845.97030000,1.19303111,45.85832659
87085_1521_00042,rue de la Déliade,42,,RN0076,1559784.49680000,5185795.85570000,1.19422372,45.85789446
87085_1521_00043,rue de la Déliade,43,,RN0027,1559707.19900000,5185842.59050000,1.19321492,45.85829909
87085_1521_00044,rue de la Déliade,44,,RN0044,1559802.28450000,5185774.33700000,1.19445900,45.85770452
87085_1521_00045,rue de la Déliade,45,,RX0055,1559758.95380000,5185815.97180000,1.19388900,45.85807020
87085_1521_00048,rue de la Déliade,48,,RN0073,1559851.66410000,5185769.20430000,1.19509622,45.85766842
87085_1521_00049,rue de la Déliade,49,,RX0006,1559819.05260000,5185793.44600000,1.19466930,45.85787983
87085_1880_00001,rue de la Ferme,1,,BE0187,1564187.48080000,5183934.64090000,1.25143551,45.84203583
87085_1880_00002,rue de la Ferme,2,,BE0186,1564197.04270000,5183936.98220000,1.25155792,45.84205878
87085_1880_00005,rue de la Ferme,5,,BE0191,1564187.13620000,5183959.21820000,1.25142413,45.84225685
87085_1880_00006,rue de la Ferme,6,,BE0185,1564196.27290000,5183957.71270000,1.25154215,45.84224511
87085_1880_00007,rue de la Ferme,7,,BE0191,1564186.79460000,5183968.86030000,1.25141701,45.84234352
87085_1880_00009,rue de la Ferme,9,,BE0193,1564186.75530000,5183980.40990000,1.25141324,45.84244740
87085_1880_00010,rue de la Ferme,10,,BE0520,1564196.30140000,5183972.82790000,1.25153824,45.84238108
87085_1880_00011,rue de la Ferme,11,,BE0488,1564186.87560000,5183987.61590000,1.25141275,45.84251225
87085_1880_00014,rue de la Ferme,14,,BE0182,1564196.17140000,5183989.05670000,1.25153199,45.84252705
87085_1880_00016,rue de la Ferme,16,,BE0181,1564196.24280000,5183997.83550000,1.25153042,45.84260603
87085_1905_00002,rue de la Fidélité,2,,ER0230,1566284.71610000,5182258.21710000,1.27889493,45.82736637
87085_1905_00003,rue de la Fidélité,3,,ES0055,1566302.63890000,5182242.58970000,1.27912990,45.82722928
87085_1905_00004,rue de la Fidélité,4,,ER0231,1566289.15930000,5182242.69350000,1.27895642,45.82722759
87085_1905_00005,rue de la Fidélité,5,,ES0054,1566305.22320000,5182233.13950000,1.27916578,45.82714477
87085_1905_00007,rue de la Fidélité,7,,ES0053,1566308.57980000,5182222.00480000,1.27921206,45.82704526
87085_1905_00008,rue de la Fidélité,8,,ER0233,1566293.77170000,5182226.17150000,1.27902036,45.82707986
87085_1905_00009,rue de la Fidélité,9,,ES0052,1566312.97890000,5182207.84480000,1.27927261,45.82691874
87085_1905_00010,rue de la Fidélité,10,,ER0234,1566296.19950000,5182219.08720000,1.27905357,45.82701661
87085_1905_00011,rue de la Fidélité,11,,ES0051,1566315.61840000,5182197.89640000,1.27930933,45.82682976
87085_1905_00012,rue de la Fidélité,12,,ER0235,1566298.72000000,5182210.55350000,1.27908838,45.82694033
87085_1905_00013,rue de la Fidélité,13,,ES0042,1566317.68120000,5182191.35600000,1.27933770,45.82677132
87085_1905_00014,rue de la Fidélité,14,,ER0236,1566300.67720000,5182203.50470000,1.27911552,45.82687730
87085_1905_00015,rue de la Fidélité,15,,ES0246,1566319.13000000,5182186.89100000,1.27935758,45.82673144
87085_1905_00016,rue de la Fidélité,16,,ER0237,1566303.42070000,5182193.56780000,1.27915359,45.82678845
87085_1905_00017,rue de la Fidélité,17,,ES0245,1566320.01140000,5182183.45820000,1.27936987,45.82670073
87085_1905_00018,rue de la Fidélité,18,,ER0238,1566306.85260000,5182182.11600000,1.27920093,45.82668610
87085_1905_00019,rue de la Fidélité,19,,ES0244,1566320.94040000,5182180.81150000,1.27938256,45.82667710
87085_1905_00020,rue de la Fidélité,20,,ER0239,1566310.31660000,5182170.35490000,1.27924877,45.82658097
87085_1905_00021,rue de la Fidélité,21,,ES0243,1566321.44570000,5182177.92760000,1.27938987,45.82665126
87085_1905_00022,rue de la Fidélité,22,,ER0240,1566313.15160000,5182161.00870000,1.27928785,45.82649745
87085_1905_00023,rue de la Fidélité,23,,ES0049,1566323.47690000,5182172.28910000,1.27941757,45.82660093
87085_1905_00024,rue de la Fidélité,24,,ER0241,1566316.21510000,5182150.39870000,1.27933022,45.82640260
87085_1905_00025,rue de la Fidélité,25,,ES0048,1566326.04180000,5182163.15360000,1.27945311,45.82651925
87085_1905_00026,rue de la Fidélité,26,,ER0242,1566319.17520000,5182140.18120000,1.27937115,45.82631126
87085_1905_00027,rue de la Fidélité,27,,ES0047,1566329.28280000,5182151.76530000,1.27949798,45.82641743
87085_1905_00028,rue de la Fidélité,28,,ER0243,1566321.33680000,5182132.30300000,1.27940115,45.82624081
87085_1905_00029,rue de la Fidélité,29,,ES0046,1566331.50040000,5182144.60060000,1.27952851,45.82635341
87085_1905_00030,rue de la Fidélité,30,,ER0244,1566324.86990000,5182120.51480000,1.27944989,45.82613546
87085_1905_00031,rue de la Fidélité,31,,ES0045,1566333.45650000,5182138.17810000,1.27955546,45.82629602
87085_1905_00033,rue de la Fidélité,33,,ES0044,1566336.19850000,5182129.60350000,1.27959313,45.82621942
87085_1905_00035,rue de la Fidélité,35,,ES0043,1566341.65120000,5182109.33970000,1.27966892,45.82603819
87085_1910_00001,rue de la Filature,1,,HS0429,1565185.11270000,5181591.47130000,1.26493286,45.82115393
87085_1910_00002,rue de la Filature,2,,HS0225,1565177.39050000,5181595.34800000,1.26483242,45.82118729
87085_1910_00004,rue de la Filature,4,,HS0463,1565158.49250000,5181580.17380000,1.26459353,45.82104708
87085_1910_00008,rue de la Filature,8,,HS0223,1565150.55540000,5181573.62250000,1.26449325,45.82098659
87085_1955_00003,rue de la Fonderie,3,,DE0064,1564315.16320000,5183281.62690000,1.25326322,45.83618680
87085_1955_00004,rue de la Fonderie,4,,DE0372,1564307.19370000,5183292.11840000,1.25315770,45.83627961
87085_1955_00005,rue de la Fonderie,5,,DE0065,1564308.70620000,5183271.29140000,1.25318304,45.83609256
87085_1955_00006,rue de la Fonderie,6,,DE0055,1564301.20440000,5183283.55370000,1.25308304,45.83620138
87085_1955_00007,rue de la Fonderie,7,,DE0066,1564302.75540000,5183263.96910000,1.25310853,45.83602551
87085_1955_00008,rue de la Fonderie,8,,DE0054,1564295.34750000,5183274.91480000,1.25301010,45.83612252
87085_1955_00009,rue de la Fonderie,9,,DE0066,1564296.09320000,5183253.80500000,1.25302566,45.83593277
87085_1955_00012,rue de la Fonderie,12,,DE0289,1564286.98660000,5183262.85260000,1.25290591,45.83601236
87085_1955_00015,rue de la Fonderie,15,,DE0098,1564280.31120000,5183230.94180000,1.25282901,45.83572399
87085_1955_00016,rue de la Fonderie,16,,DE0289,1564273.52610000,5183243.44450000,1.25273816,45.83583512
87085_1955_00017,rue de la Fonderie,17,,DE0376,1564262.64330000,5183205.19020000,1.25260891,45.83548885
87085_1955_00018,rue de la Fonderie,18,,DE0289,1564268.72910000,5183236.30910000,1.25267844,45.83576998
87085_1955_00019,rue de la Fonderie,19,,DE0111,1564254.31430000,5183193.57870000,1.25250500,45.83538275
87085_1955_00021,rue de la Fonderie,21,,DE0112,1564249.93350000,5183187.30480000,1.25245040,45.83532545
87085_1955_00023,rue de la Fonderie,23,,DE0113,1564246.37070000,5183181.64030000,1.25240615,45.83527379
87085_1955_00024,rue de la Fonderie,24,,DE0323,1564243.25920000,5183201.69240000,1.25236044,45.83545356
87085_1955_00026,rue de la Fonderie,26,,DE0324,1564235.21050000,5183191.68820000,1.25225969,45.83536197
87085_1955_00028,rue de la Fonderie,28,,DE0325,1564231.77340000,5183187.57340000,1.25221662,45.83532428
87085_1960_00001_bis,rue de la Font Pinot,1,bis,HS0071,1565428.17230000,5182024.97310000,1.26793874,45.82510114
87085_1960_00002,rue de la Font Pinot,2,,HS0190,1565229.00890000,5181709.20350000,1.26546463,45.82222160
87085_1960_00002_bis,rue de la Font Pinot,2,bis,HS0189,1565224.01620000,5181704.24320000,1.26540178,45.82217601
87085_1960_00002_ter,rue de la Font Pinot,2,ter,HS0188,1565220.02730000,5181699.84340000,1.26535170,45.82213564
87085_1960_00003,rue de la Font Pinot,3,,HS0531,1565389.24620000,5181957.42240000,1.26745679,45.82448586
87085_1960_00005,rue de la Font Pinot,5,,HS0531,1565413.40110000,5181952.12170000,1.26776907,45.82444291
87085_1960_00010_bis,rue de la Font Pinot,10,bis,HS0187,1565209.25440000,5181689.64870000,1.26521595,45.82204183
87085_1960_00011_bis,rue de la Font Pinot,11,bis,HS0580,1565246.25780000,5181716.60680000,1.26568448,45.82229158
87085_1960_00013,rue de la Font Pinot,13,,HS0541,1565233.75500000,5181701.45770000,1.26552787,45.82215286
87085_1960_00013_bis,rue de la Font Pinot,13,bis,HS0201,1565225.50890000,5181692.40710000,1.26542431,45.82206982
87085_1960_00015,rue de la Font Pinot,15,,HS0203,1565215.62310000,5181682.82000000,1.26529980,45.82198165
87085_1960_00015_bis,rue de la Font Pinot,15,bis,HS0610,1565200.67750000,5181667.72610000,1.26511174,45.82184294
87085_1960_00016,rue de la Font Pinot,16,,HS0569,1565191.42400000,5181673.04680000,1.26499119,45.82188899
87085_2075_00002,rue de la Fraternité,2,,IX0038,1562377.26310000,5182796.53050000,1.22846274,45.83143802
87085_2075_00003,rue de la Fraternité,3,,IX0036,1562353.75220000,5182796.36550000,1.22816024,45.83143183
87085_2075_00004,rue de la Fraternité,4,,IX0039,1562363.62520000,5182805.28080000,1.22828474,45.83151400
87085_2075_00006,rue de la Fraternité,6,,IX0040,1562357.01030000,5182809.69170000,1.22819836,45.83155236
87085_2075_00008,rue de la Fraternité,8,,IX0050,1562344.36020000,5182818.18390000,1.22803314,45.83162622
87085_2075_00009,rue de la Fraternité,9,,IX0033,1562338.09360000,5182794.73040000,1.22795922,45.83141399
87085_2075_00011,rue de la Fraternité,11,,IX0882,1562331.21440000,5182811.00230001,1.22786603,45.83155898
87085_2075_00012,rue de la Fraternité,12,,IX0054,1562331.13040000,5182826.66150000,1.22786047,45.83169983
87085_2075_00013,rue de la Fraternité,13,,IX0031,1562313.58060000,5182822.72200000,1.22763576,45.83166088
87085_2075_00014,rue de la Fraternité,14,,IX0945,1562321.63330000,5182833.06310000,1.22773642,45.83175551
87085_2075_00015,rue de la Fraternité,15,,IX0030,1562296.35720000,5182834.13770000,1.22741086,45.83176012
87085_2075_00017,rue de la Fraternité,17,,IX0029,1562280.08240000,5182844.99880000,1.22719832,45.83185456
87085_2075_00018,rue de la Fraternité,18,,IX0060,1562297.33860000,5182848.90460000,1.22741926,45.83189315
87085_2075_00018_bis,rue de la Fraternité,18,bis,IX0061,1562285.36670000,5182856.71710000,1.22726296,45.83196103
87085_2075_00019,rue de la Fraternité,19,,IX0028,1562271.64290000,5182850.52210000,1.22708813,45.83190256
87085_2075_00020,rue de la Fraternité,20,,IX0064,1562276.34330000,5182862.43400000,1.22714521,45.83201065
87085_2075_00021,rue de la Fraternité,21,,IX0027,1562265.67380000,5182854.29040000,1.22701024,45.83193526
87085_2075_00022,rue de la Fraternité,22,,IX0065,1562268.18130000,5182868.19720000,1.22703853,45.83206086
87085_2075_00023,rue de la Fraternité,23,,IX0676,1562256.89140000,5182860.04170000,1.22689558,45.83198523
87085_2075_00025,rue de la Fraternité,25,,IX0675,1562249.15890000,5182865.41520000,1.22679454,45.83203202
87085_2075_00027,rue de la Fraternité,27,,IX0025,1562239.46340000,5182871.77290000,1.22666795,45.83208727
87085_2165_00003,rue de la Gartempe,3,,OO0147,1561479.65100000,5182033.13150000,1.21713208,45.82439066
87085_2165_00004,rue de la Gartempe,4,,OO0143,1561488.79900000,5182046.30160000,1.21724599,45.82451098
87085_2165_00005,rue de la Gartempe,5,,OO0148,1561464.85670000,5182026.31120000,1.21694369,45.82432633
87085_2165_00006,rue de la Gartempe,6,,OO0142,1561477.98230000,5182040.87400000,1.21710838,45.82445997
87085_2165_00007,rue de la Gartempe,7,,OO0149,1561448.79220000,5182018.66320000,1.21673920,45.82425430
87085_2165_00008,rue de la Gartempe,8,,OO0141,1561465.93750000,5182034.88670000,1.21695513,45.82440369
87085_2165_00009,rue de la Gartempe,9,,OO0150,1561435.75020000,5182012.46100000,1.21657319,45.82419588
87085_2165_00010,rue de la Gartempe,10,,OO0140,1561455.42500000,5182029.53010000,1.21682141,45.82435339
87085_2165_00011,rue de la Gartempe,11,,OO0151,1561424.53040000,5182007.27410000,1.21643032,45.82414696
87085_2165_00012,rue de la Gartempe,12,,OO0139,1561442.73660000,5182023.68670000,1.21665984,45.82429827
87085_2165_00013,rue de la Gartempe,13,,OO0152,1561412.31290000,5182001.12660000,1.21627490,45.82408920
87085_2165_00014,rue de la Gartempe,14,,OO0138,1561431.38000000,5182018.09320000,1.21651533,45.82424566
87085_2165_00015,rue de la Gartempe,15,,OO0153,1561402.01610000,5181996.42170000,1.21614377,45.82404480
87085_2165_00016,rue de la Gartempe,16,,OO0137,1561420.70030000,5182012.76020000,1.21637946,45.82419554
87085_2165_00018,rue de la Gartempe,18,,OO0136,1561408.59240000,5182007.12440000,1.21622530,45.82414240
87085_2165_00020,rue de la Gartempe,20,,OO0135,1561394.94690000,5182000.85170000,1.21605154,45.82408323
87085_2255_00001,rue de la Glane,1,,OO0220,1561570.99760000,5181872.99780000,1.21835349,45.82296857
87085_2255_00002,rue de la Glane,2,,OO0206,1561564.67490000,5181879.53050000,1.21827026,45.82302606
87085_2255_00003,rue de la Glane,3,,OO0217,1561565.49230000,5181869.97950000,1.21828352,45.82294031
87085_2255_00004,rue de la Glane,4,,OO0205,1561552.36800000,5181872.84870000,1.21811384,45.82296348
87085_2255_00005,rue de la Glane,5,,OO0216,1561559.07120000,5181866.61280000,1.21820188,45.82290873
87085_2255_00006,rue de la Glane,6,,OO0204,1561540.69290000,5181866.61170000,1.21796542,45.82290502
87085_2255_00007,rue de la Glane,7,,OO0213,1561553.62700000,5181863.56400000,1.21813271,45.82288021
87085_2255_00008,rue de la Glane,8,,OO0203,1561526.48240000,5181859.75010000,1.21778456,45.82284044
87085_2255_00010,rue de la Glane,10,,OO0202,1561509.73710000,5181850.90360000,1.21757166,45.82275749
87085_2255_00012,rue de la Glane,12,,OO0201,1561495.77500000,5181842.85580000,1.21739434,45.82268228
87085_2255_00014,rue de la Glane,14,,OO0200,1561484.73880000,5181837.01770000,1.21725403,45.82262755
87085_2255_00015,rue de la Glane,15,,OO0212,1561533.37160000,5181852.74220000,1.21787522,45.82277879
87085_2255_00016,rue de la Glane,16,,OO0199,1561469.70910000,5181829.04290000,1.21706295,45.82255278
87085_2255_00021,rue de la Glane,21,,OO0210,1561515.86430000,5181843.21270000,1.21765271,45.82268954
87085_2255_00023,rue de la Glane,23,,OO0210,1561510.63640000,5181840.28420000,1.21758629,45.82266214
87085_2255_00025,rue de la Glane,25,,OO0209,1561505.45290000,5181837.57750000,1.21752038,45.82263675
87085_2255_00027,rue de la Glane,27,,OO0207,1561495.17610000,5181832.25010000,1.21738969,45.82258676
87085_2745_00003,rue de la Joconde,3,,CT1096,1565651.56540000,5184014.36350000,1.27025712,45.84304060
87085_2745_00005,rue de la Joconde,5,,CT1090,1565663.90860000,5184008.79319999,1.27041754,45.84299291
87085_2745_00007,rue de la Joconde,7,,CT1086,1565679.88640000,5184001.70500000,1.27062518,45.84293227
87085_2745_00008,rue de la Joconde,8,,CT1088,1565670.74840000,5183992.60620000,1.27051010,45.84284863
87085_2745_00009,rue de la Joconde,9,,CT1082,1565694.06940000,5183995.35660000,1.27080950,45.84287793
87085_2745_00010,rue de la Joconde,10,,CT1084,1565680.09360000,5183988.38590000,1.27063157,45.84281249
87085_2745_00012,rue de la Joconde,12,,CT0900,1565689.91840000,5183983.77500000,1.27075931,45.84277294
87085_2745_00014,rue de la Joconde,14,,CT1080,1565701.51790000,5183978.67159999,1.27091003,45.84272929
87085_2745_00015,rue de la Joconde,15,,CT1073,1565725.56650000,5183980.69280000,1.27121899,45.84275217
87085_2745_00016,rue de la Joconde,16,,CT1078,1565716.19800000,5183972.03520000,1.27110083,45.84267246
87085_3080_00002,rue de la Liberté,2,,IX0003,1562431.49760000,5183045.75320000,1.22908932,45.83369075
87085_3080_00005,rue de la Liberté,5,,IX0099,1562417.60510000,5183020.00420000,1.22891791,45.83345635
87085_3080_00005_bis,rue de la Liberté,5,bis,IX0099,1562408.54520000,5183013.35260000,1.22880323,45.83339470
87085_3080_00006,rue de la Liberté,6,,IX0848,1562406.42780000,5183027.70290000,1.22877187,45.83352337
87085_3080_00007,rue de la Liberté,7,,IX0098,1562404.30960000,5183010.41870000,1.22874956,45.83336746
87085_3080_00008,rue de la Liberté,8,,IX0005,1562396.98090000,5183020.63020000,1.22865233,45.83345785
87085_3080_00009,rue de la Liberté,9,,IX0097,1562398.27810000,5183006.08560000,1.22867318,45.83332728
87085_3080_00010,rue de la Liberté,10,,IX0006,1562384.47470000,5183011.53940000,1.22849399,45.83337358
87085_3080_00011,rue de la Liberté,11,,IX0096,1562391.76170000,5183001.23670000,1.22859072,45.83328236
87085_3080_00012,rue de la Liberté,12,,IX0007,1562372.62110000,5183002.90680000,1.22834392,45.83329355
87085_3080_00013,rue de la Liberté,13,,IX0095,1562383.74280000,5182995.53310000,1.22848916,45.83322944
87085_3080_00014,rue de la Liberté,14,,IX0008,1562363.65070000,5182996.47300000,1.22823033,45.83323388
87085_3080_00015,rue de la Liberté,15,,IX0094,1562370.07680000,5182985.54490000,1.22831615,45.83313686
87085_3080_00016,rue de la Liberté,16,,IX0009,1562353.92710000,5182989.60690000,1.22810717,45.83317017
87085_3080_00017,rue de la Liberté,17,,IX0093,1562358.95770000,5182977.62600000,1.22817533,45.83306340
87085_3080_00018,rue de la Liberté,18,,IX0010,1562345.08450000,5182983.06920000,1.22799525,45.83310959
87085_3080_00019,rue de la Liberté,19,,IX0092,1562342.51190000,5182965.55470000,1.22796716,45.83295152
87085_3080_00020,rue de la Liberté,20,,IX0011,1562336.64010000,5182976.84440000,1.22788836,45.83305190
87085_3080_00021,rue de la Liberté,21,,IX0091,1562328.95940000,5182955.97130000,1.22779550,45.83286260
87085_3080_00022,rue de la Liberté,22,,IX0012,1562327.04570000,5182969.73340000,1.22776693,45.83298602
87085_3080_00024,rue de la Liberté,24,,IX0013,1562314.70370000,5182960.76590000,1.22761068,45.83290288
87085_3080_00026,rue de la Liberté,26,,IX0014,1562302.41880000,5182951.80500000,1.22745516,45.83281981
87085_3080_00027,rue de la Liberté,27,,IX0071,1562277.04500000,5182912.41970000,1.22713992,45.83246044
87085_3080_00028,rue de la Liberté,28,,IX0015,1562291.94890000,5182944.19050000,1.22732261,45.83274922
87085_3080_00029,rue de la Liberté,29,,IX0070,1562272.42000000,5182905.60780000,1.22708235,45.83239824
87085_3080_00030,rue de la Liberté,30,,IX0017,1562278.43430000,5182934.44720000,1.22715149,45.83265886
87085_3080_00031,rue de la Liberté,31,,IX0068,1562267.50530000,5182898.53610000,1.22702113,45.83233364
87085_3080_00031_bis,rue de la Liberté,31,bis,IX0066,1562263.73960000,5182892.58220000,1.22697438,45.83227932
87085_3080_00032,rue de la Liberté,32,,IX0018,1562270.49060000,5182924.24050000,1.22705219,45.83256546
87085_3080_00033,rue de la Liberté,33,,IX0066,1562257.68900000,5182883.49060000,1.22689913,45.83219633
87085_3080_00034,rue de la Liberté,34,,IX0019,1562265.06510000,5182916.13520000,1.22698469,45.83249146
87085_3080_00036,rue de la Liberté,36,,IX0020,1562261.14240000,5182910.52440000,1.22693582,45.83244020
87085_3080_00038,rue de la Liberté,38,,IX0021,1562255.00680000,5182901.50090000,1.22685945,45.83235780
87085_3080_00040,rue de la Liberté,40,,IX0022,1562250.37630000,5182894.57590000,1.22680185,45.83229458
87085_3080_00042,rue de la Liberté,42,,IX0023,1562245.16180000,5182886.74630000,1.22673699,45.83222311
87085_3080_00044,rue de la Liberté,44,,IX0024,1562239.74030000,5182879.14090000,1.22666940,45.83215361
87085_3095_00001,rue de la Ligoure,1,,ON0019,1561484.90720000,5182160.92110000,1.21716290,45.82554125
87085_3095_00002,rue de la Ligoure,2,,ON0028,1561493.58490000,5182157.54530000,1.21727552,45.82551263
87085_3095_00004,rue de la Ligoure,4,,ON0027,1561500.22830000,5182176.15000000,1.21735564,45.82568133
87085_3095_00005,rue de la Ligoure,5,,ON0020,1561489.57800000,5182177.95420000,1.21721809,45.82569541
87085_3095_00007,rue de la Ligoure,7,,ON0023,1561496.99290000,5182185.63870000,1.21731128,45.82576603
87085_3095_00008,rue de la Ligoure,8,,ON0025,1561511.64450000,5182187.76380000,1.21749919,45.82578810
87085_3095_00009,rue de la Ligoure,9,,ON0024,1561506.30380000,5182195.35640000,1.21742829,45.82585532
87085_3095_00011,rue de la Ligoure,11,,ON0077,1561524.93260000,5182214.13730000,1.21766257,45.82602802
87085_3095_00012,rue de la Ligoure,12,,ON0073,1561536.84660000,5182217.13800000,1.21781500,45.82605741
87085_3095_00013,rue de la Ligoure,13,,ON0076,1561534.02940000,5182220.00850000,1.21777793,45.82608266
87085_3120_00002,rue de la Loi,2,,DY0286,1564848.89250000,5182355.74560000,1.26039228,45.82796306
87085_3120_00002_bis,rue de la Loi,2,bis,DY0286,1564846.41640000,5182358.74120000,1.26035958,45.82798952
87085_3120_00002_ter,rue de la Loi,2,ter,DY0286,1564843.27110000,5182362.44240000,1.26031806,45.82802219
87085_3120_00003,rue de la Loi,3,,DY0383,1564828.79220000,5182367.41300000,1.26013036,45.82806406
87085_3120_00004,rue de la Loi,4,,DY0596,1564840.24860000,5182366.30580000,1.26027809,45.82805635
87085_3120_00005,rue de la Loi,5,,DY0382,1564824.83470000,5182372.25490000,1.26007808,45.82810684
87085_3120_00006,rue de la Loi,6,,DY0288,1564835.30430000,5182372.54330000,1.26021271,45.82811149
87085_3120_00008,rue de la Loi,8,,DY0312,1564828.46780000,5182380.17510000,1.26012260,45.82817880
87085_3120_00009,rue de la Loi,9,,DY0381,1564817.63340000,5182380.62740000,1.25998306,45.82818074
87085_3120_00010,rue de la Loi,10,,DY0313,1564823.84650000,5182385.82630000,1.26006154,45.82822873
87085_3120_00012,rue de la Loi,12,,DY0314,1564814.61230000,5182396.80750000,1.25993964,45.82832570
87085_3120_00013,rue de la Loi,13,,DY0603,1564810.90690000,5182388.71980000,1.25989423,45.82825221
87085_3120_00015,rue de la Loi,15,,DY0602,1564804.78470000,5182395.77360000,1.25981347,45.82831446
87085_3120_00020,rue de la Loi,20,,DY0349,1564781.45010000,5182436.31490000,1.25950181,45.82867457
87085_3120_00021,rue de la Loi,21,,DY0374,1564792.90540000,5182409.84570000,1.25965665,45.82843872
87085_3120_00022,rue de la Loi,22,,DY0350,1564776.54820000,5182441.71270000,1.25943721,45.82872216
87085_3120_00023,rue de la Loi,23,,DY0373,1564790.71050000,5182412.52530000,1.25962766,45.82846239
87085_3120_00024,rue de la Loi,24,,DY0351,1564771.55120000,5182447.71290000,1.25937123,45.82877516
87085_3120_00025,rue de la Loi,25,,DY0372,1564788.39570000,5182415.13020000,1.25959714,45.82848537
87085_3120_00026,rue de la Loi,26,,DY0355,1564765.69000000,5182454.54060000,1.25929389,45.82883542
87085_3120_00027,rue de la Loi,27,,DY0371,1564784.48490000,5182419.86400000,1.25954549,45.82852718
87085_3120_00028,rue de la Loi,28,,DY0356,1564759.47220000,5182461.92340000,1.25921180,45.82890061
87085_3120_00029,rue de la Loi,29,,DY0370,1564782.34380000,5182422.36640000,1.25951723,45.82854927
87085_3120_00030,rue de la Loi,30,,DY0360,1564747.85780000,5182468.14940000,1.25906060,45.82895433
87085_3120_00031,rue de la Loi,31,,DY0369,1564779.63480000,5182425.49400000,1.25948149,45.82857687
87085_3120_00033,rue de la Loi,33,,DY0368,1564776.90310000,5182428.62700000,1.25944546,45.82860452
87085_3120_00035,rue de la Loi,35,,DY0366,1564772.28710000,5182434.37100000,1.25938445,45.82865528
87085_3120_00037,rue de la Loi,37,,DY0365,1564768.56360000,5182438.83100000,1.25933528,45.82869467
87085_3120_00039,rue de la Loi,39,,DY0363,1564763.96380000,5182444.05250000,1.25927462,45.82874074
87085_3120_00041,rue de la Loi,41,,DY0362,1564759.86130000,5182448.90860000,1.25922047,45.82878361
87085_3120_00043,rue de la Loi,43,,DY0361,1564752.19970000,5182458.16810000,1.25911928,45.82886540
87085_3445_00004,rue de la Maulde,4,,ON0059,1561611.68830000,5182117.98190000,1.21880652,45.82518051
87085_3445_00006,rue de la Maulde,6,,ON0060,1561602.13740000,5182127.75560000,1.21868082,45.82526651
87085_3445_00007,rue de la Maulde,7,,ON0035,1561569.07590000,5182147.77200000,1.21824966,45.82543991
87085_3445_00008,rue de la Maulde,8,,ON0061,1561593.08440000,5182136.38520000,1.21856185,45.82534232
87085_3445_00009,rue de la Maulde,9,,ON0034,1561559.41500000,5182157.42700000,1.21812258,45.82552482
87085_3445_00010,rue de la Maulde,10,,ON0064,1561583.92400000,5182145.29410000,1.21844142,45.82542061
87085_3445_00011,rue de la Maulde,11,,ON0031,1561550.72120000,5182165.87720000,1.21800828,45.82559908
87085_3445_00012,rue de la Maulde,12,,ON0065,1561574.96910000,5182154.28270000,1.21832361,45.82549967
87085_3445_00013,rue de la Maulde,13,,ON0030,1561541.75620000,5182174.71690000,1.21789039,45.82567680
87085_3445_00014,rue de la Maulde,14,,ON0066,1561566.09070000,5182163.04030000,1.21820686,45.82557666
87085_3445_00015,rue de la Maulde,15,,ON0026,1561532.64330000,5182183.62360000,1.21777057,45.82575508
87085_3445_00016,rue de la Maulde,16,,ON0067,1561556.88770000,5182171.86420000,1.21808590,45.82565418
87085_3445_00018,rue de la Maulde,18,,ON0069,1561548.01070000,5182180.60670000,1.21796917,45.82573104
87085_3445_00020,rue de la Maulde,20,,ON0071,1561538.92110000,5182189.67400000,1.21784960,45.82581077
87085_3445_00022,rue de la Maulde,22,,ON0072,1561531.87720000,5182197.09740000,1.21775683,45.82587613
87085_3445_00023,rue de la Maulde,23,,ON0022,1561492.95520000,5182222.65580000,1.21724867,45.82609821
87085_3445_00025,rue de la Maulde,25,,ON0021,1561482.94300000,5182231.99030000,1.21711715,45.82618016
87085_3445_00030,rue de la Maulde,30,,ON0078,1561498.78810000,5182229.05650000,1.21732188,45.82615696
87085_3470_00001_bis,rue de la Mauvendière,1,bis,DK0034,1564083.72910000,5182842.34020000,1.25040902,45.83218947
87085_3470_00002,rue de la Mauvendière,2,,DH0176,1564117.05190000,5182838.18030000,1.25083901,45.83215863
87085_3470_00003,rue de la Mauvendière,3,,DK0024,1564075.35440000,5182848.08670000,1.25029963,45.83223951
87085_3470_00003_bis,rue de la Mauvendière,3,bis,DK0129,1564066.89030000,5182853.93300000,1.25018905,45.83229042
87085_3470_00004,rue de la Mauvendière,4,,DH0177,1564107.61600000,5182844.75650000,1.25071572,45.83221593
87085_3470_00005,rue de la Mauvendière,5,,DK0022,1564058.44620000,5182859.59490000,1.25007879,45.83233969
87085_3470_00006,rue de la Mauvendière,6,,DH0178,1564099.50690000,5182850.40770000,1.25060978,45.83226516
87085_3470_00007,rue de la Mauvendière,7,,DK0021,1564047.46500000,5182867.23350000,1.24993532,45.83240623
87085_3470_00007_bis,rue de la Mauvendière,7,bis,DK0020,1564041.64350000,5182871.44750000,1.24985921,45.83244299
87085_3470_00007_ter,rue de la Mauvendière,7,ter,DK0020,1564029.60190000,5182879.62640000,1.24970194,45.83251418
87085_3470_00008,rue de la Mauvendière,8,,DH0179,1564093.76810000,5182854.72840000,1.25053471,45.83230289
87085_3470_00009,rue de la Mauvendière,9,,DK0012,1564011.43870000,5182892.12460000,1.24946468,45.83262302
87085_3470_00010,rue de la Mauvendière,10,,DH0180,1564084.10430000,5182861.07830000,1.25040855,45.83235810
87085_3470_00011,rue de la Mauvendière,11,,DK0010,1563986.83180000,5182908.82470000,1.24914330,45.83276838
87085_3470_00012,rue de la Mauvendière,12,,DH0183,1564075.49910000,5182866.95120000,1.25029616,45.83240923
87085_3470_00013,rue de la Mauvendière,13,,DK0007,1563979.73160000,5182913.81730000,1.24905051,45.83281188
87085_3470_00014,rue de la Mauvendière,14,,DH0242,1564065.35520000,5182873.76330000,1.25016369,45.83246851
87085_3470_00015,rue de la Mauvendière,15,,DK0006,1563974.80750000,5182917.30270000,1.24898616,45.83284226
87085_3470_00016,rue de la Mauvendière,16,,DH0243,1564056.84740000,5182879.76910000,1.25005251,45.83252085
87085_3470_00017,rue de la Mauvendière,17,,DK0003,1563968.14350000,5182921.84220000,1.24889912,45.83288178
87085_3470_00017_bis,rue de la Mauvendière,17,bis,DK0002,1563959.53060000,5182927.49280000,1.24878669,45.83293091
87085_3470_00018,rue de la Mauvendière,18,,DH0244,1564049.26200000,5182884.99180000,1.24995342,45.83256633
87085_3470_00019,rue de la Mauvendière,19,,DK0001,1563949.99100000,5182934.19900000,1.24866203,45.83298935
87085_3470_00020,rue de la Mauvendière,20,,DH0442,1564042.12960000,5182889.64710000,1.24986032,45.83260680
87085_3470_00021,rue de la Mauvendière,21,,DI0240,1563894.60570000,5182928.69520000,1.24795085,45.83292888
87085_3470_00022,rue de la Mauvendière,22,,DH0361,1564032.11580000,5182896.55000000,1.24972951,45.83266691
87085_3470_00022_bis,rue de la Mauvendière,22,bis,DH0362,1564026.33600000,5182900.47460000,1.24965402,45.83270108
87085_3470_00023,rue de la Mauvendière,23,,DI0246,1563908.20220000,5182963.74410000,1.24811590,45.83324685
87085_3470_00023_bis,rue de la Mauvendière,23,bis,DI0269,1563899.30160000,5182971.47940000,1.24799917,45.83331468
87085_3470_00024,rue de la Mauvendière,24,,DH0248,1564018.10630000,5182906.17040000,1.24954650,45.83275069
87085_3470_00025,rue de la Mauvendière,25,,DI0195,1563878.55970000,5182981.63320000,1.24772937,45.83340191
87085_3470_00026,rue de la Mauvendière,26,,DH0250,1564011.91690000,5182910.57900000,1.24946561,45.83278912
87085_3470_00028,rue de la Mauvendière,28,,DH0251,1564001.20740000,5182917.71690000,1.24932577,45.83285121
87085_3470_00030,rue de la Mauvendière,30,,DH0378,1563991.10780000,5182924.81530000,1.24919380,45.83291307
87085_3470_00032,rue de la Mauvendière,32,,DH0288,1563973.31260000,5182937.08820000,1.24896133,45.83301995
87085_3470_00034,rue de la Mauvendière,34,,DH0289,1563964.45340000,5182943.25980000,1.24884557,45.83307371
87085_3470_00036,rue de la Mauvendière,36,,DH0409,1563955.55020000,5182948.93470000,1.24872940,45.83312300
87085_3470_00038,rue de la Mauvendière,38,,DH0410,1563948.47330000,5182954.00470000,1.24863689,45.83316721
87085_3470_00040,rue de la Mauvendière,40,,DH0319,1563926.69560000,5182969.20700000,1.24835234,45.83329965
87085_3470_00042,rue de la Mauvendière,42,,DH0292,1563914.34360000,5182978.70070000,1.24819070,45.83338261
87085_3470_00044,rue de la Mauvendière,44,,DH0293,1563892.36940000,5182996.84890000,1.24790278,45.83354152
87085_3470_00046,rue de la Mauvendière,46,,DH0294,1563884.55490000,5183004.83190000,1.24779996,45.83361178
87085_3470_00048,rue de la Mauvendière,48,,DH0295,1563876.91670000,5183012.52770000,1.24769948,45.83367950
87085_3470_00050,rue de la Mauvendière,50,,DH0296,1563869.88730000,5183019.95980000,1.24760692,45.83374496
87085_3470_00052,rue de la Mauvendière,52,,DH0297,1563862.97130000,5183027.19140000,1.24751587,45.83380864
87085_3730_00001,rue de la Nation,1,,AZ0990,1563602.91210000,5182952.48720000,1.24419042,45.83308511
87085_3730_00003,rue de la Nation,3,,AZ1048,1563598.39620000,5182957.86200000,1.24413078,45.83313256
87085_3730_00005,rue de la Nation,5,,AZ1048,1563589.22400000,5182968.67020000,1.24400968,45.83322797
87085_3730_00006,rue de la Nation,6,,AZ0986,1563607.71800000,5182960.86990000,1.24424989,45.83316147
87085_3730_00007,rue de la Nation,7,,AZ1025,1563580.64840000,5182978.49050000,1.24389654,45.83331461
87085_3730_00008,rue de la Nation,8,,AZ1030,1563601.16060000,5182968.59830000,1.24416331,45.83322969
87085_3730_00009,rue de la Nation,9,,AZ1029,1563575.67640000,5182984.49920000,1.24383085,45.83336767
87085_3730_00010,rue de la Nation,10,,AZ1032,1563594.42760000,5182976.44310000,1.24407444,45.83329892
87085_3730_00011,rue de la Nation,11,,AZ1046,1563572.16120000,5182988.80660000,1.24378439,45.83340572
87085_3730_00013,rue de la Nation,13,,AZ1044,1563567.77350000,5182993.91090000,1.24372648,45.83345077
87085_3730_00014,rue de la Nation,14,,AZ1001,1563582.87930000,5182990.04870000,1.24392197,45.83341902
87085_3730_00015,rue de la Nation,15,,AZ1042,1563561.49430000,5183001.28160000,1.24364359,45.83351583
87085_3730_00016,rue de la Nation,16,,AZ1036,1563574.84670000,5182999.48330000,1.24381592,45.83350230
87085_3730_00017,rue de la Nation,17,,AZ1040,1563552.99040000,5183010.88960000,1.24353142,45.83360057
87085_3730_00018,rue de la Nation,18,,AZ1038,1563568.91380000,5183006.29100000,1.24373764,45.83356236
87085_3747_00001,rue de la Navette,1,,CV1684,1565415.26300000,5183780.31240000,1.26728122,45.84088896
87085_3747_00002,rue de la Navette,2,,CV1686,1565421.63980000,5183774.44200000,1.26736493,45.84083740
87085_3747_00003,rue de la Navette,3,,CV1085,1565412.24730000,5183793.12330000,1.26723882,45.84100361
87085_3747_00004,rue de la Navette,4,,CV1473,1565418.39560000,5183786.51810001,1.26731980,45.84094540
87085_3747_00005,rue de la Navette,5,,CV1479,1565405.07650000,5183820.92940000,1.26713874,45.84125234
87085_3747_00006,rue de la Navette,6,,CV1471,1565415.92630000,5183796.83930000,1.26728513,45.84103776
87085_3747_00007,rue de la Navette,7,,CV1481,1565397.83560000,5183850.47680000,1.26703727,45.84151672
87085_3747_00008,rue de la Navette,8,,CV1469,1565414.09670000,5183804.50950000,1.26725943,45.84110640
87085_3747_00009,rue de la Navette,9,,CV1483,1565395.25080000,5183860.51279999,1.26700119,45.84160650
87085_3747_00010,rue de la Navette,10,,CV0991,1565411.75810000,5183813.82140000,1.26722672,45.84118971
87085_3747_00012,rue de la Navette,12,,CV1467,1565410.51820000,5183819.47000000,1.26720918,45.84124028
87085_3747_00014,rue de la Navette,14,,CV1465,1565411.96460000,5183832.00890000,1.26722429,45.84135336
87085_3747_00014_bis,rue de la Navette,14,bis,CV1230,1565410.35320000,5183837.91900001,1.26720189,45.84140621
87085_3747_00016,rue de la Navette,16,,CV1463,1565403.46600000,5183848.96590000,1.26711016,45.84150423
87085_3747_00018,rue de la Navette,18,,CV1459,1565395.85030000,5183878.43570000,1.26700388,45.84176784
87085_3747_00018_b,rue de la Navette,18,b,CV1461,1565399.15080000,5183864.94709999,1.26705014,45.84164715
87085_3747_00018_bis,rue de la Navette,18,bis,CV1461,1565399.15080000,5183864.94710000,1.26705014,45.84164715
87085_3835_00002,rue de la Paix,2,,CV1753,1565151.61460000,5184235.10140000,1.26376032,45.84492840
87085_3835_00002_bis,rue de la Paix,2,bis,CV0121,1565162.43560000,5184239.49220000,1.26389837,45.84497002
87085_3835_00003,rue de la Paix,3,,CV0871,1565176.69200000,5184258.64870000,1.26407649,45.84514514
87085_3835_00004,rue de la Paix,4,,CV0136,1565172.77420000,5184243.53040000,1.26403031,45.84500838
87085_3835_00005,rue de la Paix,5,,CV0116,1565189.03110000,5184263.60750000,1.26423392,45.84519217
87085_3835_00006,rue de la Paix,6,,CV0137,1565184.45510000,5184248.28540000,1.26417932,45.84505344
87085_3835_00007,rue de la Paix,7,,CV0115,1565197.84940000,5184267.11450000,1.26434645,45.84522545
87085_3835_00008,rue de la Paix,8,,CV0140,1565195.61760000,5184252.49250000,1.26432182,45.84509348
87085_3835_00009,rue de la Paix,9,,CV0110,1565208.07200000,5184271.52270000,1.26447679,45.84526711
87085_3835_00010,rue de la Paix,10,,CV0141,1565205.43330000,5184256.60910000,1.26444701,45.84513243
87085_3835_00011,rue de la Paix,11,,CV0109,1565217.35420000,5184275.14570000,1.26459525,45.84530152
87085_3835_00012,rue de la Paix,12,,CV0142,1565214.19680000,5184259.95030000,1.26455887,45.84516421
87085_3835_00013,rue de la Paix,13,,CV0108,1565225.98500000,5184278.47850000,1.26470541,45.84533319
87085_3835_00014,rue de la Paix,14,,CV0143,1565225.20200000,5184264.27580000,1.26469931,45.84520527
87085_3835_00015,rue de la Paix,15,,CV0106,1565242.44840000,5184285.08940000,1.26491546,45.84539588
87085_3835_00016,rue de la Paix,16,,CV0144,1565233.34100000,5184267.55110000,1.26480315,45.84523633
87085_3835_00018,rue de la Paix,18,,CV0145,1565242.49020000,5184271.20640000,1.26491989,45.84527101
87085_3835_00020,rue de la Paix,20,,CV0146,1565251.72010000,5184274.71090000,1.26503771,45.84530434
87085_3835_00022,rue de la Paix,22,,CV0147,1565266.62360000,5184280.65150000,1.26522788,45.84536070
87085_1003_00004,rue de la Paroterie,4,,PL0194,1559367.80850000,5184049.93060000,1.18937027,45.84210406
87085_1003_00006,rue de la Paroterie,6,,PL0196,1559360.82350000,5184043.89810000,1.18928214,45.84204836
87085_1003_00008,rue de la Paroterie,8,,PL0168,1559357.27800000,5184040.03510000,1.18923763,45.84201289
87085_1003_00010,rue de la Paroterie,10,,PL0169,1559359.02430000,5184037.97130000,1.18926071,45.84199468
87085_1003_00012,rue de la Paroterie,12,,PL0170,1559383.04860000,5184017.22790000,1.18957599,45.84181300
87085_1003_00014,rue de la Paroterie,14,,PL0197,1559384.58310000,5184014.89950000,1.18959642,45.84179237
87085_1003_00016,rue de la Paroterie,16,,PL0198,1559389.39860000,5184018.12750000,1.18965745,45.84182239
87085_1003_00018,rue de la Paroterie,18,,PL0199,1559394.79620000,5184024.90080000,1.18972494,45.84188442
87085_1003_00020,rue de la Paroterie,20,,PL0200,1559400.14070000,5184032.09750000,1.18979162,45.84195025
87085_1003_00022,rue de la Paroterie,22,,PL0175,1559406.27910000,5184039.87630000,1.18986835,45.84202148
87085_3890_00001,rue de la Passerelle,1,,DR0094,1565207.77840000,5183767.15800000,1.26461448,45.84072999
87085_3890_00003,rue de la Passerelle,3,,DR0095,1565193.66580000,5183768.89570000,1.26443236,45.84074285
87085_3890_00005,rue de la Passerelle,5,,DR0096,1565182.70190000,5183768.32500000,1.26429141,45.84073557
87085_3890_00007,rue de la Passerelle,7,,DR0097,1565173.17920000,5183767.91620000,1.26416896,45.84073003
87085_3890_00009,rue de la Passerelle,9,,DR0098,1565163.23610000,5183767.45710000,1.26404112,45.84072395
87085_3890_00013,rue de la Passerelle,13,,DR0127,1565151.00730000,5183782.87180000,1.26387940,45.84086021
87085_3890_00015,rue de la Passerelle,15,,DR0118,1565130.40560000,5183794.85960000,1.26361088,45.84096401
87085_3890_00017,rue de la Passerelle,17,,DR0077,1565097.45660000,5183816.92030000,1.26318062,45.84115600
87085_3890_00019,rue de la Passerelle,19,,DR0074,1565083.57650000,5183827.84870000,1.26299891,45.84125158
87085_3890_00021,rue de la Passerelle,21,,DR0056,1565072.41110000,5183838.02350000,1.26285235,45.84134092
87085_3890_00023,rue de la Passerelle,23,,DR0055,1565052.39070000,5183858.20420000,1.26258901,45.84151853
87085_3890_00023_bis,rue de la Passerelle,23,bis,DR0053,1565042.50820000,5183870.31740000,1.26245841,45.84162555
87085_3890_00025,rue de la Passerelle,25,,DR0052,1565037.27260000,5183877.69500000,1.26238895,45.84169089
87085_3890_00027,rue de la Passerelle,27,,DR0051,1565034.07010000,5183883.15110000,1.26234620,45.84173934
87085_3890_00029,rue de la Passerelle,29,,DR0050,1565031.02050000,5183888.60140000,1.26230542,45.84178777
87085_3890_00031,rue de la Passerelle,31,,DR0049,1565025.98030000,5183895.45240000,1.26223863,45.84184841
87085_3964_00008,rue de la Pêcherie,8,,KY0279,1568330.17930000,5191993.79930000,1.30254471,45.91533891
87085_3964_00010,rue de la Pêcherie,10,,KY0196,1568303.70550000,5192004.17900000,1.30220067,45.91542721
87085_3964_00012,rue de la Pêcherie,12,,KY0195,1568277.64080000,5192014.02580000,1.30186204,45.91551079
87085_3964_00014,rue de la Pêcherie,14,,KY0194,1568256.98010000,5192021.96850000,1.30159359,45.91557827
87085_3964_00020,rue de la Pêcherie,20,,KY0056,1568185.14340000,5192049.53110000,1.30066018,45.91581243
87085_4000_00001,rue de la Perdrix,1,,TY0090,1561853.49730000,5182490.24220000,1.22181085,45.82857779
87085_4000_00002,rue de la Perdrix,2,,TY0089,1561869.98000000,5182494.39850000,1.22202175,45.82861849
87085_4000_00010,rue de la Perdrix,10,,TY0087,1561853.09580000,5182512.36480000,1.22179933,45.82877671
87085_4000_00020,rue de la Perdrix,20,,TY0102,1561730.65090000,5182555.78600000,1.22021128,45.82914270
87085_4000_00023,rue de la Perdrix,23,,TY0034,1561671.30150000,5182560.72140000,1.21944617,45.82917517
87085_4000_00025,rue de la Perdrix,25,,TY0054,1561639.78580000,5182571.12620000,1.21903765,45.82926242
87085_4000_00027,rue de la Perdrix,27,,TY0054,1561626.89630000,5182575.36000000,1.21887057,45.82929791
87085_4000_00029,rue de la Perdrix,29,,TY0105,1561614.54530000,5182581.56820000,1.21870986,45.82935127
87085_4000_00030,rue de la Perdrix,30,,TY0055,1561666.63110000,5182575.90420000,1.21938171,45.82931080
87085_4000_00031,rue de la Perdrix,31,,TY0052,1561603.73780000,5182593.17250000,1.21856745,45.82945349
87085_4000_00032,rue de la Perdrix,32,,TY0060,1561645.05670000,5182582.77810000,1.21910212,45.82936830
87085_4000_00033,rue de la Perdrix,33,,TY0051,1561592.93510000,5182608.21420000,1.21842411,45.82958662
87085_4000_00034,rue de la Perdrix,34,,TY0061,1561618.11870000,5182595.31120000,1.21875188,45.82947562
87085_4000_00035,rue de la Perdrix,35,,TY0050,1561583.49370000,5182620.20840000,1.21829917,45.82969261
87085_4000_00037,rue de la Perdrix,37,,TY0049,1561570.75810000,5182627.88470000,1.21813308,45.82975910
87085_4000_00038,rue de la Perdrix,38,,TY0062,1561599.99730000,5182620.29840000,1.21851151,45.82969674
87085_4000_00040,rue de la Perdrix,40,,TY0064,1561583.20640000,5182635.76010000,1.21829100,45.82983245
87085_4000_00041,rue de la Perdrix,41,,TY0010,1561533.15700000,5182628.73310000,1.21764900,45.82975916
87085_4000_00043,rue de la Perdrix,43,,TY0009,1561517.26550000,5182623.01120000,1.21744616,45.82970449
87085_4000_00045,rue de la Perdrix,45,,TY0008,1561502.67100000,5182617.46770000,1.21725996,45.82965169
87085_4000_00047,rue de la Perdrix,47,,TY0005,1561486.09700000,5182617.30640000,1.21704673,45.82964690
87085_4106_00002,rue de la Picaude,2,,LV0151,1567495.64800000,5187762.84580000,1.29295825,45.87711845
87085_4106_00003,rue de la Picaude,3,,LV0152,1567510.44100000,5187755.80770000,1.29315072,45.87705799
87085_4106_00004,rue de la Picaude,4,,LV0151,1567484.50940000,5187760.47670000,1.29281546,45.87709499
87085_4106_00005,rue de la Picaude,5,,LV0152,1567501.28790000,5187753.91520000,1.29303336,45.87703920
87085_4106_00006,rue de la Picaude,6,,LV0151,1567476.05240000,5187758.55150000,1.29270707,45.87707604
87085_4106_00007,rue de la Picaude,7,,LV0152,1567494.28800000,5187752.00460000,1.29294373,45.87702067
87085_4106_00008,rue de la Picaude,8,,LV0150,1567458.07330000,5187772.17790000,1.29247175,45.87719515
87085_4106_00009,rue de la Picaude,9,,LV0152,1567487.37760000,5187750.67860000,1.29285510,45.87700741
87085_4106_00010,rue de la Picaude,10,,LV0150,1567450.70230000,5187772.02380000,1.29237687,45.87719234
87085_4106_00011,rue de la Picaude,11,,LV0152,1567479.46210000,5187748.94220000,1.29275364,45.87699026
87085_4106_00012,rue de la Picaude,12,,LV0150,1567444.64660000,5187770.60780000,1.29229927,45.87717844
87085_4106_00014,rue de la Picaude,14,,LV0150,1567436.93810000,5187768.65580000,1.29220053,45.87715939
87085_4106_00015,rue de la Picaude,15,,LV0152,1567473.14140000,5187747.36800000,1.29267267,45.87697488
87085_4106_00016,rue de la Picaude,16,,LV0150,1567431.24870000,5187767.23690000,1.29212765,45.87714553
87085_4106_00017,rue de la Picaude,17,,LV0152,1567466.27810000,5187745.75640000,1.29258472,45.87695906
87085_4106_00018,rue de la Picaude,18,,LV0150,1567429.49540000,5187764.16730000,1.29210591,45.87711758
87085_4106_00019,rue de la Picaude,19,,LV0152,1567458.56280000,5187744.26990000,1.29248577,45.87694420
87085_4106_00020,rue de la Picaude,20,,LV0150,1567430.78900000,5187757.49490000,1.29212442,45.87705781
87085_4106_00021,rue de la Picaude,21,,LV0152,1567449.63290000,5187731.12810000,1.29237439,45.87682426
87085_4106_00022,rue de la Picaude,22,,LV0150,1567432.38270000,5187750.19300000,1.29214696,45.87699243
87085_4106_00023,rue de la Picaude,23,,LV0152,1567441.84320000,5187729.54290000,1.29227450,45.87680849
87085_4106_00024,rue de la Picaude,24,,LV0150,1567433.75360000,5187745.22070000,1.29216599,45.87694797
87085_4106_00025,rue de la Picaude,25,,LV0152,1567434.51680000,5187723.61550000,1.29218178,45.87675376
87085_4106_00026,rue de la Picaude,26,,LV0150,1567435.12420000,5187739.15990000,1.29218531,45.87689371
87085_4217_00001,rue de la Plière,1,,KW0097,1566448.23240000,5193061.71930000,1.27799301,45.92458199
87085_4217_00003,rue de la Plière,3,,KW0096,1566456.40420000,5193089.22780000,1.27809068,45.92483103
87085_4217_00006,rue de la Plière,6,,KW0036,1566464.29250000,5193096.19110000,1.27819042,45.92489521
87085_4217_00016,rue de la Plière,16,,KW0068,1566463.76110000,5193195.56330000,1.27815587,45.92578901
87085_4217_00018,rue de la Plière,18,,KW0067,1566464.47910000,5193216.59970000,1.27815926,45.92597838
87085_4217_00020,rue de la Plière,20,,KW0093,1566468.02460000,5193250.45120000,1.27819553,45.92628358
87085_4217_00026,rue de la Plière,26,,KW0113,1566520.88960000,5193289.85330000,1.27886600,45.92664830
87085_4217_00028,rue de la Plière,28,,KW0114,1566538.24630000,5193301.28340000,1.27908655,45.92675450
87085_4217_00032,rue de la Plière,32,,KW0117,1566546.58060000,5193306.73390000,1.27919246,45.92680515
87085_4217_00034,rue de la Plière,34,,KW0116,1566558.88380000,5193313.61300000,1.27934914,45.92686942
87085_4217_00036,rue de la Plière,36,,KW0119,1566577.40470000,5193333.32450000,1.27947451,45.92700823
87085_4217_00038,rue de la Plière,38,,KW0120,1566620.63770000,5193302.87090000,1.28014817,45.92678479
87085_4217_00040,rue de la Plière,40,,KW0121,1566654.13400000,5193275.56580000,1.28058755,45.92654567
87085_4315_00001,rue de la Préfecture,1,,DX0551,1564660.29990000,5182892.35210000,1.25781451,45.83275306
87085_4315_00002,rue de la Préfecture,2,,DW0142,1564675.91680000,5182894.52470000,1.25801487,45.83277568
87085_4315_00003,rue de la Préfecture,3,,DX0551,1564652.03900000,5182912.10600000,1.25770265,45.83292914
87085_4315_00004,rue de la Préfecture,4,,DW0143,1564670.91350000,5182906.37460000,1.25794715,45.83288129
87085_4315_00006,rue de la Préfecture,6,,DW0144,1564666.26790000,5182917.23910000,1.25788431,45.83297811
87085_4365_00002,rue de la Providence,2,,EO0006,1565257.92850000,5182555.38910000,1.26559960,45.82983923
87085_4365_00004,rue de la Providence,4,,EO0007,1565254.13150000,5182548.39750000,1.26555270,45.82977559
87085_4365_00006,rue de la Providence,6,,EO0008,1565249.93220000,5182541.28420000,1.26550066,45.82971078
87085_4479_00001,rue de la Rauge,1,,LO0029,1568265.98410000,5188205.54730000,1.30275790,45.88124894
87085_4479_00002,rue de la Rauge,2,,LO0018,1568267.82570000,5188219.69770000,1.30277773,45.88137659
87085_4479_00003,rue de la Rauge,3,,LO0028,1568257.06610000,5188219.10680000,1.30263931,45.88136921
87085_4479_00004,rue de la Rauge,4,,LO0019,1568254.42390000,5188239.80710000,1.30259960,45.88155492
87085_4479_00005,rue de la Rauge,5,,LO0020,1568237.07900000,5188241.42830000,1.30237575,45.88156617
87085_4479_00007,rue de la Rauge,7,,LO0021,1568221.91920000,5188249.86060000,1.30217818,45.88163912
87085_4479_00008,rue de la Rauge,8,,LO0007,1568213.85510000,5188264.96130000,1.30207016,45.88177341
87085_4479_00009,rue de la Rauge,9,,LO0022,1568204.63130000,5188259.50380000,1.30195286,45.88172255
87085_4479_00011,rue de la Rauge,11,,LO0023,1568190.23460000,5188267.94040000,1.30176511,45.88179568
87085_4479_00015,rue de la Rauge,15,,LO0005,1568176.81060000,5188285.78130000,1.30158731,45.88195360
87085_4495_00010,rue de la Réforme,10,,DV0069,1564839.33860000,5183142.50810000,1.26004815,45.83503857
87085_4495_00012,rue de la Réforme,12,,DV0069,1564825.42690000,5183133.17810000,1.25987175,45.83495191
87085_4495_00014,rue de la Réforme,14,,DV0068,1564812.18110000,5183125.67610000,1.25970340,45.83488182
87085_4495_00016,rue de la Réforme,16,,DV0157,1564802.08400000,5183116.92720000,1.25957592,45.83480114
87085_4495_00020,rue de la Réforme,20,,DV0065,1564792.28550000,5183103.19960000,1.25945368,45.83467572
87085_4495_00024,rue de la Réforme,24,,DV0064,1564785.37290000,5183094.38820000,1.25936720,45.83459510
87085_4500_00001,rue de la Règle,1,,EO0190,1565421.56980000,5182448.61500000,1.26773522,45.82891077
87085_4500_00002,rue de la Règle,2,,EO0163,1565469.15500000,5182504.05990000,1.26833202,45.82941884
87085_4500_00003,rue de la Règle,3,,EO0189,1565419.75580000,5182460.55860000,1.26770853,45.82901786
87085_4500_00004,rue de la Règle,4,,EO0274,1565447.64380000,5182502.13780000,1.26805575,45.82939734
87085_4500_00005,rue de la Règle,5,,EO0188,1565416.61230000,5182469.55890000,1.26766556,45.82909820
87085_4500_00006,rue de la Règle,6,,EO0179,1565435.04540000,5182486.90300000,1.26789790,45.82925783
87085_4500_00006_bis,rue de la Règle,6,bis,EO0180,1565430.38450000,5182481.91530000,1.26783932,45.82921205
87085_4500_00008,rue de la Règle,8,,EO0180,1565423.49910000,5182475.64490000,1.26775248,45.82915430
87085_4500_00009,rue de la Règle,9,,EO0218,1565398.86710000,5182478.34270000,1.26743476,45.82917375
87085_4500_00010,rue de la Règle,10,,EO0342,1565418.65990000,5182476.82930000,1.26768987,45.82916401
87085_4500_00012,rue de la Règle,12,,EO0185,1565400.48040000,5182483.52780000,1.26745407,45.82922071
87085_4532_00002,rue de la Résistance Limousine,2,,DH0413,1564094.01960000,5183266.14160000,1.25042163,45.83600384
87085_4532_00004,rue de la Résistance Limousine,4,,DH0415,1564089.29870000,5183250.61000000,1.25036526,45.83586319
87085_4532_00005,rue de la Résistance Limousine,5,,DE0231,1564099.44960000,5183217.71630000,1.25050520,45.83556930
87085_4532_00007,rue de la Résistance Limousine,7,,DE0369,1564097.61590000,5183210.59690000,1.25048361,45.83550489
87085_4532_00009,rue de la Résistance Limousine,9,,DE0230,1564094.68250000,5183199.09160000,1.25044912,45.83540081
87085_4532_00010,rue de la Résistance Limousine,10,,DH0384,1564073.03880000,5183199.10000000,1.25017058,45.83539661
87085_4532_00017,rue de la Résistance Limousine,17,,DH0441,1564017.79190000,5183123.02309999,1.24948112,45.83470134
87085_4532_00019,rue de la Résistance Limousine,19,,DH0441,1564002.38110000,5183113.61999999,1.24928546,45.83461370
87085_4532_00021,rue de la Résistance Limousine,21,,DH0441,1563996.35610000,5183109.38050000,1.24920912,45.83457437
87085_4570_00016,rue de la Roche,16,,HR0074,1565285.10780000,5181356.20930000,1.26628529,45.81905719
87085_4570_00018,rue de la Roche,18,,HR0075,1565286.76440000,5181347.20280000,1.26630912,45.81897650
87085_4570_00023,rue de la Roche,23,,EW0504,1565299.39830000,5181327.73110000,1.26647711,45.81880381
87085_4570_00024,rue de la Roche,24,,HR0399,1565299.92180000,5181308.29540000,1.26648929,45.81862908
87085_4570_00028,rue de la Roche,28,,HR0364,1565310.14440000,5181296.10050000,1.26662422,45.81852138
87085_4570_00030,rue de la Roche,30,,HR0085,1565317.12910000,5181288.14490000,1.26671631,45.81845118
87085_4570_00032,rue de la Roche,32,,HR0086,1565322.64320000,5181280.28980000,1.26678945,45.81838160
87085_4570_00034,rue de la Roche,34,,HR0087,1565327.95300000,5181271.61510000,1.26686019,45.81830460
87085_4575_00003,rue de la Roche au Go,3,,HV0606,1564651.03610000,5181575.27490000,1.25806604,45.82090335
87085_4575_00004,rue de la Roche au Go,4,,HV0801,1564647.20100000,5181584.72960000,1.25801404,45.82098765
87085_4575_00005,rue de la Roche au Go,5,,HV0608,1564660.93230000,5181543.61020000,1.25820227,45.82062045
87085_4575_00007,rue de la Roche au Go,7,,HV0278,1564639.65930000,5181569.78690000,1.25792121,45.82085174
87085_4575_00008,rue de la Roche au Go,8,,HV0280,1564617.67860000,5181571.99360000,1.25763779,45.82086727
87085_4575_00009,rue de la Roche au Go,9,,HV0577,1564630.42850000,5181563.77330000,1.25780414,45.82079583
87085_4575_00010,rue de la Roche au Go,10,,HV0933,1564617.65980000,5181559.13570000,1.25764117,45.82075160
87085_4575_00016,rue de la Roche au Go,16,,HV0274,1564619.23350000,5181526.12040000,1.25767071,45.82045492
87085_4575_00020,rue de la Roche au Go,20,,HV0622,1564614.01750000,5181489.41760000,1.25761393,45.82012373
87085_4575_00021,rue de la Roche au Go,21,,HV0785,1564611.53270000,5181481.82370000,1.25758410,45.82005493
87085_4575_00021_b,rue de la Roche au Go,21,b,HV0786,1564624.76190000,5181470.18200000,1.25775758,45.81995281
87085_4575_00024,rue de la Roche au Go,24,,HV0633,1564584.25460000,5181482.94400000,1.25723284,45.82005963
87085_4575_00025,rue de la Roche au Go,25,,HV0803,1564592.41340000,5181477.42280000,1.25733936,45.82001157
87085_4575_00026,rue de la Roche au Go,26,,HV0270,1564568.44890000,5181477.84400000,1.25703092,45.82001065
87085_4575_00027,rue de la Roche au Go,27,,HV0806,1564576.36440000,5181471.51050000,1.25713500,45.81995500
87085_4575_00028,rue de la Roche au Go,28,,HV0648,1564554.43920000,5181472.48580000,1.25685219,45.81995969
87085_4575_00029,rue de la Roche au Go,29,,HV0846,1564559.33990000,5181465.25710000,1.25691727,45.81989563
87085_4622_00003,rue de la Roseraie,3,,PE0026,1561317.64150000,5183048.02430000,1.21475485,45.83348747
87085_4622_00035,rue de la Roseraie,35,,PE0024,1561137.94740000,5182797.85120000,1.21251470,45.83120078
87085_4622_00041,rue de la Roseraie,41,,PD0009,1560968.49020000,5182804.62680000,1.21033216,45.83122749
87085_4622_00058,rue de la Roseraie,58,,PE0021,1560927.35000000,5182829.56830000,1.20979555,45.83144354
87085_4622_00060,rue de la Roseraie,60,,PE0020,1560911.39990000,5182835.71000000,1.20958852,45.83149556
87085_4622_00062,rue de la Roseraie,62,,PE0019,1560895.75280000,5182841.56680000,1.20938548,45.83154508
87085_4622_00064,rue de la Roseraie,64,,PE0040,1560878.35560000,5182848.24500000,1.20915968,45.83160163
87085_4839_00001,rue de la Santaude,1,,LO0035,1568303.20880000,5188086.34170000,1.30327006,45.88018375
87085_4839_00002,rue de la Santaude,2,,LO0110,1568296.12240000,5188061.60440000,1.30318558,45.87995986
87085_4839_00003,rue de la Santaude,3,,LO0034,1568297.55720000,5188094.84720000,1.30319494,45.88025918
87085_4839_00004,rue de la Santaude,4,,LO0109,1568308.50560000,5188069.90110000,1.30334280,45.88003687
87085_4839_00005,rue de la Santaude,5,,LO0036,1568300.83950000,5188099.68040000,1.30323589,45.88030329
87085_4839_00006,rue de la Santaude,6,,LO0108,1568316.46130000,5188075.19480000,1.30344381,45.88008602
87085_4839_00007,rue de la Santaude,7,,LO0037,1568308.43720000,5188104.68890000,1.30333237,45.88034980
87085_4839_00008,rue de la Santaude,8,,LO0107,1568324.62170000,5188080.75060000,1.30354739,45.88013756
87085_4839_00009,rue de la Santaude,9,,LO0038,1568329.24350000,5188094.59030000,1.30360312,45.88026294
87085_4839_00010,rue de la Santaude,10,,LO0106,1568333.79640000,5188086.78390000,1.30366390,45.88019359
87085_4839_00011,rue de la Santaude,11,,LO0039,1568338.14730000,5188100.60430000,1.30371615,45.88031875
87085_4839_00012,rue de la Santaude,12,,LO0105,1568343.97350000,5188093.54930000,1.30379312,45.88025640
87085_4839_00014,rue de la Santaude,14,,LO0104,1568353.11060000,5188099.65320000,1.30390913,45.88031306
87085_4839_00015,rue de la Santaude,15,,LO0040,1568347.77660000,5188107.18150000,1.30383837,45.88037976
87085_4935_00003,rue de La Souterraine,3,,DR0041,1564994.26850000,5183780.98660000,1.26186263,45.84081250
87085_4935_00005,rue de La Souterraine,5,,DR0106,1564994.69760000,5183788.69260000,1.26186599,45.84088190
87085_4935_00006,rue de La Souterraine,6,,DR0064,1565005.28950000,5183800.16230000,1.26199909,45.84098716
87085_4935_00007,rue de La Souterraine,7,,DR0043,1564994.92050000,5183801.33990000,1.26186530,45.84099572
87085_4935_00009,rue de La Souterraine,9,,DR0014,1564995.94570000,5183829.32450000,1.26187064,45.84124766
87085_4935_00011,rue de La Souterraine,11,,DR0013,1564996.22950000,5183837.33430000,1.26187204,45.84131976
87085_4935_00012,rue de La Souterraine,12,,DR0044,1565007.15430000,5183847.92450000,1.26200967,45.84141717
87085_4935_00013,rue de La Souterraine,13,,DR0012,1564996.64070000,5183848.97180000,1.26187406,45.84142453
87085_4935_00014,rue de La Souterraine,14,,DR0045,1565007.58660000,5183861.72000000,1.26201136,45.84154136
87085_4935_00015,rue de La Souterraine,15,,DR0011,1564996.69380000,5183855.49670000,1.26187291,45.84148324
87085_4935_00016,rue de La Souterraine,16,,DR0046,1565007.96740000,5183871.73620000,1.26201345,45.84163153
87085_4935_00017,rue de La Souterraine,17,,DR0010,1564996.94950000,5183862.34420000,1.26187428,45.84154488
87085_4935_00018,rue de La Souterraine,18,,DR0047,1565008.45930000,5183878.98170000,1.26201774,45.84169681
87085_4935_00019,rue de La Souterraine,19,,DR0009,1564997.30690000,5183869.46600000,1.26187688,45.84160902
87085_4935_00021,rue de La Souterraine,21,,DR0008,1564997.36140000,5183876.03040000,1.26187574,45.84166808
87085_5020_00002,rue de la Terrasse,2,,DW0187,1564736.51570000,5182801.33750000,1.25882091,45.83194933
87085_5020_00003,rue de la Terrasse,3,,DW0129,1564753.87030000,5182756.39110000,1.25905688,45.83154842
87085_5020_00004,rue de la Terrasse,4,,DW0186,1564746.08200000,5182772.43350000,1.25895215,45.83169120
87085_5020_00005,rue de la Terrasse,5,,DW0180,1564768.74850000,5182763.05490000,1.25924646,45.83161129
87085_5146_00003,rue de la Valoine,3,,OO0055,1561444.52570000,5181814.77510000,1.21674305,45.82241936
87085_5146_00005,rue de la Valoine,5,,OO0054,1561423.30430000,5181816.17680000,1.21646961,45.82242770
87085_5146_00007,rue de la Valoine,7,,OO0053,1561409.19420000,5181815.68030000,1.21628821,45.82242039
87085_5146_00009,rue de la Valoine,9,,OO0052,1561392.20660000,5181815.55050000,1.21606969,45.82241580
87085_5146_00011,rue de la Valoine,11,,OO0051,1561375.06330000,5181815.31780000,1.21584919,45.82241025
87085_5146_00012,rue de la Valoine,12,,OO0059,1561338.82780000,5181823.68300000,1.21538057,45.82247820
87085_5146_00013,rue de la Valoine,13,,OO0047,1561358.51360000,5181814.48400000,1.21563650,45.82239941
87085_5146_00015,rue de la Valoine,15,,OO0046,1561340.01560000,5181814.53000000,1.21539849,45.82239610
87085_5146_00016,rue de la Valoine,16,,OO0025,1561262.84680000,5181831.83520000,1.21440064,45.82253621
87085_5146_00017,rue de la Valoine,17,,OO0043,1561321.04060000,5181814.16000000,1.21515446,45.82238895
87085_5146_00018,rue de la Valoine,18,,OO0026,1561262.60050000,5181844.81430000,1.21439373,45.82265291
87085_5146_00019,rue de la Valoine,19,,OO0042,1561305.56680000,5181813.83410000,1.21495547,45.82238289
87085_5146_00020,rue de la Valoine,20,,OO0027,1561262.50930000,5181859.81140000,1.21438823,45.82278780
87085_5146_00021,rue de la Valoine,21,,OO0039,1561288.91540000,5181813.70530000,1.21474127,45.82237838
87085_5146_00022,rue de la Valoine,22,,OO0028,1561262.12420000,5181874.35280000,1.21437908,45.82291853
87085_5146_00023,rue de la Valoine,23,,OO0038,1561272.73090000,5181813.56290000,1.21453308,45.82237383
87085_5146_00023_b,rue de la Valoine,23,b,OO0037,1561259.95370000,5181787.71960000,1.21437615,45.82213878
87085_5146_00024,rue de la Valoine,24,,OO0029,1561262.12840000,5181885.71500000,1.21437586,45.82302074
87085_5146_00025,rue de la Valoine,25,,OO0036,1561254.91990000,5181796.72950000,1.21430878,45.82221882
87085_5146_00026,rue de la Valoine,26,,OO0030,1561261.64060000,5181898.99980000,1.21436575,45.82314014
87085_5146_00027,rue de la Valoine,27,,OO0035,1561254.65950000,5181815.38990000,1.21430005,45.82238662
87085_5146_00028,rue de la Valoine,28,,OO0017,1561253.46890000,5181906.98710000,1.21425830,45.82321034
87085_5146_00029,rue de la Valoine,29,,OO0034,1561254.02700000,5181836.33820000,1.21428587,45.82257493
87085_5146_00031,rue de la Valoine,31,,OO0033,1561254.00390000,5181854.77410000,1.21428025,45.82274077
87085_5146_00033,rue de la Valoine,33,,OO0032,1561253.72990000,5181871.22210000,1.21427198,45.82288867
87085_5240_00001,rue de la Vialoube,1,,IX0688,1562815.56960000,5182408.21330000,1.23421375,45.82803247
87085_5240_00005,rue de la Vialoube,5,,IX0688,1562816.84460000,5182417.75690000,1.23422743,45.82811857
87085_5240_00007,rue de la Vialoube,7,,IX0643,1562808.31340000,5182437.16000000,1.23411212,45.82829141
87085_5240_00009,rue de la Vialoube,9,,IX0642,1562804.40790000,5182446.90610000,1.23405909,45.82837830
87085_5240_00015,rue de la Vialoube,15,,IX0352,1562789.41070000,5182478.12650000,1.23385720,45.82865616
87085_5240_00016,rue de la Vialoube,16,,IX0668,1562800.06110000,5182480.78020000,1.23399349,45.82868215
87085_5240_00017,rue de la Vialoube,17,,IX0353,1562782.87300000,5182489.42880000,1.23376985,45.82875652
87085_5240_00018,rue de la Vialoube,18,,IX0709,1562798.19460000,5182487.43740000,1.23396757,45.82874167
87085_5240_00019,rue de la Vialoube,19,,IX0773,1562766.91670000,5182515.85560000,1.23355699,45.82899106
87085_5240_00021,rue de la Vialoube,21,,IX0365,1562759.50160000,5182527.42970000,1.23345827,45.82909370
87085_5240_00022,rue de la Vialoube,22,,IX0715,1562791.07030000,5182500.65780000,1.23387213,45.82885917
87085_5240_00025,rue de la Vialoube,25,,IX0598,1562749.27640000,5182543.19770000,1.23332220,45.82923350
87085_5240_00028,rue de la Vialoube,28,,IX0858,1562774.91240000,5182520.25650000,1.23365862,45.82903225
87085_5240_00028_b,rue de la Vialoube,28,b,IX0855,1562774.91240000,5182520.25650000,1.23373270,45.82901625
87085_5240_00029,rue de la Vialoube,29,,IX0367,1562743.89050000,5182552.24840000,1.23325031,45.82931384
87085_5240_00030,rue de la Vialoube,30,,IX0210,1562764.53750000,5182536.47510000,1.23352049,45.82917607
87085_5240_00033,rue de la Vialoube,33,,IX0368,1562734.98350000,5182566.58330000,1.23313161,45.82944101
87085_5240_00034,rue de la Vialoube,34,,IX0664,1562758.20310000,5182554.55470000,1.23343382,45.82933744
87085_5240_00037,rue de la Vialoube,37,,IX0369,1562726.44810000,5182580.75060000,1.23301773,45.82956675
87085_5240_00042,rue de la Vialoube,42,,IX0854,1562738.90300000,5182585.38770000,1.23317667,45.82961095
87085_5240_00043,rue de la Vialoube,43,,IX0371,1562698.09580000,5182625.84450000,1.23264002,45.82996673
87085_5240_00044,rue de la Vialoube,44,,IX0851,1562730.46270000,5182599.08430000,1.23306415,45.82973247
87085_5240_00045,rue de la Vialoube,45,,IX0372,1562688.17430000,5182641.63280000,1.23250784,45.83010678
87085_5240_00046,rue de la Vialoube,46,,IX0893,1562723.39800000,5182609.20560000,1.23297036,45.82982211
87085_5240_00047,rue de la Vialoube,47,,IX0373,1562681.07960000,5182652.53530000,1.23241344,45.83020344
87085_5240_00048_bis,rue de la Vialoube,48,bis,IX0139,1562703.05380000,5182642.12130000,1.23269917,45.83011414
87085_5240_00049,rue de la Vialoube,49,,IX0374,1562674.28960000,5182663.07040000,1.23232305,45.83029685
87085_5240_00050,rue de la Vialoube,50,,IX0138,1562696.18940000,5182652.40220000,1.23260791,45.83020525
87085_5240_00052,rue de la Vialoube,52,,IX0134,1562691.82590000,5182659.63540000,1.23254969,45.83026945
87085_5240_00053,rue de la Vialoube,53,,IX0771,1562670.53400000,5182669.12870000,1.23227300,45.83035060
87085_5240_00054,rue de la Vialoube,54,,IX0133,1562683.69750000,5182672.05940000,1.23244155,45.83037959
87085_5240_00055,rue de la Vialoube,55,,IX0376,1562663.60420000,5182678.69470000,1.23218109,45.83043526
87085_5240_00056,rue de la Vialoube,56,,IX0132,1562679.10180000,5182679.45620000,1.23238030,45.83044521
87085_5240_00057,rue de la Vialoube,57,,IX0377,1562655.56370000,5182692.24570000,1.23207376,45.83055556
87085_5240_00058,rue de la Vialoube,58,,IX0130,1562674.11670000,5182686.85000000,1.23231404,45.83051072
87085_5240_00060,rue de la Vialoube,60,,IX0129,1562669.96710000,5182693.70060000,1.23225868,45.83057152
87085_5240_00061,rue de la Vialoube,61,,IX0378,1562649.12920000,5182702.21790000,1.23198811,45.83064398
87085_5240_00062,rue de la Vialoube,62,,IX0128,1562665.13950000,5182701.42190000,1.23219436,45.83064001
87085_5240_00063,rue de la Vialoube,63,,IX0379,1562642.94150000,5182711.92040000,1.23190571,45.83073002
87085_5240_00065,rue de la Vialoube,65,,IX0779,1562637.90720000,5182719.81270000,1.23183868,45.83080001
87085_5240_00066,rue de la Vialoube,66,,IX0125,1562649.89100000,5182724.65360000,1.23199150,45.83084595
87085_5240_00067,rue de la Vialoube,67,,IX0778,1562632.55320000,5182728.42200000,1.23176732,45.83087639
87085_5240_00069,rue de la Vialoube,69,,IX0381,1562625.72340000,5182738.28530000,1.23167662,45.83096375
87085_5240_00071,rue de la Vialoube,71,,IX0382,1562618.41180000,5182748.68900000,1.23157956,45.83105587
87085_5240_00074,rue de la Vialoube,74,,IX0941,1562659.32850000,5182771.71630000,1.23209950,45.83127119
87085_5240_00076,rue de la Vialoube,76,,IX0941,1562647.56230000,5182780.69140000,1.23194553,45.83134957
87085_5240_00077,rue de la Vialoube,77,,IX0582,1562583.27680000,5182784.77290000,1.23111712,45.83137345
87085_5240_00078,rue de la Vialoube,78,,IX0941,1562637.62270000,5182789.26150000,1.23181517,45.83142468
87085_5240_00079,rue de la Vialoube,79,,IX0581,1562575.42750000,5182790.94630000,1.23101435,45.83142741
87085_5240_00080,rue de la Vialoube,80,,IX0941,1562623.74150000,5182801.09400000,1.23163317,45.83152835
87085_5240_00081,rue de la Vialoube,81,,IX0580,1562566.30010000,5182798.00650000,1.23089488,45.83148910
87085_5240_00082,rue de la Vialoube,82,,IX0941,1562646.35210000,5182863.32940000,1.23190634,45.83209270
87085_5240_00083,rue de la Vialoube,83,,IX0818,1562558.27130000,5182804.33100000,1.23078976,45.83154439
87085_5240_00084,rue de la Vialoube,84,,IX0941,1562624.91600000,5182855.01430000,1.23163287,45.83201362
87085_5240_00086,rue de la Vialoube,86,,IX0941,1562613.65530000,5182841.30680000,1.23149188,45.83188807
87085_5240_00087,rue de la Vialoube,87,,IX0576,1562543.65290000,5182815.32410000,1.23059850,45.83164035
87085_5240_00088,rue de la Vialoube,88,,IX0941,1562603.28340000,5182828.68210000,1.23136202,45.83177243
87085_5240_00089,rue de la Vialoube,89,,IX0575,1562535.53900000,5182821.52710000,1.23049232,45.83169453
87085_5240_00091,rue de la Vialoube,91,,IX0574,1562524.98370000,5182830.57490000,1.23035390,45.83177381
87085_5240_00093,rue de la Vialoube,93,,IX0573,1562517.75060000,5182837.40660000,1.23025887,45.83183382
87085_5240_00095,rue de la Vialoube,95,,IX0572,1562508.84750000,5182846.99000000,1.23014156,45.83191825
87085_5240_00097,rue de la Vialoube,97,,IX0571,1562503.85880000,5182854.79200000,1.23007513,45.83198743
87085_5240_00099,rue de la Vialoube,99,,IX0570,1562495.39270000,5182869.34150000,1.22996203,45.83211662
87085_5240_00101,rue de la Vialoube,101,,IX0569,1562489.31590000,5182880.66580000,1.22988059,45.83221727
87085_5240_00102,rue de la Vialoube,102,,IX0942,1562503.58820000,5182882.86890000,1.23006362,45.83223994
87085_5290_00001,rue de la Vige,1,,ON0099,1561462.35330000,5182267.21700000,1.21684208,45.82649289
87085_5290_00002,rue de la Vige,2,,ON0098,1561472.87480000,5182265.68820000,1.21697790,45.82648126
87085_5290_00003,rue de la Vige,3,,ON0100,1561471.36400000,5182276.18570000,1.21695543,45.82657539
87085_5290_00004,rue de la Vige,4,,ON0097,1561480.51690000,5182272.77050000,1.21707419,45.82654651
87085_5290_00005,rue de la Vige,5,,ON0101,1561480.39890000,5182284.83670000,1.21706919,45.82665502
87085_5290_00006,rue de la Vige,6,,ON0096,1561490.63950000,5182282.09520000,1.21720175,45.82663243
87085_5290_00007,rue de la Vige,7,,ON0102,1561489.63480000,5182293.10370000,1.21718565,45.82673125
87085_5290_00008,rue de la Vige,8,,ON0095,1561500.59020000,5182290.87180000,1.21732726,45.82671338
87085_5290_00009,rue de la Vige,9,,ON0103,1561499.22220000,5182301.15170000,1.21730669,45.82680558
87085_5290_00010,rue de la Vige,10,,ON0094,1561509.48580000,5182298.50010000,1.21743952,45.82678379
87085_5290_00011,rue de la Vige,11,,ON0104,1561508.34180000,5182308.89580000,1.21742181,45.82687708
87085_5290_00012,rue de la Vige,12,,ON0093,1561527.98450000,5182312.94550000,1.21767338,45.82691746
87085_5290_00013,rue de la Vige,13,,ON0105,1561517.47260000,5182316.40440000,1.21753713,45.82694646
87085_5290_00014,rue de la Vige,14,,ON0092,1561552.27510000,5182323.41680000,1.21798292,45.82701654
87085_5290_00015,rue de la Vige,15,,ON0106,1561528.69390000,5182323.79720000,1.21767939,45.82701522
87085_5290_00017,rue de la Vige,17,,ON0107,1561544.05000000,5182330.55530000,1.21787503,45.82707910
87085_5290_00018,rue de la Vige,18,,ON0091,1561572.08690000,5182321.74810000,1.21823832,45.82700552
87085_5290_00019,rue de la Vige,19,,ON0108,1561560.51020000,5182334.17000000,1.21808578,45.82711493
87085_5290_00020,rue de la Vige,20,,ON0090,1561581.84090000,5182318.55450000,1.21836475,45.82697876
87085_5290_00021,rue de la Vige,21,,ON0110,1561568.16540000,5182334.65490000,1.21818415,45.82712083
87085_5290_00023,rue de la Vige,23,,ON0492,1561580.41100000,5182333.40430000,1.21834207,45.82711205
87085_5290_00025,rue de la Vige,25,,ON0112,1561595.85380000,5182328.40460000,1.21854222,45.82707018
87085_5290_00027,rue de la Vige,27,,ON0480,1561615.66240000,5182322.03900000,1.21879893,45.82701691
87085_5290_00029,rue de la Vige,29,,ON0116,1561633.27070000,5182316.15930000,1.21902719,45.82696756
87085_5290_00031,rue de la Vige,31,,ON0117,1561648.70120000,5182311.82950000,1.21922698,45.82693171
87085_1515_00003,rue Delescluze,3,,DZ0028,1564970.93870000,5182268.06260000,1.26198733,45.82719827
87085_1515_00005,rue Delescluze,5,,DZ0025,1564969.07580000,5182271.78290000,1.26196232,45.82723137
87085_1515_00006,rue Delescluze,6,,DZ0358,1564980.37590000,5182266.06070000,1.26210933,45.82718211
87085_1515_00007,rue Delescluze,7,,DZ0024,1564966.09720000,5182277.77220000,1.26192231,45.82728466
87085_1515_00008,rue Delescluze,8,,DZ0347,1564976.69390000,5182272.58580000,1.26206012,45.82724009
87085_1515_00009,rue Delescluze,9,,DZ0023,1564963.72660000,5182282.60110000,1.26189045,45.82732763
87085_1515_00010,rue Delescluze,10,,DZ0347,1564974.72510000,5182276.43600000,1.26203370,45.82727433
87085_1515_00011,rue Delescluze,11,,DZ0022,1564958.87630000,5182290.34340000,1.26182586,45.82739633
87085_1515_00012,rue Delescluze,12,,DZ0318,1564972.00870000,5182281.76360000,1.26199725,45.82732173
87085_1515_00013,rue Delescluze,13,,DZ0019,1564956.06840000,5182296.15290000,1.26178810,45.82744804
87085_1515_00014,rue Delescluze,14,,DZ0307,1564970.19070000,5182285.81060000,1.26197272,45.82735777
87085_1515_00015,rue Delescluze,15,,DZ0018,1564954.04970000,5182299.96910000,1.26176105,45.82748197
87085_1515_00016,rue Delescluze,16,,DZ0307,1564968.20510000,5182289.59500000,1.26194611,45.82739143
87085_1515_00017,rue Delescluze,17,,DZ0017,1564951.79590000,5182304.33740000,1.26173083,45.82752082
87085_1515_00018,rue Delescluze,18,,DZ0283,1564967.13390000,5182292.08290000,1.26193163,45.82741360
87085_1515_00019,rue Delescluze,19,,DZ0016,1564949.86670000,5182308.10280000,1.26170495,45.82755432
87085_1515_00020,rue Delescluze,20,,DZ0283,1564965.02090000,5182296.31420000,1.26190325,45.82745125
87085_1515_00021,rue Delescluze,21,,DZ0015,1564947.84660000,5182311.82050000,1.26167791,45.82758736
87085_1515_00022,rue Delescluze,22,,DZ0344,1564963.08390000,5182300.03210000,1.26187728,45.82748431
87085_1515_00023,rue Delescluze,23,,DZ0014,1564944.98530000,5182316.97770000,1.26163964,45.82763319
87085_1515_00024,rue Delescluze,24,,DZ0259,1564960.43190000,5182305.19410000,1.26184171,45.82753022
87085_1515_00025,rue Delescluze,25,,DZ0009,1564942.72850000,5182321.33940000,1.26160938,45.82767199
87085_1515_00026,rue Delescluze,26,,DZ0043,1564957.84900000,5182310.30540000,1.26180704,45.82757570
87085_1515_00027,rue Delescluze,27,,DZ0008,1564940.59580000,5182325.48190000,1.26158077,45.82770883
87085_1515_00028,rue Delescluze,28,,DZ0261,1564954.71860000,5182315.57630000,1.26176528,45.82762250
87085_1515_00029,rue Delescluze,29,,DZ0007,1564938.82530000,5182329.09600000,1.26155698,45.82774099
87085_1515_00030,rue Delescluze,30,,DZ0275,1564952.42450000,5182319.61440000,1.26173462,45.82765837
87085_1515_00031,rue Delescluze,31,,DZ0006,1564936.42740000,5182333.67850000,1.26152483,45.82778175
87085_1515_00032,rue Delescluze,32,,DZ0267,1564949.27530000,5182325.03120000,1.26169258,45.82770648
87085_1515_00033,rue Delescluze,33,,DZ0005,1564933.97380000,5182338.54240000,1.26149190,45.82782502
87085_1515_00034,rue Delescluze,34,,DZ0277,1564946.53870000,5182329.94550000,1.26165599,45.82775015
87085_1515_00036,rue Delescluze,36,,DZ0048,1564944.55400000,5182333.79590000,1.26162937,45.82778440
87085_1515_00038,rue Delescluze,38,,DZ0049,1564942.75330000,5182337.90930000,1.26160504,45.82782105
87085_1515_00040,rue Delescluze,40,,DZ0050,1564940.41010000,5182343.82690000,1.26157323,45.82787382
87085_0550_00001,rue Delessert,1,,BT0391,1564178.99860000,5185014.35890000,1.25102113,45.85174681
87085_0550_00002,rue Delessert,2,,BP0555,1564170.88600000,5185002.70340000,1.25091999,45.85164036
87085_0550_00003,rue Delessert,3,,BT0391,1564183.05330000,5184986.30930000,1.25108126,45.85149529
87085_0550_00004,rue Delessert,4,,BP0555,1564175.85790000,5184972.09400000,1.25099265,45.85136600
87085_0550_00005,rue Delessert,5,,BT0391,1564187.37520000,5184958.26750000,1.25114482,45.85124390
87085_0550_00006,rue Delessert,6,,BP0555,1564148.00880000,5184961.57940000,1.25063713,45.85126591
87085_0550_00007,rue Delessert,7,,BP0555,1564180.59630000,5184941.64300000,1.25106226,45.85109301
87085_3085_00001,rue de Liège,1,,DI0089,1563985.41380000,5182680.83190000,1.24918955,45.83071717
87085_3085_00006,rue de Liège,6,,DI0087,1563960.01020000,5182700.07260000,1.24885721,45.83088523
87085_3085_00007,rue de Liège,7,,DI0094,1563957.25260000,5182687.63190000,1.24882525,45.83077277
87085_3085_00009,rue de Liège,9,,DI0095,1563944.62010000,5182690.67480000,1.24866183,45.83079765
87085_3085_00009_bis,rue de Liège,9,bis,DI0096,1563936.15840000,5182692.82920000,1.24855233,45.83081535
87085_3085_00010,rue de Liège,10,,DI0207,1563938.11320000,5182705.13800000,1.24857401,45.83092646
87085_3085_00011,rue de Liège,11,,DI0225,1563929.84270000,5182694.22370000,1.24847067,45.83082665
87085_3085_00013,rue de Liège,13,,DI0097,1563923.12350000,5182695.76360000,1.24838377,45.83083917
87085_3085_00014,rue de Liège,14,,DI0228,1563909.23740000,5182711.98890000,1.24820049,45.83098238
87085_3085_00015,rue de Liège,15,,DI0098,1563915.53110000,5182697.68700000,1.24828553,45.83085497
87085_3085_00017,rue de Liège,17,,DI0099,1563906.77850000,5182699.82330000,1.24817229,45.83087246
87085_3085_00018,rue de Liège,18,,DI0205,1563890.01370000,5182716.46690000,1.24795185,45.83101886
87085_3085_00019,rue de Liège,19,,DI0100,1563900.23710000,5182701.40020000,1.24808767,45.83088535
87085_3085_00020,rue de Liège,20,,DI0074,1563880.06780000,5182718.94140000,1.24782316,45.83103915
87085_3085_00021,rue de Liège,21,,DI0101,1563891.56610000,5182703.41780000,1.24797552,45.83090178
87085_3085_00022,rue de Liège,22,,DI0073,1563866.56930000,5182722.04570000,1.24764858,45.83106440
87085_3085_00023,rue de Liège,23,,DI0125,1563885.08150000,5182704.97180000,1.24789163,45.83091448
87085_3085_00024,rue de Liège,24,,DI0072,1563859.34520000,5182723.68720000,1.24755516,45.83107774
87085_3085_00025,rue de Liège,25,,DI0125,1563878.50750000,5182706.57520000,1.24780658,45.83092760
87085_3085_00026,rue de Liège,26,,DI0071,1563850.69450000,5182725.85550000,1.24744322,45.83109553
87085_3085_00027,rue de Liège,27,,DI0126,1563868.48270000,5182708.95840000,1.24767691,45.83094705
87085_3085_00029,rue de Liège,29,,DI0127,1563860.77420000,5182710.76480000,1.24757720,45.83096178
87085_3085_00030,rue de Liège,30,,DI0172,1563817.72880000,5182733.53020000,1.24701684,45.83115804
87085_3085_00031,rue de Liège,31,,DI0128,1563851.57490000,5182712.88430000,1.24745823,45.83097902
87085_3085_00032,rue de Liège,32,,DI0171,1563808.23150000,5182735.85020000,1.24689397,45.83117703
87085_3085_00033,rue de Liège,33,,DI0129,1563840.95400000,5182715.49280000,1.24732082,45.83100038
87085_3085_00034,rue de Liège,34,,DI0170,1563801.04030000,5182737.57050000,1.24680095,45.83119108
87085_3085_00035,rue de Liège,35,,DI0219,1563829.22130000,5182718.26360000,1.24716905,45.83102298
87085_3085_00036,rue de Liège,36,,DI0169,1563794.79860000,5182739.09290000,1.24672020,45.83120354
87085_3085_00038,rue de Liège,38,,DI0168,1563788.23920000,5182740.69990000,1.24663533,45.83121670
87085_3085_00043,rue de Liège,43,,DI0146,1563792.80730000,5182726.81110000,1.24669805,45.83109266
87085_3085_00044,rue de Liège,44,,DI0167,1563772.84900000,5182744.41820000,1.24643624,45.83124710
87085_3085_00045,rue de Liège,45,,DI0147,1563782.03680000,5182729.48190000,1.24655870,45.83111456
87085_3085_00046,rue de Liège,46,,DI0166,1563753.90720000,5182749.35440000,1.24619109,45.83128775
87085_3085_00047,rue de Liège,47,,DI0151,1563768.39350000,5182732.77260000,1.24638220,45.83114145
87085_3085_00048,rue de Liège,48,,DI0165,1563743.24440000,5182751.76140000,1.24605320,45.83130729
87085_3085_00049,rue de Liège,49,,DI0152,1563757.13970000,5182735.25980000,1.24623668,45.83116160
87085_3085_00050,rue de Liège,50,,DI0164,1563735.48420000,5182753.58950000,1.24595282,45.83132219
87085_3085_00052,rue de Liège,52,,DI0163,1563728.22280000,5182755.20790000,1.24585892,45.83133531
87085_3085_00054,rue de Liège,54,,DI0162,1563715.33880000,5182758.29250000,1.24569225,45.83136051
87085_3085_00055,rue de Liège,55,,DI0153,1563742.85220000,5182738.53740000,1.24605190,45.83118825
87085_3105_00001,rue de Lisbonne,1,,BE0627,1563886.29370000,5184194.55220000,1.24748541,45.84431432
87085_3105_00005,rue de Lisbonne,5,,BE0629,1563885.83650000,5184171.34510000,1.24748609,45.84410547
87085_3105_00005_bis,rue de Lisbonne,5,bis,BE0631,1563885.67280000,5184156.67760001,1.24748814,45.84397349
87085_3105_00006,rue de Lisbonne,6,,BE0623,1563873.06190000,5184173.85270000,1.24732096,45.84412550
87085_3105_00009,rue de Lisbonne,9,,BE0635,1563885.60810000,5184144.86620000,1.24749065,45.84386723
87085_3105_00010,rue de Lisbonne,10,,BE0621,1563872.64370000,5184150.30410000,1.24732225,45.84391358
87085_3105_00011,rue de Lisbonne,11,,BE0637,1563885.39310000,5184132.00560000,1.24749153,45.84375150
87085_3105_00013,rue de Lisbonne,13,,BE0639,1563885.36080000,5184128.59360000,1.24749208,45.84372080
87085_3105_00014,rue de Lisbonne,14,,BE0619,1563864.60200000,5184129.44040000,1.24722465,45.84372431
87085_3105_00015,rue de Lisbonne,15,,BE0641,1563885.08020000,5184121.18630000,1.24749057,45.84365411
87085_3105_00017,rue de Lisbonne,17,,BE0643,1563877.38050000,5184118.66470001,1.24739218,45.84362990
87085_3105_00018,rue de Lisbonne,18,,BE0584,1563840.76250000,5184126.22250000,1.24691900,45.84369100
87085_3105_00019,rue de Lisbonne,19,,BE0645,1563863.12990000,5184116.88850000,1.24720926,45.84361110
87085_3105_00020,rue de Lisbonne,20,,BE0713,1563833.89510000,5184125.46750000,1.24683055,45.84368249
87085_3105_00023,rue de Lisbonne,23,,BE0650,1563844.50550000,5184114.21530000,1.24697030,45.84358337
87085_3105_00024,rue de Lisbonne,24,,BE0677,1563811.63870000,5184122.32930000,1.24654497,45.84364985
87085_3105_00025,rue de Lisbonne,25,,BE0652,1563834.37400000,5184112.82370000,1.24684029,45.84356885
87085_3105_00026,rue de Lisbonne,26,,BE0611,1563794.59260000,5184119.70950000,1.24632631,45.84362291
87085_3105_00027,rue de Lisbonne,27,,BE0647,1563830.04810000,5184112.07290000,1.24678483,45.84356123
87085_3105_00028,rue de Lisbonne,28,,BE0608,1563786.28100000,5184118.51740000,1.24621967,45.84361054
87085_3105_00029,rue de Lisbonne,29,,BE0654,1563822.70730000,5184110.88600000,1.24669068,45.84354910
87085_3105_00030,rue de Lisbonne,30,,BE0605,1563774.16360000,5184116.92360000,1.24606416,45.84359380
87085_3105_00031,rue de Lisbonne,31,,BE0590,1563813.19020000,5184109.84520000,1.24656848,45.84353786
87085_3105_00031_bis,rue de Lisbonne,31,bis,BE0590,1563804.22330000,5184108.50600000,1.24645345,45.84352403
87085_3105_00033,rue de Lisbonne,33,,BE0656,1563797.63300000,5184107.59110000,1.24636888,45.84351450
87085_3105_00037,rue de Lisbonne,37,,BE0593,1563780.51380000,5184105.14860000,1.24614923,45.84348914
87085_3130_00002,rue de Londres,2,,BR0808,1564890.35440000,5184339.14240000,1.26036828,45.84581302
87085_3130_00008,rue de Londres,8,,BR0147,1564844.84990000,5184356.14310000,1.25977778,45.84595701
87085_3130_00010,rue de Londres,10,,BR0146,1564818.05740000,5184369.57920000,1.25942914,45.84607261
87085_3130_00011,rue de Londres,11,,BR0628,1564835.21160000,5184346.13930000,1.25965653,45.84586513
87085_3130_00014,rue de Londres,14,,BR0145,1564806.79770000,5184367.53470000,1.25928478,45.84605200
87085_3130_00016,rue de Londres,16,,BR0144,1564800.87440000,5184366.79520000,1.25920875,45.84604419
87085_3130_00017,rue de Londres,17,,BR0753,1564796.00030000,5184352.80680000,1.25915000,45.84591700
87085_3130_00018,rue de Londres,18,,BR0143,1564794.20390000,5184365.44960000,1.25912327,45.84603077
87085_3130_00020,rue de Londres,20,,BR0694,1564787.47310000,5184364.43040000,1.25903692,45.84602028
87085_3130_00022,rue de Londres,22,,BR0638,1564782.26860000,5184363.83720000,1.25897009,45.84601392
87085_3135_00002,rue de Lostende,2,,BR0236,1564809.32790000,5184136.26350000,1.25938242,45.84397208
87085_3135_00004,rue de Lostende,4,,BR0237,1564802.41440000,5184141.52780000,1.25929195,45.84401808
87085_3135_00010,rue de Lostende,10,,BR0735,1564787.86440000,5184152.69040000,1.25910153,45.84411563
87085_3135_00011,rue de Lostende,11,,BR0280,1564771.14670000,5184157.09810000,1.25888512,45.84415200
87085_3135_00014,rue de Lostende,14,,BR0242,1564778.89830000,5184162.41270000,1.25898339,45.84420133
87085_3135_00015,rue de Lostende,15,,BR0279,1564760.93900000,5184176.62400000,1.25874823,45.84432563
87085_3135_00016,rue de Lostende,16,,BR0243,1564774.64690000,5184167.96230000,1.25892711,45.84425041
87085_3135_00017,rue de Lostende,17,,BR0278,1564758.19780000,5184203.44130000,1.25870540,45.84456633
87085_3135_00018,rue de Lostende,18,,BR0244,1564771.34550000,5184173.84770000,1.25888296,45.84430271
87085_3135_00021,rue de Lostende,21,,BR0276,1564759.13830000,5184221.16000000,1.25871252,45.84472591
87085_3135_00022,rue de Lostende,22,,BR0245,1564767.47510000,5184187.94810000,1.25882918,45.84442879
87085_3135_00023,rue de Lostende,23,,BR0813,1564759.64560000,5184233.71740000,1.25871552,45.84483897
87085_3135_00024,rue de Lostende,24,,BR0624,1564767.43100000,5184199.58360000,1.25882533,45.84453345
87085_3135_00025,rue de Lostende,25,,BR0274,1564760.14150000,5184245.30640000,1.25871864,45.84494332
87085_3135_00026,rue de Lostende,26,,BR0246,1564767.97900000,5184209.17850000,1.25882969,45.84461987
87085_3135_00027,rue de Lostende,27,,BR0273,1564760.72060000,5184255.71250000,1.25872317,45.84503704
87085_3135_00028,rue de Lostende,28,,BR0247,1564768.36880000,5184216.99180000,1.25883251,45.84469023
87085_3135_00029,rue de Lostende,29,,BR0271,1564761.13310000,5184263.37860000,1.25872632,45.84510608
87085_3135_00030,rue de Lostende,30,,BR0248,1564768.78600000,5184227.31960000,1.25883497,45.84478321
87085_3135_00032,rue de Lostende,32,,BR0250,1564769.35710000,5184233.80840000,1.25884049,45.84484170
87085_3135_00033,rue de Lostende,33,,BR0269,1564753.03000000,5184276.50050000,1.25861833,45.84522253
87085_3135_00034,rue de Lostende,34,,BR0251,1564770.01310000,5184245.12530000,1.25884575,45.84494363
87085_3135_00035,rue de Lostende,35,,BR0269,1564747.52380000,5184302.86000000,1.25854003,45.84545856
87085_3135_00036,rue de Lostende,36,,BR0254,1564770.06520000,5184251.53450000,1.25884462,45.84500129
87085_3135_00037,rue de Lostende,37,,BR0268,1564762.70770000,5184321.27950000,1.25873029,45.84562724
87085_3135_00038,rue de Lostende,38,,BR0255,1564770.63410000,5184258.02870000,1.25885011,45.84505982
87085_3135_00040,rue de Lostende,40,,BR0258,1564771.10400000,5184266.13310000,1.25885388,45.84513282
87085_3135_00041,rue de Lostende,41,,BR0263,1564761.11910000,5184340.33960000,1.25870448,45.84579839
87085_3135_00042,rue de Lostende,42,,BR0259,1564771.34790000,5184274.28550000,1.25885473,45.84520620
87085_3135_00046,rue de Lostende,46,,BR0261,1564772.17660000,5184290.10850000,1.25886094,45.84534870
87085_3204_00001,rue de Magenta,1,,SB0012,1559002.35390000,5187367.17360000,1.18369292,45.87186905
87085_3204_00008,rue de Magenta,8,,SB0029,1558931.92770000,5187447.41060000,1.18276244,45.87257636
87085_3204_00010,rue de Magenta,10,,SB0028,1558903.14060000,5187468.38180000,1.18238556,45.87275909
87085_3204_00011,rue de Magenta,11,,SB0015,1558923.20930000,5187441.03940000,1.18265204,45.87251726
87085_3204_00015,rue de Magenta,15,,SB0027,1558899.65420000,5187458.30060000,1.18234363,45.87266769
87085_3204_00016,rue de Magenta,16,,SC0053,1558819.21730000,5187558.36960000,1.18127837,45.87355133
87085_3204_00017,rue de Magenta,17,,SB0077,1558871.26060000,5187476.66160000,1.18197259,45.87282702
87085_3204_00018,rue de Magenta,18,,SC0054,1558756.12000000,5187543.50600000,1.18047020,45.87340466
87085_3204_00019,rue de Magenta,19,,SB0025,1558813.35910000,5187507.16250000,1.18121799,45.87308950
87085_3204_00023,rue de Magenta,23,,None,1558722.93340000,5187549.01760000,1.18004121,45.87344741
87085_3204_00025,rue de Magenta,25,,SC0047,1558703.59120000,5187575.12300000,1.17978444,45.87367827
87085_3204_00025_bis,rue de Magenta,25,bis,SC0046,1558693.56340000,5187598.68700000,1.17964837,45.87388817
87085_3204_00027,rue de Magenta,27,,SC0045,1558683.29810000,5187622.25290000,1.17950923,45.87409804
87085_3204_00056,rue de Magenta,56,,SC0020,1558409.02020000,5188048.26450000,1.17585146,45.87787370
87085_3494_00002,rue de Messidor,2,,LM0007,1567495.14150000,5188594.63720000,1.29272207,45.88460083
87085_3494_00003,rue de Messidor,3,,LM0006,1567484.36550000,5188587.57870000,1.29258522,45.88453525
87085_3494_00004,rue de Messidor,4,,LM0007,1567497.09070000,5188604.00740000,1.29274459,45.88468549
87085_3494_00005,rue de Messidor,5,,LM0006,1567485.92270000,5188595.52090000,1.29260308,45.88460700
87085_3494_00006,rue de Messidor,6,,LM0007,1567498.53700000,5188610.84540000,1.29276133,45.88474729
87085_3494_00007,rue de Messidor,7,,LM0006,1567481.49900000,5188603.80060000,1.29254381,45.88468063
87085_3494_00008,rue de Messidor,8,,LM0007,1567500.83320000,5188618.97060000,1.29278866,45.88482082
87085_3494_00009,rue de Messidor,9,,LM0006,1567484.02240000,5188616.50210000,1.29257281,45.88479537
87085_3494_00010,rue de Messidor,10,,LM0007,1567508.30460000,5188633.78680000,1.29288081,45.88495554
87085_3494_00011,rue de Messidor,11,,LM0006,1567491.84250000,5188625.53390000,1.29267104,45.88487813
87085_3494_00012,rue de Messidor,12,,LM0007,1567513.00430000,5188640.30010000,1.29293955,45.88501504
87085_3494_00014,rue de Messidor,14,,LM0007,1567518.48710000,5188645.97080000,1.29300860,45.88506711
87085_3494_00015,rue de Messidor,15,,LM0006,1567493.19190000,5188637.46230000,1.29268513,45.88498569
87085_3494_00016,rue de Messidor,16,,LM0007,1567523.92900000,5188649.82960000,1.29307763,45.88510287
87085_3494_00017,rue de Messidor,17,,LM0006,1567492.60890000,5188644.52100000,1.29267567,45.88504908
87085_3494_00018,rue de Messidor,18,,LM0007,1567528.08880000,5188655.97530000,1.29312952,45.88515896
87085_3494_00019,rue de Messidor,19,,LM0006,1567487.40160000,5188656.88410000,1.29260518,45.88515928
87085_3494_00020,rue de Messidor,20,,LM0007,1567522.21480000,5188659.88190000,1.29305278,45.88519296
87085_3494_00021,rue de Messidor,21,,LM0007,1567486.83780000,5188666.41910000,1.29259529,45.88524495
87085_3494_00022,rue de Messidor,22,,LM0007,1567514.91310000,5188656.64890000,1.29295962,45.88516247
87085_3494_00023,rue de Messidor,23,,LM0007,1567494.26460000,5188661.78430000,1.29269223,45.88520469
87085_3494_00024,rue de Messidor,24,,LM0007,1567505.13720000,5188653.49660000,1.29283457,45.88513223
87085_3495_00002,rue de Messine,2,,BR0686,1564366.42010000,5184294.57730000,1.25363699,45.84530898
87085_3495_00003,rue de Messine,3,,BO0356,1564306.51380000,5184375.22760000,1.25284314,45.84602265
87085_3495_00004,rue de Messine,4,,BR0396,1564282.67970000,5184444.60110000,1.25251676,45.84664200
87085_3495_00005,rue de Messine,5,,BO0371,1564302.56220000,5184382.36560000,1.25279026,45.84608608
87085_3495_00007,rue de Messine,7,,BO0370,1564297.79040000,5184390.95190000,1.25272641,45.84616238
87085_3495_00008,rue de Messine,8,,BR0442,1564266.65490000,5184473.90000000,1.25230221,45.84690240
87085_3495_00009,rue de Messine,9,,BO0369,1564292.84860000,5184400.28390000,1.25266017,45.84624535
87085_3495_00010,rue de Messine,10,,BR0443,1564259.75230000,5184486.49760000,1.25220981,45.84701436
87085_3495_00011,rue de Messine,11,,BO0368,1564287.19980000,5184410.51200000,1.25258457,45.84633624
87085_3495_00013,rue de Messine,13,,BO0367,1564282.13230000,5184419.53220000,1.25251679,45.84641639
87085_3495_00015,rue de Messine,15,,BO0366,1564277.11220000,5184428.76610000,1.25244957,45.84649846
87085_3495_00017,rue de Messine,17,,BO0365,1564272.03770000,5184438.01110000,1.25238164,45.84658062
87085_3495_00018,rue de Messine,18,,BR0710,1564231.83350000,5184537.37940000,1.25183606,45.84746656
87085_3495_00019,rue de Messine,19,,BO0364,1564266.37440000,5184448.08150000,1.25230590,45.84667009
87085_3495_00020,rue de Messine,20,,BR0487,1564222.68520000,5184554.21050000,1.25171355,45.84761615
87085_3495_00021,rue de Messine,21,,BO0363,1564262.34010000,5184455.82060000,1.25225178,45.84673891
87085_3495_00022,rue de Messine,22,,BR0488,1564217.38100000,5184563.55220000,1.25164263,45.84769914
87085_3495_00023,rue de Messine,23,,BO0362,1564258.86880000,5184462.07990000,1.25220533,45.84679453
87085_3495_00024,rue de Messine,24,,BR0489,1564212.98850000,5184571.81730000,1.25158376,45.84777262
87085_3495_00025,rue de Messine,25,,BO0361,1564253.53370000,5184471.86080000,1.25213390,45.84688147
87085_3495_00026,rue de Messine,26,,BR0490,1564207.69250000,5184581.42200000,1.25151287,45.84785798
87085_3495_00027,rue de Messine,27,,BO0360,1564249.03210000,5184479.91180000,1.25207368,45.84695300
87085_3495_00028,rue de Messine,28,,BR0491,1564201.17070000,5184593.43420000,1.25142553,45.84796474
87085_3495_00029,rue de Messine,29,,BO0359,1564243.01340000,5184490.85620000,1.25199311,45.84705026
87085_3495_00031,rue de Messine,31,,BO0358,1564237.97750000,5184499.84950000,1.25192575,45.84713017
87085_3495_00033,rue de Messine,33,,BO0357,1564232.18580000,5184510.57420000,1.25184817,45.84722550
87085_3495_00035,rue de Messine,35,,BO0303,1564213.66980000,5184544.20900000,1.25160033,45.84752441
87085_3495_00037,rue de Messine,37,,BO0302,1564207.35440000,5184556.18170000,1.25151565,45.84763086
87085_3495_00039,rue de Messine,39,,BO0301,1564201.11360000,5184567.37620000,1.25143216,45.84773033
87085_3495_00041,rue de Messine,41,,BO0298,1564189.49170000,5184587.69570000,1.25127682,45.84791082
87085_3500_00005,rue de Metz,5,,BE0397,1564109.72420000,5183644.86020000,1.25051666,45.83941373
87085_3500_00007,rue de Metz,7,,BE0397,1564077.35700000,5183664.40710000,1.25009457,45.83958316
87085_3500_00007_b,rue de Metz,7,b,BE0397,1564099.66560000,5183617.84750000,1.25039485,45.83916874
87085_3500_00008,rue de Metz,8,,BE0268,1564103.23960000,5183678.84680000,1.25042360,45.83971817
87085_3500_00009,rue de Metz,9,,BE0396,1564061.64270000,5183664.72630000,1.24989223,45.83958293
87085_3500_00010,rue de Metz,10,,BE0296,1564076.99510000,5183677.48980000,1.25008621,45.83970078
87085_3500_00011,rue de Metz,11,,BE0395,1564050.60730000,5183661.95440000,1.24975099,45.83955581
87085_3500_00012,rue de Metz,12,,BE0297,1564068.96900000,5183675.83130000,1.24998338,45.83968427
87085_3500_00013,rue de Metz,13,,BE0394,1564037.67830000,5183658.02780000,1.24958570,45.83951794
87085_3500_00015,rue de Metz,15,,BE0393,1564028.76870000,5183656.77030000,1.24947139,45.83950486
87085_3500_00017,rue de Metz,17,,BE0392,1564021.40970000,5183654.90460000,1.24937721,45.83948662
87085_3500_00019,rue de Metz,19,,BE0391,1564014.01690000,5183653.27060000,1.24928252,45.83947046
87085_3500_00021,rue de Metz,21,,BE0390,1564004.60760000,5183651.07410000,1.24916204,45.83944884
87085_3500_00022,rue de Metz,22,,BE0314,1564017.41790000,5183663.82730000,1.24932331,45.83956610
87085_3500_00024,rue de Metz,24,,BE0315,1563996.31370000,5183658.53010000,1.24905319,45.83951427
87085_3500_00026,rue de Metz,26,,BE0316,1563969.42510000,5183652.32920000,1.24870889,45.83945317
87085_3500_00027,rue de Metz,27,,BE0353,1563965.13890000,5183642.25510000,1.24865657,45.83936170
87085_3500_00029,rue de Metz,29,,BE0352,1563955.15750000,5183640.22490000,1.24852869,45.83934147
87085_3500_00030,rue de Metz,30,,BE0324,1563930.16270000,5183643.04310000,1.24820621,45.83936187
87085_3500_00031,rue de Metz,31,,BE0351,1563943.81160000,5183637.53650000,1.24838343,45.83931504
87085_3500_00033,rue de Metz,33,,BE0350,1563936.21860000,5183635.29080000,1.24828634,45.83929333
87085_3500_00035,rue de Metz,35,,BE0349,1563928.09170000,5183633.04330000,1.24818238,45.83927151
87085_3500_00037,rue de Metz,37,,BE0348,1563917.53920000,5183630.89790000,1.24804718,45.83925012
87085_3500_00039,rue de Metz,39,,BE0347,1563905.72960000,5183627.94570000,1.24789602,45.83922123
87085_3600_00002,rue de Montlhéry,2,,EL0103,1566198.26430000,5183340.49200000,1.27748130,45.83708530
87085_3600_00003,rue de Montlhéry,3,,EL0258,1566171.93650000,5183342.67890000,1.27714186,45.83709986
87085_3600_00005,rue de Montlhéry,5,,EL0259,1566178.09010000,5183349.76120000,1.27721909,45.83716477
87085_3600_00007,rue de Montlhéry,7,,EL0260,1566187.69730000,5183370.40300000,1.27733698,45.83735232
87085_3600_00009,rue de Montlhéry,9,,EL0261,1566185.22600000,5183388.64900000,1.27730010,45.83751598
87085_3600_00011,rue de Montlhéry,11,,EL0046,1566178.61120000,5183443.80720000,1.27719961,45.83801087
87085_3600_00012,rue de Montlhéry,12,,EL0766,1566200.39140000,5183390.06560000,1.27749488,45.83753167
87085_3600_00013,rue de Montlhéry,13,,EL0047,1566176.33750000,5183449.41720000,1.27716878,45.83806090
87085_3600_00017,rue de Montlhéry,17,,EL0099,1566155.98060000,5183524.14120000,1.27688598,45.83872912
87085_3600_00023,rue de Montlhéry,23,,EL0624,1566143.74130000,5183566.46480000,1.27671668,45.83910747
87085_3600_00027,rue de Montlhéry,27,,EL0771,1566134.66380000,5183596.59360000,1.27659146,45.83937673
87085_3600_00029,rue de Montlhéry,29,,EL0090,1566129.71330000,5183610.25290000,1.27652394,45.83949864
87085_3600_00031,rue de Montlhéry,31,,EL0770,1566124.19050000,5183624.44820000,1.27644890,45.83962526
87085_3600_00032,rue de Montlhéry,32,,CS0051,1566155.11520000,5183563.59110000,1.27686386,45.83908383
87085_3600_00034,rue de Montlhéry,34,,CS0052,1566146.29690000,5183580.62520000,1.27674562,45.83923535
87085_3600_00035,rue de Montlhéry,35,,EL0086,1566111.84210000,5183650.29000000,1.27628278,45.83985532
87085_3600_00036,rue de Montlhéry,36,,CS0053,1566143.94880000,5183586.69660000,1.27671371,45.83928951
87085_3600_00037,rue de Montlhéry,37,,EL0086,1566105.13570000,5183664.89380000,1.27619240,45.83998538
87085_3600_00039,rue de Montlhéry,39,,EL0620,1566101.71200000,5183673.99100000,1.27614580,45.84006655
87085_3600_00045,rue de Montlhéry,45,,CS0104,1566082.85450000,5183734.37590000,1.27588627,45.84060608
87085_3600_00046,rue de Montlhéry,46,,CS0160,1566118.56390000,5183653.46730000,1.27636841,45.83988521
87085_3600_00047,rue de Montlhéry,47,,CS0191,1566077.74110000,5183749.63510000,1.27581621,45.84074235
87085_3600_00049,rue de Montlhéry,49,,CS0192,1566073.71000000,5183761.75830000,1.27576095,45.84085062
87085_3600_00051,rue de Montlhéry,51,,CS0258,1566070.66090000,5183770.96720000,1.27571914,45.84093286
87085_3600_00053,rue de Montlhéry,53,,CS0259,1566064.76720000,5183789.26320000,1.27563818,45.84109630
87085_3600_00060,rue de Montlhéry,60,,CS0057,1566101.53400000,5183714.84530000,1.27613213,45.84043403
87085_3600_00068,rue de Montlhéry,68,,CS0058,1566091.35370000,5183741.05390000,1.27599380,45.84066781
87085_3600_00072,rue de Montlhéry,72,,CS0101,1566079.97240000,5183776.12030000,1.27583754,45.84098103
87085_3600_00074,rue de Montlhéry,74,,CS0100,1566077.25320000,5183785.28970000,1.27579999,45.84106299
87085_3600_00076,rue de Montlhéry,76,,CS0084,1566073.83740000,5183796.49870000,1.27575290,45.84116315
87085_3600_00078,rue de Montlhéry,78,,CS0083,1566071.55010000,5183804.67210000,1.27572119,45.84123623
87085_3600_00080,rue de Montlhéry,80,,CS0082,1566061.07470000,5183837.26350000,1.27557728,45.84152737
87085_3600_00082,rue de Montlhéry,82,,CS0306,1566057.41570000,5183851.35920000,1.27552626,45.84165346
87085_3600_00084,rue de Montlhéry,84,,CS0305,1566054.40110000,5183860.50910000,1.27548491,45.84173518
87085_3615_00002,rue de Montplaisir,2,,EL0012,1565954.09360000,5183651.92400000,1.27425206,45.83983928
87085_3615_00003,rue de Montplaisir,3,,CS0113,1565969.30400000,5183676.50840000,1.27444096,45.84006340
87085_3615_00004,rue de Montplaisir,4,,EL0012,1565961.76600000,5183660.01460000,1.27434855,45.83991356
87085_3615_00005,rue de Montplaisir,5,,CS0112,1565977.22490000,5183682.16280000,1.27454133,45.84011581
87085_3615_00006,rue de Montplaisir,6,,EL0016,1565968.89190000,5183665.26100000,1.27443879,45.83996214
87085_3615_00007,rue de Montplaisir,7,,CS0111,1565986.71100000,5183688.80860000,1.27466157,45.84017744
87085_3615_00008,rue de Montplaisir,8,,EL0017,1565975.25050000,5183669.88350000,1.27451934,45.84000496
87085_3615_00009,rue de Montplaisir,9,,CS0110,1565996.82330000,5183696.14440000,1.27478967,45.84024540
87085_3615_00010,rue de Montplaisir,10,,EL0071,1565982.44100000,5183675.19930000,1.27461040,45.84005418
87085_3615_00011,rue de Montplaisir,11,,CS0109,1566006.44420000,5183702.87820000,1.27491162,45.84030785
87085_3615_00012,rue de Montplaisir,12,,EL0576,1565990.04940000,5183680.62780000,1.27470681,45.84010450
87085_3615_00013,rue de Montplaisir,13,,CS0202,1566013.46220000,5183707.99130000,1.27500052,45.84035521
87085_3615_00014,rue de Montplaisir,14,,EL0755,1565997.10120000,5183685.73130000,1.27479615,45.84015178
87085_3615_00015,rue de Montplaisir,15,,CS0107,1566017.80900000,5183710.99830000,1.27505562,45.84038311
87085_3615_00016,rue de Montplaisir,16,,EL0074,1566014.05700000,5183695.18220000,1.27501174,45.84024010
87085_3615_00017,rue de Montplaisir,17,,CS0106,1566024.22470000,5183711.07590000,1.27513817,45.84038506
87085_3615_00018,rue de Montplaisir,18,,EL0075,1566028.18930000,5183699.59690000,1.27519240,45.84028257
87085_3615_00019,rue de Montplaisir,19,,CS0204,1566037.81810000,5183708.82620000,1.27531375,45.84036747
87085_3615_00020,rue de Montplaisir,20,,EL0078,1566045.35680000,5183696.18110000,1.27541430,45.84025519
87085_3615_00021,rue de Montplaisir,21,,CS0203,1566057.14500000,5183704.10320000,1.27556381,45.84032875
87085_3615_00022,rue de Montplaisir,22,,EL0079,1566053.00450000,5183694.35820000,1.27551324,45.84024028
87085_3615_00024,rue de Montplaisir,24,,EL0080,1566065.98970000,5183690.84350000,1.27568134,45.84021119
87085_3615_00026,rue de Montplaisir,26,,EL0836,1566089.50780000,5183684.10050000,1.27598591,45.84015511
87085_3615_00028,rue de Montplaisir,28,,CS0158,1566115.93320000,5183683.87180000,1.27632608,45.84015820
87085_3615_00030,rue de Montplaisir,30,,CS0157,1566130.85210000,5183691.37060000,1.27651600,45.84022856
87085_3615_00033,rue de Montplaisir,33,,CS0057,1566183.71090000,5183726.05730000,1.27718666,45.84055088
87085_3615_00033_a,rue de Montplaisir,33,a,CS0057,1566171.67360000,5183738.73710000,1.27702820,45.84066260
87085_3615_00033_b,rue de Montplaisir,33,b,CS0057,1566165.00010000,5183759.54060000,1.27693651,45.84084844
87085_3615_00033_c,rue de Montplaisir,33,c,CS0057,1566171.44240000,5183764.56510000,1.27701803,45.84089490
87085_3615_00033_d,rue de Montplaisir,33,d,CS0057,1566176.02180000,5183757.68500000,1.27707889,45.84083390
87085_3615_00033_e,rue de Montplaisir,33,e,CS0057,1566180.51330000,5183739.98960000,1.27714162,45.84067559
87085_3715_00002,rue de Namur,2,,DI0070,1563837.25580000,5182734.01380000,1.24726798,45.83116626
87085_3715_00004,rue de Namur,4,,DI0069,1563840.24890000,5182748.93730000,1.24730227,45.83130109
87085_3715_00005,rue de Namur,5,,DI0173,1563829.61510000,5182760.13640000,1.24716226,45.83139973
87085_3715_00006,rue de Namur,6,,DI0068,1563841.89110000,5182758.17430000,1.24732079,45.83138451
87085_3715_00007,rue de Namur,7,,DI0174,1563830.74470000,5182766.01210000,1.24717513,45.83145281
87085_3715_00008,rue de Namur,8,,DI0067,1563843.57610000,5182767.06090000,1.24733995,45.83146479
87085_3715_00009,rue de Namur,9,,DI0175,1563832.04470000,5182772.62910000,1.24718999,45.83151259
87085_3715_00010,rue de Namur,10,,DI0066,1563845.38500000,5182776.24570000,1.24736063,45.83154777
87085_3715_00011,rue de Namur,11,,DI0176,1563834.32330000,5182784.39350000,1.24721598,45.83161887
87085_3715_00012,rue de Namur,12,,DI0065,1563846.52660000,5182782.04020000,1.24737368,45.83160012
87085_3715_00014,rue de Namur,14,,DI0064,1563848.00160000,5182789.69510000,1.24739049,45.83166927
87085_3720_00004,rue de Nancy,4,,BR0120,1564806.77100000,5184512.40420000,1.25924368,45.84735518
87085_3720_00007,rue de Nancy,7,,BR0123,1564790.83540000,5184499.17800000,1.25904228,45.84723307
87085_3720_00008,rue de Nancy,8,,BR0118,1564790.66580000,5184511.53300000,1.25903662,45.84734418
87085_3720_00010,rue de Nancy,10,,BR0117,1564780.70870000,5184510.92570000,1.25890862,45.84733676
87085_3720_00011,rue de Nancy,11,,BR0124,1564778.26560000,5184498.15840000,1.25888077,45.84722143
87085_3755_00001,rue de Nazareth,1,,HV0774,1564387.06300000,5181934.55390000,1.25456849,45.82408328
87085_3755_00003,rue de Nazareth,3,,HV0414,1564369.65060000,5181927.94300000,1.25434632,45.82402038
87085_3755_00004,rue de Nazareth,4,,HV0850,1564376.52980000,5181950.43260000,1.25442849,45.82422405
87085_3755_00006,rue de Nazareth,6,,HV0851,1564325.78400000,5181935.41210000,1.25377980,45.82407892
87085_3755_00008,rue de Nazareth,8,,HV0840,1564308.05980000,5181925.70880000,1.25355449,45.82398814
87085_3755_00010,rue de Nazareth,10,,HV0840,1564288.62160000,5181915.84440000,1.25330700,45.82389600
87085_3755_00011,rue de Nazareth,11,,HV0416,1564344.80100000,5181914.85010000,1.25403029,45.82389770
87085_3755_00013,rue de Nazareth,13,,HV0416,1564333.93560000,5181908.48000000,1.25389228,45.82383826
87085_3755_00015,rue de Nazareth,15,,HV0416,1564317.57100000,5181898.87470000,1.25368444,45.82374862
87085_3755_00021,rue de Nazareth,21,,HV0438,1564299.88860000,5181893.20670000,1.25345853,45.82369415
87085_3755_00023,rue de Nazareth,23,,HV0439,1564288.61130000,5181887.29020000,1.25331510,45.82363870
87085_3755_00029,rue de Nazareth,29,,HV0469,1564239.48020000,5181874.32430000,1.25268661,45.82351237
87085_3755_00031,rue de Nazareth,31,,HV0629,1564227.15790000,5181873.70670000,1.25252824,45.82350438
87085_3755_00033,rue de Nazareth,33,,HV0604,1564217.01250000,5181870.30620000,1.25239867,45.82347179
87085_3755_00035,rue de Nazareth,35,,HV0467,1564206.06900000,5181870.99400000,1.25225767,45.82347582
87085_3755_00037,rue de Nazareth,37,,HV0466,1564195.07260000,5181872.23190000,1.25211584,45.82348478
87085_3755_00038,rue de Nazareth,38,,HY0015,1564155.50900000,5181883.94910000,1.25160349,45.82358237
87085_3755_00039,rue de Nazareth,39,,HV0465,1564186.70000000,5181873.06990000,1.25200788,45.82349067
87085_3755_00041,rue de Nazareth,41,,HV0464,1564168.51790000,5181873.55380000,1.25177380,45.82349143
87085_3755_00041_bis,rue de Nazareth,41,bis,HV0463,1564148.14470000,5181875.91260000,1.25151100,45.82350862
87085_3755_00053,rue de Nazareth,53,,HY0379,1564069.38050000,5181864.79170000,1.25050073,45.82339302
87085_3755_00060,rue de Nazareth,60,,HY0300,1563971.91830000,5181825.81740000,1.24925777,45.82302316
87085_3755_00062,rue de Nazareth,62,,HY0301,1563966.20630000,5181823.22760000,1.24918501,45.82299873
87085_3755_00064,rue de Nazareth,64,,HY0299,1563962.17380000,5181821.83770000,1.24913352,45.82298543
87085_3755_00066,rue de Nazareth,66,,HY0302,1563960.60950000,5181821.32240000,1.24911354,45.82298049
87085_3755_00068,rue de Nazareth,68,,HY0304,1563954.22860000,5181819.05680000,1.24903208,45.82295885
87085_3755_00070,rue de Nazareth,70,,HY0305,1563945.48470000,5181815.85410000,1.24892049,45.82292831
87085_3755_00072,rue de Nazareth,72,,HY0306,1563934.51340000,5181811.94600000,1.24878043,45.82289098
87085_3755_00074,rue de Nazareth,74,,HY0307,1563919.20340000,5181806.50310000,1.24858499,45.82283899
87085_3755_00076,rue de Nazareth,76,,HY0308,1563908.24900000,5181802.96170000,1.24844505,45.82280497
87085_3755_00078,rue de Nazareth,78,,HY0309,1563895.81820000,5181798.20680000,1.24828646,45.82275973
87085_3755_00080,rue de Nazareth,80,,HY0310,1563884.22940000,5181795.08880000,1.24813824,45.82272939
87085_3755_00081,rue de Nazareth,81,,HY0230,1563906.59600000,5181788.54860000,1.24842786,45.82267498
87085_3755_00083,rue de Nazareth,83,,HY0229,1563884.98390000,5181782.51570000,1.24815150,45.82261644
87085_3755_00085,rue de Nazareth,85,,HY0203,1563850.34470000,5181777.38670000,1.24770728,45.82256345
87085_3755_00088,rue de Nazareth,88,,HY0313,1563832.91920000,5181788.00290000,1.24748008,45.82265549
87085_3755_00092,rue de Nazareth,92,,HY0412,1563804.54560000,5181784.28650000,1.24711610,45.82261640
87085_3755_00099,rue de Nazareth,99,,HY0477,1563810.00500000,5181773.86320000,1.24718926,45.82252376
87085_3775_00005,rue de New York,5,,BE0036,1563978.50420000,5183904.98999999,1.24875423,45.84172779
87085_3775_00008,rue de New York,8,,BE0037,1563959.27140000,5183900.98020000,1.24850782,45.84168792
87085_3775_00011,rue de New York,11,,BE0013,1563944.19490000,5183883.74300000,1.24831866,45.84152988
87085_3775_00013,rue de New York,13,,BE0013,1563923.63080000,5183878.32690000,1.24805552,45.84147709
87085_3775_00014,rue de New York,14,,BE0037,1563912.44530000,5183890.22300000,1.24790819,45.84158189
87085_3775_00016,rue de New York,16,,BE0037,1563864.43450000,5183879.38800000,1.24729333,45.84147492
87085_3770_00016,rue de Nexon,16,,HR0008,1565249.37360000,5181410.12490000,1.26581044,45.81953520
87085_3770_00018,rue de Nexon,18,,HR0008,1565237.20200000,5181399.45410000,1.26565684,45.81943682
87085_3770_00020,rue de Nexon,20,,HR0009,1565230.35030000,5181394.55670000,1.26557006,45.81939142
87085_3770_00024,rue de Nexon,24,,HR0380,1565213.96520000,5181387.57260000,1.26536122,45.81932539
87085_3770_00024_bis,rue de Nexon,24,bis,HR0443,1565201.19600000,5181385.16330000,1.26519761,45.81930121
87085_3770_00026_bis,rue de Nexon,26,bis,HR0505,1565142.38570000,5181356.85430000,1.26444892,45.81903503
87085_3770_00030,rue de Nexon,30,,HR0585,1565128.18330000,5181344.73880000,1.26365828,45.81919768
87085_3770_00034,rue de Nexon,34,,HR0583,1565128.18330000,5181344.73880000,1.26426960,45.81892326
87085_3770_00035,rue de Nexon,35,,HR0398,1565108.78190000,5181288.81970000,1.26403567,45.81841643
87085_3770_00037,rue de Nexon,37,,HR0398,1565090.15740000,5181262.14870000,1.26380355,45.81817285
87085_3770_00040,rue de Nexon,40,,HR0023,1565114.37200000,5181325.53000000,1.26409730,45.81874775
87085_3770_00042,rue de Nexon,42,,HR0024,1565108.89330000,5181318.19570000,1.26402887,45.81868070
87085_3770_00043,rue de Nexon,43,,HR0562,1565071.64770000,5181250.19970000,1.26356877,45.81806173
87085_3770_00044,rue de Nexon,44,,HR0025,1565103.81840000,5181310.53190000,1.26396573,45.81861077
87085_3770_00046,rue de Nexon,46,,HR0026,1565098.48950000,5181303.08150000,1.26389926,45.81854270
87085_3770_00048,rue de Nexon,48,,HR0027,1565093.53890000,5181296.11370000,1.26383752,45.81847905
87085_3770_00050,rue de Nexon,50,,HR0028,1565088.87690000,5181289.56730000,1.26377938,45.81841925
87085_3770_00052,rue de Nexon,52,,HR0496,1565083.81670000,5181282.04960000,1.26371639,45.81835063
87085_3770_00058,rue de Nexon,58,,HR0048,1565050.84140000,5181251.05310000,1.26330085,45.81806533
87085_3770_00060,rue de Nexon,60,,HR0047,1565043.03700000,5181246.97160000,1.26320159,45.81802708
87085_3770_00071,rue de Nexon,71,,HR0506,1564909.28970000,5181139.31510000,1.26151114,45.81703239
87085_3770_00088,rue de Nexon,88,,HR0209,1564953.78280000,5181192.59340000,1.26206858,45.81752040
87085_3770_00090,rue de Nexon,90,,HW0110,1564870.67370000,5181133.39690000,1.26101601,45.81697157
87085_3770_00106,rue de Nexon,106,,HW0112,1564783.16890000,5181039.94130000,1.25991654,45.81611369
87085_3770_00111,rue de Nexon,111,,HO0306,1564792.26910000,5180832.54080000,1.26009190,45.81424978
87085_3770_00117,rue de Nexon,117,,HO0059,1564724.26520000,5180840.48120000,1.25921485,45.81430784
87085_3770_00124,rue de Nexon,124,,HO0290,1564694.66560000,5180832.77210000,1.25883624,45.81423267
87085_3770_00125,rue de Nexon,125,,HO0278,1564722.28080000,5180719.10340000,1.25922345,45.81321558
87085_3770_00144,rue de Nexon,144,,HO0005,1564615.37470000,5180632.48010000,1.25787258,45.81241532
87085_3770_00145,rue de Nexon,145,,HO0256,1564599.17380000,5180555.88310000,1.25768573,45.81172310
87085_3770_00150,rue de Nexon,150,,HO0352,1564596.91460000,5180587.07030000,1.25764789,45.81200320
87085_3770_00152,rue de Nexon,152,,HW0132,1564245.97180000,5180772.86630000,1.25308102,45.81360539
87085_3770_00154,rue de Nexon,154,,HW0140,1564196.27160000,5180754.45650000,1.25244686,45.81342997
87085_3770_00154_b,rue de Nexon,154,b,HW0150,1564163.82340000,5180742.65720000,1.25203278,45.81331742
87085_3770_00156,rue de Nexon,156,,HW0151,1564148.21290000,5180732.07380000,1.25183495,45.81321914
87085_3770_00156_b,rue de Nexon,156,b,HW0152,1564155.35670000,5180710.37790000,1.25193298,45.81302538
87085_3770_00156_c,rue de Nexon,156,c,HW0152,1564165.14630000,5180682.86120000,1.25199140,45.81292150
87085_3770_00156_d,rue de Nexon,156,d,HW0157,1564166.41630000,5180685.40120000,1.25208230,45.81280288
87085_3770_00160,rue de Nexon,160,,HW0139,1564318.56970000,5180672.87820000,1.25404313,45.81272026
87085_3770_00165,rue de Nexon,165,,HO0347,1564534.32130000,5180367.24150000,1.25690460,45.81001339
87085_3770_00168,rue de Nexon,168,,HO0222,1564540.83950000,5180431.84370000,1.25697026,45.81059581
87085_3770_00185,rue de Nexon,185,,HN0252,1564475.44790000,5180198.68950000,1.25619477,45.80848556
87085_3770_00186,rue de Nexon,186,,HN0269,1564480.81450000,5180259.85870000,1.25624657,45.80903688
87085_3770_00186_b,rue de Nexon,186,b,HN0271,1564473.27390000,5180238.95660000,1.25615547,45.80884736
87085_3770_00199,rue de Nexon,199,,HN0027,1564433.79940000,5180052.12980000,1.25570034,45.80715897
87085_3770_00200,rue de Nexon,200,,HN0261,1564219.28990000,5179982.60570000,1.25296080,45.80649125
87085_3770_00202,rue de Nexon,202,,HN0262,1564164.92570000,5179879.90640000,1.25229053,45.80555668
87085_3770_00206,rue de Nexon,206,,HN0236,1564171.85400000,5179712.74390000,1.25242683,45.80405432
87085_3770_00216,rue de Nexon,216,,HN0285,1564197.32220000,5179655.37490000,1.25277059,45.80354328
87085_3770_00218,rue de Nexon,218,,HN0284,1564204.62470000,5179638.07110000,1.25286939,45.80338906
87085_3770_00220,rue de Nexon,220,,HN0283,1564216.84850000,5179614.25860000,1.25303333,45.80317727
87085_3770_00222,rue de Nexon,222,,HN0282,1564229.23100000,5179586.00100000,1.25320056,45.80292552
87085_3770_00227,rue de Nexon,227,,HN0100,1564240.66990000,5179986.92240000,1.25323458,45.80653431
87085_3770_00229,rue de Nexon,229,,HN0074,1564242.53290000,5179995.19720000,1.25325621,45.80660911
87085_3770_00235,rue de Nexon,235,,HN0099,1564227.53340000,5179945.63660000,1.25307726,45.80616032
87085_3770_00237,rue de Nexon,237,,HN0226,1564208.07020000,5179911.66770000,1.25283650,45.80585091
87085_3770_00259,rue de Nexon,259,,HN0082,1564180.06540000,5179750.92430000,1.25252167,45.80439940
87085_3770_00261,rue de Nexon,261,,HN0229,1564183.80530000,5179725.03660000,1.25257708,45.80416726
87085_3770_00265,rue de Nexon,265,,HN0078,1564198.22190000,5179687.21100000,1.25277318,45.80382984
87085_3770_00271,rue de Nexon,271,,HN0003,1564223.62180000,5179630.98030000,1.25311573,45.80332903
87085_3770_00279,rue de Nexon,279,,HN0002,1564244.43810000,5179585.20170000,1.25339638,45.80292133
87085_3770_00281,rue de Nexon,281,,HN0141,1564254.82890000,5179414.41280000,1.25357819,45.80138703
87085_3770_00283,rue de Nexon,283,,HN0142,1564240.39130000,5179354.26230000,1.25340948,45.80084309
87085_3770_00285,rue de Nexon,285,,HN0143,1564215.19460000,5179273.98300000,1.25310806,45.80011596
87085_3780_00004,rue de Nice,4,,BR0148,1564839.81970000,5184371.12630000,1.25970882,45.84609081
87085_3780_00005,rue de Nice,5,,BR0140,1564825.83880000,5184389.83610000,1.25952360,45.84625636
87085_3780_00006,rue de Nice,6,,BR0149,1564839.02440000,5184382.49220000,1.25969539,45.84619289
87085_3780_00007,rue de Nice,7,,BR0139,1564825.01540000,5184399.24220000,1.25951035,45.84634081
87085_3780_00008,rue de Nice,8,,BR0153,1564838.44230000,5184393.28620000,1.25968486,45.84628988
87085_3780_00009,rue de Nice,9,,BR0138,1564824.58510000,5184407.79510000,1.25950241,45.84641767
87085_3780_00010,rue de Nice,10,,BR0154,1564838.06080000,5184404.72140000,1.25967673,45.84639267
87085_3780_00011,rue de Nice,11,,BR0135,1564823.98890000,5184418.88110000,1.25949162,45.84651728
87085_3780_00012,rue de Nice,12,,BR0156,1564837.28850000,5184417.84490000,1.25966310,45.84651057
87085_3780_00013,rue de Nice,13,,BR0134,1564823.43310000,5184428.29690000,1.25948181,45.84660187
87085_3780_00014,rue de Nice,14,,BR0159,1564836.36440000,5184429.36160000,1.25964796,45.84661399
87085_3780_00015,rue de Nice,15,,BR0131,1564823.04710000,5184438.62930000,1.25947394,45.84669474
87085_3780_00016,rue de Nice,16,,BR0160,1564835.97700000,5184439.19410000,1.25964021,45.84670236
87085_3780_00017,rue de Nice,17,,BR0130,1564822.07230000,5184449.84650000,1.25945823,45.84679545
87085_3780_00018,rue de Nice,18,,BR0163,1564835.37510000,5184449.73830000,1.25962950,45.84679709
87085_3780_00019,rue de Nice,19,,BR0128,1564821.89660000,5184455.28600000,1.25945444,45.84684435
87085_3780_00020,rue de Nice,20,,BR0164,1564834.79930000,5184460.13320000,1.25961916,45.84689049
87085_3780_00021,rue de Nice,21,,BR0127,1564821.73870000,5184461.89150000,1.25945055,45.84690374
87085_3780_00022,rue de Nice,22,,BR0165,1564834.19560000,5184469.62840000,1.25960872,45.84697578
87085_3780_00023,rue de Nice,23,,BR0126,1564821.34290000,5184470.56600000,1.25944302,45.84698169
87085_3780_00024,rue de Nice,24,,BR0169,1564833.80400000,5184477.97360000,1.25960133,45.84705078
87085_3780_00025,rue de Nice,25,,BR0122,1564820.38630000,5184482.77980000,1.25942727,45.84709137
87085_3780_00027,rue de Nice,27,,BR0121,1564819.97620000,5184492.60250000,1.25941923,45.84717965
87085_3780_00028,rue de Nice,28,,BR0170,1564832.97530000,5184492.31400000,1.25958663,45.84717961
87085_3780_00030,rue de Nice,30,,BR0171,1564832.53430000,5184499.47890000,1.25957894,45.84724398
87085_3780_00032,rue de Nice,32,,BR0172,1564832.22400000,5184507.51930000,1.25957268,45.84731625
87085_3780_00034,rue de Nice,34,,BR0826,1564831.77380000,5184514.23690000,1.25956500,45.84737659
87085_3780_00035,rue de Nice,35,,BR0119,1564817.86530000,5184533.78680000,1.25938047,45.84754971
87085_3780_00036,rue de Nice,36,,BR0178,1564831.37400000,5184520.39970000,1.25955812,45.84743195
87085_3780_00037,rue de Nice,37,,BR0113,1564817.27710000,5184543.84090000,1.25937007,45.84764004
87085_3780_00038,rue de Nice,38,,BR0179,1564831.11560000,5184525.83660000,1.25955326,45.84748080
87085_3780_00039,rue de Nice,39,,BR0110,1564816.68480000,5184553.38060000,1.25935976,45.84772574
87085_3780_00040,rue de Nice,40,,BR0180,1564830.81400000,5184534.42740000,1.25954696,45.84755802
87085_3780_00041,rue de Nice,41,,BR0109,1564816.07490000,5184563.64290000,1.25934902,45.84781793
87085_3780_00042,rue de Nice,42,,BR0181,1564830.09620000,5184546.49640000,1.25953433,45.84766645
87085_3780_00043,rue de Nice,43,,BR0106,1564815.49730000,5184577.02850000,1.25933782,45.84793823
87085_3780_00044,rue de Nice,44,,BR0182,1564829.28750000,5184559.23100000,1.25952034,45.84778084
87085_3780_00045,rue de Nice,45,,BR0105,1564815.13670000,5184588.01070000,1.25933009,45.84803695
87085_3780_00046,rue de Nice,46,,BR0183,1564828.76700000,5184569.62290000,1.25951071,45.84787422
87085_1530_00004,rue Denis Papin,4,,BP0200,1563882.52910000,5184822.49690000,1.24725906,45.84996228
87085_1530_00005,rue Denis Papin,5,,BP0179,1563858.25180000,5184813.24220000,1.24694917,45.84987422
87085_1530_00006,rue Denis Papin,6,,BP0197,1563873.13840000,5184823.90650000,1.24713778,45.84997310
87085_1530_00007,rue Denis Papin,7,,BP0180,1563846.30940000,5184815.21590000,1.24679488,45.84988961
87085_1530_00008,rue Denis Papin,8,,BP0530,1563861.34150000,5184825.84240000,1.24698537,45.84998818
87085_1530_00009,rue Denis Papin,9,,BP0181,1563834.37570000,5184817.12280000,1.24664073,45.84990440
87085_1530_00010,rue Denis Papin,10,,BP0195,1563852.78220000,5184827.27180000,1.24687479,45.84999934
87085_1530_00013,rue Denis Papin,13,,BP0182,1563808.73340000,5184820.84740000,1.24630959,45.84993282
87085_1530_00014,rue Denis Papin,14,,BP0194,1563835.39360000,5184829.92790000,1.24665020,45.85001979
87085_1530_00015,rue Denis Papin,15,,BP0183,1563796.49290000,5184822.75680000,1.24615148,45.84994757
87085_1530_00016,rue Denis Papin,16,,BP0193,1563828.48940000,5184830.95720000,1.24656103,45.85002768
87085_1530_00017,rue Denis Papin,17,,BP0184,1563783.40930000,5184824.67310000,1.24598252,45.84996222
87085_1530_00019,rue Denis Papin,19,,BP0551,1563769.20970000,5184827.03840000,1.24579907,45.84998068
87085_1530_00020,rue Denis Papin,20,,BP0191,1563816.32710000,5184833.02070000,1.24640389,45.85004383
87085_1530_00021,rue Denis Papin,21,,BP0186,1563755.03740000,5184829.37330000,1.24561597,45.84999888
87085_1530_00022,rue Denis Papin,22,,BP0190,1563802.41840000,5184835.12480000,1.24622425,45.85006001
87085_1530_00023,rue Denis Papin,23,,BP0596,1563743.96580000,5184831.19170000,1.24547294,45.85001304
87085_1530_00026,rue Denis Papin,26,,BP0546,1563782.08070000,5184838.09320000,1.24596161,45.85008268
87085_1530_00032,rue Denis Papin,32,,BP0545,1563750.99770000,5184842.98750000,1.24556011,45.85012055
87085_1530_00034,rue Denis Papin,34,,BP0187,1563740.24140000,5184844.42320000,1.24542124,45.85013133
87085_1530_00038,rue Denis Papin,38,,BP0548,1563711.70780000,5184849.09830000,1.24505261,45.85016773
87085_3800_00003,rue de Normandie,3,,BV0253,1564755.83680000,5185578.83980000,1.25828783,45.85693836
87085_3800_00004,rue de Normandie,4,,BV0218,1564753.95150000,5185589.02620000,1.25826069,45.85702962
87085_3800_00005,rue de Normandie,5,,BV0254,1564742.50110000,5185579.25830000,1.25811602,45.85693950
87085_3800_00006,rue de Normandie,6,,BV0219,1564740.46580000,5185589.44590000,1.25808695,45.85703074
87085_3800_00007,rue de Normandie,7,,BV0255,1564728.35540000,5185579.68330000,1.25793379,45.85694054
87085_3800_00008,rue de Normandie,8,,BV0220,1564728.55020000,5185589.90110000,1.25793342,45.85703249
87085_3800_00009,rue de Normandie,9,,BV0256,1564716.76070000,5185580.23760000,1.25778436,45.85694324
87085_3800_00010,rue de Normandie,10,,BV0221,1564721.06160000,5185590.46090000,1.25783685,45.85703605
87085_3800_00011,rue de Normandie,11,,BV0257,1564703.02530000,5185581.00530000,1.25760731,45.85694744
87085_3800_00012,rue de Normandie,12,,BV0251,1564688.75170000,5185591.80840000,1.25742051,45.85704182
87085_3800_00013,rue de Normandie,13,,BV0258,1564689.71140000,5185581.73120000,1.25743570,45.85695135
87085_3800_00014,rue de Normandie,14,,BV0250,1564676.84580000,5185592.21520000,1.25726712,45.85704313
87085_3800_00015,rue de Normandie,15,,BV0259,1564677.18550000,5185582.14310000,1.25727433,45.85695259
87085_3800_00016,rue de Normandie,16,,BV0249,1564665.71130000,5185592.80580000,1.25712360,45.85704625
87085_3800_00017,rue de Normandie,17,,BV0260,1564663.88710000,5185582.44950000,1.25710304,45.85695273
87085_3800_00018,rue de Normandie,18,,BV0248,1564653.09770000,5185593.05830000,1.25696114,45.85704604
87085_3800_00019,rue de Normandie,19,,BV0261,1564651.17160000,5185582.89290000,1.25693921,45.85695422
87085_3800_00020,rue de Normandie,20,,BV0247,1564640.26060000,5185593.47570000,1.25679576,45.85704727
87085_3800_00021,rue de Normandie,21,,BV0262,1564637.83840000,5185583.63140000,1.25676735,45.85695823
87085_3800_00022,rue de Normandie,22,,BV0246,1564626.47870000,5185593.87560000,1.25661821,45.85704815
87085_3800_00023,rue de Normandie,23,,BV0263,1564625.21890000,5185583.88990000,1.25660481,45.85695808
87085_3800_00024,rue de Normandie,24,,BV0245,1564614.10310000,5185594.31630000,1.25645876,45.85704968
87085_3800_00025,rue de Normandie,25,,BV0264,1564611.88470000,5185584.49840000,1.25643297,45.85696092
87085_3800_00026,rue de Normandie,26,,BV0244,1564600.07440000,5185594.87230000,1.25627800,45.85705192
87085_3800_00027,rue de Normandie,27,,BV0265,1564596.31910000,5185584.91680000,1.25623246,45.85696162
87085_3836_00002,rue de Pabré,2,,RC0167,1560602.78190000,5184525.16150000,1.20512720,45.84663044
87085_3836_00003,rue de Pabré,3,,RC0159,1560563.98930000,5184527.36840000,1.20462724,45.84664243
87085_3836_00004,rue de Pabré,4,,RC0166,1560586.81340000,5184553.83690000,1.20491334,45.84688515
87085_3836_00005,rue de Pabré,5,,RC0160,1560566.10960000,5184538.67220000,1.20465125,45.84674454
87085_3836_00006,rue de Pabré,6,,RC0165,1560597.74140000,5184579.17100000,1.20504665,45.84711526
87085_3836_00007,rue de Pabré,7,,RC0161,1560573.29670000,5184554.24960000,1.20473924,45.84688613
87085_3836_00008,rue de Pabré,8,,RC0164,1560613.35910000,5184596.43150000,1.20524267,45.84727369
87085_3836_00009,rue de Pabré,9,,RC0162,1560582.79250000,5184574.31960000,1.20485564,45.84706859
87085_3836_00011,rue de Pabré,11,,RC0163,1560594.51500000,5184600.12800000,1.20499904,45.84730313
87085_3855_00010,rue de Panazol,10,,ES0204,1566318.76740000,5182542.91930000,1.27925393,45.82993407
87085_3855_00015,rue de Panazol,15,,ER0404,1566334.89190000,5182584.28680000,1.27944992,45.83030933
87085_3855_00030,rue de Panazol,30,,ES0132,1566427.90010000,5182646.53870000,1.28062946,45.83088740
87085_3855_00032,rue de Panazol,32,,ES0133,1566439.43950000,5182656.64450000,1.28077514,45.83098055
87085_3855_00034,rue de Panazol,34,,ES0134,1566449.57030000,5182665.33570000,1.28090309,45.83106070
87085_3855_00036,rue de Panazol,36,,ES0215,1566458.23000000,5182673.25810000,1.28101233,45.83113365
87085_4096_00001,rue de Peyrat,1,,LA0120,1568198.96600000,5191522.50060000,1.30098324,45.91107413
87085_4096_00003,rue de Peyrat,3,,LA0121,1568180.41720000,5191521.90210000,1.30074437,45.91106519
87085_4096_00004,rue de Peyrat,4,,LA0036,1568167.29390000,5191531.95790000,1.30057249,45.91115312
87085_4096_00005,rue de Peyrat,5,,LA0122,1568166.62940000,5191480.25960000,1.30057814,45.91068794
87085_4096_00006,rue de Peyrat,6,,LA0012,1568154.59660000,5191502.04290000,1.30041709,45.91088158
87085_4096_00007,rue de Peyrat,7,,LA0123,1568166.31100000,5191465.71290000,1.30057804,45.91055702
87085_4096_00008,rue de Peyrat,8,,LA0011,1568155.13650000,5191488.04440000,1.30042789,45.91075576
87085_4096_00009,rue de Peyrat,9,,LA0124,1568165.85130000,5191451.36740000,1.30057606,45.91042789
87085_4096_00011,rue de Peyrat,11,,LA0125,1568165.83940000,5191432.53160000,1.30058109,45.91025845
87085_4096_00015,rue de Peyrat,15,,LA0126,1568165.93520000,5191418.48510000,1.30058618,45.91013211
87085_4096_00016,rue de Peyrat,16,,LA0007,1568154.10720000,5191419.09930000,1.30043359,45.91013536
87085_4096_00017,rue de Peyrat,17,,LA0127,1568165.45050000,5191395.25820000,1.30058632,45.90992308
87085_4096_00018,rue de Peyrat,18,,LA0006,1568154.21970000,5191396.83360000,1.30044116,45.90993509
87085_4096_00019,rue de Peyrat,19,,LA0128,1568165.40180000,5191380.01140000,1.30058989,45.90978591
87085_4096_00029,rue de Peyrat,29,,LA0142,1568080.84380000,5191405.98760000,1.29949308,45.91000335
87085_4096_00031,rue de Peyrat,31,,LA0143,1568055.69760000,5191417.01960000,1.29916600,45.91009775
87085_4096_00035,rue de Peyrat,35,,LA0179,1568016.83580000,5191436.64140000,1.29865980,45.91026680
87085_4184_00002,rue de Pillet,2,,KZ0187,1568256.95410000,5191695.54910000,1.30168297,45.91264193
87085_4184_00004,rue de Pillet,4,,KZ0188,1568245.86890000,5191680.29840000,1.30154430,45.91250261
87085_4184_00006,rue de Pillet,6,,KZ0189,1568236.74680000,5191667.51510000,1.30143026,45.91238587
87085_4184_00008,rue de Pillet,8,,KZ0190,1568226.79920000,5191654.20140000,1.30130572,45.91226420
87085_4184_00009,rue de Pillet,9,,LA0042,1568229.86050000,5191634.24470000,1.30135066,45.91208526
87085_4184_00010,rue de Pillet,10,,LA0041,1568203.30240000,5191614.49190000,1.30101383,45.91190248
87085_4184_00011,rue de Pillet,11,,LA0043,1568218.73450000,5191614.93950000,1.30121258,45.91190947
87085_4184_00012,rue de Pillet,12,,LA0040,1568199.90350000,5191601.01080000,1.30097374,45.91178056
87085_4184_00014,rue de Pillet,14,,LA0039,1568196.85530000,5191586.97940000,1.30093831,45.91165375
87085_4184_00015,rue de Pillet,15,,LA0044,1568212.07820000,5191594.56900000,1.30113240,45.91172494
87085_4184_00016,rue de Pillet,16,,LA0038,1568195.75520000,5191566.82200000,1.30092968,45.91147221
87085_4184_00017,rue de Pillet,17,,LA0045,1568209.80850000,5191579.16830000,1.30110739,45.91158597
87085_4184_00018,rue de Pillet,18,,LA0037,1568196.65650000,5191550.68550000,1.30094573,45.91132723
87085_4184_00022,rue de Pillet,22,,LA0119,1568214.88270000,5191494.73900000,1.30119599,45.91082745
87085_4184_00023,rue de Pillet,23,,LA0102,1568237.87290000,5191479.85020000,1.30149635,45.91069793
87085_4184_00024,rue de Pillet,24,,LA0118,1568221.53010000,5191481.83550000,1.30128520,45.91071265
87085_4184_00025,rue de Pillet,25,,LA0103,1568248.01470000,5191464.13640000,1.30163137,45.91055852
87085_4184_00026,rue de Pillet,26,,LA0117,1568228.31910000,5191469.48370000,1.30137608,45.91060284
87085_4184_00027,rue de Pillet,27,,LA0104,1568279.76770000,5191429.51870000,1.30205007,45.91025320
87085_4184_00028,rue de Pillet,28,,LA0105,1568254.71690000,5191434.82090000,1.30172579,45.91029610
87085_4184_00030,rue de Pillet,30,,LA0106,1568268.77520000,5191422.05030000,1.30191047,45.91018391
87085_4184_00032,rue de Pillet,32,,LA0107,1568281.49600000,5191411.50500000,1.30207729,45.91009149
87085_4184_00034,rue de Pillet,34,,LA0108,1568293.38480000,5191401.72920000,1.30223318,45.91000583
87085_4184_00036,rue de Pillet,36,,LA0109,1568308.50800000,5191382.73050000,1.30243329,45.90983783
87085_4186_00006,rue de Pilsen,6,,NH0400,1561698.33460000,5181475.24810000,1.22010621,45.81941623
87085_4186_00008,rue de Pilsen,8,,NH0400,1561686.60800000,5181472.41290000,1.21995616,45.81938836
87085_4186_00009,rue de Pilsen,9,,NH0400,1561639.19520000,5181435.75700000,1.21935672,45.81904909
87085_4186_00010,rue de Pilsen,10,,NH0400,1561679.15540000,5181456.75810000,1.21986478,45.81924604
87085_4186_00011,rue de Pilsen,11,,NH0400,1561631.05470000,5181433.65090000,1.21925259,45.81902851
87085_4186_00011_bis,rue de Pilsen,11,bis,NH0400,1561626.41000000,5181432.31660000,1.21919322,45.81901557
87085_4186_00012,rue de Pilsen,12,,NH0400,1561666.70320000,5181450.71880000,1.21970631,45.81918921
87085_4186_00014,rue de Pilsen,14,,NH0400,1561656.79860000,5181447.79000000,1.21957973,45.81916087
87085_4186_00015,rue de Pilsen,15,,NH0400,1561622.39740000,5181431.32030000,1.21914189,45.81900580
87085_4186_00016,rue de Pilsen,16,,NH0400,1561645.79090000,5181444.84980000,1.21943896,45.81913221
87085_4186_00017,rue de Pilsen,17,,NH0400,1561618.44060000,5181430.15200000,1.21909132,45.81899450
87085_4186_00018,rue de Pilsen,18,,NH0400,1561638.21910000,5181442.95860000,1.21934209,45.81911368
87085_4186_00019,rue de Pilsen,19,,NH0400,1561613.73780000,5181428.70390000,1.21903123,45.81898052
87085_4186_00020,rue de Pilsen,20,,NH0400,1561630.82530000,5181441.18280000,1.21924748,45.81909622
87085_4186_00021,rue de Pilsen,21,,NH0400,1561610.52790000,5181427.92970000,1.21899016,45.81897291
87085_4186_00022,rue de Pilsen,22,,NH0400,1561625.92170000,5181439.78160000,1.21918479,45.81908262
87085_4186_00023,rue de Pilsen,23,,NH0400,1561606.39890000,5181426.70560000,1.21893739,45.81896107
87085_4186_00023_b,rue de Pilsen,23,b,NH0400,1561593.54040000,5181423.90560000,1.21877277,45.81893330
87085_4186_00024,rue de Pilsen,24,,NH0400,1561621.70060000,5181438.95580000,1.21913073,45.81907435
87085_4186_00025,rue de Pilsen,25,,NH0400,1561573.37340000,5181444.87550000,1.21850728,45.81911787
87085_4186_00026,rue de Pilsen,26,,NH0400,1561617.84520000,5181438.01710000,1.21908139,45.81906513
87085_4186_00027,rue de Pilsen,27,,NH0400,1561561.32480000,5181443.25400000,1.21835274,45.81910086
87085_4186_00028,rue de Pilsen,28,,NH0400,1561613.57620000,5181436.56760000,1.21902689,45.81905123
87085_4186_00029,rue de Pilsen,29,,NH0400,1561553.02040000,5181441.90560000,1.21824629,45.81908706
87085_4186_00030,rue de Pilsen,30,,NH0400,1561609.41310000,5181435.44980000,1.21897365,45.81904034
87085_4186_00031,rue de Pilsen,31,,NH0400,1561541.47750000,5181440.28010000,1.21809825,45.81907012
87085_4186_00032,rue de Pilsen,32,,NH0400,1561604.61950000,5181434.01560000,1.21891239,45.81902647
87085_4186_00033,rue de Pilsen,33,,NH0400,1561532.97340000,5181439.23670000,1.21798914,45.81905902
87085_4186_00034,rue de Pilsen,34,,NH0400,1561575.42810000,5181448.80320000,1.21853258,45.81915362
87085_4186_00035,rue de Pilsen,35,,NH0400,1561523.86170000,5181438.09700000,1.21787225,45.81904693
87085_4186_00035_b,rue de Pilsen,35,b,NH0400,1561508.49200000,5181433.89460000,1.21767572,45.81900604
87085_4186_00035_c,rue de Pilsen,35,c,NH0400,1561504.00260000,5181432.64050000,1.21761833,45.81899385
87085_4186_00035_d,rue de Pilsen,35,d,NH0400,1561494.34420000,5181430.59320000,1.21749466,45.81897349
87085_4186_00035_e,rue de Pilsen,35,e,NH0400,1561489.10250000,5181430.18040000,1.21742734,45.81896872
87085_4186_00035_f,rue de Pilsen,35,f,NH0400,1561477.94440000,5181430.42280000,1.21728372,45.81896865
87085_4186_00035_g,rue de Pilsen,35,g,NH0400,1561473.84320000,5181430.22840000,1.21723101,45.81896608
87085_4186_00036,rue de Pilsen,36,,NH0400,1561561.45790000,5181447.19730000,1.21835331,45.81913636
87085_4186_00037,rue de Pilsen,37,,NH0403,1561450.00040000,5181446.78840000,1.21691950,45.81911024
87085_4186_00038,rue de Pilsen,38,,NH0400,1561551.53400000,5181445.65970000,1.21822608,45.81912053
87085_4186_00039,rue de Pilsen,39,,NH0403,1561439.36840000,5181445.25660000,1.21678316,45.81909432
87085_4186_00040,rue de Pilsen,40,,NH0400,1561542.21920000,5181444.42060000,1.21810660,45.81910751
87085_4186_00041,rue de Pilsen,41,,NH0403,1561432.48490000,5181444.50350000,1.21669482,45.81908616
87085_4186_00042,rue de Pilsen,42,,NH0400,1561532.90670000,5181443.48500000,1.21798706,45.81909722
87085_4186_00043,rue de Pilsen,43,,NH0403,1561423.36410000,5181442.25140000,1.21657812,45.81906407
87085_4186_00044,rue de Pilsen,44,,NH0400,1561521.46500000,5181441.85860000,1.21784033,45.81908029
87085_4186_00045,rue de Pilsen,45,,NH0403,1561437.47490000,5181448.71070000,1.21675780,45.81912501
87085_4186_00046,rue de Pilsen,46,,NH0400,1561514.57650000,5181440.49860000,1.21775210,45.81906667
87085_4186_00047,rue de Pilsen,47,,NH0403,1561446.07760000,5181449.44980000,1.21686826,45.81913339
87085_4186_00048,rue de Pilsen,48,,NH0400,1561503.12400000,5181437.55760000,1.21760561,45.81903791
87085_4186_00050,rue de Pilsen,50,,NH0400,1561493.59870000,5181435.30880000,1.21748371,45.81901576
87085_4186_00052,rue de Pilsen,52,,NH0400,1561480.04300000,5181434.91330000,1.21730943,45.81900947
87085_1004_00001,rue de Piquepaille,1,,PZ0075,1561947.21100000,5184320.50640000,1.22249104,45.84506074
87085_1004_00002,rue de Piquepaille,2,,PZ0075,1561910.88390000,5184294.12730000,1.22203104,45.84481615
87085_1004_00003,rue de Piquepaille,3,,PZ0075,1561942.84540000,5184314.95010000,1.22243644,45.84500988
87085_1004_00004,rue de Piquepaille,4,,PZ0075,1561890.56390000,5184291.16400000,1.22177035,45.84478541
87085_1004_00005,rue de Piquepaille,5,,PZ0075,1561938.34750000,5184309.65840000,1.22238007,45.84496138
87085_1004_00006,rue de Piquepaille,6,,PZ0075,1561858.81380000,5184301.21820000,1.22135880,45.84486948
87085_1004_00007,rue de Piquepaille,7,,PZ0075,1561934.11420000,5184303.70530000,1.22232729,45.84490697
87085_1004_00008,rue de Piquepaille,8,,PZ0075,1561855.10960000,5184308.20320000,1.22130911,45.84493157
87085_1004_00009,rue de Piquepaille,9,,PZ0075,1561928.95480000,5184298.67820000,1.22226233,45.84486072
87085_1004_00010,rue de Piquepaille,10,,PZ0075,1561852.67540000,5184333.49740000,1.22127051,45.84515861
87085_1004_00011,rue de Piquepaille,11,,PZ0075,1561924.85380000,5184293.51880000,1.22221103,45.84481348
87085_1004_00012,rue de Piquepaille,12,,PZ0075,1561859.87210000,5184339.00070000,1.22136156,45.84520956
87085_1004_00014,rue de Piquepaille,14,,PZ0075,1561866.96290000,5184344.92740000,1.22145112,45.84526430
87085_1004_00015,rue de Piquepaille,15,,PZ0075,1561919.95900000,5184290.07920000,1.22214901,45.84478156
87085_1004_00016,rue de Piquepaille,16,,PZ0075,1561872.36040000,5184349.37240000,1.22151932,45.84530537
87085_1004_00017,rue de Piquepaille,17,,PZ0075,1561910.83090000,5184287.69790000,1.22203221,45.84475830
87085_1004_00018,rue de Piquepaille,18,,PZ0075,1561878.39290000,5184354.13490000,1.22159559,45.84534942
87085_1004_00019,rue de Piquepaille,19,,PZ0075,1561903.42260000,5184286.37500000,1.22193723,45.84474492
87085_1004_00020,rue de Piquepaille,20,,PZ0075,1561902.52290000,5184346.09160000,1.22190849,45.84528191
87085_1004_00021,rue de Piquepaille,21,,PZ0075,1561896.41110000,5184285.84580000,1.22184714,45.84473875
87085_1004_00022,rue de Piquepaille,22,,PZ0075,1561909.61370000,5184341.64660000,1.22200104,45.84524335
87085_1004_00023,rue de Piquepaille,23,,PZ0075,1561884.10800000,5184284.39060000,1.22168920,45.84472319
87085_1004_00024,rue de Piquepaille,24,,PZ0075,1561915.75200000,5184337.94240000,1.22208111,45.84521127
87085_1004_00025,rue de Piquepaille,25,,PZ0075,1561876.43510000,5184283.33230000,1.22159075,45.84471212
87085_1004_00026,rue de Piquepaille,26,,PZ0075,1561921.99620000,5184334.34410000,1.22216252,45.84518015
87085_1004_00027,rue de Piquepaille,27,,PZ0075,1561870.08510000,5184282.53850000,1.22150924,45.84470371
87085_1004_00028,rue de Piquepaille,28,,PZ0075,1561928.76950000,5184330.32240000,1.22225085,45.84514533
87085_1004_00029,rue de Piquepaille,29,,PZ0075,1561866.24860000,5184282.93540000,1.22145975,45.84470651
87085_1004_00031,rue de Piquepaille,31,,PZ0075,1561863.99960000,5184284.52290000,1.22143034,45.84472034
87085_1004_00033,rue de Piquepaille,33,,PZ0075,1561860.95690000,5184288.35940000,1.22139008,45.84475424
87085_1004_00035,rue de Piquepaille,35,,PZ0075,1561856.19440000,5184294.18020000,1.22132711,45.84480564
87085_1004_00037,rue de Piquepaille,37,,PZ0075,1561852.22560000,5184300.53020000,1.22127420,45.84486196
87085_1004_00039,rue de Piquepaille,39,,PZ0075,1561849.71210000,5184305.95420000,1.22124029,45.84491025
87085_1004_00041,rue de Piquepaille,41,,PZ0075,1561846.53710000,5184312.43650000,1.22119756,45.84496792
87085_4210_00002,rue de Plaisance,2,,BS0633,1565176.02450000,5184493.09900000,1.26400212,45.84725403
87085_4210_00004,rue de Plaisance,4,,BS0632,1565167.17870000,5184492.35070000,1.26388846,45.84724556
87085_4210_00006,rue de Plaisance,6,,BS0628,1565153.20630000,5184490.80740000,1.26370905,45.84722894
87085_4210_00009,rue de Plaisance,9,,BS0612,1565133.53350000,5184477.97570000,1.26345942,45.84710965
87085_4210_00010,rue de Plaisance,10,,BS0626,1565141.00270000,5184489.73920000,1.26355226,45.84721694
87085_4210_00011,rue de Plaisance,11,,BS0613,1565125.23300000,5184477.04080000,1.26335284,45.84709962
87085_4210_00012,rue de Plaisance,12,,BS0839,1565130.75730000,5184488.47020000,1.26342074,45.84720351
87085_4210_00014,rue de Plaisance,14,,BS0840,1565125.30560000,5184487.91410000,1.26335072,45.84719744
87085_4225_00001,rue de Poitiers,1,,BM0174,1563729.28270000,5184380.84680000,1.24541165,45.84595904
87085_4225_00008,rue de Poitiers,8,,BM0180,1563700.40000000,5184393.42300000,1.24503632,45.84606644
87085_4225_00009,rue de Poitiers,9,,BM0110,1563682.52390000,5184380.78000000,1.24480981,45.84594917
87085_4360_00001,rue de Provence,1,,BV0060,1564547.35970000,5185451.78720000,1.25563969,45.85575440
87085_4360_00002,rue de Provence,2,,BV0332,1564559.16720000,5185416.90330000,1.25580153,45.85544293
87085_4360_00003,rue de Provence,3,,BV0061,1564564.79790000,5185454.47960000,1.25586343,45.85578206
87085_4360_00005,rue de Provence,5,,BV0063,1564583.49590000,5185478.75890000,1.25609730,45.85600415
87085_4360_00007,rue de Provence,7,,BV0064,1564581.02600000,5185500.41990000,1.25605939,45.85619851
87085_4360_00009,rue de Provence,9,,BV0065,1564574.91020000,5185520.76450000,1.25597492,45.85638032
87085_4360_00011,rue de Provence,11,,BV0066,1564569.41200000,5185537.86470000,1.25589932,45.85653306
87085_4360_00013,rue de Provence,13,,BV0068,1564565.80920000,5185556.73790000,1.25584761,45.85670213
87085_4360_00015,rue de Provence,15,,BV0069,1564567.66890000,5185572.68920000,1.25586706,45.85684598
87085_4360_00017,rue de Provence,17,,BV0697,1564573.19010000,5185590.02980000,1.25593325,45.85700306
87085_4360_00019,rue de Provence,19,,BV0071,1564580.16930000,5185608.41640000,1.25601792,45.85716983
87085_4360_00020,rue de Provence,20,,BV0267,1564577.22670000,5185550.97930000,1.25599623,45.85665257
87085_4360_00021,rue de Provence,21,,BV0073,1564582.12520000,5185645.54050000,1.25603263,45.85750417
87085_4360_00022,rue de Provence,22,,BV0266,1564576.80160000,5185562.89400000,1.25598740,45.85675967
87085_4360_00023,rue de Provence,23,,BV0074,1564571.08860000,5185658.50460000,1.25588689,45.85761861
87085_4360_00032,rue de Provence,32,,BV0242,1564594.52520000,5185644.67120000,1.25619252,45.85749879
87085_4580_00001,rue de Rochechouart,1,,IM0274,1563634.66210000,5182521.41950000,1.24472127,45.82921371
87085_4580_00002,rue de Rochechouart,2,,IM0772,1563624.50450000,5182521.70380000,1.24459049,45.82921426
87085_4580_00002_b,rue de Rochechouart,2,b,IM0773,1563622.80230000,5182510.82540000,1.24457167,45.82911606
87085_4580_00002_t,rue de Rochechouart,2,t,IM0773,1563622.37900000,5182508.86750000,1.24456678,45.82909836
87085_4580_00005,rue de Rochechouart,5,,IM0758,1563629.14690000,5182485.34030000,1.24466054,45.82888807
87085_4580_00006,rue de Rochechouart,6,,IM0754,1563620.92900000,5182499.74980000,1.24455070,45.82901606
87085_4580_00008,rue de Rochechouart,8,,IM0401,1563619.46740000,5182489.77380000,1.24453473,45.82892603
87085_4580_00009,rue de Rochechouart,9,,IM0277,1563627.77580000,5182476.82880000,1.24464531,45.82881123
87085_4580_00010,rue de Rochechouart,10,,IM0400,1563617.46090000,5182478.49450000,1.24451211,45.82882417
87085_4580_00011,rue de Rochechouart,11,,IM0278,1563626.79830000,5182469.12650000,1.24463491,45.82874175
87085_4580_00012,rue de Rochechouart,12,,IM0399,1563616.28190000,5182470.12400000,1.24449931,45.82874864
87085_4580_00013,rue de Rochechouart,13,,IM0279,1563625.88750000,5182463.62810000,1.24462475,45.82869211
87085_4580_00013_bis,rue de Rochechouart,13,bis,IM0279,1563624.80540000,5182457.32360000,1.24461262,45.82863518
87085_4580_00014,rue de Rochechouart,14,,IM0511,1563614.49440000,5182459.85330000,1.24447922,45.82865589
87085_4580_00015,rue de Rochechouart,15,,IM0281,1563623.08360000,5182445.91780000,1.24459370,45.82853224
87085_4580_00016,rue de Rochechouart,16,,IM0398,1563612.60420000,5182447.68000000,1.24445835,45.82854601
87085_4580_00017,rue de Rochechouart,17,,IM0282,1563621.73000000,5182435.78760000,1.24457915,45.82844084
87085_4580_00018,rue de Rochechouart,18,,IM0641,1563611.08420000,5182438.19490000,1.24444149,45.82846039
87085_4580_00019,rue de Rochechouart,19,,IM0301,1563619.72320000,5182423.78220000,1.24455674,45.82833245
87085_4580_00020,rue de Rochechouart,20,,IM1101,1563609.44200000,5182427.79900000,1.24442330,45.82836654
87085_4580_00021,rue de Rochechouart,21,,IM0302,1563617.43450000,5182408.94580000,1.24453149,45.82819853
87085_4580_00022,rue de Rochechouart,22,,IM0395,1563607.61660000,5182416.70050000,1.24440296,45.82826634
87085_4580_00024,rue de Rochechouart,24,,IM0394,1563606.38880000,5182407.51180000,1.24438977,45.82818344
87085_4580_00026,rue de Rochechouart,26,,IM0393,1563605.38430000,5182401.28680000,1.24437861,45.82812725
87085_4580_00026_bis,rue de Rochechouart,26,bis,IM0392,1563603.44170000,5182389.40330000,1.24435699,45.82801996
87085_4580_00027,rue de Rochechouart,27,,IM0306,1563611.62090000,5182373.24500000,1.24446682,45.82787623
87085_4580_00028,rue de Rochechouart,28,,IM0391,1563601.86520000,5182381.24290000,1.24433902,45.82794624
87085_4580_00029,rue de Rochechouart,29,,IM0307,1563610.44010000,5182365.59100000,1.24445379,45.82780714
87085_4580_00030,rue de Rochechouart,30,,IM0390,1563600.30880000,5182371.64480001,1.24432171,45.82785959
87085_4580_00031,rue de Rochechouart,31,,IM0309,1563607.96970000,5182350.25260000,1.24442636,45.82766868
87085_4580_00033,rue de Rochechouart,33,,IM0308,1563606.76660000,5182342.85000000,1.24441297,45.82760185
87085_4580_00035,rue de Rochechouart,35,,IM0359,1563605.58460000,5182335.45940000,1.24439986,45.82753513
87085_4580_00036,rue de Rochechouart,36,,IM0389,1563598.15030000,5182358.53130000,1.24429766,45.82774120
87085_4580_00037,rue de Rochechouart,37,,IM0360,1563604.20360000,5182326.79680000,1.24438455,45.82745693
87085_4580_00038,rue de Rochechouart,38,,IM0389,1563597.42070000,5182353.69630000,1.24428964,45.82769756
87085_4580_00039,rue de Rochechouart,39,,IM0361,1563602.30550000,5182314.55150000,1.24436360,45.82734640
87085_4580_00040,rue de Rochechouart,40,,IM0686,1563596.26460000,5182345.77460000,1.24427701,45.82762607
87085_4580_00041,rue de Rochechouart,41,,IM1401,1563596.49410000,5182277.72160000,1.24429927,45.82701394
87085_4580_00041_a,rue de Rochechouart,41,a,IM1400,1563598.50490000,5182291.69160000,1.24432100,45.82714000
87085_4580_00042,rue de Rochechouart,42,,IM1068,1563594.35000000,5182335.07950000,1.24425541,45.82752949
87085_4580_00042_bis,rue de Rochechouart,42,bis,IM1069,1563592.94370000,5182327.52600000,1.24423946,45.82746126
87085_4580_00043,rue de Rochechouart,43,,IM0363,1563594.34790000,5182265.83600000,1.24427503,45.82690660
87085_4580_00044,rue de Rochechouart,44,,IM0576,1563592.13810000,5182319.58540000,1.24423135,45.82738967
87085_4580_00045,rue de Rochechouart,45,,IM0364,1563592.70240000,5182256.40010000,1.24425653,45.82682139
87085_4580_00046,rue de Rochechouart,46,,IM0385,1563590.70560000,5182311.08680000,1.24421532,45.82731294
87085_4580_00047,rue de Rochechouart,47,,IM0365,1563591.10080000,5182246.19510000,1.24423882,45.82672928
87085_4580_00048,rue de Rochechouart,48,,IM0384,1563589.44400000,5182303.77040000,1.24420117,45.82724687
87085_4580_00049,rue de Rochechouart,49,,IM0370,1563590.04950000,5182240.74990000,1.24422684,45.82668009
87085_4580_00050,rue de Rochechouart,50,,IM0383,1563588.21780000,5182295.09030000,1.24418785,45.82716854
87085_4580_00051,rue de Rochechouart,51,,IM0672,1563588.59910000,5182232.61240000,1.24421048,45.82660660
87085_4580_00052,rue de Rochechouart,52,,IM0382,1563586.62650000,5182285.44230000,1.24417011,45.82708144
87085_4580_00054,rue de Rochechouart,54,,IM0381,1563585.31720000,5182277.85020000,1.24415542,45.82701288
87085_4580_00056,rue de Rochechouart,56,,IM0380,1563583.50440000,5182266.47000000,1.24413532,45.82691015
87085_4580_00058,rue de Rochechouart,58,,IM0379,1563581.77250000,5182255.16190000,1.24411625,45.82680809
87085_4580_00060,rue de Rochechouart,60,,IM0378,1563580.05530000,5182243.54950000,1.24409744,45.82670329
87085_4580_00062,rue de Rochechouart,62,,IM0377,1563578.42010000,5182234.44760000,1.24407899,45.82662109
87085_4580_00064,rue de Rochechouart,64,,IM0515,1563577.34680000,5182226.83120000,1.24406734,45.82655236
87085_4580_00066,rue de Rochechouart,66,,IM0373,1563575.91730000,5182219.08760000,1.24405114,45.82648242
87085_4580_00066_bis,rue de Rochechouart,66,bis,IM0373,1563574.52340000,5182208.91260000,1.24403609,45.82639061
87085_4613_00002,rue de Romanet,2,,HP0212,1565107.10150000,5180767.07590000,1.26416037,45.81372269
87085_4613_00003,rue de Romanet,3,,HP0112,1565149.83460000,5180755.85660000,1.26471324,45.81363014
87085_4613_00005,rue de Romanet,5,,HP0112,1565161.21110000,5180760.45540000,1.26485830,45.81367374
87085_4613_00006,rue de Romanet,6,,HP0211,1565118.82690000,5180752.82740000,1.26431520,45.81359681
87085_4613_00010,rue de Romanet,10,,HP0210,1565130.00080000,5180738.38500000,1.26446299,45.81346909
87085_4613_00014,rue de Romanet,14,,HP0209,1565143.99930000,5180721.54430000,1.26464779,45.81332034
87085_4613_00015,rue de Romanet,15,,HP0048,1565159.83260000,5180719.34470000,1.26485209,45.81330365
87085_4613_00017,rue de Romanet,17,,HP0139,1565166.14030000,5180711.62390000,1.26493540,45.81323544
87085_4613_00018,rue de Romanet,18,,HP0208,1565160.22220000,5180701.53390000,1.26486209,45.81314351
87085_4613_00019,rue de Romanet,19,,HP0218,1565174.91190000,5180701.26600000,1.26505114,45.81314398
87085_4613_00020,rue de Romanet,20,,HP0026,1565168.17150000,5180691.27400000,1.26496723,45.81305277
87085_4613_00022,rue de Romanet,22,,HP0027,1565175.66400000,5180681.86450000,1.26506625,45.81296960
87085_4613_00025,rue de Romanet,25,,HP0046,1565223.97640000,5180639.65680000,1.26569957,45.81259938
87085_4613_00026,rue de Romanet,26,,HP0175,1565201.22160000,5180649.79230000,1.26540401,45.81268610
87085_4613_00027,rue de Romanet,27,,HP0046,1565242.72430000,5180615.77920000,1.26594743,45.81238826
87085_4613_00030,rue de Romanet,30,,HP0265,1565213.22080000,5180634.63080000,1.26556262,45.81255206
87085_4613_00034,rue de Romanet,34,,HP0264,1565230.34890000,5180612.47400000,1.26578916,45.81235610
87085_4613_00035,rue de Romanet,35,,HP0062,1565407.37640000,5180577.33120000,1.26807626,45.81207463
87085_4613_00040,rue de Romanet,40,,HP0235,1565246.45930000,5180592.51990000,1.26600199,45.81217976
87085_4613_00048,rue de Romanet,48,,HP0045,1565301.02250000,5180570.96410000,1.26670992,45.81199654
87085_4745_00004,rue de Saint Gence,4,,OE0002,1563333.49750000,5184292.81190000,1.24034231,45.84508856
87085_4745_00011,rue de Saint Gence,11,,OH0149,1563329.80390000,5184258.01630000,1.24030467,45.84477482
87085_4745_00017,rue de Saint Gence,17,,OH0257,1563319.32450000,5184271.67840000,1.24016590,45.84489564
87085_4745_00019,rue de Saint Gence,19,,OH0256,1563311.61380000,5184280.32860000,1.24006419,45.84497192
87085_4745_00021,rue de Saint Gence,21,,OH0145,1563305.15020000,5184285.36800000,1.23997956,45.84501596
87085_4745_00023,rue de Saint Gence,23,,OH0143,1563296.99690000,5184291.58570000,1.23987285,45.84507027
87085_4745_00025,rue de Saint Gence,25,,OH0142,1563279.48560000,5184306.90940000,1.23964310,45.84520464
87085_4745_00027,rue de Saint Gence,27,,OH0139,1563264.79210000,5184317.89020000,1.23945085,45.84530049
87085_4745_00028,rue de Saint Gence,28,,OE0003,1563199.99650000,5184412.32250000,1.23858995,45.84613707
87085_4745_00029,rue de Saint Gence,29,,OH1808,1563256.51060000,5184324.25260000,1.23934244,45.84535608
87085_4745_00031,rue de Saint Gence,31,,OH0117,1563244.59130000,5184331.91960000,1.23918684,45.84542268
87085_4745_00033,rue de Saint Gence,33,,OH0138,1563230.43010000,5184339.23000000,1.23900248,45.84548562
87085_4745_00035,rue de Saint Gence,35,,OH0137,1563221.15390000,5184344.14180000,1.23888169,45.84552796
87085_4745_00037,rue de Saint Gence,37,,OH0136,1563213.55240000,5184348.65930000,1.23878256,45.84556709
87085_4745_00039,rue de Saint Gence,39,,OH0135,1563208.42740000,5184352.47480000,1.23871551,45.84560039
87085_4745_00041,rue de Saint Gence,41,,OH0134,1563202.90390000,5184357.22380000,1.23864306,45.84564201
87085_4745_00043,rue de Saint Gence,43,,OH0133,1563197.53650000,5184362.38190000,1.23857250,45.84568734
87085_4745_00045,rue de Saint Gence,45,,OH0132,1563190.60080000,5184371.44910000,1.23848065,45.84576753
87085_4745_00047,rue de Saint Gence,47,,OH0131,1563184.18890000,5184380.81490000,1.23839545,45.84585050
87085_4745_00049,rue de Saint Gence,49,,OH0130,1563178.68450000,5184389.62360000,1.23832209,45.84592864
87085_4745_00051,rue de Saint Gence,51,,OH0129,1563171.08730000,5184402.04740000,1.23822077,45.84603889
87085_4745_00055,rue de Saint Gence,55,,OH0089,1563145.70490000,5184436.08520000,1.23788436,45.84634003
87085_4745_00057,rue de Saint Gence,57,,OH0089,1563136.31550000,5184447.15670000,1.23776035,45.84643775
87085_4745_00062,rue de Saint Gence,62,,OC0013,1563005.88260000,5184679.08490000,1.23601534,45.84849809
87085_4745_00063,rue de Saint Gence,63,,OH0088,1563111.25640000,5184474.75560000,1.23742994,45.84668103
87085_4745_00067,rue de Saint Gence,67,,OH0035,1563073.35770000,5184514.50360000,1.23693079,45.84703104
87085_4745_00069,rue de Saint Gence,69,,OH0033,1563066.25990000,5184524.46670000,1.23683659,45.84711925
87085_4745_00071,rue de Saint Gence,71,,OH0032,1563064.22000000,5184528.07860000,1.23680930,45.84715133
87085_4745_00071_bis,rue de Saint Gence,71,bis,OH0031,1563061.91840000,5184533.86210000,1.23677803,45.84720290
87085_4745_00073,rue de Saint Gence,73,,OH0030,1563058.26550000,5184542.86560000,1.23672844,45.84728316
87085_4745_00075,rue de Saint Gence,75,,OH0029,1563055.78800000,5184549.63380000,1.23669462,45.84734355
87085_4745_00077,rue de Saint Gence,77,,OH0028,1563053.36670000,5184555.97430000,1.23666165,45.84740010
87085_4745_00079,rue de Saint Gence,79,,OH0027,1563047.67770000,5184570.73480000,1.23658421,45.84753175
87085_4745_00090,rue de Saint Gence,90,,OC0011,1562800.93850000,5184637.27840000,1.23338921,45.84808115
87085_4745_00094,rue de Saint Gence,94,,OC0010,1562771.05350000,5184623.77550000,1.23300838,45.84795372
87085_4745_00101,rue de Saint Gence,101,,OR0070,1562971.18010000,5184680.28490000,1.23556830,45.84850197
87085_4745_00103,rue de Saint Gence,103,,OR0069,1562950.39690000,5184677.00060000,1.23530171,45.84846828
87085_4745_00104,rue de Saint Gence,104,,OC0007,1562710.68630000,5184649.68800000,1.23222393,45.84817476
87085_4745_00105,rue de Saint Gence,105,,OR0068,1562937.29990000,5184673.78720000,1.23513404,45.84843676
87085_4745_00107,rue de Saint Gence,107,,OR0067,1562922.52120000,5184669.05520000,1.23494516,45.84839125
87085_4745_00109,rue de Saint Gence,109,,OR0066,1562905.65940000,5184664.24420000,1.23472948,45.84834461
87085_4745_00118,rue de Saint Gence,118,,TX0013,1562629.09820000,5184739.18360000,1.23114814,45.84896353
87085_4745_00120,rue de Saint Gence,120,,TX0012,1562602.11380000,5184754.55220000,1.23079639,45.84909638
87085_4745_00124,rue de Saint Gence,124,,TX0094,1562562.89240000,5184776.48420000,1.23028525,45.84928583
87085_4745_00126,rue de Saint Gence,126,,TX0093,1562540.10050000,5184785.73000000,1.22998922,45.84936445
87085_4745_00128,rue de Saint Gence,128,,TX0009,1562513.27100000,5184790.29670000,1.22964256,45.84940016
87085_4745_00132,rue de Saint Gence,132,,TX0087,1562462.17820000,5184793.76460000,1.22898388,45.84942114
87085_4745_00132_a,rue de Saint Gence,132,a,TX0088,1562448.10350000,5184793.06740000,1.22880290,45.84941205
87085_4745_00134,rue de Saint Gence,134,,TX0002,1562434.79440000,5184790.60950000,1.22863229,45.84938728
87085_4745_00135,rue de Saint Gence,135,,OR0177,1562661.31490000,5184696.14750000,1.23157514,45.84858283
87085_4745_00137,rue de Saint Gence,137,,OR0053,1562643.92070000,5184713.44700000,1.23134629,45.84873497
87085_4745_00137_bis,rue de Saint Gence,137,bis,OR0048,1562651.81800000,5184705.60160000,1.23145019,45.84866598
87085_4745_00139,rue de Saint Gence,139,,OR0052,1562630.48480000,5184726.06750000,1.23116973,45.84884582
87085_4745_00141,rue de Saint Gence,141,,OR0049,1562606.76170000,5184740.17470000,1.23086033,45.84896798
87085_4745_00145,rue de Saint Gence,145,,OR0247,1562499.55960000,5184782.09270000,1.22946841,45.84932362
87085_4745_00147,rue de Saint Gence,147,,OR0206,1562472.29980000,5184781.46440000,1.22911769,45.84931251
87085_4745_00149,rue de Saint Gence,149,,OR0205,1562450.71590000,5184778.93820000,1.22884058,45.84928547
87085_4745_00151,rue de Saint Gence,151,,OR0179,1562434.04810000,5184776.59790000,1.22862669,45.84926109
87085_4745_00153,rue de Saint Gence,153,,OR0180,1562414.37120000,5184776.92100000,1.22837332,45.84926005
87085_4745_00162,rue de Saint Gence,162,,RP0271,1562017.98510000,5184907.41490000,1.22323345,45.85035447
87085_4745_00166,rue de Saint Gence,166,,RP0160,1561950.22260000,5184944.69420000,1.22235046,45.85067621
87085_4745_00168,rue de Saint Gence,168,,RP0255,1561923.79030000,5184954.61630000,1.22200736,45.85076016
87085_4745_00169,rue de Saint Gence,169,,OR0010,1562194.60820000,5184794.02680000,1.22553956,45.84936991
87085_4745_00169_bis,rue de Saint Gence,169,bis,OR0174,1562182.97000000,5184797.43200000,1.22538877,45.84939821
87085_4745_00170,rue de Saint Gence,170,,RP0254,1561902.87770000,5184961.51210000,1.22173618,45.85081799
87085_4745_00171,rue de Saint Gence,171,,OR0010,1562165.86520000,5184807.34620000,1.22516575,45.84948397
87085_4745_00172,rue de Saint Gence,172,,RP0253,1561872.82110000,5184969.77530000,1.22134689,45.85088628
87085_4745_00173,rue de Saint Gence,173,,RP0025,1562138.74230000,5184819.98060000,1.22481299,45.84959218
87085_4745_00179,rue de Saint Gence,179,,RP0026,1562054.96830000,5184871.00260000,1.22371997,45.85003435
87085_4745_00181,rue de Saint Gence,181,,RP0026,1562016.68440000,5184894.80520000,1.22322033,45.85024078
87085_4745_00183,rue de Saint Gence,183,,RP0026,1561980.92690000,5184916.85720000,1.22275370,45.85043197
87085_4745_00186,rue de Saint Gence,186,,RS0165,1561703.67600000,5185022.46490000,1.21915438,45.85132624
87085_4745_00187,rue de Saint Gence,187,,RP0016,1561940.16980000,5184935.75820000,1.22222362,45.85059381
87085_4745_00190,rue de Saint Gence,190,,RS0164,1561664.72330000,5185050.87050000,1.21864477,45.85157393
87085_4745_00191,rue de Saint Gence,191,,RP0015,1561898.67770000,5184948.37330000,1.22168589,45.85069895
87085_4745_00192,rue de Saint Gence,192,,RS0163,1561624.65390000,5185079.52910000,1.21812071,45.85182366
87085_4745_00194,rue de Saint Gence,194,,RS0162,1561593.32020000,5185105.90570000,1.21770976,45.85205462
87085_4745_00199,rue de Saint Gence,199,,RP0014,1561800.93460000,5184973.29950000,1.22042051,45.85090354
87085_4745_00201,rue de Saint Gence,201,,RP0013,1561777.52090000,5184975.92670000,1.22011836,45.85092246
87085_4745_00214,rue de Saint Gence,214,,RS0194,1561402.44800000,5185399.25910000,1.21516805,45.85465502
87085_4745_00216,rue de Saint Gence,216,,RS0193,1561386.90780000,5185420.26420000,1.21496193,45.85484084
87085_4745_00218,rue de Saint Gence,218,,RS0195,1561379.54860000,5185430.45330000,1.21486425,45.85493101
87085_4745_00220,rue de Saint Gence,220,,RS0001,1561367.68900000,5185446.46730000,1.21470695,45.85507267
87085_4745_00239,rue de Saint Gence,239,,RT0015,1561376.81360000,5185409.38210000,1.21483512,45.85474091
87085_4745_00241,rue de Saint Gence,241,,RT0007,1561350.61980000,5185449.06970000,1.21448646,45.85509264
87085_4745_00243,rue de Saint Gence,243,,RT0006,1561315.13620000,5185492.68130000,1.21401707,45.85547778
87085_4745_00271,rue de Saint Gence,271,,RT0012,1561070.93310000,5185764.27590000,1.21079472,45.85787159
87085_4745_00289,rue de Saint Gence,289,,RV0017,1560894.08500000,5185960.91290000,1.20846099,45.85960466
87085_4745_00293,rue de Saint Gence,293,,RV0017,1560827.35450000,5185993.41290000,1.20759244,45.85988350
87085_4745_00297,rue de Saint Gence,297,,RV0021,1560849.47000000,5185920.59150000,1.20789827,45.85923292
87085_4745_00297_bis,rue de Saint Gence,297,bis,RV0022,1560798.67570000,5185950.73310000,1.20723558,45.85949377
87085_4745_00299,rue de Saint Gence,299,,RV0017,1560785.15720000,5186014.68550000,1.20704300,45.86006631
87085_4745_00311,rue de Saint Gence,311,,RV0053,1560668.31700000,5186148.03579999,1.20550003,45.86124218
87085_4745_00327,rue de Saint Gence,327,,RV0006,1560525.38060000,5186249.33660000,1.20363031,45.86212444
87085_4745_00329,rue de Saint Gence,329,,RV0005,1560493.26730000,5186260.69300000,1.20321354,45.86222008
87085_4745_00333,rue de Saint Gence,333,,RV0029,1560652.23910000,5186175.80210000,1.20528497,45.86148869
87085_4745_00337,rue de Saint Gence,337,,RX0034,1560394.91060000,5186329.26630000,1.20192725,45.86281695
87085_4745_00339,rue de Saint Gence,339,,RX0032,1560376.47400000,5186346.00680000,1.20168500,45.86296379
87085_4745_00341,rue de Saint Gence,341,,RX0031,1560357.89450000,5186361.80260000,1.20144119,45.86310211
87085_4745_00343,rue de Saint Gence,343,,RX0029,1560342.19090000,5186376.73420000,1.20123466,45.86323323
87085_4745_00345,rue de Saint Gence,345,,RX0029,1560326.86100000,5186389.62080000,1.20103353,45.86334604
87085_4745_00347,rue de Saint Gence,347,,RX0029,1560310.90410000,5186404.80980000,1.20082366,45.86347943
87085_4745_00357,rue de Saint Gence,357,,RX0048,1560191.43070000,5186503.97370000,1.19925651,45.86434716
87085_4745_00373,rue de Saint Gence,373,,RY0012,1560033.67330000,5186657.00480000,1.19718067,45.86569162
87085_4745_00389,rue de Saint Gence,389,,RY0054,1559894.18150000,5186820.10240000,1.19533699,45.86713033
87085_4745_00390,rue de Saint Gence,390,,RZ0021,1559932.35560000,5186804.41760000,1.19583311,45.86699702
87085_4745_00390_a,rue de Saint Gence,390,a,RZ0022,1559946.93660000,5186856.95710000,1.19600553,45.86747260
87085_4745_00390_b,rue de Saint Gence,390,b,RZ0023,1559964.74050000,5186895.25870000,1.19622361,45.86782077
87085_4745_00393,rue de Saint Gence,393,,RY0011,1559861.27500000,5186840.96840000,1.19490719,45.86731132
87085_4745_00395,rue de Saint Gence,395,,RY0055,1559826.48220000,5186863.06110000,1.19445273,45.86750296
87085_4745_00396,rue de Saint Gence,396,,RZ0026,1559872.64830000,5186846.15670000,1.19505212,45.86736031
87085_4745_00397,rue de Saint Gence,397,,RY0042,1559771.73590000,5186897.84310000,1.19373764,45.86780466
87085_4745_00398,rue de Saint Gence,398,,RZ0027,1559860.14990000,5186854.32730000,1.19488880,45.86743126
87085_4745_00399,rue de Saint Gence,399,,RY0054,1559758.50670000,5186907.63270000,1.19356443,45.86789003
87085_4745_00400,rue de Saint Gence,400,,RZ0028,1559845.65210000,5186863.12340000,1.19469955,45.86750743
87085_4745_00402,rue de Saint Gence,402,,RZ0029,1559830.16090000,5186872.79200000,1.19449726,45.86759124
87085_4745_00410,rue de Saint Gence,410,,RZ0032,1559795.23580000,5186895.01700000,1.19404106,45.86778404
87085_4745_00411,rue de Saint Gence,411,,SA0024,1559594.75550000,5186994.62480000,1.19143046,45.86863912
87085_0135_00001,rue des Allois,1,,EO0050,1565274.42980000,5182490.77960000,1.26583004,45.82926126
87085_0135_00002,rue des Allois,2,,EO0321,1565272.74120000,5182507.41290000,1.26580366,45.82941055
87085_0135_00003,rue des Allois,3,,EO0052,1565270.26650000,5182498.26800000,1.26577437,45.82932781
87085_0135_00004,rue des Allois,4,,EO0322,1565266.50200000,5182514.66810000,1.26572134,45.82947460
87085_0135_00005,rue des Allois,5,,EO0053,1565267.42600000,5182501.12700000,1.26573702,45.82935297
87085_0135_00006,rue des Allois,6,,EO0352,1565259.64690000,5182520.28190000,1.26563155,45.82952375
87085_0135_00007,rue des Allois,7,,EO0054,1565263.41990000,5182506.95810000,1.26568384,45.82940464
87085_0135_00008,rue des Allois,8,,EO0352,1565257.26560000,5182523.58920000,1.26559998,45.82955304
87085_0135_00009,rue des Allois,9,,EO0217,1565231.47690000,5182539.90210000,1.26526357,45.82969473
87085_0135_00010,rue des Allois,10,,EO0009,1565231.42770000,5182547.84640000,1.26526071,45.82976618
87085_0135_00010_bis,rue des Allois,10,bis,EO0010,1565219.00370000,5182559.80630000,1.26509748,45.82987134
87085_0135_00011,rue des Allois,11,,EO0015,1565213.98530000,5182552.51240000,1.26503495,45.82980474
87085_0135_00012,rue des Allois,12,,EO0011,1565205.21530000,5182573.04370000,1.26491634,45.82998771
87085_0215_00001,rue des Anglais,1,,DM0136,1564413.73900000,5182962.32250000,1.25462189,45.83333392
87085_0215_00002,rue des Anglais,2,,DM0169,1564406.80690000,5182965.73300000,1.25453172,45.83336323
87085_0215_00003,rue des Anglais,3,,DM0053,1564408.24460000,5182946.71140000,1.25455559,45.83319241
87085_0215_00004,rue des Anglais,4,,DM0047,1564403.06290000,5182958.46580000,1.25439340,45.83315188
87085_0215_00006,rue des Anglais,6,,DM0045,1564390.61010000,5182931.81970000,1.25433286,45.83305497
87085_0215_00008,rue des Anglais,8,,DM0040,1564393.02380000,5182936.87060000,1.25424702,45.83291623
87085_0215_00010,rue des Anglais,10,,DM0036,1564381.23700000,5182896.57580000,1.25422218,45.83273608
87085_0215_00012,rue des Anglais,12,,DM0034,1564395.86090000,5182827.89620000,1.25442974,45.83212115
87085_0215_00020,rue des Anglais,20,,DM0035,1564381.93060000,5182887.20310000,1.25423375,45.83265191
87085_0250_00001,rue des Arènes,1,,DL0135,1564366.37570000,5182584.45930000,1.25411899,45.82992548
87085_0250_00003,rue des Arènes,3,,DL0136,1564360.27730000,5182583.63380000,1.25404075,45.82991685
87085_0250_00004,rue des Arènes,4,,DL0018,1564356.36010000,5182592.67090000,1.25398780,45.82999738
87085_0250_00005,rue des Arènes,5,,DL0136,1564350.29140000,5182582.83140000,1.25391248,45.82990767
87085_0250_00006,rue des Arènes,6,,DL0016,1564341.19420000,5182590.48130000,1.25379326,45.82997469
87085_0250_00007,rue des Arènes,7,,DL0137,1564341.20020000,5182581.38610000,1.25379591,45.82989287
87085_0250_00008,rue des Arènes,8,,DL0239,1564336.28930000,5182589.83120000,1.25373033,45.82996787
87085_0250_00009,rue des Arènes,9,,DL0138,1564333.82550000,5182580.44610000,1.25370127,45.82988296
87085_0250_00011,rue des Arènes,11,,DL0142,1564328.65450000,5182579.63510000,1.25363496,45.82987465
87085_0250_00012,rue des Arènes,12,,DL0012,1564319.52410000,5182587.97990000,1.25351512,45.82994791
87085_0250_00013,rue des Arènes,13,,DL0143,1564323.35840000,5182578.67330000,1.25356708,45.82986495
87085_0250_00014,rue des Arènes,14,,DL0011,1564303.13840000,5182586.30760000,1.25330474,45.82992964
87085_0250_00015,rue des Arènes,15,,DL0144,1564319.53000000,5182577.59200000,1.25351813,45.82985447
87085_0250_00016,rue des Arènes,16,,DL0010,1564287.90400000,5182587.21810000,1.25310845,45.82993482
87085_0250_00017,rue des Arènes,17,,DL0145,1564315.20930000,5182576.76160000,1.25346276,45.82984615
87085_0250_00018,rue des Arènes,18,,DL0208,1564277.35600000,5182588.93630000,1.25297223,45.82994819
87085_0250_00019,rue des Arènes,19,,DL0146,1564310.97520000,5182576.21610000,1.25340843,45.82984040
87085_0250_00020,rue des Arènes,20,,DL0007,1564269.25970000,5182590.28700000,1.25286767,45.82995875
87085_0250_00021,rue des Arènes,21,,DL0148,1564306.96200000,5182575.60490000,1.25335696,45.82983411
87085_0250_00022,rue des Arènes,22,,DL0224,1564261.57550000,5182591.94670000,1.25276832,45.82997216
87085_0250_00023,rue des Arènes,23,,DL0149,1564302.75420000,5182574.97680000,1.25330299,45.82982763
87085_0250_00024,rue des Arènes,24,,DL0005,1564252.99190000,5182593.89640000,1.25265732,45.82998801
87085_0250_00025,rue des Arènes,25,,DL0150,1564295.93530000,5182574.78090000,1.25321531,45.82982453
87085_0250_00026,rue des Arènes,26,,DL0003,1564243.61010000,5182595.37870000,1.25253617,45.82999949
87085_0250_00027,rue des Arènes,27,,DL0151,1564290.68510000,5182574.72360000,1.25314776,45.82982297
87085_0250_00028,rue des Arènes,28,,DL0003,1564230.42430000,5182596.69320000,1.25236613,45.83000871
87085_0250_00029,rue des Arènes,29,,DL0152,1564285.14240000,5182575.20370000,1.25307630,45.82982620
87085_0250_00031,rue des Arènes,31,,DL0161,1564275.64200000,5182578.60610000,1.25295309,45.82985493
87085_0250_00033,rue des Arènes,33,,DL0162,1564262.60130000,5182581.97050000,1.25278434,45.82988262
87085_0250_00035,rue des Arènes,35,,DL0163,1564251.95410000,5182583.64290000,1.25264686,45.82989556
87085_0250_00037,rue des Arènes,37,,DL0164,1564245.49530000,5182584.44270000,1.25256352,45.82990148
87085_0250_00039,rue des Arènes,39,,DL0165,1564240.92160000,5182584.58970000,1.25250463,45.82990190
87085_0250_00041,rue des Arènes,41,,DL0165,1564235.38590000,5182585.15010000,1.25243323,45.82990585
87085_0255_00003,rue des Argentiers,3,,IK0032,1564379.65040000,5182374.05780000,1.25434916,45.82803542
87085_0255_00004,rue des Argentiers,4,,DL0216,1564384.65340000,5182383.82870000,1.25441078,45.82812430
87085_0255_00005,rue des Argentiers,5,,IK0031,1564369.46890000,5182384.88790000,1.25421510,45.82813083
87085_0255_00009,rue des Argentiers,9,,IK0029,1564351.73550000,5182401.00040000,1.25398237,45.82827228
87085_0255_00015,rue des Argentiers,15,,IK0021,1564321.46870000,5182436.80500000,1.25358280,45.82858839
87085_0255_00017,rue des Argentiers,17,,IK0201,1564310.67370000,5182446.33000000,1.25344121,45.82867194
87085_0255_00022,rue des Argentiers,22,,DL0227,1564330.73610000,5182442.46040000,1.25370046,45.82864109
87085_0255_00029,rue des Argentiers,29,,IK0200,1564285.54570000,5182463.91580000,1.25311291,45.82882518
87085_0255_00032,rue des Argentiers,32,,DL0226,1564274.72210000,5182487.74750000,1.25296691,45.82903742
87085_0255_00044,rue des Argentiers,44,,DL0156,1564211.65910000,5182524.92850000,1.25214493,45.82935944
87085_0255_00048,rue des Argentiers,48,,DL0169,1564192.71660000,5182537.05170000,1.25189776,45.82946475
87085_0255_00050,rue des Argentiers,50,,DL0170,1564183.39940000,5182543.18200000,1.25177613,45.82951806
87085_0290_00002,rue des Arts,2,,BD0105,1564041.16740000,5183309.09490000,1.24972931,45.83637978
87085_0290_00003,rue des Arts,3,,DH0044,1564038.65930000,5183285.37110000,1.24970374,45.83616587
87085_0290_00004,rue des Arts,4,,BD0106,1564037.06040000,5183303.89210000,1.24967792,45.83633216
87085_0290_00005,rue des Arts,5,,DH0044,1564029.06890000,5183273.45240000,1.24958369,45.83605676
87085_0290_00006,rue des Arts,6,,BD0107,1564032.25540000,5183297.86760000,1.24961779,45.83627702
87085_0290_00007,rue des Arts,7,,DH0044,1564017.75460000,5183259.17000000,1.24944212,45.83592605
87085_0290_00007_bis,rue des Arts,7,bis,DH0044,1564036.02140000,5183227.95030000,1.24968603,45.83564882
87085_0290_00008,rue des Arts,8,,BD0108,1564027.29500000,5183291.62840000,1.24955572,45.83621991
87085_0290_00009,rue des Arts,9,,DH0044,1564006.10680000,5183244.59570000,1.24929635,45.83579264
87085_0290_00010,rue des Arts,10,,BD0109,1564023.15210000,5183286.64390000,1.24950381,45.83617426
87085_0290_00011,rue des Arts,11,,DH0046,1563995.61190000,5183231.43380000,1.24916501,45.83567216
87085_0290_00012,rue des Arts,12,,BD0110,1564019.16500000,5183281.35090000,1.24945400,45.83612585
87085_0290_00013,rue des Arts,13,,DH0047,1563990.42620000,5183224.83290000,1.24910014,45.83561176
87085_0290_00014,rue des Arts,14,,BD0111,1564014.82520000,5183276.30200000,1.24939958,45.83607958
87085_0290_00015,rue des Arts,15,,DH0329,1563983.88790000,5183216.53800000,1.24901835,45.83553585
87085_0290_00016,rue des Arts,16,,BD0112,1564009.64070000,5183269.55470000,1.24933476,45.83601786
87085_0290_00017,rue des Arts,17,,DH0049,1563977.52290000,5183207.81890000,1.24893890,45.83545616
87085_0290_00018,rue des Arts,18,,BD0117,1564003.65900000,5183261.62290000,1.24926003,45.83594532
87085_0290_00020,rue des Arts,20,,BD0118,1563998.34780000,5183254.99070000,1.24919355,45.83588461
87085_0290_00021,rue des Arts,21,,DH0051,1563962.99090000,5183189.85250000,1.24875697,45.83529167
87085_0290_00022,rue des Arts,22,,BD0122,1563992.54870000,5183248.21260000,1.24912084,45.83582249
87085_0290_00023,rue des Arts,23,,DH0052,1563955.92820000,5183181.62450000,1.24866841,45.83521625
87085_0290_00024,rue des Arts,24,,BD0123,1563987.51600000,5183241.13500000,1.24905808,45.83575783
87085_0290_00025,rue des Arts,25,,DH0053,1563951.43760000,5183175.51930000,1.24861235,45.83516044
87085_0290_00026,rue des Arts,26,,BD0262,1563983.71820000,5183236.45620000,1.24901053,45.83571499
87085_0290_00030,rue des Arts,30,,BD0125,1563975.36050000,5183225.63290000,1.24890603,45.83561598
87085_0290_00032,rue des Arts,32,,BD0258,1563970.50770000,5183219.93790000,1.24884519,45.83556379
87085_0290_00034,rue des Arts,34,,BD0259,1563965.21550000,5183213.47140000,1.24877891,45.83550457
87085_0290_00036,rue des Arts,36,,BD0127,1563959.58460000,5183206.31020000,1.24870848,45.83543904
87085_0290_00038,rue des Arts,38,,BD0129,1563955.38600000,5183200.65110000,1.24865605,45.83538730
87085_0290_00040,rue des Arts,40,,BD0130,1563949.76300000,5183193.88490000,1.24858560,45.83532532
87085_0290_00042,rue des Arts,42,,BD0131,1563942.59890000,5183184.71190000,1.24849600,45.83524139
87085_0300_00021,rue des Audouines,21,,CN0187,1566331.55120000,5184263.95080000,1.27893981,45.84541833
87085_0300_00024,rue des Audouines,24,,CN0453,1566336.30350000,5184252.03070000,1.27900430,45.84531202
87085_0300_00026,rue des Audouines,26,,CN0177,1566345.22890000,5184255.05220000,1.27911834,45.84534094
87085_0300_00028,rue des Audouines,28,,CN0621,1566354.29160000,5184257.91430000,1.27923420,45.84536844
87085_0300_00029,rue des Audouines,29,,CN0144,1566384.84900000,5184279.68130000,1.27962146,45.84557019
87085_0300_00031,rue des Audouines,31,,CN0145,1566395.13880000,5184281.72740000,1.27975334,45.84559060
87085_0300_00032,rue des Audouines,32,,CN0543,1566366.48210000,5184261.17020000,1.27939020,45.84540010
87085_0300_00033,rue des Audouines,33,,CN0146,1566402.66600000,5184282.88820000,1.27984991,45.84560250
87085_0300_00034,rue des Audouines,34,,CN0180,1566379.04280000,5184263.63160000,1.27955119,45.84542469
87085_0300_00035,rue des Audouines,35,,CN0710,1566411.13390000,5184284.16600000,1.27995855,45.84561564
87085_0300_00037,rue des Audouines,37,,CN0148,1566416.77980000,5184284.99700000,1.28003099,45.84562421
87085_0300_00039,rue des Audouines,39,,CN0149,1566421.13890000,5184285.68270000,1.28008691,45.84563123
87085_0300_00041,rue des Audouines,41,,CN0544,1566424.24230000,5184286.03340000,1.28012675,45.84563499
87085_0300_00043,rue des Audouines,43,,CN0151,1566427.94340000,5184286.66070000,1.28017422,45.84564135
87085_0300_00045,rue des Audouines,45,,CN0152,1566431.67460000,5184287.06920000,1.28022213,45.84564575
87085_0316_00001,rue des Aulnes,1,,NI0284,1561711.76660000,5181069.31190000,1.22039572,45.81576732
87085_0316_00002,rue des Aulnes,2,,NI0286,1561717.85990000,5181096.58910000,1.22046627,45.81601392
87085_0316_00003,rue des Aulnes,3,,NI0284,1561696.78880000,5181071.62870000,1.22020237,45.81578515
87085_0316_00004,rue des Aulnes,4,,NI0286,1561736.43820000,5181110.40680000,1.22070130,45.81614195
87085_0316_00005,rue des Aulnes,5,,NI0284,1561698.74880000,5181080.43560000,1.22022506,45.81586477
87085_0316_00006,rue des Aulnes,6,,NI0286,1561748.79790000,5181114.17600000,1.22085922,45.81617834
87085_0316_00007,rue des Aulnes,7,,NI0284,1561702.51680000,5181088.67350000,1.22027116,45.81593963
87085_0316_00009,rue des Aulnes,9,,NI0285,1561716.34000000,5181102.79190000,1.22044493,45.81606941
87085_0316_00011,rue des Aulnes,11,,NI0285,1561717.58540000,5181117.23440000,1.22045680,45.81619958
87085_0316_00015,rue des Aulnes,15,,NI0285,1561728.25220000,5181120.15310000,1.22059319,45.81622798
87085_0316_00017,rue des Aulnes,17,,NI0285,1561755.87690000,5181121.54540000,1.22094817,45.81624606
87085_0316_00019,rue des Aulnes,19,,NI0285,1561760.66220000,5181121.00660000,1.22100989,45.81624217
87085_4865_00001,rue de Sauviat,1,,BE0284,1564049.33250000,5183779.35300000,1.24970137,45.84061163
87085_4865_00003,rue de Sauviat,3,,BE0286,1564043.24200000,5183773.20820000,1.24962472,45.84055515
87085_4865_00004,rue de Sauviat,4,,BE0029,1564041.39670000,5183790.75320000,1.24959601,45.84071261
87085_4865_00005,rue de Sauviat,5,,BE0287,1564037.51350000,5183767.56650000,1.24955259,45.84050326
87085_4865_00006,rue de Sauviat,6,,BE0028,1564033.76310000,5183783.07000000,1.24949994,45.84064199
87085_4865_00007,rue de Sauviat,7,,BE0288,1564030.67550000,5183761.76250000,1.24946623,45.84044970
87085_4865_00008,rue de Sauviat,8,,BE0027,1564028.59480000,5183777.97380000,1.24943486,45.84059512
87085_4865_00009,rue de Sauviat,9,,BE0305,1564022.85270000,5183753.10670000,1.24936799,45.84037029
87085_4865_00010,rue de Sauviat,10,,BE0026,1564023.19660000,5183772.26150000,1.24936700,45.84054267
87085_4865_00011,rue de Sauviat,11,,BE0306,1564001.11770000,5183736.61810000,1.24909292,45.84021767
87085_4865_00012,rue de Sauviat,12,,BE0025,1564017.92870000,5183767.00540000,1.24930069,45.84049434
87085_4865_00013,rue de Sauviat,13,,BE0307,1563991.22730000,5183734.40280000,1.24896626,45.84019578
87085_4865_00014,rue de Sauviat,14,,BE0024,1564009.36950000,5183758.77560000,1.24919286,45.84041862
87085_4865_00015,rue de Sauviat,15,,BE0308,1563982.65130000,5183732.92390000,1.24885630,45.84018078
87085_4865_00016,rue de Sauviat,16,,BE0023,1563998.49320000,5183750.59450000,1.24905519,45.84034287
87085_4865_00017,rue de Sauviat,17,,BE0309,1563970.00910000,5183730.77410000,1.24869420,45.84015895
87085_4865_00018,rue de Sauviat,18,,BE0022,1563990.12400000,5183747.81860000,1.24894826,45.84031625
87085_4865_00019,rue de Sauviat,19,,BE0320,1563950.67810000,5183728.45760000,1.24844606,45.84013428
87085_4865_00020,rue de Sauviat,20,,BE0021,1563982.82620000,5183745.59130000,1.24885497,45.84029477
87085_4865_00021,rue de Sauviat,21,,BE0666,1563940.25860000,5183727.21240000,1.24831231,45.84012102
87085_4865_00022,rue de Sauviat,22,,BE0020,1563972.49010000,5183743.71760000,1.24872247,45.84027587
87085_4865_00023,rue de Sauviat,23,,BE0322,1563929.23400000,5183725.76810000,1.24817083,45.84010585
87085_4865_00024,rue de Sauviat,24,,BE0019,1563964.13780000,5183742.67130000,1.24861527,45.84026481
87085_4865_00026,rue de Sauviat,26,,BE0018,1563955.26990000,5183741.96780000,1.24850133,45.84025672
87085_4865_00027,rue de Sauviat,27,,BE0324,1563902.92320000,5183722.61530000,1.24783310,45.84007228
87085_4865_00027_a,rue de Sauviat,27,a,BE0324,1563917.41990000,5183709.55830000,1.24802337,45.83995769
87085_4865_00027_b,rue de Sauviat,27,b,BE0324,1563922.28120000,5183688.55170000,1.24809189,45.83976969
87085_4865_00027_c,rue de Sauviat,27,c,BE0324,1563927.54580000,5183665.58480000,1.24816614,45.83956413
87085_4865_00028,rue de Sauviat,28,,BE0017,1563947.14740000,5183741.07820000,1.24839705,45.84024711
87085_4865_00029,rue de Sauviat,29,,BE0331,1563876.82030000,5183719.79820000,1.24749795,45.84004177
87085_4865_00030,rue de Sauviat,30,,BE0016,1563937.37900000,5183740.08720000,1.24827161,45.84023627
87085_4865_00031,rue de Sauviat,31,,BE0698,1563863.06520000,5183718.89280000,1.24732117,45.84003090
87085_4865_00031_b,rue de Sauviat,31,b,BE0699,1563858.09100000,5183718.36360000,1.24725730,45.84002516
87085_4865_00032,rue de Sauviat,32,,BE0015,1563930.46430000,5183739.35590000,1.24818282,45.84022832
87085_4865_00033,rue de Sauviat,33,,BE0485,1563853.91420000,5183717.62000000,1.24720376,45.84001764
87085_4865_00034,rue de Sauviat,34,,BE0014,1563923.29920000,5183738.67430000,1.24809080,45.84022077
87085_4865_00035,rue de Sauviat,35,,BE0333,1563846.88290000,5183716.98130000,1.24711344,45.84001050
87085_4865_00036,rue de Sauviat,36,,BE0012,1563914.00210000,5183737.32380000,1.24797152,45.84020678
87085_4865_00037,rue de Sauviat,37,,BE0334,1563834.84080000,5183715.60270000,1.24695885,45.83999572
87085_4865_00038,rue de Sauviat,38,,BE0011,1563905.65540000,5183736.43170000,1.24786435,45.84019710
87085_4865_00040,rue de Sauviat,40,,BE0010,1563894.80650000,5183735.20490000,1.24772507,45.84018392
87085_4865_00042,rue de Sauviat,42,,BE0009,1563885.44980000,5183734.34620000,1.24760489,45.84017434
87085_4865_00044,rue de Sauviat,44,,BE0008,1563875.40040000,5183733.10230000,1.24747590,45.84016117
87085_4865_00046,rue de Sauviat,46,,BE0007,1563865.26960000,5183731.91720000,1.24734585,45.84014850
87085_4865_00048,rue de Sauviat,48,,BE0006,1563858.58480000,5183731.04300000,1.24726007,45.84013931
87085_4865_00050,rue de Sauviat,50,,BE0005,1563850.20270000,5183730.08790000,1.24715246,45.84012906
87085_4865_00052,rue de Sauviat,52,,BE0004,1563840.09670000,5183729.02160000,1.24702269,45.84011747
87085_4867_00001,rue de Savoie,1,,BV0555,1564318.25710000,5185540.90530000,1.25266508,45.85651089
87085_4867_00002,rue de Savoie,2,,BV0037,1564331.84480000,5185553.26660000,1.25283651,45.85662476
87085_4867_00003,rue de Savoie,3,,BV0556,1564319.94900000,5185553.42460000,1.25268332,45.85662384
87085_4867_00004,rue de Savoie,4,,BV0036,1564331.62290000,5185567.00830000,1.25282977,45.85674833
87085_4867_00005,rue de Savoie,5,,BV0558,1564321.89260000,5185571.76300000,1.25270316,45.85678919
87085_4867_00006,rue de Savoie,6,,BV0035,1564333.58340000,5185585.52110000,1.25284979,45.85691525
87085_4867_00007,rue de Savoie,7,,BV0559,1564323.07300000,5185586.47240000,1.25271420,45.85692174
87085_4867_00008,rue de Savoie,8,,BV0034,1564332.37960000,5185604.09150000,1.25282904,45.85708207
87085_4867_00010,rue de Savoie,10,,BV0033,1564322.91530000,5185618.37700000,1.25270316,45.85720871
87085_4867_00012,rue de Savoie,12,,BV0032,1564311.48930000,5185625.54700000,1.25255404,45.85727095
87085_4867_00014,rue de Savoie,14,,BV0025,1564300.07250000,5185627.98660000,1.25240636,45.85729064
87085_4867_00016,rue de Savoie,16,,BV0024,1564287.54400000,5185626.28770000,1.25224555,45.85727288
87085_4867_00018,rue de Savoie,18,,BV0023,1564274.70990000,5185618.70050000,1.25208246,45.85720210
87085_4867_00019,rue de Savoie,19,,BV0566,1564240.82730000,5185579.68650000,1.25165728,45.85684446
87085_4867_00020,rue de Savoie,20,,BV0022,1564264.83780000,5185611.28730000,1.25195746,45.85713346
87085_4867_00021,rue de Savoie,21,,BV0567,1564228.87210000,5185570.34440000,1.25150601,45.85675806
87085_4867_00022,rue de Savoie,22,,BV0021,1564253.86000000,5185602.96150000,1.25181849,45.85705640
87085_4867_00026,rue de Savoie,26,,BV0019,1564233.68970000,5185587.01200000,1.25156332,45.85690894
87085_4867_00028,rue de Savoie,28,,BV0017,1564223.31750000,5185579.26690000,1.25143197,45.85683722
87085_4867_00030,rue de Savoie,30,,BV0016,1564213.37230000,5185571.80910000,1.25130605,45.85676817
87085_4867_00032,rue de Savoie,32,,BV0015,1564204.12190000,5185565.88410000,1.25118863,45.85671305
87085_0324_00001,rue des Azalées,1,,LT0191,1567975.71750000,5187427.16600000,1.29923339,45.87419120
87085_0324_00002,rue des Azalées,2,,LT0190,1567969.10740000,5187447.14990000,1.29914277,45.87436970
87085_0324_00003,rue des Azalées,3,,LT0200,1568010.91280000,5187410.23290000,1.29969131,45.87404564
87085_0324_00004,rue des Azalées,4,,LT0189,1567966.06560000,5187433.66400000,1.29910731,45.87424780
87085_0324_00005,rue des Azalées,5,,LT0199,1568025.32520000,5187449.16650000,1.29986621,45.87439864
87085_0324_00006,rue des Azalées,6,,LT0188,1567964.02100000,5187420.65080000,1.29908455,45.87413034
87085_0324_00007,rue des Azalées,7,,LT0198,1568026.63350000,5187467.17360000,1.29987811,45.87456087
87085_0324_00008,rue des Azalées,8,,LT0187,1567969.13420000,5187412.81400000,1.29915256,45.87406083
87085_0324_00009,rue des Azalées,9,,LT0197,1568030.44050000,5187480.02480000,1.29992360,45.87467721
87085_0324_00010,rue des Azalées,10,,LT0186,1567982.11650000,5187410.16800000,1.29932048,45.87403952
87085_0324_00011,rue des Azalées,11,,LT0196,1568036.44610000,5187514.84260000,1.29999137,45.87499157
87085_0324_00012,rue des Azalées,12,,LT0185,1567993.45630000,5187405.54580000,1.29946779,45.87400012
87085_0324_00014,rue des Azalées,14,,LT0184,1568003.33730000,5187401.23160000,1.29959622,45.87396321
87085_0324_00015,rue des Azalées,15,,LT0195,1567996.47460000,5187510.07310000,1.29947791,45.87494099
87085_0324_00016,rue des Azalées,16,,LT0183,1568014.59160000,5187395.71780000,1.29974267,45.87391577
87085_0324_00017,rue des Azalées,17,,LT0194,1567986.39390000,5187490.20030000,1.29935355,45.87476029
87085_0324_00018,rue des Azalées,18,,LT0182,1568018.97290000,5187398.01800000,1.29979846,45.87393730
87085_0324_00019,rue des Azalées,19,,LT0193,1567981.36590000,5187469.34810000,1.29929453,45.87457174
87085_0324_00020,rue des Azalées,20,,LT0181,1568020.68030000,5187408.13300000,1.29981767,45.87402862
87085_0324_00022,rue des Azalées,22,,LT0180,1568024.53840000,5187421.65430000,1.29986364,45.87415100
87085_0324_00024,rue des Azalées,24,,LT0179,1568028.41400000,5187435.23250000,1.29990982,45.87427389
87085_0324_00026,rue des Azalées,26,,LT0178,1568039.28430000,5187461.08480000,1.30004270,45.87450853
87085_0324_00028,rue des Azalées,28,,LT0177,1568042.79310000,5187476.57970000,1.30008363,45.87464859
87085_0324_00030,rue des Azalées,30,,LT0176,1568044.77270000,5187496.86240000,1.30010355,45.87483143
87085_0324_00032,rue des Azalées,32,,LT0175,1568048.34010000,5187513.78460000,1.30014484,45.87498434
87085_0324_00034,rue des Azalées,34,,LT0174,1568047.38960000,5187524.86200000,1.30012955,45.87508380
87085_0324_00036,rue des Azalées,36,,LT0173,1568034.67880000,5187524.81510000,1.29996587,45.87508094
87085_0324_00038,rue des Azalées,38,,LT0172,1568020.44710000,5187524.06720000,1.29978279,45.87507148
87085_0324_00040,rue des Azalées,40,,LT0171,1568006.86390000,5187523.53270000,1.29960801,45.87506406
87085_0324_00042,rue des Azalées,42,,LT0170,1567996.89060000,5187522.96580000,1.29947972,45.87505705
87085_0324_00044,rue des Azalées,44,,LT0169,1567988.45710000,5187519.01520000,1.29937220,45.87501989
87085_0324_00046,rue des Azalées,46,,LT0168,1567983.77260000,5187507.77410000,1.29931496,45.87491787
87085_0324_00048,rue des Azalées,48,,LT0167,1567980.27300000,5187492.93200000,1.29927397,45.87478368
87085_0324_00050,rue des Azalées,50,,LT0166,1567977.11280000,5187480.09690000,1.29923680,45.87466762
87085_0395_00001,rue des Basses Palisses,1,,HV0178,1564734.53040000,5181854.14020000,1.25906183,45.82342833
87085_0395_00003,rue des Basses Palisses,3,,HV0176,1564726.61040000,5181839.62420000,1.25896401,45.82329620
87085_0395_00004,rue des Basses Palisses,4,,HV0146,1564729.30210000,5181862.12140000,1.25899232,45.82349910
87085_0395_00005,rue des Basses Palisses,5,,HV0175,1564721.99320000,5181831.09180000,1.25890700,45.82321854
87085_0395_00006,rue des Basses Palisses,6,,HV0147,1564724.48960000,5181853.40810000,1.25893285,45.82341977
87085_0395_00009,rue des Basses Palisses,9,,HV0174,1564713.58070000,5181815.65330000,1.25880311,45.82307800
87085_0395_00010,rue des Basses Palisses,10,,HV0148,1564717.63890000,5181839.29310000,1.25884867,45.82329145
87085_0395_00011,rue des Basses Palisses,11,,HV0173,1564709.79530000,5181809.19750000,1.25875622,45.82301918
87085_0395_00012,rue des Basses Palisses,12,,HV0149,1564709.16290000,5181825.29210000,1.25874356,45.82316384
87085_0395_00013,rue des Basses Palisses,13,,HV0172,1564704.50810000,5181800.86360000,1.25869054,45.82294318
87085_0395_00014,rue des Basses Palisses,14,,HV0150,1564703.40580000,5181815.31670000,1.25867229,45.82307297
87085_0395_00015,rue des Basses Palisses,15,,HV0171,1564698.94650000,5181792.08770000,1.25862145,45.82286314
87085_0395_00016,rue des Basses Palisses,16,,HV0151,1564695.69720000,5181803.28900000,1.25857649,45.82296326
87085_0395_00017,rue des Basses Palisses,17,,HV0170,1564693.78900000,5181783.91030000,1.25855739,45.82278856
87085_0395_00020,rue des Basses Palisses,20,,HV0152,1564685.16620000,5181786.56070000,1.25844570,45.82281071
87085_0395_00021,rue des Basses Palisses,21,,HV0705,1564680.79550000,5181763.15760000,1.25839605,45.82259932
87085_0395_00023,rue des Basses Palisses,23,,HV0154,1564677.21850000,5181757.82860000,1.25835153,45.82255068
87085_0395_00027,rue des Basses Palisses,27,,HV0155,1564665.68760000,5181736.25390000,1.25820924,45.82235434
87085_0395_00028,rue des Basses Palisses,28,,HV0153,1564664.13480000,5181752.98930000,1.25818456,45.82250457
87085_0395_00029,rue des Basses Palisses,29,,HV0156,1564665.35420000,5181728.76720000,1.25820706,45.82228692
87085_0395_00031,rue des Basses Palisses,31,,HV0157,1564664.82480000,5181718.54630000,1.25820313,45.82219488
87085_0395_00033,rue des Basses Palisses,33,,HV0158,1564664.48180000,5181704.10610000,1.25820278,45.82206491
87085_0395_00035,rue des Basses Palisses,35,,HV0753,1564664.06270000,5181693.15040000,1.25820047,45.82196627
87085_0395_00036,rue des Basses Palisses,36,,HV0261,1564669.17390000,5181658.55740000,1.25827596,45.82165609
87085_0395_00040,rue des Basses Palisses,40,,HV0593,1564678.40530000,5181634.49660000,1.25840150,45.82144147
87085_0395_00041,rue des Basses Palisses,41,,HV0160,1564677.03490000,5181662.12840000,1.25837610,45.82168976
87085_0395_00042,rue des Basses Palisses,42,,HV0638,1564682.55610000,5181578.99710000,1.25847052,45.82094303
87085_0395_00043,rue des Basses Palisses,43,,HV0161,1564682.38110000,5181652.11920000,1.25844770,45.82160078
87085_0395_00045,rue des Basses Palisses,45,,HV0162,1564686.58310000,5181644.26120000,1.25850397,45.82153092
87085_0395_00047,rue des Basses Palisses,47,,HV0260,1564694.73720000,5181635.33400000,1.25861139,45.82145222
87085_0395_00049,rue des Basses Palisses,49,,HV0257,1564688.61510000,5181626.10290000,1.25853523,45.82136797
87085_0395_00051,rue des Basses Palisses,51,,HV0256,1564687.60960000,5181613.74340000,1.25852577,45.82125659
87085_0395_00053,rue des Basses Palisses,53,,HV0255,1564686.72390000,5181604.96980000,1.25851684,45.82117749
87085_0395_00055,rue des Basses Palisses,55,,HV0254,1564689.73900000,5181589.66520000,1.25855994,45.82104041
87085_0395_00057,rue des Basses Palisses,57,,HV0253,1564695.12020000,5181576.11990000,1.25863298,45.82091962
87085_0395_00059,rue des Basses Palisses,59,,HV0488,1564699.56600000,5181563.81530000,1.25869364,45.82080981
87085_0395_00061,rue des Basses Palisses,61,,HV0489,1564702.82010000,5181551.86250000,1.25873887,45.82070293
87085_0395_00063,rue des Basses Palisses,63,,HV0246,1564704.75760000,5181544.69450000,1.25876582,45.82063883
87085_0395_00067,rue des Basses Palisses,67,,HV0534,1564754.70740000,5181477.34480000,1.25942740,45.82004280
87085_0510_00002,rue des Belges,2,,BH0794,1563789.32590000,5183644.35700000,1.24639325,45.83934581
87085_0510_00006,rue des Belges,6,,BH0360,1563774.65620000,5183638.36570000,1.24620615,45.83928901
87085_0510_00007,rue des Belges,7,,BH0374,1563775.15180000,5183624.36830000,1.24621650,45.83916319
87085_0510_00010,rue des Belges,10,,BH0371,1563757.70000000,5183631.24750000,1.24598994,45.83922162
87085_0510_00015,rue des Belges,15,,BH0375,1563750.97150000,5183614.46920000,1.24590810,45.83906935
87085_0510_00016,rue des Belges,16,,BH0370,1563736.92480000,5183621.85820000,1.24572523,45.83913304
87085_0510_00018,rue des Belges,18,,BH0369,1563727.75560000,5183617.94320000,1.24560833,45.83909600
87085_0510_00020,rue des Belges,20,,BH0368,1563719.13500000,5183614.24630000,1.24549843,45.83906104
87085_0620_00001,rue des Bleuets,1,,BP0050,1564050.34420000,5184996.82610000,1.24936993,45.85156367
87085_0620_00003,rue des Bleuets,3,,BP0052,1564039.07000000,5184995.07810000,1.24922530,45.85154571
87085_0620_00004,rue des Bleuets,4,,BP0066,1564044.44460000,5185007.03880000,1.24929110,45.85165437
87085_0620_00005,rue des Bleuets,5,,BP0053,1564027.76930000,5184993.67680000,1.24908022,45.85153087
87085_0620_00006,rue des Bleuets,6,,BP0065,1564032.92400000,5185005.62930000,1.24914319,45.85163941
87085_0620_00007,rue des Bleuets,7,,BP0054,1564013.61610000,5184991.67530000,1.24889859,45.85151007
87085_0620_00008,rue des Bleuets,8,,BP0064,1564017.46540000,5185003.50520000,1.24894480,45.85161725
87085_0620_00009,rue des Bleuets,9,,BP0055,1564003.46630000,5184990.38800000,1.24876830,45.85149648
87085_0620_00010,rue des Bleuets,10,,BP0063,1564004.92280000,5185001.97260000,1.24878377,45.85160098
87085_0620_00011,rue des Bleuets,11,,BP0056,1563991.44220000,5184988.64610000,1.24861401,45.85147843
87085_0620_00012,rue des Bleuets,12,,BP0062,1563990.32620000,5184999.85760000,1.24859647,45.85157907
87085_0620_00013,rue des Bleuets,13,,BP0057,1563978.30920000,5184987.00990000,1.24844541,45.85146112
87085_0620_00014,rue des Bleuets,14,,BP0061,1563977.21330000,5184998.16440000,1.24842815,45.85156124
87085_0620_00015,rue des Bleuets,15,,BP0058,1563966.47310000,5184985.20960000,1.24829356,45.85144258
87085_0620_00016,rue des Bleuets,16,,BP0060,1563965.26550000,5184996.43620000,1.24827483,45.85154333
87085_0620_00017,rue des Bleuets,17,,BP0508,1563947.31840000,5184975.67410000,1.24804968,45.85135301
87085_0620_00018,rue des Bleuets,18,,BP0059,1563954.32270000,5184993.95200000,1.24813467,45.85151882
87085_0620_00019,rue des Bleuets,19,,BP0509,1563932.88020000,5184963.75570000,1.24786720,45.85124294
87085_0620_00020,rue des Bleuets,20,,BP0507,1563939.69310000,5184987.47020000,1.24794818,45.85145762
87085_0620_00021,rue des Bleuets,21,,BP0510,1563918.47380000,5184951.40040000,1.24768525,45.85112895
87085_0620_00022,rue des Bleuets,22,,BP0506,1563923.91410000,5184974.88170000,1.24774863,45.85134125
87085_0620_00023,rue des Bleuets,23,,BP0511,1563902.48050000,5184937.45130000,1.24748332,45.85100030
87085_0620_00024,rue des Bleuets,24,,BP0505,1563907.24570000,5184960.45610000,1.24753814,45.85120819
87085_0620_00026,rue des Bleuets,26,,BP0504,1563891.84930000,5184946.99650000,1.24734376,45.85108406
87085_0630_00003,rue des Boers,3,,BS0166,1564832.55560000,5184724.92640000,1.25951579,45.84927201
87085_0630_00005,rue des Boers,5,,BS0167,1564833.01310000,5184734.45200000,1.25951900,45.84935779
87085_0630_00006,rue des Boers,6,,BS0190,1564842.19240000,5184724.27000000,1.25964002,45.84926800
87085_0630_00007,rue des Boers,7,,BS0168,1564832.73450000,5184743.98370000,1.25951273,45.84944348
87085_0630_00008,rue des Boers,8,,BS0189,1564842.45820000,5184733.59720000,1.25964082,45.84935196
87085_0630_00009,rue des Boers,9,,BS0169,1564833.03360000,5184754.46050000,1.25951363,45.84953778
87085_0630_00010,rue des Boers,10,,BS0188,1564842.69260000,5184740.98140000,1.25964176,45.84941843
87085_0630_00011,rue des Boers,11,,BS0170,1564833.09740000,5184762.85160000,1.25951209,45.84961328
87085_0630_00012,rue des Boers,12,,BS0184,1564842.59790000,5184750.39040000,1.25963789,45.84950305
87085_0630_00013,rue des Boers,13,,BS0171,1564833.20000000,5184773.07990000,1.25951054,45.84970531
87085_0630_00014,rue des Boers,14,,BS0183,1564842.89270000,5184758.35740000,1.25963945,45.84957478
87085_0630_00015,rue des Boers,15,,BS0172,1564833.62960000,5184782.11420000,1.25951352,45.84978666
87085_0630_00017,rue des Boers,17,,BS0723,1564834.05230000,5184796.15940000,1.25951501,45.84991309
87085_0630_00018,rue des Boers,18,,BS0179,1564843.28030000,5184782.64260000,1.25963760,45.84979331
87085_0630_00019,rue des Boers,19,,BS0722,1564834.19840000,5184811.17990000,1.25951267,45.85004823
87085_0630_00020,rue des Boers,20,,BS0174,1564843.44380000,5184799.22890000,1.25963504,45.84994255
87085_0630_00021,rue des Boers,21,,BS0148,1564839.10600000,5184815.58210000,1.25957460,45.85008880
87085_0630_00022,rue des Boers,22,,BS0176,1564863.06070000,5184805.86250000,1.25988570,45.85000608
87085_0630_00023,rue des Boers,23,,BS0146,1564848.62610000,5184815.20680000,1.25969726,45.85008730
87085_0630_00025,rue des Boers,25,,BS0145,1564860.22060000,5184815.03760000,1.25984656,45.85008805
87085_0630_00027,rue des Boers,27,,BS0666,1564872.30790000,5184815.15180000,1.26000212,45.85009146
87085_0630_00029,rue des Boers,29,,BS0666,1564886.14030000,5184814.63080000,1.26018033,45.85008949
87085_0825_00001,rue des Camélias,1,,BV0470,1564028.75640000,5185293.66650000,1.24900802,45.85422964
87085_0825_00003,rue des Camélias,3,,BV0469,1564029.05470000,5185312.77130000,1.24900645,45.85440156
87085_0825_00004,rue des Camélias,4,,BV0472,1564035.91920000,5185294.87800000,1.24909988,45.85424195
87085_0825_00005,rue des Camélias,5,,BV0466,1564034.68560000,5185330.94400000,1.24907379,45.85456614
87085_0825_00006,rue des Camélias,6,,BV0473,1564037.02700000,5185314.67190000,1.24910854,45.85442023
87085_0825_00007,rue des Camélias,7,,BV0465,1564043.18990000,5185344.36410000,1.24917948,45.85468855
87085_0825_00008,rue des Camélias,8,,BV0474,1564043.37190000,5185331.42710000,1.24918548,45.85457221
87085_0825_00009,rue des Camélias,9,,BV0461,1564054.44490000,5185354.67950000,1.24932145,45.85478356
87085_0825_00010,rue des Camélias,10,,BV0475,1564056.71920000,5185346.40580000,1.24935307,45.85470959
87085_0825_00011,rue des Camélias,11,,BV0460,1564065.79360000,5185360.81430000,1.24946581,45.85484099
87085_0825_00012,rue des Camélias,12,,BV0476,1564069.12000000,5185354.88160000,1.24951032,45.85478828
87085_0825_00013,rue des Camélias,13,,BV0459,1564075.51840000,5185365.96000000,1.24958955,45.85488920
87085_0825_00014,rue des Camélias,14,,BV0477,1564083.39780000,5185362.87580000,1.24969186,45.85486302
87085_0825_00015,rue des Camélias,15,,BV0454,1564087.72700000,5185373.42450000,1.24974461,45.85495877
87085_0825_00016,rue des Camélias,16,,BV0478,1564099.56930000,5185371.79370000,1.24989752,45.85494644
87085_0825_00017,rue des Camélias,17,,BV0453,1564098.07010000,5185378.79960000,1.24987624,45.85500916
87085_0825_00018,rue des Camélias,18,,BV0479,1564114.62910000,5185380.38600000,1.25008897,45.85502671
87085_0825_00019,rue des Camélias,19,,BV0452,1564106.57480000,5185384.45940000,1.24998413,45.85506176
87085_0825_00020,rue des Camélias,20,,BV0480,1564126.88420000,5185387.25050000,1.25024480,45.85509088
87085_0825_00021,rue des Camélias,21,,BV0451,1564116.07250000,5185389.27010000,1.25010504,45.85510691
87085_0825_00022,rue des Camélias,22,,BV0481,1564142.06400000,5185397.37380000,1.25043735,45.85518494
87085_0825_00023,rue des Camélias,23,,BV0448,1564129.59860000,5185397.19680000,1.25027693,45.85518089
87085_0825_00024,rue des Camélias,24,,BV0482,1564155.07730000,5185408.84890000,1.25060164,45.85529074
87085_0825_00025,rue des Camélias,25,,BV0447,1564139.51530000,5185403.52470000,1.25040280,45.85523977
87085_0825_00027,rue des Camélias,27,,BV0442,1564148.48570000,5185417.44520000,1.25051435,45.85536677
87085_0825_00029,rue des Camélias,29,,BV0442,1564154.18620000,5185435.39520000,1.25058266,45.85552936
87085_0880_00001,rue des Carriers,1,,EV0114,1565772.77170000,5182022.28360000,1.27237340,45.82514428
87085_0880_00002,rue des Carriers,2,,EV0409,1565763.94290000,5182025.02940000,1.27225904,45.82516726
87085_0880_00003,rue des Carriers,3,,EV0113,1565769.78860000,5182017.08530000,1.27233647,45.82509694
87085_0880_00005,rue des Carriers,5,,EV0260,1565767.84610000,5182013.59370000,1.27231245,45.82506515
87085_0880_00005_bis,rue des Carriers,5,bis,EV0112,1565765.57620000,5182009.66700000,1.27228434,45.82502939
87085_0880_00009,rue des Carriers,9,,EV0420,1565762.53830000,5182004.37990000,1.27224673,45.82498123
87085_0880_00010,rue des Carriers,10,,EV0462,1565739.31460000,5181983.59410000,1.27195372,45.82478972
87085_0880_00011,rue des Carriers,11,,EV0079,1565755.19830000,5181990.23460000,1.27215624,45.82485255
87085_0880_00012,rue des Carriers,12,,EV0462,1565728.75800000,5181969.51840000,1.27182182,45.82466104
87085_0880_00014,rue des Carriers,14,,EV0462,1565717.72360000,5181955.37520000,1.27168379,45.82453166
87085_0880_00015,rue des Carriers,15,,EV0081,1565746.53440000,5181978.04940000,1.27204816,45.82474125
87085_0880_00017,rue des Carriers,17,,EV0082,1565741.23090000,5181971.26020000,1.27198182,45.82467914
87085_0880_00018,rue des Carriers,18,,EV0070,1565675.28950000,5181914.77070000,1.27114915,45.82415811
87085_0880_00019,rue des Carriers,19,,EV0083,1565734.43000000,5181961.92320000,1.27189692,45.82459382
87085_0880_00021,rue des Carriers,21,,EV0084,1565727.06730000,5181952.19770000,1.27180490,45.82450490
87085_0880_00023,rue des Carriers,23,,EV0308,1565720.08780000,5181942.99960000,1.27171767,45.82442079
87085_0880_00024,rue des Carriers,24,,EV0069,1565645.52720000,5181914.36630000,1.27076632,45.82414866
87085_0880_00026,rue des Carriers,26,,EV0068,1565633.18920000,5181916.48030000,1.27060698,45.82416526
87085_0880_00028,rue des Carriers,28,,EV0067,1565626.97670000,5181917.68180000,1.27052671,45.82417486
87085_0880_00031,rue des Carriers,31,,EV0088,1565693.48340000,5181916.39640000,1.27138279,45.82417628
87085_0880_00035,rue des Carriers,35,,EV0366,1565660.92380000,5181903.40260000,1.27096748,45.82405304
87085_0880_00043,rue des Carriers,43,,EV0096,1565640.01970000,5181906.69680000,1.27069760,45.82407859
87085_1535_00001,rue Descartes,1,,BO0297,1564170.35760000,5184603.25450000,1.25102612,45.84804700
87085_1535_00002,rue Descartes,2,,BP0465,1564184.99650000,5184613.10650000,1.25121177,45.84813851
87085_1535_00004,rue Descartes,4,,BP0354,1564167.26580000,5184618.05290000,1.25098214,45.84817951
87085_1535_00005,rue Descartes,5,,BO0292,1564155.28080000,5184608.46320000,1.25083058,45.84809087
87085_1535_00005_bis,rue Descartes,5,bis,BO0490,1564144.52520000,5184611.91730000,1.25069116,45.84811982
87085_1535_00006,rue Descartes,6,,BP0355,1564157.63170000,5184621.15110000,1.25085726,45.84820547
87085_1535_00007,rue Descartes,7,,BO0489,1564132.01650000,5184616.07740000,1.25052897,45.84815477
87085_1535_00008_bis,rue Descartes,8,bis,BP0565,1564139.58120000,5184627.57520000,1.25062309,45.84825969
87085_1535_00009,rue Descartes,9,,BO0287,1564123.50180000,5184619.12640000,1.25041850,45.84818051
87085_1535_00009_bis,rue Descartes,9,bis,BO0286,1564113.12450000,5184622.46630000,1.25028398,45.84820851
87085_1535_00010,rue Descartes,10,,BP0360,1564131.64990000,5184630.21570000,1.25052025,45.84828188
87085_1535_00011,rue Descartes,11,,BO0282,1564106.89300000,5184624.58170000,1.25020317,45.84822631
87085_1535_00012,rue Descartes,12,,BP0361,1564123.01700000,5184633.13940000,1.25040830,45.84830647
87085_1535_00013,rue Descartes,13,,BO0281,1564097.69770000,5184627.87840000,1.25008387,45.84825414
87085_1535_00014,rue Descartes,14,,BP0365,1564115.37750000,5184635.60140000,1.25030927,45.84832711
87085_1535_00015,rue Descartes,15,,BO0278,1564088.42320000,5184630.93360000,1.24996363,45.84827979
87085_1535_00016,rue Descartes,16,,BP0366,1564103.76100000,5184639.75010000,1.25015856,45.84836213
87085_1535_00017,rue Descartes,17,,BO0467,1564077.05840000,5184635.01810000,1.24981618,45.84831429
87085_1535_00020,rue Descartes,20,,BP0367,1564086.78350000,5184645.93270000,1.24993828,45.84841439
87085_1535_00022,rue Descartes,22,,BP0369,1564072.25620000,5184650.41070000,1.24975001,45.84845180
87085_1535_00023,rue Descartes,23,,BO0028,1564014.19870000,5184657.29880000,1.24900074,45.84850229
87085_1535_00027,rue Descartes,27,,BO0027,1563984.55400000,5184666.69210000,1.24861649,45.84858092
87085_1535_00028,rue Descartes,28,,BP0372,1564016.55410000,5184668.94270000,1.24902776,45.84860750
87085_1535_00030,rue Descartes,30,,BP0575,1564002.08070000,5184674.17130000,1.24883998,45.84865167
87085_1535_00032,rue Descartes,32,,BP0575,1563993.61020000,5184676.68280000,1.24873023,45.84867258
87085_1535_00033,rue Descartes,33,,BO0564,1563923.68220000,5184676.74260000,1.24783009,45.84865928
87085_1535_00034,rue Descartes,34,,BP0374,1563972.09070000,5184684.26750000,1.24845108,45.84873655
87085_1535_00035,rue Descartes,35,,BO0025,1563913.67500000,5184677.00400000,1.24770120,45.84865965
87085_1535_00036,rue Descartes,36,,BP0376,1563947.14510000,5184689.34930000,1.24812854,45.84877733
87085_1535_00037,rue Descartes,37,,BO0815,1563904.04780000,5184677.27210000,1.24757720,45.84866016
87085_1535_00038,rue Descartes,38,,BP0377,1563935.28700000,5184689.48120000,1.24797586,45.84877617
87085_1535_00039,rue Descartes,39,,BO0446,1563892.89780000,5184677.17290000,1.24743370,45.84865706
87085_1535_00040,rue Descartes,40,,BP0378,1563925.46420000,5184689.31810000,1.24784946,45.84877276
87085_1535_00041,rue Descartes,41,,BO0021,1563882.18320000,5184677.44990000,1.24729570,45.84865743
87085_1535_00042,rue Descartes,42,,BP0379,1563917.29610000,5184689.62750000,1.24774423,45.84877393
87085_1535_00043,rue Descartes,43,,BO0018,1563870.61400000,5184677.76400000,1.24714669,45.84865797
87085_1535_00044,rue Descartes,44,,BP0380,1563908.54940000,5184689.56090000,1.24763166,45.84877160
87085_1535_00045,rue Descartes,45,,BO0017,1563859.05560000,5184677.85800000,1.24699788,45.84865652
87085_1535_00046,rue Descartes,46,,BP0381,1563900.70850000,5184689.52240000,1.24753074,45.84876970
87085_1535_00047,rue Descartes,47,,BO0016,1563849.79680000,5184677.93330000,1.24687868,45.84865537
87085_1535_00048,rue Descartes,48,,BP0382,1563892.27160000,5184689.83100000,1.24742205,45.84877080
87085_1535_00049,rue Descartes,49,,BO0015,1563841.30790000,5184678.00240000,1.24676939,45.84865431
87085_1535_00050,rue Descartes,50,,BP0383,1563883.55400000,5184689.89890000,1.24730982,45.84876969
87085_1535_00051,rue Descartes,51,,BO0014,1563831.14160000,5184678.06050000,1.24663851,45.84865282
87085_1535_00052,rue Descartes,52,,BP0384,1563872.96580000,5184690.05920000,1.24717348,45.84876903
87085_1535_00053,rue Descartes,53,,BO0013,1563819.75060000,5184678.15320000,1.24649186,45.84865139
87085_1535_00054,rue Descartes,54,,BP0385,1563861.89840000,5184690.28250000,1.24703095,45.84876885
87085_1535_00055,rue Descartes,55,,BO0012,1563810.88010000,5184678.16570000,1.24637767,45.84864975
87085_1535_00056,rue Descartes,56,,BP0386,1563848.85810000,5184690.14860000,1.24686313,45.84876506
87085_0898_00003,rue des Cèdres,3,,LO0225,1568208.18040000,5187804.05880000,1.30212364,45.87762621
87085_0898_00004,rue des Cèdres,4,,LO0314,1568236.41050000,5187769.56460000,1.30249669,45.87732133
87085_0898_00005,rue des Cèdres,5,,LO0227,1568219.91800000,5187817.26350000,1.30227119,45.87774725
87085_0898_00006,rue des Cèdres,6,,LO0313,1568243.67410000,5187772.50930000,1.30258943,45.87734921
87085_0898_00007,rue des Cèdres,7,,LO0228,1568226.04530000,5187818.94150000,1.30234964,45.87776352
87085_0898_00008,rue des Cèdres,8,,LO0312,1568250.31870000,5187777.64200000,1.30267360,45.87739666
87085_0898_00009,rue des Cèdres,9,,LO0229,1568233.68740000,5187819.67080000,1.30244786,45.87777155
87085_0898_00010,rue des Cèdres,10,,LO0311,1568253.54100000,5187782.36650000,1.30271380,45.87743978
87085_0898_00012,rue des Cèdres,12,,LO0310,1568255.31660000,5187787.72340000,1.30273520,45.87748831
87085_0898_00014,rue des Cèdres,14,,LO0309,1568256.44250000,5187794.79110000,1.30274776,45.87755210
87085_0898_00015,rue des Cèdres,15,,LO0231,1568250.82470000,5187855.50550000,1.30265874,45.87809719
87085_0898_00016,rue des Cèdres,16,,LO0308,1568255.06370000,5187803.41180000,1.30272763,45.87762938
87085_0898_00017,rue des Cèdres,17,,LO0232,1568249.15070000,5187864.05090000,1.30263483,45.87817374
87085_0898_00018,rue des Cèdres,18,,LO0307,1568250.89170000,5187814.59850000,1.30267083,45.87772922
87085_0898_00019,rue des Cèdres,19,,LO0236,1568248.67740000,5187871.98420000,1.30262656,45.87824501
87085_0898_00020,rue des Cèdres,20,,LO0306,1568251.68720000,5187821.82710000,1.30267909,45.87779439
87085_0898_00021,rue des Cèdres,21,,LO0237,1568248.08640000,5187879.22860000,1.30261696,45.87831007
87085_0898_00022,rue des Cèdres,22,,LO0305,1568255.89610000,5187828.76080000,1.30273140,45.87785757
87085_0898_00023,rue des Cèdres,23,,LO0241,1568249.08960000,5187883.66540000,1.30262866,45.87835017
87085_0898_00024,rue des Cèdres,24,,LO0304,1568259.89480000,5187835.75170000,1.30278098,45.87792123
87085_0898_00025,rue des Cèdres,25,,LO0242,1568255.00630000,5187883.61720000,1.30270488,45.87835087
87085_0898_00026,rue des Cèdres,26,,LO0303,1568264.38700000,5187843.17670000,1.30283680,45.87798888
87085_0898_00027,rue des Cèdres,27,,LO0290,1568262.23210000,5187883.56870000,1.30279796,45.87835182
87085_0898_00029,rue des Cèdres,29,,LO0291,1568270.48790000,5187883.69680000,1.30290425,45.87835456
87085_0898_00030,rue des Cèdres,30,,LO0302,1568286.54590000,5187874.38180000,1.30311362,45.87827384
87085_0898_00032,rue des Cèdres,32,,LO0301,1568293.81920000,5187874.48650000,1.30320727,45.87827618
87085_0898_00033,rue des Cèdres,33,,LO0289,1568288.08370000,5187913.41170000,1.30312272,45.87862523
87085_0898_00034,rue des Cèdres,34,,LO0300,1568302.73480000,5187874.20600000,1.30332217,45.87827536
87085_0898_00035,rue des Cèdres,35,,LO0288,1568289.71520000,5187921.25330000,1.30314158,45.87869609
87085_0898_00036,rue des Cèdres,36,,LO0299,1568310.07830000,5187873.96820000,1.30341682,45.87827463
87085_0898_00037,rue des Cèdres,37,,LO0287,1568290.64180000,5187928.24710000,1.30315159,45.87875918
87085_0898_00038,rue des Cèdres,38,,LO0298,1568315.75280000,5187874.67530000,1.30348970,45.87828208
87085_0898_00039,rue des Cèdres,39,,LO0286,1568291.19890000,5187936.49140000,1.30315650,45.87883345
87085_0898_00040,rue des Cèdres,40,,LO0297,1568317.34310000,5187880.05970000,1.30350871,45.87833082
87085_0898_00041,rue des Cèdres,41,,LO0285,1568291.02860000,5187945.02040000,1.30315197,45.87891014
87085_0898_00042,rue des Cèdres,42,,LO0296,1568317.53650000,5187888.70450000,1.30350883,45.87840862
87085_0898_00043,rue des Cèdres,43,,LO0284,1568289.83860000,5187954.23730000,1.30313411,45.87899282
87085_0898_00044,rue des Cèdres,44,,LO0295,1568317.65590000,5187896.73910000,1.30350816,45.87848092
87085_0898_00045,rue des Cèdres,45,,LO0283,1568287.40860000,5187963.83850000,1.30310018,45.87907873
87085_0898_00046,rue des Cèdres,46,,LO0294,1568317.75120000,5187904.03180000,1.30350739,45.87854654
87085_0898_00048,rue des Cèdres,48,,LO0293,1568317.80540000,5187910.68720000,1.30350626,45.87860642
87085_0898_00050,rue des Cèdres,50,,LO0118,1568303.28830000,5187922.69510000,1.30331599,45.87871166
87085_0898_00051,rue des Cèdres,51,,LO0282,1568271.08650000,5187997.33360000,1.30288077,45.87937691
87085_0898_00052,rue des Cèdres,52,,LO0119,1568302.64200000,5187929.27830000,1.30330586,45.87877075
87085_0898_00053,rue des Cèdres,53,,LO0281,1568256.83810000,5188009.86530000,1.30269382,45.87948691
87085_0898_00054,rue des Cèdres,54,,LO0120,1568302.90840000,5187937.79440000,1.30330696,45.87884741
87085_0898_00055,rue des Cèdres,55,,LO0280,1568249.37690000,5188009.89300000,1.30259771,45.87948572
87085_0898_00056,rue des Cèdres,56,,LO0121,1568302.56860000,5187946.13250000,1.30330029,45.87892235
87085_0898_00057,rue des Cèdres,57,,LO0279,1568241.34300000,5188009.88020000,1.30249424,45.87948407
87085_0898_00058,rue des Cèdres,58,,LO0122,1568301.28350000,5187954.54300000,1.30328143,45.87899777
87085_0898_00059,rue des Cèdres,59,,LO0278,1568233.79540000,5188009.81100000,1.30239705,45.87948200
87085_0898_00060,rue des Cèdres,60,,LO0123,1568299.99250000,5187961.45000000,1.30326291,45.87905965
87085_0898_00061,rue des Cèdres,61,,LO0277,1568227.81330000,5188009.74770000,1.30232002,45.87948028
87085_0898_00063,rue des Cèdres,63,,LO0276,1568225.02420000,5188011.52590000,1.30228361,45.87949574
87085_0898_00065,rue des Cèdres,65,,LO0275,1568221.32480000,5188016.86850000,1.30223450,45.87954309
87085_0898_00066,rue des Cèdres,66,,LO0126,1568280.37860000,5188001.88990000,1.30299920,45.87941968
87085_0898_00067,rue des Cèdres,67,,LO0274,1568216.80400000,5188023.26560000,1.30217452,45.87959977
87085_0898_00068,rue des Cèdres,68,,LO0127,1568275.41440000,5188007.63230000,1.30293368,45.87947038
87085_0898_00069,rue des Cèdres,69,,LO0273,1568211.99090000,5188030.21120000,1.30211062,45.87966133
87085_0898_00070,rue des Cèdres,70,,LO0128,1568270.41950000,5188012.84500000,1.30286792,45.87951631
87085_0898_00071,rue des Cèdres,71,,LO0272,1568206.97960000,5188037.08450000,1.30204419,45.87972220
87085_0898_00073,rue des Cèdres,73,,LO0271,1568211.12860000,5188043.73520000,1.30209580,45.87978282
87085_0898_00074,rue des Cèdres,74,,LO0129,1568249.02100000,5188038.41990000,1.30258530,45.87974227
87085_0898_00076,rue des Cèdres,76,,LO0130,1568253.52150000,5188043.09190000,1.30264198,45.87978516
87085_0898_00077,rue des Cèdres,77,,LO0270,1568202.55950000,5188078.11550000,1.30197599,45.88009045
87085_0898_00078,rue des Cèdres,78,,LO0131,1568251.70770000,5188047.13400000,1.30261751,45.87982118
87085_0898_00079,rue des Cèdres,79,,LO0269,1568199.16210000,5188082.70540000,1.30193097,45.88013109
87085_0898_00080,rue des Cèdres,80,,LO0132,1568246.68790000,5188051.49140000,1.30255166,45.87985941
87085_0898_00081,rue des Cèdres,81,,LO0268,1568194.37250000,5188086.84520000,1.30186815,45.88016741
87085_0898_00082,rue des Cèdres,82,,LO0133,1568241.30080000,5188056.11000000,1.30248101,45.87989993
87085_0898_00083,rue des Cèdres,83,,LO0267,1568188.03590000,5188089.59330000,1.30178578,45.88019092
87085_0898_00084,rue des Cèdres,84,,LO0134,1568236.81050000,5188060.18940000,1.30242205,45.87993576
87085_0898_00086,rue des Cèdres,86,,LO0135,1568222.35580000,5188060.48930000,1.30223580,45.87993569
87085_0898_00087,rue des Cèdres,87,,LO0266,1568155.65250000,5188078.92620000,1.30137162,45.88008875
87085_0898_00088,rue des Cèdres,88,,LO0136,1568218.83790000,5188067.54560000,1.30218855,45.87999849
87085_0898_00089,rue des Cèdres,89,,LO0265,1568149.68210000,5188074.77780000,1.30129586,45.88005028
87085_0898_00090,rue des Cèdres,90,,LO0137,1568214.11510000,5188077.31170000,1.30212504,45.88008544
87085_0898_00091,rue des Cèdres,91,,LO0264,1568148.84660000,5188060.84760000,1.30128893,45.87992481
87085_0898_00092,rue des Cèdres,92,,LO0138,1568208.71200000,5188086.49070000,1.30205293,45.88016697
87085_0898_00093,rue des Cèdres,93,,LO0263,1568144.76030000,5188056.15760000,1.30123759,45.87988184
87085_0898_00094,rue des Cèdres,94,,LO0139,1568203.07760000,5188092.38120000,1.30197875,45.88021888
87085_0898_00095,rue des Cèdres,95,,LO0262,1568140.45220000,5188051.28930000,1.30118344,45.87983722
87085_0898_00096,rue des Cèdres,96,,LO0140,1568195.99050000,5188096.73670000,1.30188627,45.88025670
87085_0898_00097,rue des Cèdres,97,,LO0261,1568137.40270000,5188047.95800000,1.30114508,45.87980666
87085_0898_00099,rue des Cèdres,99,,LO0179,1568131.64730000,5188038.78580000,1.30107347,45.87972305
87085_0898_00101,rue des Cèdres,101,,LO0178,1568129.23890000,5188052.18130000,1.30103877,45.87984309
87085_0898_00102,rue des Cèdres,102,,LO0170,1568157.62780000,5188091.19440000,1.30139369,45.88019948
87085_0898_00103,rue des Cèdres,103,,LO0177,1568124.59860000,5188056.41840000,1.30097784,45.87988031
87085_0898_00104,rue des Cèdres,104,,LO0171,1568145.95170000,5188084.69990000,1.30124509,45.88013882
87085_0898_00106,rue des Cèdres,106,,LO0172,1568138.09060000,5188080.28290000,1.30114506,45.88009758
87085_0898_00108,rue des Cèdres,108,,LO0173,1568131.34730000,5188076.61110000,1.30105921,45.88006326
87085_0898_00110,rue des Cèdres,110,,LO0174,1568124.20450000,5188072.68930000,1.30096829,45.88002661
87085_0898_00112,rue des Cèdres,112,,LO0175,1568117.21550000,5188068.75340000,1.30087936,45.87998986
87085_0898_00114,rue des Cèdres,114,,LO0176,1568106.38260000,5188062.80760000,1.30074147,45.87993429
87085_0920_00001,rue des Cévennes,1,,BV0211,1564717.01990000,5185743.31030000,1.25774177,45.85841022
87085_0920_00003,rue des Cévennes,3,,BV0210,1564709.18140000,5185743.72010000,1.25764074,45.85841237
87085_0920_00005,rue des Cévennes,5,,BV0206,1564699.47640000,5185744.26900000,1.25751563,45.85841539
87085_0920_00007,rue des Cévennes,7,,BV0205,1564688.98780000,5185744.35430000,1.25738057,45.85841410
87085_0920_00009,rue des Cévennes,9,,BV0204,1564677.42140000,5185744.71010000,1.25723156,45.85841502
87085_0920_00011,rue des Cévennes,11,,BV0203,1564666.19300000,5185745.11740000,1.25708689,45.85841647
87085_0920_00013,rue des Cévennes,13,,BV0202,1564656.43460000,5185745.54270000,1.25696113,45.85841838
87085_0920_00015,rue des Cévennes,15,,BV0201,1564646.10730000,5185745.78670000,1.25682811,45.85841854
87085_0920_00016,rue des Cévennes,16,,BV0644,1564629.99130000,5185757.76590000,1.25661720,45.85852310
87085_0920_00017,rue des Cévennes,17,,BV0200,1564631.50130000,5185746.16300000,1.25663995,45.85841905
87085_0920_00018,rue des Cévennes,18,,BV0643,1564615.06490000,5185761.34890000,1.25642406,45.85855242
87085_0920_00019,rue des Cévennes,19,,BV0199,1564621.01650000,5185746.71830000,1.25650481,45.85842198
87085_0920_00020,rue des Cévennes,20,,BV0152,1564606.58840000,5185766.06750000,1.25631360,45.85859319
87085_0920_00021,rue des Cévennes,21,,BV0198,1564609.29010000,5185747.07710000,1.25635374,45.85842290
87085_0920_00022,rue des Cévennes,22,,BV0153,1564595.52470000,5185772.77540000,1.25616927,45.85865136
87085_0920_00023,rue des Cévennes,23,,BV0197,1564598.21980000,5185747.24960000,1.25621116,45.85842227
87085_0920_00024,rue des Cévennes,24,,BV0154,1564583.97790000,5185779.22890000,1.25601879,45.85870713
87085_0920_00025,rue des Cévennes,25,,BV0196,1564583.09780000,5185742.87980000,1.25601771,45.85837998
87085_0920_00026,rue des Cévennes,26,,BV0128,1564573.12820000,5185784.86760000,1.25587752,45.85875572
87085_0920_00027,rue des Cévennes,27,,BV0195,1564566.40500000,5185743.63550000,1.25580258,45.85838349
87085_0920_00028,rue des Cévennes,28,,BV0127,1564561.73260000,5185791.46980000,1.25572894,45.85881287
87085_0920_00030,rue des Cévennes,30,,BV0125,1564546.53970000,5185799.17210000,1.25553117,45.85887916
87085_0920_00032,rue des Cévennes,32,,BV0122,1564531.81600000,5185805.23270000,1.25533989,45.85893078
87085_0920_00033,rue des Cévennes,33,,BV0157,1564551.60110000,5185757.03140000,1.25560821,45.85850108
87085_0920_00034,rue des Cévennes,34,,BV0121,1564517.62190000,5185807.42260000,1.25515653,45.85894768
87085_0920_00035,rue des Cévennes,35,,BV0158,1564552.08370000,5185765.25280000,1.25561211,45.85857513
87085_0920_00036,rue des Cévennes,36,,BV0118,1564502.07520000,5185805.88090000,1.25495681,45.85893074
87085_0920_00037,rue des Cévennes,37,,BV0159,1564538.21670000,5185790.75100000,1.25542639,45.85880177
87085_0920_00038,rue des Cévennes,38,,BV0114,1564488.67890000,5185801.88470000,1.25478546,45.85889216
87085_0920_00039,rue des Cévennes,39,,BV0160,1564524.92820000,5185795.20250000,1.25525405,45.85883919
87085_0920_00040,rue des Cévennes,40,,BV0113,1564477.65240000,5185794.93150000,1.25464546,45.85882743
87085_0920_00041,rue des Cévennes,41,,BV0161,1564513.39680000,5185796.15090000,1.25510532,45.85884545
87085_0920_00042,rue des Cévennes,42,,BV0110,1564465.43600000,5185784.09820000,1.25449124,45.85872757
87085_0920_00043,rue des Cévennes,43,,BV0162,1564501.58510000,5185794.58640000,1.25495369,45.85882905
87085_0920_00044,rue des Cévennes,44,,BV0106,1564454.61340000,5185767.26770000,1.25435665,45.85857404
87085_0920_00045,rue des Cévennes,45,,BV0163,1564489.48180000,5185789.53350000,1.25479929,45.85878121
87085_0920_00046,rue des Cévennes,46,,BV0105,1564451.65500000,5185756.45360000,1.25432162,45.85847618
87085_0920_00048,rue des Cévennes,48,,BV0104,1564450.07290000,5185742.84980000,1.25430509,45.85835349
87085_0920_00050,rue des Cévennes,50,,BV0103,1564451.08580000,5185729.78920000,1.25432182,45.85823620
87085_0920_00052,rue des Cévennes,52,,BV0102,1564455.29110000,5185717.19380000,1.25437951,45.85812373
87085_0920_00054,rue des Cévennes,54,,BV0101,1564461.20780000,5185705.67180000,1.25445894,45.85802125
87085_0920_00056,rue des Cévennes,56,,BV0082,1564470.53620000,5185694.13600000,1.25458229,45.85791932
87085_0920_00058,rue des Cévennes,58,,BV0080,1564484.44580000,5185684.73990000,1.25476402,45.85783754
87085_0920_00060,rue des Cévennes,60,,BV0079,1564497.35750000,5185679.50710000,1.25493172,45.85779301
87085_0920_00061,rue des Cévennes,61,,BV0179,1564516.52480000,5185685.90420000,1.25517669,45.85785434
87085_0920_00062,rue des Cévennes,62,,BV0078,1564508.77800000,5185676.47680000,1.25507961,45.85776800
87085_0920_00063,rue des Cévennes,63,,BV0193,1564530.26720000,5185697.54220000,1.25535033,45.85796173
87085_0920_00064,rue des Cévennes,64,,BV0077,1564526.37210000,5185672.20400000,1.25530733,45.85773304
87085_0920_00065,rue des Cévennes,65,,BV0192,1564541.65180000,5185696.23490000,1.25549727,45.85795222
87085_0920_00066,rue des Cévennes,66,,BV0076,1564540.96350000,5185668.25100000,1.25549630,45.85770035
87085_0920_00067,rue des Cévennes,67,,BV0191,1564550.83640000,5185695.36270000,1.25561576,45.85794618
87085_0920_00068,rue des Cévennes,68,,BV0075,1564555.39460000,5185664.81380000,1.25568306,45.85767228
87085_0920_00069,rue des Cévennes,69,,BV0190,1564561.40770000,5185693.97050000,1.25575225,45.85793574
87085_0920_00071,rue des Cévennes,71,,BV0189,1564570.93330000,5185692.62980000,1.25587527,45.85792556
87085_0920_00073,rue des Cévennes,73,,BV0188,1564580.72990000,5185692.05420000,1.25600155,45.85792231
87085_1045_00002,rue des Charseix,2,,EH0117,1565097.18660000,5182447.34950000,1.26356150,45.82883584
87085_1045_00003,rue des Charseix,3,,DZ0321,1565074.04510000,5182424.89540000,1.26327002,45.82862931
87085_1045_00004,rue des Charseix,4,,EH0118,1565082.69780000,5182441.22780000,1.26337678,45.82877793
87085_1045_00004_bis,rue des Charseix,4,bis,EH0118,1565067.50720000,5182434.93970000,1.26318308,45.82871838
87085_1045_00006,rue des Charseix,6,,EH0121,1565057.94060000,5182431.12390000,1.26306105,45.82868218
87085_1045_00006_bis,rue des Charseix,6,bis,EH0122,1565040.38370000,5182423.80300000,1.26283719,45.82861288
87085_1045_00006_ter,rue des Charseix,6,ter,EH0122,1565031.43210000,5182420.84680000,1.26272283,45.82858453
87085_1045_00014,rue des Charseix,14,,EH0137,1564976.78210000,5182397.44010000,1.26202619,45.82836324
87085_1045_00018,rue des Charseix,18,,EH0138,1564963.26980000,5182391.45710000,1.26185400,45.82830677
87085_1140_00010_bis,rue des Clairettes,10,bis,DL0112,1564424.17870000,5182508.63960000,1.25488418,45.82925484
87085_1140_00013,rue des Clairettes,13,,DL0227,1564374.54230000,5182544.74200000,1.25423529,45.82956981
87085_1140_00014,rue des Clairettes,14,,DL0108,1564408.24030000,5182528.16240000,1.25467358,45.82942732
87085_1140_00014_bis,rue des Clairettes,14,bis,DL0176,1564402.09100000,5182536.33940000,1.25459215,45.82949966
87085_1140_00016,rue des Clairettes,16,,DL0106,1564398.22490000,5182540.45620000,1.25454124,45.82953593
87085_1140_00018,rue des Clairettes,18,,DL0104,1564392.05750000,5182546.40500000,1.25446020,45.82958823
87085_1140_00018_bis,rue des Clairettes,18,bis,DL0104,1564389.83500000,5182547.83380000,1.25443100,45.82960100
87085_1140_00018_ter,rue des Clairettes,18,ter,DL0104,1564387.85060000,5182549.18320001,1.25440500,45.82961200
87085_1140_00020,rue des Clairettes,20,,DL0105,1564385.04820000,5182552.21870000,1.25436836,45.82963914
87085_1261_00002,rue des Colombes,2,,CN0687,1566155.63040000,5184225.22180000,1.27668622,45.84503571
87085_1261_00010,rue des Colombes,10,,CN0618,1566164.12580000,5184145.48830000,1.27681778,45.84432011
87085_1261_00011,rue des Colombes,11,,CN0591,1566164.03680000,5184184.91110000,1.27680565,45.84467473
87085_1261_00015,rue des Colombes,15,,CN0592,1566168.74180000,5184156.82950000,1.27687403,45.84442303
87085_1261_00017,rue des Colombes,17,,CN0593,1566177.43600000,5184140.05160000,1.27699061,45.84427380
87085_1261_00019,rue des Colombes,19,,CN0594,1566187.56000000,5184120.96720000,1.27712623,45.84410409
87085_1270_00005,rue des Combes,5,,DX0372,1564656.43860000,5182822.86400000,1.25778439,45.83212722
87085_1270_00008,rue des Combes,8,,DX0007,1564640.16600000,5182837.12920000,1.25757097,45.83225234
87085_1270_00011,rue des Combes,11,,DX0011,1564634.14150000,5182826.33030000,1.25749648,45.83215401
87085_1270_00012,rue des Combes,12,,DX0487,1564595.87280000,5182856.26060000,1.25699559,45.83241572
87085_1270_00013,rue des Combes,13,,DX0508,1564630.71410000,5182827.02180000,1.25745218,45.83215956
87085_1270_00016,rue des Combes,16,,DX0553,1564578.00210000,5182866.89780000,1.25676263,45.83250789
87085_1270_00017,rue des Combes,17,,DX0516,1564622.38990000,5182828.94280000,1.25734452,45.83217520
87085_1270_00019,rue des Combes,19,,DX0516,1564617.14990000,5182830.84930000,1.25727656,45.83219132
87085_1270_00021,rue des Combes,21,,DX0016,1564612.11220000,5182833.25380000,1.25721105,45.83221195
87085_1270_00023,rue des Combes,23,,DX0336,1564601.17620000,5182835.01910000,1.25706982,45.83222568
87085_1270_00025,rue des Combes,25,,DX0337,1564597.10550000,5182840.94440000,1.25701577,45.83227818
87085_1270_00026,rue des Combes,26,,DX0550,1564542.69640000,5182889.17850000,1.25630202,45.83270136
87085_1270_00029,rue des Combes,29,,DX0338,1564589.82020000,5182845.80910000,1.25692065,45.83232051
87085_1270_00030,rue des Combes,30,,DX0003,1564534.51050000,5182894.62640000,1.25619514,45.83274876
87085_1270_00031,rue des Combes,31,,DX0340,1564584.13530000,5182851.25410000,1.25684596,45.83236837
87085_1270_00035,rue des Combes,35,,DX0341,1564576.04720000,5182855.85970000,1.25674058,45.83240821
87085_1270_00039,rue des Combes,39,,DX0343,1564567.43550000,5182860.69630000,1.25662840,45.83245002
87085_1270_00041,rue des Combes,41,,DX0344,1564562.87420000,5182862.63650000,1.25656916,45.83246657
87085_1270_00043,rue des Combes,43,,DX0394,1564559.33170000,5182864.88010000,1.25652294,45.83248606
87085_1270_00045,rue des Combes,45,,DX0347,1564555.47650000,5182867.47470000,1.25647260,45.83250864
87085_1270_00047,rue des Combes,47,,DX0396,1564552.16320000,5182869.48980000,1.25642939,45.83252611
87085_1270_00049,rue des Combes,49,,DX0349,1564547.74720000,5182872.18550000,1.25637180,45.83254949
87085_1270_00051,rue des Combes,51,,DX0350,1564542.87570000,5182875.30470000,1.25630824,45.83257659
87085_1270_00055,rue des Combes,55,,DX0355,1564537.14750000,5182878.89110000,1.25623351,45.83260773
87085_1270_00057,rue des Combes,57,,DX0356,1564531.64420000,5182882.91560000,1.25616156,45.83264285
87085_1295_00002,rue des Coopérateurs,2,,CZ0051,1564520.46800000,5183314.40430000,1.25589613,45.83652213
87085_1295_00003,rue des Coopérateurs,3,,DN0103,1564508.39950000,5183301.38700000,1.25574448,45.83640266
87085_1295_00004,rue des Coopérateurs,4,,CZ0050,1564512.21680000,5183314.18140000,1.25579000,45.83651850
87085_1295_00005,rue des Coopérateurs,5,,DN0103,1564500.09670000,5183300.97560000,1.25563775,45.83639732
87085_1295_00006,rue des Coopérateurs,6,,CZ0049,1564506.05090000,5183314.07710000,1.25571068,45.83651635
87085_1295_00007,rue des Coopérateurs,7,,DN0026,1564492.99630000,5183300.87330000,1.25554640,45.83639500
87085_1295_00008,rue des Coopérateurs,8,,CZ0048,1564498.75190000,5183314.13640000,1.25561673,45.83651545
87085_1295_00010,rue des Coopérateurs,10,,CZ0047,1564489.86780000,5183314.26870000,1.25550236,45.83651489
87085_1295_00012,rue des Coopérateurs,12,,CZ0046,1564479.54570000,5183314.06970000,1.25536957,45.83651106
87085_1295_00013,rue des Coopérateurs,13,,DN0091,1564466.83260000,5183300.76330000,1.25520972,45.83638886
87085_1295_00015,rue des Coopérateurs,15,,DN0091,1564461.01180000,5183300.36640000,1.25513492,45.83638414
87085_1295_00019,rue des Coopérateurs,19,,DN0023,1564444.59270000,5183300.60170000,1.25492355,45.83638302
87085_1295_00020,rue des Coopérateurs,20,,CZ0035,1564417.30400000,5183312.97860000,1.25456887,45.83648898
87085_1295_00021,rue des Coopérateurs,21,,DN0022,1564435.53190000,5183300.43540000,1.25480699,45.83637974
87085_1295_00024,rue des Coopérateurs,24,,CZ0029,1564390.92680000,5183312.93810000,1.25422942,45.83648341
87085_1295_00026,rue des Coopérateurs,26,,CZ0029,1564383.46550000,5183327.38440000,1.25412932,45.83661189
87085_1295_00028,rue des Coopérateurs,28,,CZ0034,1564375.59500000,5183312.46560000,1.25403224,45.83647614
87085_1295_00031,rue des Coopérateurs,31,,DN0019,1564391.66140000,5183300.00030000,1.25424252,45.83636717
87085_1295_00035,rue des Coopérateurs,35,,DN0002,1564358.70730000,5183299.50790000,1.25381856,45.83635624
87085_1305_00002,rue des Coquelicots,2,,BP0047,1564052.89820000,5185069.00530000,1.24938239,45.85221346
87085_1305_00003,rue des Coquelicots,3,,BP0067,1564041.94390000,5185056.78340000,1.24924483,45.85210135
87085_1305_00004,rue des Coquelicots,4,,BP0084,1564037.50340000,5185067.06060000,1.24918476,45.85219293
87085_1305_00005,rue des Coquelicots,5,,BP0068,1564027.90850000,5185054.78100000,1.24906472,45.85208057
87085_1305_00006,rue des Coquelicots,6,,BP0083,1564022.10750000,5185065.12500000,1.24898711,45.85217247
87085_1305_00007,rue des Coquelicots,7,,BP0069,1564014.37060000,5185053.01270000,1.24889094,45.85206198
87085_1305_00008,rue des Coquelicots,8,,BP0082,1564003.95280000,5185062.81150000,1.24875406,45.85214807
87085_1305_00009,rue des Coquelicots,9,,BP0070,1564001.96760000,5185051.31370000,1.24873176,45.85204424
87085_1305_00010,rue des Coquelicots,10,,BP0081,1563986.64610000,5185060.59880000,1.24853190,45.85212474
87085_1305_00011,rue des Coquelicots,11,,BP0071,1563990.91270000,5185049.69610000,1.24858991,45.85202751
87085_1305_00012,rue des Coquelicots,12,,BP0080,1563968.64840000,5185058.26750000,1.24830087,45.85210021
87085_1305_00013,rue des Coquelicots,13,,BP0072,1563978.37890000,5185048.22900000,1.24842898,45.85201183
87085_1305_00014,rue des Coquelicots,14,,BP0079,1563951.03510000,5185055.27520000,1.24807499,45.85206980
87085_1305_00015,rue des Coquelicots,15,,BP0073,1563966.19490000,5185046.40530000,1.24827265,45.85199301
87085_1305_00016,rue des Coquelicots,16,,BP0078,1563934.09010000,5185053.27600000,1.24785742,45.85204847
87085_1305_00017,rue des Coquelicots,17,,BP0074,1563955.26140000,5185044.88890000,1.24813233,45.85197721
87085_1305_00018,rue des Coquelicots,18,,BP0077,1563917.37510000,5185049.94000000,1.24764319,45.85201515
87085_1305_00019,rue des Coquelicots,19,,BP0075,1563941.22810000,5185043.13680000,1.24795218,45.85195867
87085_1305_00021,rue des Coquelicots,21,,BP0076,1563928.26940000,5185041.07410000,1.24778594,45.85193755
87085_1446_00001,rue des Crouzilloux,1,,LN0129,1567998.78180000,5188307.78520000,1.29928823,45.88211736
87085_1446_00003,rue des Crouzilloux,3,,LN0130,1567994.34050000,5188317.78700000,1.29922827,45.88220648
87085_1446_00004,rue des Crouzilloux,4,,LN0088,1568011.88670000,5188341.21440000,1.29944783,45.88242059
87085_1446_00005,rue des Crouzilloux,5,,LN0131,1567989.68040000,5188328.49370000,1.29916530,45.88230190
87085_1446_00006,rue des Crouzilloux,6,,LN0087,1568007.37820000,5188351.40150000,1.29938695,45.88251137
87085_1446_00007,rue des Crouzilloux,7,,LN0132,1567988.49940000,5188349.45300000,1.29914433,45.88249021
87085_1446_00008,rue des Crouzilloux,8,,LN0086,1568002.74700000,5188361.89430000,1.29932442,45.88260487
87085_1446_00009,rue des Crouzilloux,9,,LN0133,1567983.04400000,5188347.30700000,1.29907465,45.88246986
87085_1446_00011,rue des Crouzilloux,11,,LN0136,1567976.99030000,5188354.58330000,1.29899467,45.88253415
87085_1446_00014,rue des Crouzilloux,14,,None,1567982.10950000,5188412.48270000,1.29904468,45.88305598
87085_1446_00015,rue des Crouzilloux,15,,LN0137,1567973.87330000,5188361.82500000,1.29895253,45.88259869
87085_1446_00017,rue des Crouzilloux,17,,LN0138,1567985.19690000,5188374.81430000,1.29909481,45.88271772
87085_1446_00019,rue des Crouzilloux,19,,LN0139,1567980.35480000,5188385.95820000,1.29902938,45.88281703
87085_1446_00021,rue des Crouzilloux,21,,LN0140,1567976.07410000,5188395.66560000,1.29897157,45.88290354
87085_1446_00022,rue des Crouzilloux,22,,LN0041,1567917.40870000,5188473.94510000,1.29819439,45.88359643
87085_1446_00023,rue des Crouzilloux,23,,LN0141,1567959.45260000,5188411.04770000,1.29875325,45.88303871
87085_1446_00024,rue des Crouzilloux,24,,LN0040,1567902.50980000,5188482.76980000,1.29800006,45.88367295
87085_1446_00025,rue des Crouzilloux,25,,LN0142,1567954.25940000,5188407.83270000,1.29868724,45.88300879
87085_1446_00026,rue des Crouzilloux,26,,LN0039,1567893.89670000,5188493.18920000,1.29788625,45.88376503
87085_1446_00027,rue des Crouzilloux,27,,LN0143,1567944.25340000,5188411.63990000,1.29855731,45.88304112
87085_1446_00028,rue des Crouzilloux,28,,LN0038,1567878.33140000,5188495.28270000,1.29768519,45.88378087
87085_1446_00029,rue des Crouzilloux,29,,LN0144,1567941.04960000,5188416.51070000,1.29851471,45.88308432
87085_1446_00030,rue des Crouzilloux,30,,LN0037,1567866.05500000,5188501.92200000,1.29752523,45.88383823
87085_1446_00031,rue des Crouzilloux,31,,LN0146,1567926.66740000,5188426.41610000,1.29832673,45.88317066
87085_1446_00032,rue des Crouzilloux,32,,LN0036,1567859.60980000,5188512.05400000,1.29743942,45.88392813
87085_1446_00033,rue des Crouzilloux,33,,LN0149,1567917.32480000,5188433.87020000,1.29820434,45.88323592
87085_1446_00034,rue des Crouzilloux,34,,LN0035,1567842.14840000,5188521.16350000,1.29721200,45.88400672
87085_1446_00035,rue des Crouzilloux,35,,LN0150,1567949.07170000,5188435.55860000,1.29861279,45.88325721
87085_1446_00036,rue des Crouzilloux,36,,LN0034,1567838.52980000,5188531.26850000,1.29716261,45.88409693
87085_1446_00037,rue des Crouzilloux,37,,LN0151,1567942.74620000,5188441.86730000,1.29852958,45.88331274
87085_1446_00039,rue des Crouzilloux,39,,LN0152,1567931.33720000,5188451.51050000,1.29837998,45.88339730
87085_1446_00041,rue des Crouzilloux,41,,LN0153,1567907.04460000,5188465.81510000,1.29806314,45.88352131
87085_1446_00042,rue des Crouzilloux,42,,LM0064,1567848.86150000,5188639.38060000,1.29726591,45.88507145
87085_1446_00043,rue des Crouzilloux,43,,LN0154,1567893.75110000,5188456.12810000,1.29789458,45.88343161
87085_1446_00044,rue des Crouzilloux,44,,LM0063,1567843.67310000,5188647.80460000,1.29719676,45.88514623
87085_1446_00045,rue des Crouzilloux,45,,LN0155,1567890.34080000,5188454.13310000,1.29785120,45.88341301
87085_1446_00047,rue des Crouzilloux,47,,LN0156,1567884.43710000,5188457.37700000,1.29777427,45.88344105
87085_1446_00049,rue des Crouzilloux,49,,LN0158,1567882.01420000,5188461.39860000,1.29774195,45.88347676
87085_1446_00051,rue des Crouzilloux,51,,LN0160,1567876.38630000,5188466.82230000,1.29766797,45.88352447
87085_1446_00053,rue des Crouzilloux,53,,LN0162,1567879.35140000,5188483.24990000,1.29770164,45.88367282
87085_1446_00055,rue des Crouzilloux,55,,LN0163,1567867.19040000,5188489.80880000,1.29754319,45.88372948
87085_1446_00057,rue des Crouzilloux,57,,LN0164,1567847.07050000,5188498.90680000,1.29728153,45.88380745
87085_1446_00059,rue des Crouzilloux,59,,LN0165,1567838.25620000,5188489.15030000,1.29717068,45.88371799
87085_1446_00061,rue des Crouzilloux,61,,LN0167,1567830.65310000,5188485.20230000,1.29707384,45.88368102
87085_1446_00063,rue des Crouzilloux,63,,LN0169,1567821.98830000,5188492.57290000,1.29696020,45.88374565
87085_1446_00065,rue des Crouzilloux,65,,LN0171,1567813.14960000,5188500.03440000,1.29684430,45.88381107
87085_1446_00067,rue des Crouzilloux,67,,LN0174,1567807.18880000,5188510.13330000,1.29676474,45.88390077
87085_1446_00069,rue des Crouzilloux,69,,LN0175,1567832.12830000,5188513.43880000,1.29708506,45.88393530
87085_1446_00071,rue des Crouzilloux,71,,LN0176,1567826.96400000,5188521.83700000,1.29701623,45.88400986
87085_1446_00073,rue des Crouzilloux,73,,LN0177,1567821.25610000,5188531.47300000,1.29694006,45.88409544
87085_1446_00077,rue des Crouzilloux,77,,LN0191,1567846.30500000,5188583.76980000,1.29724830,45.88457070
87085_1446_00079,rue des Crouzilloux,79,,LN0193,1567842.16620000,5188593.15030000,1.29719240,45.88465429
87085_1446_00081,rue des Crouzilloux,81,,LN0195,1567847.16480000,5188599.18050000,1.29725513,45.88470950
87085_1446_00095,rue des Crouzilloux,95,,LN0220,1567726.93210000,5188668.03590000,1.29568746,45.88530576
87085_1446_00097,rue des Crouzilloux,97,,LN0221,1567715.28420000,5188666.98220000,1.29553772,45.88529404
87085_1645_00001,rue des Ecoles,1,,DX0526,1564499.51820000,5182749.12280000,1.25578585,45.83143297
87085_1645_00003,rue des Ecoles,3,,DX0525,1564496.85050000,5182758.85020000,1.25574878,45.83151995
87085_1645_00004,rue des Ecoles,4,,DX0300,1564508.49710000,5182762.27920000,1.25589769,45.83155309
87085_1645_00005,rue des Ecoles,5,,DX0525,1564495.13190000,5182765.81020000,1.25572471,45.83158222
87085_1645_00006,rue des Ecoles,6,,DX0299,1564505.54880000,5182764.58410000,1.25585910,45.83157324
87085_1645_00007,rue des Ecoles,7,,DX0523,1564492.77360000,5182773.54690000,1.25569218,45.83165135
87085_1645_00009,rue des Ecoles,9,,DX0521,1564491.60580000,5182778.21270000,1.25567583,45.83169309
87085_1645_00010,rue des Ecoles,10,,DX0297,1564500.14580000,5182772.35560000,1.25578738,45.83164209
87085_1645_00011,rue des Ecoles,11,,DX0534,1564488.07150000,5182788.49690000,1.25562746,45.83178491
87085_1645_00016,rue des Ecoles,16,,DX0437,1564492.20690000,5182800.04810000,1.25567742,45.83188963
87085_1645_00018,rue des Ecoles,18,,DX0294,1564490.57820000,5182805.52740000,1.25565491,45.83193860
87085_1645_00020,rue des Ecoles,20,,DX0292,1564503.18200000,5182815.31430000,1.25581434,45.83202913
87085_1645_00022,rue des Ecoles,22,,DX0291,1564499.02730000,5182818.78900000,1.25575990,45.83205956
87085_1645_00024,rue des Ecoles,24,,DX0290,1564496.95030000,5182820.79270000,1.25573261,45.83207718
87085_1645_00026,rue des Ecoles,26,,DX0287,1564499.01960000,5182832.02110000,1.25575607,45.83217859
87085_1645_00030,rue des Ecoles,30,,DX0286,1564498.43500000,5182842.22460000,1.25574567,45.83227026
87085_1732_00001,rue des Entours,1,,LO0030,1568239.45870000,5188164.09850000,1.30242763,45.88087100
87085_1732_00003,rue des Entours,3,,LO0029,1568259.67770000,5188184.44290000,1.30268247,45.88105789
87085_1732_00004,rue des Entours,4,,LO0044,1568261.03080000,5188170.79000000,1.30270364,45.88093533
87085_1732_00006,rue des Entours,6,,LO0046,1568276.29170000,5188186.28040000,1.30289595,45.88107760
87085_1732_00007,rue des Entours,7,,LO0017,1568307.75770000,5188239.96220000,1.30328650,45.88156654
87085_1732_00008,rue des Entours,8,,LO0048,1568289.63410000,5188199.70730000,1.30306411,45.88120094
87085_1732_00009,rue des Entours,9,,LO0016,1568306.08780000,5188263.69430000,1.30325848,45.88177970
87085_1732_00010,rue des Entours,10,,LO0049,1568307.58230000,5188217.83450000,1.30329031,45.88136745
87085_1732_00011,rue des Entours,11,,LO0015,1568303.36370000,5188284.82500000,1.30321759,45.88196926
87085_1732_00012,rue des Entours,12,,LO0050,1568322.59910000,5188232.87900000,1.30347960,45.88150566
87085_1732_00015,rue des Entours,15,,LO0014,1568300.84180000,5188304.06910000,1.30317983,45.88214189
87085_1732_00017,rue des Entours,17,,LO0013,1568295.13380000,5188329.91840000,1.30309921,45.88237333
87085_1732_00019,rue des Entours,19,,LO0011,1568247.15950000,5188351.28670000,1.30247543,45.88255635
87085_1732_00021,rue des Entours,21,,LO0010,1568233.50290000,5188342.86290000,1.30230184,45.88247796
87085_1732_00023,rue des Entours,23,,LO0009,1568217.50140000,5188332.99360000,1.30209845,45.88238611
87085_1732_00025,rue des Entours,25,,LO0008,1568200.50640000,5188322.50260000,1.30188243,45.88228847
87085_1732_00027,rue des Entours,27,,LO0006,1568183.38610000,5188311.90880000,1.30166483,45.88218989
87085_1732_00028,rue des Entours,28,,LO0004,1568150.31470000,5188278.43220000,1.30124806,45.88188240
87085_1732_00030,rue des Entours,30,,LO0003,1568150.50090000,5188260.52070000,1.30125538,45.88172131
87085_1732_00031,rue des Entours,31,,LO0005,1568159.70990000,5188273.24470000,1.30137049,45.88183754
87085_1732_00032,rue des Entours,32,,LO0002,1568150.79400000,5188242.98050000,1.30126397,45.88156359
87085_1732_00033,rue des Entours,33,,LO0024,1568160.36040000,5188229.53480000,1.30139088,45.88144447
87085_1732_00034,rue des Entours,34,,LO0001,1568150.94030000,5188228.48020000,1.30126984,45.88143317
87085_1738_00004,rue des Epicéas,4,,LT0069,1568190.11820000,5187535.22220000,1.30196484,45.87520439
87085_1738_00006,rue des Epicéas,6,,LT0068,1568197.60010000,5187535.80800000,1.30206104,45.87521110
87085_1738_00008,rue des Epicéas,8,,LT0067,1568205.95210000,5187536.47950000,1.30216842,45.87521874
87085_1738_00010,rue des Epicéas,10,,LT0066,1568212.58540000,5187536.98230000,1.30225370,45.87522453
87085_1738_00012,rue des Epicéas,12,,LT0065,1568216.38480000,5187539.29330000,1.30230200,45.87524605
87085_1738_00014,rue des Epicéas,14,,LT0064,1568217.73780000,5187544.32680000,1.30231804,45.87529159
87085_1738_00016,rue des Epicéas,16,,LT0063,1568219.55960000,5187550.74850001,1.30233974,45.87534971
87085_1763_00015,rue des Essarts,15,,LH0039,1567890.20790000,5189787.53800000,1.29748231,45.89540778
87085_1763_00017,rue des Essarts,17,,LH0038,1567926.57410000,5189804.29750000,1.29794621,45.89556553
87085_1763_00021,rue des Essarts,21,,LH0037,1567964.51410000,5189821.74260000,1.29843020,45.89572976
87085_1763_00023,rue des Essarts,23,,LH0036,1568005.87150000,5189840.92830000,1.29895774,45.89591029
87085_1763_00037,rue des Essarts,37,,LE0016,1568222.22270000,5189932.05750000,1.30172003,45.89677159
87085_1860_00001,rue des Félines,1,,CV1118,1565221.12530000,5183876.91530000,1.26475548,45.84171994
87085_1860_00002,rue des Félines,2,,CV1154,1565222.47180000,5183863.23080000,1.26477665,45.84159710
87085_1860_00003,rue des Félines,3,,CV1118,1565231.71170000,5183887.76430000,1.26488869,45.84181961
87085_1860_00005,rue des Félines,5,,CV1120,1565249.14760000,5183905.61960000,1.26510810,45.84198364
87085_1860_00007,rue des Félines,7,,CV1122,1565258.32580000,5183915.25870000,1.26522352,45.84207215
87085_1860_00008,rue des Félines,8,,CV1152,1565243.38610000,5183884.87610000,1.26503976,45.84179591
87085_1860_00009,rue des Félines,9,,CV1763,1565265.93360000,5183923.25480000,1.26531920,45.84214557
87085_1860_00010,rue des Félines,10,,CV1150,1565250.77810000,5183892.56060000,1.26513274,45.84186649
87085_1860_00011,rue des Félines,11,,CV1762,1565272.62440000,5183930.08980000,1.26540340,45.84220837
87085_1860_00012,rue des Félines,12,,CV1148,1565257.93160000,5183899.84820000,1.26522277,45.84193345
87085_1860_00014,rue des Félines,14,,CV1146,1565265.66460000,5183907.75640000,1.26532008,45.84200610
87085_1860_00015,rue des Félines,15,,CV1126,1565286.24370000,5183944.01740000,1.26557479,45.84233632
87085_1860_00016,rue des Félines,16,,CV1080,1565272.95800000,5183915.25110000,1.26541185,45.84207495
87085_1860_00017,rue des Félines,17,,CV1059,1565292.22080000,5183950.14660000,1.26565000,45.84239263
87085_1860_00018,rue des Félines,18,,CV1051,1565278.11420000,5183920.55630000,1.26547673,45.84212368
87085_1860_00019,rue des Félines,19,,CV1128,1565298.24940000,5183956.42830001,1.26572583,45.84245032
87085_1860_00020,rue des Félines,20,,CV1037,1565286.20430000,5183928.83780000,1.26557854,45.84219976
87085_1860_00021,rue des Félines,21,,CV1130,1565305.07250000,5183963.33580000,1.26581171,45.84251379
87085_1860_00023,rue des Félines,23,,CV1132,1565309.89180000,5183968.30430000,1.26587235,45.84255943
87085_1860_00024,rue des Félines,24,,CV1144,1565292.92130000,5183935.95150000,1.26566299,45.84226507
87085_1860_00025,rue des Félines,25,,CV1190,1565314.65780000,5183973.27670001,1.26593230,45.84260509
87085_1860_00026,rue des Félines,26,,CV1142,1565297.54230000,5183940.60770000,1.26572117,45.84230786
87085_1860_00027,rue des Félines,27,,CV1188,1565319.74520000,5183978.57710000,1.26599629,45.84265377
87085_1860_00028,rue des Félines,28,,CV1142,1565302.39820000,5183945.42430000,1.26578231,45.84235214
87085_1860_00030,rue des Félines,30,,CV1140,1565307.01600000,5183950.34370000,1.26584037,45.84239730
87085_1860_00032,rue des Félines,32,,CV1057,1565313.52820000,5183956.78370000,1.26592238,45.84245651
87085_1860_00034,rue des Félines,34,,CV1035,1565318.41590000,5183962.02480000,1.26598382,45.84250461
87085_1860_00034_bis,rue des Félines,34,bis,CV1138,1565326.29710000,5183969.78740000,1.26608309,45.84257598
87085_1860_00036,rue des Félines,36,,CV1136,1565331.36230000,5183975.18950001,1.26614677,45.84262557
87085_1860_00038,rue des Félines,38,,CV1134,1565335.97680000,5183979.83870000,1.26620486,45.84266830
87085_1860_00040,rue des Félines,40,,CV1732,1565340.78090000,5183984.12460000,1.26626549,45.84270779
87085_1895_00003,rue des Feuillants,3,,EI0132,1565139.44870000,5182894.07020000,1.26398001,45.83286265
87085_1895_00004,rue des Feuillants,4,,EI0060,1565132.52910000,5182908.89910000,1.26388680,45.83299468
87085_1895_00006,rue des Feuillants,6,,EI0057,1565123.20240000,5182905.53530000,1.26376772,45.83296260
87085_1895_00008,rue des Feuillants,8,,EI0056,1565111.69280000,5182901.03540000,1.26362087,45.83291986
87085_1895_00010,rue des Feuillants,10,,EI0055,1565082.16310000,5182889.09430000,1.26324422,45.83280665
87085_1895_00012,rue des Feuillants,12,,EI0054,1565075.54080000,5182886.68690000,1.26315967,45.83278369
87085_1895_00014,rue des Feuillants,14,,EI0052,1565061.41120000,5182881.03390000,1.26297943,45.83273007
87085_1895_00016,rue des Feuillants,16,,EI0046,1565048.92250000,5182876.16580000,1.26282009,45.83268383
87085_1895_00018,rue des Feuillants,18,,EI0051,1565039.52350000,5182872.69150000,1.26270011,45.83265073
87085_1895_00020,rue des Feuillants,20,,EI0050,1565028.72960000,5182868.35470000,1.26256243,45.83260960
87085_1895_00022,rue des Feuillants,22,,EI0049,1565013.09880000,5182862.35850000,1.26236296,45.83255259
87085_1915_00001,rue des Filles-Notre-Dame,1,,DX0016,1564607.86930000,5182831.79780000,1.25715700,45.83219800
87085_1915_00002,rue des Filles-Notre-Dame,2,,DX0336,1564599.48040000,5182829.12160000,1.25704966,45.83217230
87085_1915_00003,rue des Filles-Notre-Dame,3,,DX0017,1564604.23130000,5182825.36850000,1.25711186,45.83213947
87085_1915_00004,rue des Filles-Notre-Dame,4,,DX0397,1564595.74840000,5182822.92680000,1.25700338,45.83211584
87085_1915_00005,rue des Filles-Notre-Dame,5,,DX0018,1564601.82820000,5182821.27840000,1.25708208,45.83210220
87085_1915_00006,rue des Filles-Notre-Dame,6,,DX0398,1564592.20540000,5182819.43430000,1.25695900,45.83208400
87085_1915_00007,rue des Filles-Notre-Dame,7,,DX0019,1564597.83160000,5182813.06150000,1.25703297,45.83202750
87085_1915_00008,rue des Filles-Notre-Dame,8,,DX0334,1564581.48010000,5182797.87020000,1.25682683,45.83188763
87085_1915_00010,rue des Filles-Notre-Dame,10,,DX0333,1564583.23850000,5182793.15980000,1.25685078,45.83184560
87085_1915_00011,rue des Filles-Notre-Dame,11,,DX0518,1564595.39650000,5182792.04930000,1.25700755,45.83183801
87085_1915_00012,rue des Filles-Notre-Dame,12,,DX0332,1564585.62720000,5182789.57980000,1.25688253,45.83181387
87085_1915_00014,rue des Filles-Notre-Dame,14,,DX0331,1564590.53500000,5182780.74530000,1.25694818,45.83173536
87085_1915_00015,rue des Filles-Notre-Dame,15,,DX0518,1564601.01000000,5182775.26550000,1.25708451,45.83168813
87085_1915_00016,rue des Filles-Notre-Dame,16,,DX0330,1564593.43170000,5182774.16310000,1.25698730,45.83167672
87085_1935_00001,rue des Flandres,1,,BV0304,1564812.25080000,5185488.46460000,1.25903955,45.85613648
87085_1935_00005,rue des Flandres,5,,BV0303,1564787.79720000,5185490.65380000,1.25872412,45.85615136
87085_1935_00006,rue des Flandres,6,,BV0273,1564778.62860000,5185501.25730000,1.25860310,45.85624494
87085_1935_00007,rue des Flandres,7,,BV0302,1564777.85130000,5185491.08380000,1.25859595,45.85615327
87085_1935_00008,rue des Flandres,8,,BV0274,1564767.43290000,5185501.69850000,1.25845884,45.85624671
87085_1935_00009,rue des Flandres,9,,BV0301,1564767.42580000,5185491.54860000,1.25846160,45.85615540
87085_1935_00010,rue des Flandres,10,,BV0275,1564757.30350000,5185502.13890000,1.25832831,45.85624868
87085_1935_00011,rue des Flandres,11,,BV0300,1564754.39640000,5185491.83060000,1.25829378,45.85615538
87085_1935_00012,rue des Flandres,12,,BV0276,1564748.51160000,5185502.55330000,1.25821500,45.85625068
87085_1935_00013,rue des Flandres,13,,BV0299,1564741.91990000,5185492.45800000,1.25813298,45.85615857
87085_1935_00014,rue des Flandres,14,,BV0277,1564739.81450000,5185502.83500000,1.25810296,45.85625150
87085_1935_00015,rue des Flandres,15,,BV0298,1564728.61620000,5185493.12620000,1.25796152,45.85616196
87085_1935_00016,rue des Flandres,16,,BV0278,1564727.72670000,5185503.10330000,1.25794726,45.85625153
87085_1935_00017,rue des Flandres,17,,BV0297,1564717.62760000,5185493.21010000,1.25782003,45.85616055
87085_1935_00018,rue des Flandres,18,,BV0279,1564716.91090000,5185503.54120000,1.25780790,45.85625334
87085_1935_00019,rue des Flandres,19,,BV0296,1564705.59090000,5185493.65810000,1.25766495,45.85616221
87085_1935_00020,rue des Flandres,20,,BV0280,1564705.08630000,5185504.16410000,1.25765549,45.85625662
87085_2017_00003,rue des Fourneries,3,,SK0021,1565270.61550000,5186789.68070000,1.26457548,45.86793165
87085_2017_00004,rue des Fourneries,4,,SK0039,1565256.89520000,5186787.08660000,1.26439954,45.86790562
87085_2017_00010,rue des Fourneries,10,,NZ0215,1565305.33150000,5186657.30670000,1.26505965,45.86674767
87085_2088_00003,rue des Frégates,3,,TY0066,1561570.35570000,5182678.18620000,1.21811342,45.83021151
87085_2088_00004,rue des Frégates,4,,TY0065,1561586.13050000,5182678.01650000,1.21831646,45.83021316
87085_2088_00005,rue des Frégates,5,,TY0067,1561584.54850000,5182696.38190000,1.21829081,45.83037804
87085_2088_00006,rue des Frégates,6,,TY0073,1561599.96390000,5182694.41440000,1.21848974,45.83036345
87085_2088_00007,rue des Frégates,7,,TY0068,1561597.52600000,5182708.99270000,1.21845418,45.83049410
87085_2088_00008,rue des Frégates,8,,TY0072,1561612.52780000,5182704.23500000,1.21864859,45.83045432
87085_2088_00009,rue des Frégates,9,,TY0069,1561612.58370000,5182720.48210000,1.21864463,45.83060048
87085_2088_00011,rue des Frégates,11,,TY0070,1561627.71060000,5182730.36150000,1.21883644,45.83069239
87085_2088_00012,rue des Frégates,12,,TY0071,1561642.79540000,5182724.83210000,1.21903214,45.83064569
87085_2095_00001,rue des Frères Bonneff,1,,BN0068,1564253.14430000,5183962.45310000,1.25227279,45.84229898
87085_2095_00003,rue des Frères Bonneff,3,,BN0045,1564222.02920000,5183870.58960000,1.25189800,45.84146600
87085_2095_00014,rue des Frères Bonneff,14,,BE0207,1564187.26290000,5183898.15920000,1.25144301,45.84170761
87085_2095_00020,rue des Frères Bonneff,20,,BE0687,1564177.63200000,5183880.42790000,1.25132407,45.84154621
87085_2095_00022,rue des Frères Bonneff,22,,BE0688,1564173.53240000,5183872.44040000,1.25127356,45.84147355
87085_2095_00024,rue des Frères Bonneff,24,,BE0211,1564169.57650000,5183865.90530000,1.25122450,45.84141398
87085_2095_00026,rue des Frères Bonneff,26,,BE0702,1564165.66310000,5183858.42920000,1.25117624,45.84134595
87085_2095_00030,rue des Frères Bonneff,30,,BE0678,1564152.12980000,5183824.31640000,1.25101170,45.84103641
87085_2095_00032,rue des Frères Bonneff,32,,BE0675,1564149.44740000,5183817.56440000,1.25097909,45.84097515
87085_2095_00034,rue des Frères Bonneff,34,,BE0255,1564146.32580000,5183806.27930000,1.25094210,45.84087301
87085_2098_00001,rue des Frères Grimm,1,,CR0269,1566384.88920000,5183962.29830000,1.27971023,45.84271514
87085_2098_00002,rue des Frères Grimm,2,,CR0292,1566392.13680000,5183949.84700000,1.27980698,45.84260454
87085_2098_00003,rue des Frères Grimm,3,,CR0270,1566394.33790000,5183965.33220000,1.27983100,45.84274427
87085_2098_00004,rue des Frères Grimm,4,,CR0291,1566408.55970000,5183954.63810000,1.28001702,45.84265083
87085_2098_00005,rue des Frères Grimm,5,,CR0271,1566403.62930000,5183968.18390000,1.27994980,45.84277173
87085_2098_00006,rue des Frères Grimm,6,,CR0290,1566423.18260000,5183959.40740000,1.28020391,45.84269657
87085_2098_00007,rue des Frères Grimm,7,,CR0272,1566412.74110000,5183971.07710000,1.28006627,45.84279952
87085_2098_00008,rue des Frères Grimm,8,,CR0289,1566436.88650000,5183963.53940000,1.28037914,45.84273641
87085_2098_00009,rue des Frères Grimm,9,,CR0294,1566422.46190000,5183974.02400000,1.28019057,45.84282792
87085_2098_00010,rue des Frères Grimm,10,,CR0288,1566448.33240000,5183967.15010000,1.28052546,45.84277111
87085_2098_00011,rue des Frères Grimm,11,,CR0296,1566432.00460000,5183977.07600000,1.28031254,45.84285723
87085_2098_00012,rue des Frères Grimm,12,,CR0287,1566459.64700000,5183970.57720000,1.28067014,45.84280414
87085_2098_00014,rue des Frères Grimm,14,,CR0286,1566472.17600000,5183974.39870000,1.28083033,45.84284095
87085_2098_00015,rue des Frères Grimm,15,,CR0275,1566441.18150000,5183979.86360000,1.28042989,45.84288409
87085_2098_00016,rue des Frères Grimm,16,,CR0285,1566488.98970000,5183979.63020000,1.28104529,45.84289127
87085_2098_00017,rue des Frères Grimm,17,,CR0276,1566450.95160000,5183982.87010000,1.28055480,45.84291303
87085_2098_00018,rue des Frères Grimm,18,,CR0284,1566503.04180000,5183984.08810000,1.28122492,45.84293410
87085_2098_00019,rue des Frères Grimm,19,,CR0277,1566462.02060000,5183986.38220000,1.28069629,45.84294677
87085_2098_00020,rue des Frères Grimm,20,,CR0283,1566518.80010000,5183988.95510000,1.28142639,45.84298094
87085_2098_00021,rue des Frères Grimm,21,,CR0278,1566475.09370000,5183990.53550000,1.28086340,45.84298667
87085_2098_00022,rue des Frères Grimm,22,,CR0282,1566533.03700000,5183993.32330000,1.28160842,45.84302300
87085_2098_00023,rue des Frères Grimm,23,,CR0279,1566491.53430000,5183995.39010000,1.28107366,45.84303354
87085_2098_00025,rue des Frères Grimm,25,,CR0280,1566508.96230000,5184000.95280000,1.28129643,45.84308696
87085_2098_00027,rue des Frères Grimm,27,,CR0281,1566526.39050000,5184006.26430000,1.28151928,45.84313812
87085_2100_00002,rue des Frères Lumière,2,,ES0278,1566627.41910000,5182083.07110000,1.28335322,45.82585736
87085_2100_00004,rue des Frères Lumière,4,,ES0278,1566652.49090000,5182080.85990000,1.28367643,45.82584233
87085_2100_00006,rue des Frères Lumière,6,,ES0278,1566675.88170000,5182077.65870000,1.28397829,45.82581807
87085_2104_00002,rue des Frères Perret,2,,MK0084,1566934.22530000,5188108.13590000,1.28563199,45.88011606
87085_2104_00010,rue des Frères Perret,10,,MK0047,1567019.45990000,5188073.42540000,1.28673940,45.87982032
87085_2114_00006,rue des Fuchsias,6,,LT0010,1567942.74690000,5187504.15060000,1.29878761,45.87487739
87085_2114_00020,rue des Fuchsias,20,,LT0223,1567917.21210000,5187379.39780000,1.29849309,45.87375025
87085_2250_00002,rue des Glaïeuls,2,,BV0397,1564294.01130000,5185438.90210000,1.25238175,45.85558853
87085_2250_00003,rue des Glaïeuls,3,,BV0363,1564267.67200000,5185448.62310000,1.25203992,45.85567077
87085_2250_00004,rue des Glaïeuls,4,,BV0396,1564286.59130000,5185443.33140000,1.25228498,45.85562690
87085_2250_00005,rue des Glaïeuls,5,,BV0364,1564257.30130000,5185452.94460000,1.25190518,45.85570760
87085_2250_00006,rue des Glaïeuls,6,,BV0395,1564275.36720000,5185451.94640000,1.25213804,45.85570219
87085_2250_00007,rue des Glaïeuls,7,,BV0365,1564235.77530000,5185454.81030000,1.25162753,45.85572013
87085_2250_00008,rue des Glaïeuls,8,,BV0394,1564265.10240000,5185458.03690000,1.25200418,45.85575495
87085_2250_00009,rue des Glaïeuls,9,,BV0366,1564219.96840000,5185451.02330000,1.25142511,45.85568294
87085_2250_00010,rue des Glaïeuls,10,,BV0393,1564253.85800000,5185461.66030000,1.25185839,45.85578532
87085_2250_00012,rue des Glaïeuls,12,,BV0392,1564242.56290000,5185462.66330000,1.25171270,45.85579211
87085_2250_00014,rue des Glaïeuls,14,,BV0391,1564229.20310000,5185461.91610000,1.25154092,45.85578275
87085_2250_00016,rue des Glaïeuls,16,,BV0390,1564219.74430000,5185459.41870000,1.25141985,45.85575842
87085_2250_00018,rue des Glaïeuls,18,,BV0389,1564211.22420000,5185455.76200000,1.25131120,45.85572384
87085_2250_00020,rue des Glaïeuls,20,,BV0388,1564201.34740000,5185449.48200000,1.25118582,45.85566540
87085_2263_00003,rue des Goélands,3,,TY0048,1561552.14790000,5182596.09840000,1.21790276,45.82946942
87085_2263_00004,rue des Goélands,4,,TY0011,1561538.00040000,5182594.09090000,1.21772130,45.82944852
87085_2263_00005,rue des Goélands,5,,TY0047,1561547.88360000,5182581.60340000,1.21785207,45.82933818
87085_2263_00006,rue des Goélands,6,,TY0012,1561532.71710000,5182576.08860000,1.21765850,45.82928551
87085_2263_00007,rue des Goélands,7,,TY0045,1561543.93830000,5182567.82760000,1.21780527,45.82921346
87085_2263_00008,rue des Goélands,8,,TY0013,1561528.50160000,5182561.96910000,1.21760832,45.82915765
87085_2263_00010,rue des Goélands,10,,TY0014,1561524.30850000,5182548.07050000,1.21755837,45.82903178
87085_2263_00011,rue des Goélands,11,,TY0044,1561537.70890000,5182546.63100000,1.21773121,45.82902153
87085_2263_00012,rue des Goélands,12,,TY0015,1561519.94860000,5182533.77450000,1.21750639,45.82890231
87085_2263_00014,rue des Goélands,14,,TY0016,1561510.25950000,5182513.77860000,1.21738747,45.82872048
87085_2263_00015,rue des Goélands,15,,TY0043,1561533.12420000,5182533.36900000,1.21767604,45.82890131
87085_2263_00017,rue des Goélands,17,,TY0042,1561528.31000000,5182520.73560000,1.21761773,45.82878670
87085_2263_00019,rue des Goélands,19,,TY0041,1561523.18320000,5182508.93980000,1.21755516,45.82867956
87085_2330_00003,rue des Grandes Pousses,3,,DY0299,1564888.66900000,5182404.60060000,1.26089038,45.82841035
87085_2330_00005,rue des Grandes Pousses,5,,DY0300,1564881.96200000,5182404.79230000,1.26080402,45.82841076
87085_2330_00007,rue des Grandes Pousses,7,,DY0301,1564877.69370000,5182404.95700000,1.26074905,45.82841140
87085_2330_00008,rue des Grandes Pousses,8,,DY0325,1564863.48980000,5182411.73690000,1.26056437,45.82846960
87085_2330_00009,rue des Grandes Pousses,9,,DY0302,1564874.57710000,5182404.88750000,1.26070897,45.82841016
87085_2330_00010,rue des Grandes Pousses,10,,DY0324,1564851.32230000,5182412.08930000,1.26040771,45.82847038
87085_2330_00011,rue des Grandes Pousses,11,,DY0303,1564870.60690000,5182405.12980000,1.26065781,45.82841156
87085_2330_00012,rue des Grandes Pousses,12,,DY0322,1564837.65520000,5182412.58900000,1.26023171,45.82847219
87085_2330_00013,rue des Grandes Pousses,13,,DY0304,1564862.93980000,5182405.30210000,1.26055911,45.82841161
87085_2330_00015,rue des Grandes Pousses,15,,DY0305,1564857.32390000,5182405.28230000,1.26048685,45.82841033
87085_2330_00016,rue des Grandes Pousses,16,,DY0320,1564828.44130000,5182412.85150000,1.26011307,45.82847274
87085_2330_00017,rue des Grandes Pousses,17,,DY0306,1564852.01920000,5182405.37410000,1.26041856,45.82841011
87085_2330_00019,rue des Grandes Pousses,19,,DY0309,1564834.36600000,5182406.35580000,1.26019113,45.82841547
87085_2330_00021,rue des Grandes Pousses,21,,DY0545,1564830.10850000,5182406.49640000,1.26013631,45.82841590
87085_2330_00023,rue des Grandes Pousses,23,,DY0317,1564825.39090000,5182406.85300000,1.26007551,45.82841818
87085_2330_00025,rue des Grandes Pousses,25,,DY0316,1564820.54520000,5182407.12790000,1.26001308,45.82841970
87085_2330_00027,rue des Grandes Pousses,27,,DY0315,1564816.61630000,5182406.96890000,1.25996257,45.82841750
87085_2400_00002,rue des Halles,2,,DX0140,1564653.06210000,5182534.00400000,1.25782226,45.82952809
87085_2400_00003,rue des Halles,3,,DY0086,1564635.76790000,5182525.06990000,1.25760223,45.82944432
87085_2400_00004,rue des Halles,4,,DX0564,1564638.33620000,5182536.83810000,1.25763197,45.82955068
87085_2400_00005,rue des Halles,5,,DY0085,1564626.61420000,5182526.98630000,1.25748391,45.82945975
87085_2400_00007,rue des Halles,7,,DY0084,1564618.25360000,5182528.40320000,1.25737592,45.82947085
87085_2430_00003,rue des Hautes Places,3,,IT0047,1562420.84110000,5181843.42920000,1.22929622,45.82287309
87085_2430_00004,rue des Hautes Places,4,,IT0190,1562434.50330000,5181835.62870000,1.22947423,45.82280566
87085_2430_00005,rue des Hautes Places,5,,IT0056,1562419.55870000,5181861.56830000,1.22927453,45.82303601
87085_2430_00006,rue des Hautes Places,6,,IT0189,1562433.89350000,5181844.25300000,1.22946392,45.82288312
87085_2430_00007,rue des Hautes Places,7,,IT0057,1562418.81520000,5181873.92340000,1.22926143,45.82314700
87085_2430_00008,rue des Hautes Places,8,,IT0188,1562433.27870000,5181850.53410000,1.22945421,45.82293949
87085_2430_00009,rue des Hautes Places,9,,IT0058,1562418.22550000,5181885.51730000,1.22925052,45.82325118
87085_2430_00010,rue des Hautes Places,10,,IT0187,1562432.64490000,5181859.24150000,1.22944356,45.82301769
87085_2430_00011,rue des Hautes Places,11,,IT0059,1562417.38350000,5181896.61530000,1.22923651,45.82335084
87085_2430_00012,rue des Hautes Places,12,,IT0186,1562432.22240000,5181867.30880000,1.22943582,45.82309018
87085_2430_00013,rue des Hautes Places,13,,IT0060,1562416.64780000,5181908.27230000,1.22922371,45.82345555
87085_2430_00013_bis,rue des Hautes Places,13,bis,IT0061,1562415.77590000,5181918.46780000,1.22920958,45.82354709
87085_2430_00014,rue des Hautes Places,14,,IT0185,1562431.46490000,5181876.23050000,1.22942352,45.82317028
87085_2430_00015,rue des Hautes Places,15,,IT0062,1562415.01390000,5181930.65250000,1.22919629,45.82365655
87085_2430_00015_bis,rue des Hautes Places,15,bis,IT0063,1562414.39370000,5181940.44240000,1.22918551,45.82374449
87085_2430_00016,rue des Hautes Places,16,,IT0184,1562430.88620000,5181886.22440000,1.22941322,45.82326007
87085_2430_00017,rue des Hautes Places,17,,IT0064,1562413.42320000,5181956.37910000,1.22916846,45.82388765
87085_2430_00018,rue des Hautes Places,18,,IT0183,1562430.36850000,5181894.37180000,1.22940423,45.82333326
87085_2430_00018_b,rue des Hautes Places,18,b,IT0482,1562429.24870000,5181911.48210000,1.22938492,45.82348695
87085_2430_00019,rue des Hautes Places,19,,IT0065,1562412.54540000,5181969.93350000,1.22915329,45.82400941
87085_2430_00020,rue des Hautes Places,20,,IT0543,1562428.58470000,5181920.72370000,1.22937374,45.82356995
87085_2430_00021,rue des Hautes Places,21,,IT0066,1562411.80290000,5181979.69090000,1.22914094,45.82409703
87085_2430_00022,rue des Hautes Places,22,,IT0153,1562427.79360000,5181929.20240000,1.22936113,45.82364606
87085_2430_00023,rue des Hautes Places,23,,IT0067,1562410.56220000,5181996.59710000,1.22912014,45.82424886
87085_2430_00024,rue des Hautes Places,24,,IT0327,1562427.31230000,5181938.63770000,1.22935224,45.82373084
87085_2430_00025,rue des Hautes Places,25,,IT0068,1562409.15500000,5182016.60120000,1.22909631,45.82442853
87085_2430_00026,rue des Hautes Places,26,,IT0151,1562426.02200000,5181956.04450000,1.22933066,45.82388716
87085_2430_00028,rue des Hautes Places,28,,IT0150,1562425.77910000,5181961.59910000,1.22932594,45.82393708
87085_2430_00030,rue des Hautes Places,30,,IT0149,1562425.21170000,5181969.01160000,1.22931652,45.82400365
87085_2430_00032,rue des Hautes Places,32,,IT0148,1562424.65490000,5181977.06310000,1.22930706,45.82407596
87085_2430_00034,rue des Hautes Places,34,,IT0147,1562423.86020000,5181987.53690000,1.22929383,45.82417002
87085_2430_00036,rue des Hautes Places,36,,IT0146,1562423.42870000,5181996.45140000,1.22928573,45.82425013
87085_2430_00038,rue des Hautes Places,38,,IT0375,1562422.85890000,5182003.95550000,1.22927625,45.82431752
87085_2430_00040,rue des Hautes Places,40,,IT0144,1562422.30370000,5182011.25510000,1.22926702,45.82438307
87085_2430_00042,rue des Hautes Places,42,,IT0143,1562421.56530000,5182021.20050000,1.22925468,45.82447239
87085_2525_00001,rue des Hortensias,1,,BV0427,1564208.77700000,5185525.45550000,1.25125999,45.85635029
87085_2525_00002,rue des Hortensias,2,,BV0730,1564199.24360000,5185527.61300000,1.25113665,45.85636781
87085_2525_00003,rue des Hortensias,3,,BV0428,1564196.15880000,5185516.22740000,1.25110015,45.85626478
87085_2525_00004,rue des Hortensias,4,,BV0542,1564183.55240000,5185516.56920000,1.25093776,45.85626537
87085_2525_00005,rue des Hortensias,5,,BV0429,1564182.26050000,5185507.11500000,1.25092380,45.85618007
87085_2525_00006,rue des Hortensias,6,,BV0539,1564168.79590000,5185506.52120000,1.25075063,45.85617207
87085_2525_00007,rue des Hortensias,7,,BV0432,1564168.53960000,5185497.69230000,1.25074982,45.85609259
87085_2525_00008,rue des Hortensias,8,,BV0538,1564159.27350000,5185500.04340000,1.25062987,45.85611191
87085_2525_00009,rue des Hortensias,9,,BV0434,1564160.28890000,5185491.77810000,1.25064528,45.85603776
87085_2525_00010,rue des Hortensias,10,,BV0537,1564148.09270000,5185492.31280000,1.25048811,45.85604016
87085_2525_00011,rue des Hortensias,11,,BV0435,1564147.85160000,5185483.17010000,1.25048760,45.85595787
87085_2525_00012,rue des Hortensias,12,,BV0536,1564137.24960000,5185484.87750000,1.25035062,45.85597114
87085_2525_00013,rue des Hortensias,13,,BV0436,1564136.39770000,5185475.19980000,1.25034239,45.85588391
87085_2525_00014,rue des Hortensias,14,,BV0535,1564127.67430000,5185478.18600000,1.25022924,45.85590905
87085_2525_00015,rue des Hortensias,15,,BV0437,1564123.67310000,5185466.30220000,1.25018110,45.85580136
87085_2530_00001,rue des Horticulteurs,1,,IM1176,1563292.69200000,5182379.15710001,1.24036135,45.82786609
87085_2530_00006,rue des Horticulteurs,6,,IM1182,1563289.58690000,5182411.22660000,1.24031228,45.82815396
87085_2530_00007,rue des Horticulteurs,7,,IM1404,1563278.59550000,5182408.83780000,1.24017153,45.82813029
87085_2530_00008,rue des Horticulteurs,8,,IM1184,1563283.94850000,5182423.71300000,1.24023618,45.82826516
87085_2530_00010,rue des Horticulteurs,10,,IM1186,1563277.68500000,5182436.63860000,1.24015191,45.82838019
87085_2530_00014,rue des Horticulteurs,14,,IM1398,1563266.83220000,5182459.34050000,1.24000580,45.82858225
87085_2530_00016,rue des Horticulteurs,16,,IM1192,1563260.89870000,5182472.14580000,1.23992581,45.82869626
87085_2530_00017,rue des Horticulteurs,17,,IM1190,1563251.25880000,5182467.13250000,1.23980319,45.82864924
87085_2530_00018,rue des Horticulteurs,18,,IM1396,1563257.32000000,5182479.65030000,1.23987763,45.82876305
87085_2530_00019,rue des Horticulteurs,19,,IM1194,1563243.58220000,5182483.22980000,1.23969984,45.82879252
87085_2530_00020,rue des Horticulteurs,20,,IM1394,1563253.77690000,5182487.26850000,1.23982987,45.82883088
87085_2530_00021,rue des Horticulteurs,21,,IM1194,1563239.32640000,5182492.56370000,1.23964242,45.82887564
87085_2530_00023,rue des Horticulteurs,23,,IM1194,1563233.83100000,5182503.90720000,1.23956848,45.82897659
87085_2530_00024,rue des Horticulteurs,24,,IM1074,1563237.73940000,5182521.80670000,1.23961368,45.82913838
87085_2530_00025,rue des Horticulteurs,25,,IM1194,1563227.79080000,5182516.69010000,1.23948712,45.82909038
87085_2530_00029,rue des Horticulteurs,29,,IM1196,1563222.34560000,5182528.37620000,1.23941373,45.82919442
87085_2530_00029_bis,rue des Horticulteurs,29,bis,IM1196,1563215.89680000,5182542.40410000,1.23932676,45.82931932
87085_2530_00030,rue des Horticulteurs,30,,IM1198,1563221.31000000,5182556.47940000,1.23939241,45.82944701
87085_2530_00032,rue des Horticulteurs,32,,IM1202,1563216.71990000,5182566.18580000,1.23933058,45.82953341
87085_2530_00033,rue des Horticulteurs,33,,IM1200,1563205.28000000,5182565.09290000,1.23918369,45.82952131
87085_2530_00034,rue des Horticulteurs,34,,IM1162,1563209.57960000,5182581.33480000,1.23923439,45.82966827
87085_2530_00035,rue des Horticulteurs,35,,IM1204,1563201.21420000,5182573.69140000,1.23912892,45.82959785
87085_2530_00037,rue des Horticulteurs,37,,IM1206,1563196.92220000,5182582.74780000,1.23907112,45.82967846
87085_2530_00038,rue des Horticulteurs,38,,IM1210,1563188.27840000,5182626.72250000,1.23894738,45.83007232
87085_2530_00039,rue des Horticulteurs,39,,IM1208,1563192.82820000,5182591.56430000,1.23901593,45.82975696
87085_2530_00040,rue des Horticulteurs,40,,IM1220,1563182.08020000,5182639.51230000,1.23886398,45.83018614
87085_2530_00041,rue des Horticulteurs,41,,IM1212,1563188.35660000,5182601.08420000,1.23895568,45.82984170
87085_2530_00042,rue des Horticulteurs,42,,IM1224,1563179.10190000,5182646.01370000,1.23882380,45.83024403
87085_2530_00043,rue des Horticulteurs,43,,IM1214,1563185.43250000,5182607.28130000,1.23891629,45.82989687
87085_2530_00044,rue des Horticulteurs,44,,IM0676,1563173.92470000,5182656.87920000,1.23875409,45.83034074
87085_2530_00045,rue des Horticulteurs,45,,IM1218,1563179.26920000,5182620.33840000,1.23883326,45.83001310
87085_2530_00046,rue des Horticulteurs,46,,IM1228,1563168.87590000,5182667.31940000,1.23868615,45.83043365
87085_2530_00047,rue des Horticulteurs,47,,IM1115,1563176.28260000,5182626.63630000,1.23879304,45.83006916
87085_2530_00049,rue des Horticulteurs,49,,IM1222,1563172.66410000,5182634.65110000,1.23874420,45.83014053
87085_1545_00001,rue Désirée,1,,ER0181,1566226.18450000,5182444.70040000,1.27808990,45.82903253
87085_1545_00002,rue Désirée,2,,ER0440,1566217.25710000,5182454.53690000,1.27797228,45.82911928
87085_1545_00005,rue Désirée,5,,ER0193,1566216.49280000,5182423.94110000,1.27797096,45.82884390
87085_1545_00006,rue Désirée,6,,ER0107,1566205.01030000,5182428.37010000,1.27782198,45.82888151
87085_1545_00007,rue Désirée,7,,ER0194,1566209.68880000,5182408.63830000,1.27788767,45.82870492
87085_1545_00008,rue Désirée,8,,ER0106,1566198.43140000,5182414.04190000,1.27774131,45.82875134
87085_1545_00013,rue Désirée,13,,ER0198,1566186.19460000,5182358.39100000,1.27759934,45.82824834
87085_1545_00015,rue Désirée,15,,ER0199,1566182.75470000,5182350.91230000,1.27755715,45.82818040
87085_1545_00016,rue Désirée,16,,ER0547,1566173.33870000,5182361.06990000,1.27743317,45.82826994
87085_1545_00017,rue Désirée,17,,ER0200,1566180.63630000,5182346.35580000,1.27753116,45.82813900
87085_1545_00018,rue Désirée,18,,ER0078,1566166.61350000,5182346.78850000,1.27735060,45.82814016
87085_1545_00019,rue Désirée,19,,ER0331,1566175.09160000,5182334.33660000,1.27746316,45.82802980
87085_1545_00021,rue Désirée,21,,ER0214,1566161.81770000,5182306.64530000,1.27730007,45.82777811
87085_1545_00022,rue Désirée,22,,ER0076,1566150.60170000,5182312.27440000,1.27715418,45.82782657
87085_1545_00023,rue Désirée,23,,ER0215,1566155.78060000,5182293.94420000,1.27722592,45.82766268
87085_1545_00024,rue Désirée,24,,ER0075,1566144.70190000,5182299.80980000,1.27708173,45.82771329
87085_1545_00025,rue Désirée,25,,ER0216,1566151.69400000,5182285.72820000,1.27717562,45.82758798
87085_1545_00026,rue Désirée,26,,ER0074,1566140.18550000,5182290.38720000,1.27702624,45.82762765
87085_1545_00027,rue Désirée,27,,ER0217,1566148.36640000,5182277.92160000,1.27713498,45.82751711
87085_1545_00028,rue Désirée,28,,ER0065,1566134.67240000,5182278.54580000,1.27695860,45.82752006
87085_1545_00029,rue Désirée,29,,ER0218,1566144.59540000,5182270.03850000,1.27708865,45.82744546
87085_1545_00030,rue Désirée,30,,ER0064,1566130.22830000,5182269.24250000,1.27690400,45.82743550
87085_1545_00031,rue Désirée,31,,ER0219,1566137.25240000,5182254.28680000,1.27699855,45.82730233
87085_1545_00032,rue Désirée,32,,ER0063,1566126.22380000,5182261.10010000,1.27685474,45.82736148
87085_1545_00034,rue Désirée,34,,ER0062,1566122.41450000,5182252.71890000,1.27680806,45.82728534
87085_1545_00036,rue Désirée,36,,ER0058,1566119.30760000,5182245.88470000,1.27676999,45.82722326
87085_2911_00001,rue des Landes,1,,SH0002,1558553.24260000,5187509.44130000,1.17786764,45.87305651
87085_2911_00002,rue des Landes,2,,SC0245,1558570.50390000,5187504.89210000,1.17809126,45.87301914
87085_2911_00003,rue des Landes,3,,SH0003,1558532.55060000,5187538.65050000,1.17759257,45.87331499
87085_2911_00005,rue des Landes,5,,SH0004,1558471.02730000,5187567.27390000,1.17679185,45.87355980
87085_2911_00008,rue des Landes,8,,SC0173,1558472.34800000,5187580.27720000,1.17680503,45.87367704
87085_2911_00010,rue des Landes,10,,SC0174,1558440.66050000,5187592.56730000,1.17639334,45.87378107
87085_2911_00013,rue des Landes,13,,SE0121,1558316.81880000,5187619.93100000,1.17479046,45.87400170
87085_2911_00014,rue des Landes,14,,SC0088,1558353.60840000,5187623.51180000,1.17526317,45.87404149
87085_2911_00015,rue des Landes,15,,SE0122,1558301.08840000,5187624.67410000,1.17458648,45.87404112
87085_2911_00016,rue des Landes,16,,SC0089,1558292.44330000,5187640.22750000,1.17447056,45.87417924
87085_2911_00021,rue des Landes,21,,SE0038,1558224.42340000,5187647.00980000,1.17359261,45.87422622
87085_2911_00024,rue des Landes,24,,SC0091,1558130.34620000,5187684.43970000,1.17237003,45.87454350
87085_2911_00025,rue des Landes,25,,SE0036,1558101.16720000,5187681.33720000,1.17199518,45.87450957
87085_2911_00026,rue des Landes,26,,SC0093,1558083.97970000,5187700.46140000,1.17176819,45.87467805
87085_2911_00027,rue des Landes,27,,SE0035,1558054.92970000,5187699.23000000,1.17139445,45.87466097
87085_2911_00028,rue des Landes,28,,SC0094,1558058.44970000,5187712.34780000,1.17143590,45.87477970
87085_2911_00029,rue des Landes,29,,SE0034,1558009.73360000,5187724.89330000,1.17080482,45.87488248
87085_2911_00030,rue des Landes,30,,SC0095,1558036.65150000,5187724.03730000,1.17115173,45.87488035
87085_2911_00031,rue des Landes,31,,SE0033,1557974.50190000,5187745.20860000,1.17034510,45.87505795
87085_2911_00032,rue des Landes,32,,SC0096,1558018.24680000,5187734.23970000,1.17091169,45.87496832
87085_2911_00034,rue des Landes,34,,SC0097,1558001.09990000,5187744.68040000,1.17068779,45.87505869
87085_2911_00035,rue des Landes,35,,SE0031,1557913.79770000,5187778.62590000,1.16955346,45.87534600
87085_2911_00036,rue des Landes,36,,SC0177,1557986.89080000,5187752.52890000,1.17050248,45.87512635
87085_2911_00038,rue des Landes,38,,SC0215,1557973.54240000,5187759.23160000,1.17032859,45.87518389
87085_2911_00038_a,rue des Landes,38,a,SC0213,1558000.33150000,5187784.36710000,1.17066615,45.87541553
87085_2911_00038_b,rue des Landes,38,b,SC0212,1557991.73250000,5187781.72130000,1.17055619,45.87538995
87085_2911_00040,rue des Landes,40,,SC0183,1557941.68730000,5187777.27290000,1.16991302,45.87533959
87085_2911_00042,rue des Landes,42,,SC0098,1557907.63150000,5187797.49660000,1.16946846,45.87551447
87085_2911_00043,rue des Landes,43,,SE0025,1557814.61450000,5187852.16290000,1.16825438,45.87598697
87085_2911_00045,rue des Landes,45,,SE0024,1557787.68810000,5187871.19440000,1.16790198,45.87615259
87085_2911_00051,rue des Landes,51,,SE0023,1557731.31910000,5187904.16680000,1.16716627,45.87643752
87085_2911_00055,rue des Landes,55,,SE0096,1557682.90390000,5187933.58700000,1.16653404,45.87669214
87085_2911_00057,rue des Landes,57,,SE0081,1557652.84120000,5187950.93850000,1.16614173,45.87684199
87085_2911_00059,rue des Landes,59,,SE0080,1557627.49610000,5187965.41460000,1.16581103,45.87696696
87085_2911_00060,rue des Landes,60,,SC0111,1557662.66450000,5187961.74170000,1.16626504,45.87694121
87085_2911_00061,rue des Landes,61,,SE0009,1557605.15580000,5187979.71030000,1.16551908,45.87709093
87085_2911_00062,rue des Landes,62,,SC0112,1557622.87790000,5187984.44190000,1.16574591,45.87713716
87085_2911_00063,rue des Landes,63,,SE0008,1557587.40020000,5187990.39920000,1.16528724,45.87718340
87085_2911_00066,rue des Landes,66,,SC0114,1557545.31340000,5188033.96400000,1.16473230,45.87756655
87085_2946_00003,rue des Lauriers,3,,LV0090,1567299.66850000,5187735.12510000,1.29044191,45.87683127
87085_2946_00005,rue des Lauriers,5,,LV0091,1567289.47820000,5187751.65810000,1.29030610,45.87697803
87085_2946_00006,rue des Lauriers,6,,LV0139,1567303.02210000,5187760.76710000,1.29047801,45.87706258
87085_2946_00007,rue des Lauriers,7,,LV0093,1567287.83550000,5187758.28000000,1.29028311,45.87703728
87085_2946_00008,rue des Lauriers,8,,LV0137,1567304.28730000,5187773.88720000,1.29049068,45.87718085
87085_2946_00009,rue des Lauriers,9,,LV0094,1567288.54410000,5187783.35270000,1.29028530,45.87726296
87085_2946_00010,rue des Lauriers,10,,LV0135,1567304.22790000,5187783.65930000,1.29048721,45.87726874
87085_2946_00012,rue des Lauriers,12,,LV0134,1567294.81980000,5187796.11060000,1.29036260,45.87737893
87085_2954_00002,rue des Laveuses,2,,EO0317,1565544.68730000,5182481.87690000,1.26931016,45.82923406
87085_2954_00004,rue des Laveuses,4,,EO0317,1565546.84710000,5182486.10360000,1.26933677,45.82927251
87085_2954_00006,rue des Laveuses,6,,EO0317,1565550.11560000,5182491.48340000,1.26937732,45.82932154
87085_3133_00001,rue des Longes,1,,ES0153,1566307.90280000,5182508.63730000,1.27912365,45.82962357
87085_3133_00002,rue des Longes,2,,ES0169,1566294.48940000,5182488.02180000,1.27895678,45.82943552
87085_3133_00003,rue des Longes,3,,ES0154,1566322.07320000,5182500.08300000,1.27930838,45.82954938
87085_3133_00004,rue des Longes,4,,ES0168,1566310.66590000,5182487.30020000,1.27916514,45.82943217
87085_3133_00005,rue des Longes,5,,ES0155,1566341.54820000,5182490.45990000,1.27956165,45.82946659
87085_3133_00006,rue des Longes,6,,ES0167,1566328.99470000,5182479.06500000,1.27940328,45.82936165
87085_3133_00007,rue des Longes,7,,ES0156,1566359.37960000,5182482.07980000,1.27979344,45.82939468
87085_3133_00008,rue des Longes,8,,ES0166,1566343.89370000,5182472.19120000,1.27959691,45.82930271
87085_3133_00009,rue des Longes,9,,ES0157,1566378.43810000,5182474.68530000,1.28004073,45.82933186
87085_3133_00010,rue des Longes,10,,ES0165,1566362.92000000,5182463.21370000,1.27984424,45.82922565
87085_3133_00011,rue des Longes,11,,ES0158,1566399.16050000,5182470.86870000,1.28030845,45.82930155
87085_3133_00012,rue des Longes,12,,ES0164,1566380.73710000,5182454.93070000,1.28007581,45.82915460
87085_3133_00013,rue des Longes,13,,ES0159,1566421.12430000,5182478.47550000,1.28058896,45.82937425
87085_3133_00014,rue des Longes,14,,ES0163,1566396.92050000,5182447.45010000,1.28028613,45.82909045
87085_3133_00016,rue des Longes,16,,ES0162,1566417.22140000,5182436.68040000,1.28055035,45.82899752
87085_3133_00018,rue des Longes,18,,ES0161,1566431.40160000,5182437.37510000,1.28073263,45.82900652
87085_3133_00020,rue des Longes,20,,ES0160,1566441.26530000,5182442.98080000,1.28085799,45.82905886
87085_3196_00001,rue des Lucioles,1,,RC0154,1560507.90870000,5184461.20010000,1.20392460,45.84603584
87085_3196_00002,rue des Lucioles,2,,RC0017,1560500.19150000,5184441.65810000,1.20383094,45.84585849
87085_3196_00003,rue des Lucioles,3,,RC0155,1560532.76920000,5184473.91630000,1.20424090,45.84615527
87085_3196_00004,rue des Lucioles,4,,RC0016,1560523.12660000,5184453.85260000,1.20412261,45.84597284
87085_3196_00005,rue des Lucioles,5,,RC0156,1560551.03970000,5184483.49620000,1.20447329,45.84624515
87085_3196_00006,rue des Lucioles,6,,RC0015,1560542.09360000,5184463.65740000,1.20436390,45.84606488
87085_3196_00007,rue des Lucioles,7,,RC0157,1560570.12860000,5184493.25420000,1.20471616,45.84633680
87085_3196_00008,rue des Lucioles,8,,RC0014,1560562.20240000,5184473.91460000,1.20461975,45.84616123
87085_3196_00009,rue des Lucioles,9,,RC0158,1560589.11730000,5184503.40860000,1.20495763,45.84643200
87085_3196_00010,rue des Lucioles,10,,RC0013,1560580.14390000,5184483.48130000,1.20484791,45.84625092
87085_3196_00011_bis,rue des Lucioles,11,bis,RC0168,1560641.11980000,5184533.49450000,1.20561826,45.84671318
87085_3196_00012,rue des Lucioles,12,,RC0012,1560596.99350000,5184492.02380000,1.20506231,45.84633118
87085_3196_00013,rue des Lucioles,13,,RC0169,1560657.51450000,5184551.92360000,1.20582394,45.84688228
87085_3196_00014,rue des Lucioles,14,,RC0011,1560642.06180000,5184517.09080000,1.20563514,45.84656581
87085_3196_00015,rue des Lucioles,15,,RC0170,1560668.95590000,5184570.82980000,1.20596573,45.84705466
87085_3196_00016,rue des Lucioles,16,,RC0181,1560660.03790000,5184539.09230000,1.20586014,45.84676736
87085_3196_00018,rue des Lucioles,18,,RC0187,1560682.77060000,5184560.41820000,1.20614656,45.84696381
87085_3196_00019,rue des Lucioles,19,,RC0003,1560708.76360000,5184568.28280000,1.20647886,45.84703982
87085_3196_00020,rue des Lucioles,20,,RC0218,1560723.07720000,5184552.82630000,1.20666758,45.84690368
87085_3196_00023,rue des Lucioles,23,,RC0005,1560760.04460000,5184534.00670000,1.20714886,45.84674188
87085_3196_00024,rue des Lucioles,24,,RC0143,1560764.48130000,5184503.51780000,1.20721481,45.84646852
87085_3196_00026,rue des Lucioles,26,,RC0150,1560774.57410000,5184480.12970000,1.20735149,45.84626017
87085_3196_00028,rue des Lucioles,28,,RC0151,1560788.29490000,5184472.08040000,1.20753043,45.84619054
87085_3196_00030,rue des Lucioles,30,,RC0148,1560785.40520000,5184487.92360000,1.20748865,45.84633248
87085_3196_00032,rue des Lucioles,32,,RC0006,1560775.44470000,5184500.26470000,1.20735686,45.84644147
87085_3482_00002,rue des Mélèzes,2,,LO0379,1568216.55400000,5187769.54700000,1.30224096,45.87731736
87085_3482_00003,rue des Mélèzes,3,,LO0318,1568219.43140000,5187745.32750000,1.30228467,45.87710005
87085_3482_00004,rue des Mélèzes,4,,LO0380,1568213.18560000,5187758.90510000,1.30220050,45.87722099
87085_3482_00005,rue des Mélèzes,5,,LO0319,1568218.04500000,5187737.90740000,1.30226885,45.87703303
87085_3482_00006,rue des Mélèzes,6,,LO0381,1568210.50740000,5187749.26410000,1.30216866,45.87713375
87085_3482_00007,rue des Mélèzes,7,,LO0377,1568215.23080000,5187711.07740000,1.30223997,45.87679114
87085_3482_00008,rue des Mélèzes,8,,LO0382,1568209.52840000,5187743.97030000,1.30215750,45.87708594
87085_3482_00009,rue des Mélèzes,9,,LO0373,1568214.57840000,5187703.65000000,1.30223361,45.87672420
87085_3482_00010,rue des Mélèzes,10,,LO0383,1568208.13190000,5187737.12720000,1.30214140,45.87702411
87085_3482_00011,rue des Mélèzes,11,,LO0372,1568214.08410000,5187695.57970000,1.30222946,45.87665151
87085_3482_00012,rue des Mélèzes,12,,LO0384,1568207.22460000,5187731.84600000,1.30213116,45.87697643
87085_3482_00014,rue des Mélèzes,14,,LO0385,1568206.44940000,5187721.39900000,1.30212405,45.87688230
87085_3482_00015,rue des Mélèzes,15,,LO0397,1568222.08180000,5187663.10450000,1.30234138,45.87636091
87085_3482_00016,rue des Mélèzes,16,,LO0386,1568205.79510000,5187712.41640000,1.30211808,45.87680137
87085_3482_00017,rue des Mélèzes,17,,LO0398,1568229.83310000,5187663.76270000,1.30244103,45.87636831
87085_3482_00018,rue des Mélèzes,18,,LO0387,1568205.15360000,5187704.42710000,1.30211202,45.87672938
87085_3482_00019,rue des Mélèzes,19,,LO0399,1568237.52650000,5187664.28460000,1.30253996,45.87637448
87085_3482_00020,rue des Mélèzes,20,,LO0388,1568204.60240000,5187696.62330000,1.30210706,45.87665908
87085_3482_00021,rue des Mélèzes,21,,LO0400,1568243.98630000,5187664.75490001,1.30262303,45.87637995
87085_3482_00022,rue des Mélèzes,22,,LO0389,1568203.91880000,5187688.38760000,1.30210052,45.87658486
87085_3482_00023,rue des Mélèzes,23,,LO0401,1568245.49610000,5187657.87089999,1.30264436,45.87631832
87085_3482_00024,rue des Mélèzes,24,,LO0390,1568203.24750000,5187680.35400000,1.30209408,45.87651246
87085_3482_00025,rue des Mélèzes,25,,LO0402,1568246.14390000,5187650.30780001,1.30265478,45.87625041
87085_3482_00026,rue des Mélèzes,26,,LO0391,1568202.93660000,5187672.00970000,1.30209237,45.87643734
87085_3482_00027,rue des Mélèzes,27,,LO0403,1568246.61630000,5187644.10620000,1.30266257,45.87619471
87085_3482_00028,rue des Mélèzes,28,,LO0392,1568191.95590000,5187657.51150000,1.30195493,45.87630482
87085_3482_00029,rue des Mélèzes,29,,LO0404,1568244.20440000,5187641.78580000,1.30263214,45.87617337
87085_3482_00030,rue des Mélèzes,30,,LO0393,1568192.52290000,5187650.11440000,1.30196426,45.87623838
87085_3482_00031,rue des Mélèzes,31,,LO0405,1568238.06360000,5187641.37470000,1.30255317,45.87616850
87085_3482_00032,rue des Mélèzes,32,,LO0394,1568193.00680000,5187642.83130000,1.30197249,45.87617296
87085_3482_00033,rue des Mélèzes,33,,LO0406,1568230.54040000,5187640.79610000,1.30245644,45.87616185
87085_3482_00034,rue des Mélèzes,34,,LO0395,1568203.76570000,5187632.95750000,1.30211377,45.87608620
87085_3482_00035,rue des Mélèzes,35,,LO0407,1568221.64570000,5187640.13650000,1.30234207,45.87615421
87085_3482_00038,rue des Mélèzes,38,,LT0062,1568191.39710000,5187600.12770000,1.30196349,45.87578850
87085_3482_00040,rue des Mélèzes,40,,LT0061,1568186.91740000,5187593.17580000,1.30190771,45.87572511
87085_3482_00042,rue des Mélèzes,42,,LT0060,1568182.20000000,5187585.86100000,1.30184896,45.87565840
87085_3482_00044,rue des Mélèzes,44,,LT0059,1568177.38290000,5187578.37060000,1.30178898,45.87559010
87085_3482_00046,rue des Mélèzes,46,,LT0058,1568172.48280000,5187570.59750000,1.30172801,45.87551923
87085_3482_00047,rue des Mélèzes,47,,LT0070,1568164.41550000,5187521.96310000,1.30163747,45.87508019
87085_3482_00048,rue des Mélèzes,48,,LT0057,1568167.77170000,5187563.31220000,1.30166934,45.87545279
87085_3482_00049,rue des Mélèzes,49,,LT0071,1568165.02500000,5187514.34420000,1.30164741,45.87501177
87085_3482_00050,rue des Mélèzes,50,,LT0056,1568163.68760000,5187557.00380000,1.30161847,45.87539526
87085_3482_00051,rue des Mélèzes,51,,LT0072,1568174.11850000,5187487.40430000,1.30177192,45.87477117
87085_3482_00052,rue des Mélèzes,52,,LT0055,1568159.74880000,5187549.90570000,1.30156970,45.87533065
87085_3482_00053,rue des Mélèzes,53,,LT0073,1568181.63700000,5187488.06160000,1.30186857,45.87477853
87085_3482_00054,rue des Mélèzes,54,,LT0054,1568156.83500000,5187541.73380000,1.30153441,45.87525658
87085_3482_00055,rue des Mélèzes,55,,LT0074,1568189.36490000,5187488.64930000,1.30196793,45.87478529
87085_3482_00056,rue des Mélèzes,56,,LT0053,1568155.05020000,5187532.43070000,1.30151398,45.87517255
87085_3482_00057,rue des Mélèzes,57,,LT0075,1568194.98590000,5187489.07070000,1.30204020,45.87479016
87085_3482_00058,rue des Mélèzes,58,,LT0052,1568155.08450000,5187524.39940000,1.30151663,45.87510031
87085_3482_00059,rue des Mélèzes,59,,LT0076,1568196.79110000,5187487.69320000,1.30206383,45.87477812
87085_3482_00060,rue des Mélèzes,60,,LT0051,1568155.29970000,5187517.89150000,1.30152119,45.87504181
87085_3482_00061,rue des Mélèzes,61,,LT0077,1568197.26120000,5187481.62380000,1.30207155,45.87472361
87085_3482_00063,rue des Mélèzes,63,,LT0078,1568197.93230000,5187473.49770000,1.30208243,45.87465064
87085_3482_00064,rue des Mélèzes,64,,LT0049,1568149.43060000,5187485.70130000,1.30145445,45.87475111
87085_3482_00065,rue des Mélèzes,65,,LT0079,1568198.28280000,5187468.70920000,1.30208825,45.87460763
87085_3482_00066,rue des Mélèzes,66,,LT0048,1568141.61690000,5187485.18620000,1.30135396,45.87474498
87085_3482_00067,rue des Mélèzes,67,,LT0080,1568194.13530000,5187466.57240000,1.30203543,45.87458761
87085_3482_00068,rue des Mélèzes,68,,LT0047,1568136.84250000,5187482.58710000,1.30129319,45.87472068
87085_3482_00069,rue des Mélèzes,69,,LT0081,1568186.56350000,5187465.92310000,1.30193809,45.87458032
87085_3482_00070,rue des Mélèzes,70,,LT0046,1568137.43860000,5187476.44060000,1.30130255,45.87466551
87085_3482_00071,rue des Mélèzes,71,,LT0082,1568178.64140000,5187465.25410000,1.30183625,45.87457278
87085_3482_00072,rue des Mélèzes,72,,LT0045,1568137.63150000,5187468.50900000,1.30130722,45.87459419
87085_3482_00074,rue des Mélèzes,74,,LT0044,1568138.22300000,5187464.03000000,1.30131606,45.87455402
87085_3482_00076,rue des Mélèzes,76,,LT0043,1568141.95820000,5187462.14530000,1.30136469,45.87453778
87085_3482_00078,rue des Mélèzes,78,,LT0042,1568148.87150000,5187462.60020000,1.30145359,45.87454320
87085_3482_00084,rue des Mélèzes,84,,LT0039,1568137.89520000,5187411.47490000,1.30132628,45.87408119
87085_3482_00086,rue des Mélèzes,86,,LT0038,1568129.96500000,5187405.53590000,1.30122578,45.87402624
87085_3482_00087,rue des Mélèzes,87,,LT0029,1568110.47270000,5187387.01440000,1.30097985,45.87385589
87085_3482_00088,rue des Mélèzes,88,,LT0037,1568122.92030000,5187401.54360000,1.30113616,45.87398897
87085_3482_00089,rue des Mélèzes,89,,LT0030,1568102.96760000,5187385.70510000,1.30088355,45.87384267
87085_3482_00090,rue des Mélèzes,90,,LT0036,1568115.52630000,5187398.47920000,1.30104178,45.87395999
87085_3482_00091,rue des Mélèzes,91,,LT0031,1568095.37890000,5187385.17480000,1.30078597,45.87383644
87085_3482_00092,rue des Mélèzes,92,,LT0035,1568104.43320000,5187395.65180000,1.30089969,45.87393243
87085_3482_00093,rue des Mélèzes,93,,LT0032,1568086.84760000,5187385.46170000,1.30067602,45.87383738
87085_3523_00003,rue des Mines,3,,LA0030,1568167.42450000,5191636.67540000,1.30054537,45.91209515
87085_3523_00004,rue des Mines,4,,KZ0191,1568192.94650000,5191644.54440000,1.30087211,45.91217083
87085_3523_00005,rue des Mines,5,,LA0029,1568151.74860000,5191640.08290000,1.30034242,45.91212279
87085_3523_00006,rue des Mines,6,,KZ0192,1568176.98930000,5191647.58860000,1.30066563,45.91219515
87085_3523_00007,rue des Mines,7,,LA0028,1568136.47140000,5191642.63160000,1.30014484,45.91214278
87085_3523_00008,rue des Mines,8,,KZ0201,1568156.35200000,5191651.47920000,1.30039861,45.91222619
87085_3523_00009,rue des Mines,9,,LA0027,1568121.52580000,5191645.53310000,1.29995143,45.91216601
87085_3523_00010,rue des Mines,10,,KZ0202,1568141.30190000,5191654.65290000,1.30020378,45.91225185
87085_3523_00011,rue des Mines,11,,LA0026,1568102.48300000,5191649.22820000,1.29970501,45.91219560
87085_3523_00012,rue des Mines,12,,KZ0203,1568126.23720000,5191657.37350000,1.30000889,45.91227343
87085_3523_00014,rue des Mines,14,,KZ0204,1568110.66180000,5191660.30020000,1.29980737,45.91229677
87085_3523_00015,rue des Mines,15,,LA0025,1568082.85510000,5191653.60810000,1.29945086,45.91223123
87085_3523_00016,rue des Mines,16,,KZ0205,1568087.34810000,5191664.90540000,1.29950565,45.91233371
87085_3563_00012,rue des Montarauds,12,,LT0207,1567679.64940000,5186975.19140000,1.29554512,45.87006846
87085_3563_00015,rue des Montarauds,15,,LW0500,1567686.27390000,5186882.23990000,1.29565604,45.86923358
87085_3563_00017,rue des Montarauds,17,,LW0499,1567683.72340000,5186886.29060000,1.29562208,45.86926952
87085_3563_00019,rue des Montarauds,19,,LW0498,1567697.74020000,5186913.32940000,1.29579513,45.86951545
87085_3563_00023,rue des Montarauds,23,,LW0072,1567686.38810000,5186935.47900000,1.29564284,45.86971252
87085_3563_00029,rue des Montarauds,29,,LW0259,1567651.81100000,5187002.02790000,1.29517924,45.87030451
87085_3563_00097,rue des Montarauds,97,,LY0241,1567265.40820000,5187260.66160000,1.29013187,45.87255656
87085_3570_00002,rue des Montées,2,,OD0124,1563670.14370000,5184905.34820000,1.24450162,45.85066549
87085_3570_00005,rue des Montées,5,,OD0145,1563646.78810000,5184887.50190000,1.24420603,45.85050032
87085_3570_00006,rue des Montées,6,,OD0125,1563643.15960000,5184899.81430000,1.24415583,45.85061035
87085_3570_00007,rue des Montées,7,,OD0144,1563634.09890000,5184884.98350000,1.24404340,45.85047515
87085_3570_00008,rue des Montées,8,,OD0126,1563633.22890000,5184897.91000000,1.24402853,45.85059125
87085_3570_00009,rue des Montées,9,,OD0143,1563621.63210000,5184882.83660000,1.24388353,45.85045336
87085_3570_00011,rue des Montées,11,,OD0142,1563604.73610000,5184879.01820000,1.24366712,45.85041566
87085_3570_00012,rue des Montées,12,,OD0128,1563615.03170000,5184894.21360000,1.24379534,45.85055439
87085_3570_00013,rue des Montées,13,,OD0141,1563592.27870000,5184876.57900000,1.24350745,45.85039125
87085_3570_00014,rue des Montées,14,,OD0129,1563603.74420000,5184892.04980000,1.24365065,45.85053269
87085_3570_00015,rue des Montées,15,,OD0140,1563580.70980000,5184874.23470000,1.24335920,45.85036786
87085_3570_00016,rue des Montées,16,,OD0275,1563587.51720000,5184888.63420000,1.24344274,45.85049874
87085_3570_00017,rue des Montées,17,,OD0287,1563569.43430000,5184871.84580000,1.24321473,45.85034414
87085_3570_00018,rue des Montées,18,,OD0250,1563581.26550000,5184887.48800000,1.24336259,45.85048719
87085_3570_00018_bis,rue des Montées,18,bis,OD0252,1563573.50780000,5184885.91110000,1.24326317,45.85047147
87085_3570_00019,rue des Montées,19,,OD0138,1563557.65660000,5184869.59970000,1.24306376,45.85032159
87085_3570_00020,rue des Montées,20,,OD0132,1563567.53490000,5184884.72830000,1.24318662,45.85045964
87085_3570_00022,rue des Montées,22,,OD0289,1563555.25100000,5184882.24270000,1.24302920,45.85043485
87085_3624_00001,rue des Mouettes,1,,TY0033,1561703.36570000,5182545.65130000,1.21986310,45.82904605
87085_3624_00003,rue des Mouettes,3,,TY0032,1561692.84760000,5182540.17560000,1.21972933,45.82899468
87085_3624_00004,rue des Mouettes,4,,TY0035,1561652.32680000,5182528.67550000,1.21921124,45.82888308
87085_3624_00005,rue des Mouettes,5,,TY0031,1561681.12690000,5182534.47420000,1.21958015,45.82894103
87085_3624_00006,rue des Mouettes,6,,TY0036,1561632.30170000,5182519.49130000,1.21895621,45.82879644
87085_3624_00007,rue des Mouettes,7,,TY0030,1561666.92160000,5182527.23480000,1.21939945,45.82887306
87085_3624_00008,rue des Mouettes,8,,TY0037,1561609.24150000,5182518.57730000,1.21865974,45.82878357
87085_3624_00009,rue des Mouettes,9,,TY0029,1561652.09630000,5182519.73690000,1.21921084,45.82880263
87085_3624_00010,rue des Mouettes,10,,TY0039,1561585.11100000,5182518.01510000,1.21834940,45.82877366
87085_3624_00011,rue des Mouettes,11,,TY0028,1561638.67130000,5182513.04720000,1.21904002,45.82873975
87085_3624_00012,rue des Mouettes,12,,TY0040,1561562.37240000,5182500.71130000,1.21806180,45.82861343
87085_3624_00015,rue des Mouettes,15,,TY0027,1561626.16510000,5182508.89760000,1.21888029,45.82869990
87085_3624_00017,rue des Mouettes,17,,TY0026,1561613.24720000,5182504.40560000,1.21871536,45.82865690
87085_3624_00019,rue des Mouettes,19,,TY0025,1561594.39450000,5182503.24770000,1.21847311,45.82864269
87085_3624_00021,rue des Mouettes,21,,TY0024,1561582.60760000,5182499.22050000,1.21832260,45.82860409
87085_3624_00023,rue des Mouettes,23,,TY0023,1561570.74310000,5182495.40890000,1.21817103,45.82856741
87085_3624_00025,rue des Mouettes,25,,TY0022,1561559.39240000,5182491.42010000,1.21802613,45.82852925
87085_3624_00027,rue des Mouettes,27,,TY0021,1561544.70120000,5182485.91210000,1.21783867,45.82847674
87085_3624_00029,rue des Mouettes,29,,TY0020,1561528.20130000,5182471.30100000,1.21763057,45.82834199
87085_3624_00031,rue des Mouettes,31,,TY0019,1561518.18140000,5182442.74050000,1.21750987,45.82808306
87085_3624_00035,rue des Mouettes,35,,TY0018,1561502.54190000,5182440.96820000,1.21730914,45.82806396
87085_3624_00037,rue des Mouettes,37,,TY0017,1561520.77240000,5182471.47330000,1.21753493,45.82834204
87085_3710_00002,rue des Myosotis,2,,BV0383,1564181.79720000,5185381.46010000,1.25095337,45.85504964
87085_3710_00004,rue des Myosotis,4,,BV0384,1564177.65460000,5185404.67220000,1.25089347,45.85525763
87085_3710_00005,rue des Myosotis,5,,BV0440,1564170.73400000,5185450.64430000,1.25079138,45.85566981
87085_3710_00006,rue des Myosotis,6,,BV0386,1564175.91270000,5185428.04670000,1.25086444,45.85546755
87085_3710_00007,rue des Myosotis,7,,BV0439,1564176.16930000,5185461.39510000,1.25085831,45.85576759
87085_3710_00009,rue des Myosotis,9,,BV0433,1564181.88980000,5185470.66330000,1.25092934,45.85585209
87085_3710_00011,rue des Myosotis,11,,BV0431,1564192.98190000,5185481.44090000,1.25106909,45.85595123
87085_3710_00013,rue des Myosotis,13,,BV0430,1564204.13840000,5185488.01870000,1.25121086,45.85601261
87085_3710_00015,rue des Myosotis,15,,BV0426,1564214.26440000,5185493.75600000,1.25133960,45.85606622
87085_3710_00017,rue des Myosotis,17,,BV0425,1564230.10700000,5185500.83210000,1.25154155,45.85613300
87085_3710_00017_bis,rue des Myosotis,17,bis,BV0719,1564240.14180000,5185497.46930000,1.25167169,45.85610473
87085_3805_00001,rue des Oeillets,1,,BV0372,1564252.50860000,5185405.94980000,1.25185677,45.85528391
87085_3805_00002,rue des Oeillets,2,,BV0371,1564252.80960000,5185414.18300000,1.25185831,45.85535803
87085_3805_00003,rue des Oeillets,3,,BV0376,1564241.64050000,5185411.10840000,1.25171539,45.85532817
87085_3805_00004,rue des Oeillets,4,,BV0370,1564244.39600000,5185417.68120000,1.25174901,45.85538784
87085_3805_00005,rue des Oeillets,5,,BV0378,1564215.71110000,5185421.46950000,1.25137866,45.85541625
87085_3805_00006,rue des Oeillets,6,,BV0369,1564235.59180000,5185421.34710000,1.25163463,45.85541907
87085_3805_00007,rue des Oeillets,7,,BV0385,1564208.26050000,5185424.90890000,1.25128177,45.85544572
87085_3805_00008,rue des Oeillets,8,,BV0368,1564223.18870000,5185426.32850000,1.25147355,45.85546143
87085_3805_00010,rue des Oeillets,10,,BV0367,1564207.84210000,5185433.16170000,1.25127405,45.85551987
87085_3805_00012,rue des Oeillets,12,,BV0387,1564181.40020000,5185443.44050000,1.25093073,45.85560711
87085_4915_00001,rue de Solignac,1,,HR0398,1565116.91970000,5181259.60920000,1.26414856,45.81815526
87085_4915_00003,rue de Solignac,3,,HR0398,1565108.31550000,5181244.79660000,1.26404202,45.81802032
87085_4915_00020,rue de Solignac,20,,HR0563,1565100.55600000,5181099.59730000,1.26398292,45.81671264
87085_4915_00022,rue de Solignac,22,,HR0563,1565097.54720000,5181085.41790000,1.26394818,45.81658450
87085_4915_00024,rue de Solignac,24,,HR0563,1565095.06020000,5181070.70820000,1.26392031,45.81645169
87085_4915_00026,rue de Solignac,26,,HR0563,1565092.31020000,5181056.00060000,1.26388906,45.81631885
87085_4915_00028,rue de Solignac,28,,HR0224,1565044.12420000,5181049.02290000,1.26327112,45.81624662
87085_4915_00030,rue de Solignac,30,,HR0224,1565086.33970000,5181033.42830000,1.26381858,45.81611462
87085_4915_00032,rue de Solignac,32,,HR0224,1565084.01880000,5181018.56880000,1.26379289,45.81598050
87085_4915_00034,rue de Solignac,34,,HR0224,1565080.70470000,5181000.82710000,1.26375523,45.81582025
87085_4915_00041,rue de Solignac,41,,HR0168,1565093.66910000,5181014.93540000,1.26391806,45.81594970
87085_4915_00044,rue de Solignac,44,,HR0437,1565070.46610000,5180945.87170000,1.26363893,45.81532388
87085_4915_00045,rue de Solignac,45,,HR0169,1565087.79670000,5180985.98410000,1.26385063,45.81568812
87085_4915_00047,rue de Solignac,47,,HR0170,1565085.65690000,5180975.72060000,1.26382598,45.81559537
87085_4915_00049,rue de Solignac,49,,HR0172,1565084.04370000,5180965.45270000,1.26380811,45.81550269
87085_4915_00061,rue de Solignac,61,,HP0213,1565089.22330000,5180737.43650000,1.26393869,45.81345256
87085_4915_00065,rue de Solignac,65,,HP0214,1565087.02840000,5180703.30470000,1.26392003,45.81314509
87085_4915_00067,rue de Solignac,67,,HP0207,1565085.54230000,5180686.56810000,1.26390560,45.81299424
87085_4915_00068,rue de Solignac,68,,HP0288,1565067.57760000,5180634.15050000,1.26368921,45.81251919
87085_4915_00070,rue de Solignac,70,,HP0287,1565058.44950000,5180612.98380000,1.26357772,45.81232699
87085_4915_00071,rue de Solignac,71,,HP0200,1565084.45650000,5180665.73820000,1.26389748,45.81280665
87085_4915_00073,rue de Solignac,73,,HP0201,1565083.74240000,5180654.60520000,1.26389141,45.81270636
87085_4915_00075,rue de Solignac,75,,HP0021,1565081.92390000,5180641.02490000,1.26387183,45.81258384
87085_4915_00079,rue de Solignac,79,,HP0164,1565076.79490000,5180619.96840000,1.26381176,45.81239342
87085_4915_00081,rue de Solignac,81,,HP0250,1565070.88420000,5180611.12050000,1.26373820,45.81231267
87085_4915_00087,rue de Solignac,87,,HP0147,1565057.15850000,5180578.35670000,1.26357083,45.81201525
87085_4915_00089,rue de Solignac,89,,HP0196,1565049.16590000,5180563.87130000,1.26347207,45.81188337
87085_4915_00091,rue de Solignac,91,,HP0221,1565043.02420000,5180550.97190000,1.26339669,45.81176613
87085_4915_00092,rue de Solignac,92,,HP0146,1565010.24260000,5180400.42790000,1.26301723,45.81040546
87085_4915_00093,rue de Solignac,93,,HP0011,1565039.15010000,5180542.17450000,1.26334932,45.81168623
87085_4915_00094,rue de Solignac,94,,HP0145,1565009.88850000,5180375.78790000,1.26301959,45.81018374
87085_4915_00095,rue de Solignac,95,,HP0010,1565034.15440000,5180532.89580000,1.26328766,45.81160179
87085_4915_00097,rue de Solignac,97,,HP0009,1565028.26960000,5180522.41450000,1.26321490,45.81150635
87085_4915_00099,rue de Solignac,99,,HP0300,1565026.77970000,5180510.94190000,1.26319895,45.81140285
87085_4915_00101,rue de Solignac,101,,HP0300,1565032.58640000,5180491.32710000,1.26327915,45.81122754
87085_4915_00105,rue de Solignac,105,,HP0271,1565125.30210000,5180462.54990000,1.26447988,45.81098686
87085_4915_00107,rue de Solignac,107,,HP0101,1565024.64090000,5180450.49160000,1.26318840,45.81085864
87085_4915_00111,rue de Solignac,111,,HP0101,1565025.32230000,5180403.70120000,1.26321029,45.81043787
87085_4915_00116,rue de Solignac,116,,HP0273,1565033.92400000,5180208.49420000,1.26337570,45.80868355
87085_4915_00138,rue de Solignac,138,,HN0275,1565129.41070000,5180010.49500000,1.26465945,45.80692114
87085_4915_00152,rue de Solignac,152,,HN0038,1565136.50820000,5179904.06740000,1.26478057,45.80596515
87085_4915_00160,rue de Solignac,160,,HN0110,1565061.76410000,5179611.47620000,1.26390122,45.80331845
87085_4915_00162,rue de Solignac,162,,HN0111,1565051.62170000,5179551.68340000,1.26378754,45.80277859
87085_4915_00163,rue de Solignac,163,,OA0030,1565071.43340000,5179586.82940000,1.26403250,45.80309864
87085_4915_00165,rue de Solignac,165,,OA0026,1565067.00780000,5179562.31480000,1.26398245,45.80287724
87085_4915_00166,rue de Solignac,166,,HN0174,1565047.10610000,5179323.90720000,1.26379333,45.80072871
87085_4915_00167,rue de Solignac,167,,OA0025,1565062.00450000,5179536.21470000,1.26392542,45.80264148
87085_4915_00169,rue de Solignac,169,,OA0251,1565061.30510000,5179514.61470000,1.26392248,45.80244703
87085_4915_00170,rue de Solignac,170,,HN0172,1565046.21420000,5179129.10140000,1.26383648,45.79897614
87085_4915_00171,rue de Solignac,171,,OA0252,1565059.61880000,5179496.23230000,1.26390594,45.80228134
87085_4915_00171_bis,rue de Solignac,171,bis,OA0253,1565058.58600000,5179477.12530000,1.26389802,45.80210926
87085_4915_00173,rue de Solignac,173,,OA0254,1565058.78330000,5179455.90930000,1.26390650,45.80191845
87085_4915_00173_bis,rue de Solignac,173,bis,OA0255,1565059.25230000,5179435.45260000,1.26391827,45.80173452
87085_4915_00175,rue de Solignac,175,,OA0256,1565059.97390000,5179413.21570000,1.26393379,45.80153462
87085_4915_00177,rue de Solignac,177,,OA0019,1565057.81020000,5179393.29560000,1.26391154,45.80135501
87085_4915_00179,rue de Solignac,179,,OA0018,1565058.55240000,5179373.44110000,1.26392666,45.80117655
87085_4915_00181,rue de Solignac,181,,OA0015,1565059.00920000,5179354.87130000,1.26393774,45.80100959
87085_4915_00183,rue de Solignac,183,,OA0014,1565059.25100000,5179333.85860000,1.26394674,45.80082061
87085_4915_00185,rue de Solignac,185,,OA0011,1565059.74680000,5179314.34620000,1.26395859,45.80064519
87085_4915_00187,rue de Solignac,187,,OA0010,1565060.24570000,5179296.35360000,1.26397005,45.80048343
87085_4915_00189,rue de Solignac,189,,OA0007,1565060.73880000,5179276.50110000,1.26398196,45.80030494
87085_4915_00191,rue de Solignac,191,,OA0006,1565061.20840000,5179252.71160000,1.26399467,45.80009103
87085_4925_00002,rue de Soudanas,2,,EP0020,1565974.42340000,5182565.68880000,1.27481656,45.83007188
87085_4925_00019,rue de Soudanas,19,,EP0262,1565892.19310000,5182531.18710000,1.27376805,45.82974549
87085_4939_00007,rue de Soyouz,7,,SX0087,1567746.54100000,5185818.06680000,1.29672521,45.85967226
87085_4939_00008,rue de Soyouz,8,,SX0129,1567739.78680000,5185806.18780000,1.29664152,45.85956410
87085_4939_00009,rue de Soyouz,9,,SX0178,1567774.07840000,5185782.92120000,1.29708943,45.85936140
87085_4939_00012,rue de Soyouz,12,,SX0129,1567742.75850000,5185700.63060000,1.29670885,45.85861511
87085_4939_00016,rue de Soyouz,16,,SX0132,1567704.35870000,5185584.37220000,1.29624648,45.85756190
87085_4939_00017,rue de Soyouz,17,,SX0162,1567725.91640000,5185581.60070000,1.29652479,45.85754112
87085_4939_00018,rue de Soyouz,18,,SX0144,1567692.71700000,5185546.80130000,1.29610695,45.85722169
87085_4939_00020,rue de Soyouz,20,,SX0146,1567672.40310000,5185479.85550000,1.29586387,45.85661556
87085_4939_00023,rue de Soyouz,23,,SX0107,1567800.70700000,5185370.67300001,1.29754573,45.85565807
87085_4939_00030,rue de Soyouz,30,,SX0150,1567864.07390000,5185418.90770000,1.29834825,45.85610416
87085_4939_00031,rue de Soyouz,31,,SX0157,1567910.59690000,5185601.34590000,1.29889702,45.85775425
87085_4939_00032,rue de Soyouz,32,,SX0124,1567904.81980000,5185498.81200000,1.29885084,45.85683078
87085_4939_00035,rue de Soyouz,35,,SX0153,1567909.24750000,5185716.83670000,1.29884789,45.85879291
87085_4939_00042,rue de Soyouz,42,,SX0174,1567933.99020000,5185619.06540000,1.29919333,45.85791815
87085_4939_00044,rue de Soyouz,44,,SX0173,1567935.31310000,5185652.13840000,1.29920126,45.85821591
87085_4939_00050,rue de Soyouz,50,,SX0172,1567932.33650000,5185705.71660000,1.29914821,45.85869731
87085_3845_00001,rue des Palmiers,1,,BH0916,1563599.60630000,5183850.82470000,1.24389295,45.84116549
87085_3845_00005,rue des Palmiers,5,,BH0916,1563593.54090000,5183870.17740000,1.24380940,45.84133838
87085_3845_00006,rue des Palmiers,6,,BM0120,1563601.26440000,5183892.71600000,1.24390241,45.84154265
87085_3845_00007,rue des Palmiers,7,,BH0916,1563585.16260000,5183888.37450000,1.24369640,45.84150041
87085_3845_00008,rue des Palmiers,8,,BM0098,1563598.41830000,5183899.31860000,1.24386390,45.84160148
87085_3845_00010,rue des Palmiers,10,,BM0141,1563594.36780000,5183908.55410000,1.24380915,45.84168376
87085_3845_00011,rue des Palmiers,11,,BH0935,1563573.86510000,5183917.61960000,1.24354269,45.84176124
87085_3845_00011_a,rue des Palmiers,11,a,BH0286,1563533.53550000,5183884.98970000,1.24303289,45.84145971
87085_3845_00011_b,rue des Palmiers,11,b,BH0286,1563515.43990000,5183885.57830000,1.24279982,45.84146142
87085_3845_00011_c,rue des Palmiers,11,c,BH0286,1563489.62080000,5183886.45050000,1.24246727,45.84146414
87085_3845_00011_d,rue des Palmiers,11,d,BH0286,1563470.19910000,5183886.82920000,1.24221719,45.84146369
87085_3845_00011_e,rue des Palmiers,11,e,BH0286,1563451.66390000,5183887.64220000,1.24197841,45.84146732
87085_3845_00013,rue des Palmiers,13,,BH0989,1563560.78860000,5183939.13360000,1.24336828,45.84195218
87085_3845_00014,rue des Palmiers,14,,BM0052,1563583.64190000,5183918.98720000,1.24366814,45.84177548
87085_3845_00015,rue des Palmiers,15,,BH0926,1563555.37130000,5183947.75320000,1.24329611,45.84202864
87085_3845_00016,rue des Palmiers,16,,BM0165,1563574.57870000,5183938.27310000,1.24354601,45.84194717
87085_3845_00017,rue des Palmiers,17,,BH0968,1563550.88740000,5183954.65320000,1.24323644,45.84208982
87085_3845_00018,rue des Palmiers,18,,BM0170,1563563.37110000,5183951.16240000,1.24339810,45.84206089
87085_3845_00019,rue des Palmiers,19,,BH0725,1563544.08990000,5183964.97470000,1.24314602,45.84218132
87085_3845_00021,rue des Palmiers,21,,BH0281,1563538.62690000,5183973.16870000,1.24307338,45.84225394
87085_3845_00022,rue des Palmiers,22,,BM0195,1563556.59810000,5183962.53250000,1.24330770,45.84216183
87085_3860_00001,rue des Papillons,1,,CV0992,1565434.45290000,5184223.34020000,1.26740415,45.84487802
87085_3860_00011,rue des Papillons,11,,CV0960,1565373.13360000,5184204.27800000,1.26662022,45.84469454
87085_3860_00013,rue des Papillons,13,,CV0968,1565364.15390000,5184201.41849999,1.26650544,45.84466706
87085_3860_00015,rue des Papillons,15,,CV0961,1565356.45570000,5184198.89050000,1.26640706,45.84464281
87085_3860_00017,rue des Papillons,17,,CV1007,1565346.66240000,5184195.71640000,1.26628190,45.84461234
87085_3860_00018,rue des Papillons,18,,CV1245,1565275.73860000,5184223.16880000,1.26536132,45.84484540
87085_3860_00018_bis,rue des Papillons,18,bis,CV1245,1565264.75740000,5184220.31820000,1.26522077,45.84481760
87085_3860_00019,rue des Papillons,19,,CV0931,1565338.58320000,5184193.40340000,1.26617856,45.84458995
87085_3860_00020,rue des Papillons,20,,CV1245,1565247.97650000,5184216.35660000,1.26500589,45.84477868
87085_3860_00023,rue des Papillons,23,,CV1535,1565325.86480000,5184189.18310000,1.26601604,45.84454949
87085_3860_00025,rue des Papillons,25,,CV1537,1565314.19590000,5184185.40610000,1.26586690,45.84451323
87085_3860_00027,rue des Papillons,27,,CV1539,1565303.42210000,5184181.62010000,1.26572929,45.84447706
87085_3860_00028,rue des Papillons,28,,CV1527,1565245.14020000,5184166.57810000,1.26498334,45.84433033
87085_3860_00029,rue des Papillons,29,,CV1541,1565288.59370000,5184176.97270000,1.26553973,45.84443235
87085_3860_00030,rue des Papillons,30,,CV1751,1565232.05380000,5184162.62289999,1.26481601,45.84429219
87085_3860_00031,rue des Papillons,31,,CV1543,1565281.34070000,5184174.45190000,1.26544708,45.84440826
87085_3860_00032,rue des Papillons,32,,CV0949,1565225.94750000,5184160.89210000,1.26473790,45.84427542
87085_3860_00033,rue des Papillons,33,,CV1545,1565273.37900000,5184171.97400000,1.26534530,45.84438441
87085_3860_00034,rue des Papillons,34,,CV1525,1565218.41970000,5184158.87170000,1.26464158,45.84425577
87085_3860_00036,rue des Papillons,36,,CV1523,1565209.33660000,5184156.44830000,1.26452535,45.84423219
87085_3860_00038,rue des Papillons,38,,CV0979,1565196.81190000,5184168.72620000,1.26436069,45.84434018
87085_3860_00038_bis,rue des Papillons,38,bis,CV0979,1565196.96330000,5184165.42870000,1.26436357,45.84431055
87085_3860_00040,rue des Papillons,40,,CV1521,1565196.29730000,5184152.34490000,1.26435866,45.84419272
87085_3860_00041,rue des Papillons,41,,CV1549,1565220.77000000,5184153.01800000,1.26467347,45.84420358
87085_3860_00042,rue des Papillons,42,,CV1519,1565180.42060000,5184146.37020000,1.26415599,45.84413586
87085_3860_00043,rue des Papillons,43,,CV1551,1565210.93110000,5184150.37740000,1.26454757,45.84417789
87085_3860_00044,rue des Papillons,44,,CV1053,1565168.03240000,5184144.42690000,1.26399708,45.84411595
87085_3860_00045,rue des Papillons,45,,CV1553,1565198.10690000,5184146.49710000,1.26438360,45.84414047
87085_3860_00047,rue des Papillons,47,,CV1555,1565188.46920000,5184142.73170001,1.26426060,45.84410471
87085_3860_00049,rue des Papillons,49,,CV1243,1565174.74020000,5184137.94650000,1.26408524,45.84405897
87085_3970_00001,rue des Pendants,1,,PY0022,1562513.69860000,5184271.02490000,1.22979664,45.84472914
87085_3970_00003,rue des Pendants,3,,PY0022,1562502.19230000,5184277.53790000,1.22964668,45.84478542
87085_3970_00005,rue des Pendants,5,,PY0022,1562481.59760000,5184280.43830000,1.22938077,45.84480739
87085_3970_00007,rue des Pendants,7,,PY0020,1562461.80330000,5184281.81260000,1.22912560,45.84481580
87085_3970_00011,rue des Pendants,11,,PY0031,1562426.19480000,5184297.67430000,1.22866273,45.84495136
87085_3970_00015,rue des Pendants,15,,PY0018,1562388.96980000,5184304.96310000,1.22818151,45.84500948
87085_3970_00016,rue des Pendants,16,,OR0060,1562363.23260000,5184297.71270000,1.22785231,45.84493910
87085_3970_00017,rue des Pendants,17,,PY0017,1562363.84010000,5184280.58920000,1.22786504,45.84478519
87085_3980_00001,rue des Pénitents Blancs,1,,EN0043,1565450.25560000,5182890.23710000,1.26798074,45.83288904
87085_3980_00003,rue des Pénitents Blancs,3,,EN0043,1565435.42430000,5182876.07160000,1.26779385,45.83275872
87085_3980_00005,rue des Pénitents Blancs,5,,EN0042,1565424.46250000,5182863.48930000,1.26765631,45.83264338
87085_3980_00014,rue des Pénitents Blancs,14,,EN0183,1565395.49590000,5182828.88520000,1.26729324,45.83232643
87085_3980_00015,rue des Pénitents Blancs,15,,EN0042,1565402.39410000,5182810.28020000,1.26738722,45.83216042
87085_3980_00019,rue des Pénitents Blancs,19,,EN0042,1565398.41160000,5182798.43610000,1.26733928,45.83205309
87085_3980_00021,rue des Pénitents Blancs,21,,EN0042,1565392.71130000,5182782.37360000,1.26727043,45.83190749
87085_3980_00022,rue des Pénitents Blancs,22,,EN0186,1565364.71900000,5182741.36780000,1.26692169,45.83153313
87085_3980_00025,rue des Pénitents Blancs,25,,EN0182,1565388.34530000,5182764.36590000,1.26721929,45.83174464
87085_3980_00027,rue des Pénitents Blancs,27,,EN0182,1565386.71950000,5182751.35000000,1.26720201,45.83162724
87085_3980_00027_a,rue des Pénitents Blancs,27,a,EN0182,1565412.67320000,5182747.65500000,1.26753703,45.83159908
87085_3980_00027_b,rue des Pénitents Blancs,27,b,EN0182,1565425.28840000,5182745.95560000,1.26769984,45.83158626
87085_3980_00027_bis,rue des Pénitents Blancs,27,bis,EN0182,1565431.42530000,5182745.08320000,1.26777905,45.83157961
87085_3980_00027_c,rue des Pénitents Blancs,27,c,EN0182,1565438.91730000,5182743.95770000,1.26787578,45.83157095
87085_3980_00027_d,rue des Pénitents Blancs,27,d,EN0182,1565450.22260000,5182741.83340000,1.26802185,45.83155406
87085_3980_00027_e,rue des Pénitents Blancs,27,e,EN0182,1565455.25330000,5182735.69570000,1.26808831,45.83149983
87085_3980_00029,rue des Pénitents Blancs,29,,EN0184,1565360.93650000,5182707.71200000,1.26688245,45.83122964
87085_3980_00029_a,rue des Pénitents Blancs,29,a,EN0184,1565382.42910000,5182655.27940000,1.26717370,45.83076218
87085_3980_00029_b,rue des Pénitents Blancs,29,b,EN0184,1565376.50410000,5182676.37580000,1.26709155,45.83095080
87085_3980_00029_c,rue des Pénitents Blancs,29,c,EN0184,1565369.86980000,5182699.51030000,1.26699970,45.83115761
87085_3980_00029_d,rue des Pénitents Blancs,29,d,EN0184,1565352.54350000,5182675.26430000,1.26678353,45.83093611
87085_3980_00031,rue des Pénitents Blancs,31,,EN0184,1565345.32320000,5182687.09970000,1.26668730,45.83104116
87085_3980_00033,rue des Pénitents Blancs,33,,EN0184,1565339.76690000,5182682.17840000,1.26661718,45.83099580
87085_3980_00035,rue des Pénitents Blancs,35,,EN0184,1565337.56190000,5182671.97900000,1.26659166,45.83090362
87085_3985_00005,rue des Pénitents Noirs,5,,HS0583,1565234.19480000,5182146.69230000,1.26540875,45.82615810
87085_3985_00009,rue des Pénitents Noirs,9,,HS0031,1565163.00650000,5182155.60470000,1.26449027,45.82622432
87085_3985_00009_bis,rue des Pénitents Noirs,9,bis,HS0372,1565156.07440000,5182154.44050000,1.26440140,45.82621249
87085_3985_00016,rue des Pénitents Noirs,16,,HS0473,1565318.41970000,5182132.75630000,1.26649638,45.82604924
87085_3985_00018,rue des Pénitents Noirs,18,,HS0472,1565315.42000000,5182138.30670000,1.26645623,45.82609858
87085_3985_00033,rue des Pénitents Noirs,33,,HS0359,1565195.72040000,5182154.67560000,1.26491146,45.82622238
87085_3985_00035,rue des Pénitents Noirs,35,,HS0359,1565181.04600000,5182156.63970000,1.26472209,45.82623717
87085_3985_00042,rue des Pénitents Noirs,42,,DZ0134,1565214.51320000,5182158.12890000,1.26515230,45.82625712
87085_3985_00060,rue des Pénitents Noirs,60,,DZ0374,1565134.10530000,5182155.34460000,1.26411846,45.82621632
87085_3990_00004,rue des Pénitents Rouges,4,,HZ0247,1564094.85490000,5182185.23840000,1.25073793,45.82628066
87085_3990_00005,rue des Pénitents Rouges,5,,HZ0055,1564099.65140000,5182202.18390000,1.25079486,45.82643404
87085_3990_00006,rue des Pénitents Rouges,6,,HZ0248,1564095.74510000,5182192.62680000,1.25074730,45.82634730
87085_3990_00007,rue des Pénitents Rouges,7,,HZ0053,1564108.56780000,5182207.80380000,1.25090800,45.82648636
87085_3990_00009,rue des Pénitents Rouges,9,,HZ0052,1564115.99960000,5182212.64160000,1.25100226,45.82653135
87085_3990_00011,rue des Pénitents Rouges,11,,HZ0051,1564124.52090000,5182217.95540000,1.25111040,45.82658083
87085_3990_00015,rue des Pénitents Rouges,15,,HZ0050,1564126.00390000,5182243.98070000,1.25112213,45.82681524
87085_3990_00016,rue des Pénitents Rouges,16,,HZ0063,1564146.65450000,5182215.95440000,1.25139576,45.82656720
87085_3990_00019,rue des Pénitents Rouges,19,,HZ0049,1564120.84920000,5182262.69450000,1.25105050,45.82698260
87085_3990_00021,rue des Pénitents Rouges,21,,HZ0048,1564122.41810000,5182272.21920000,1.25106801,45.82706855
87085_3990_00028,rue des Pénitents Rouges,28,,HZ0065,1564130.34760000,5182249.24350000,1.25117653,45.82686344
87085_3990_00031,rue des Pénitents Rouges,31,,HZ0005,1564141.38350000,5182352.21940000,1.25128944,45.82779194
87085_4065_00003,rue des Petites Maisons,3,,DZ0251,1565142.19410000,5182325.66380000,1.26417477,45.82775003
87085_4065_00005,rue des Petites Maisons,5,,DZ0346,1565126.67890000,5182316.47130000,1.26397771,45.82766429
87085_4065_00009,rue des Petites Maisons,9,,DZ0164,1565088.86310000,5182293.88100000,1.26349746,45.82745366
87085_4065_00011,rue des Petites Maisons,11,,DZ0165,1565084.90290000,5182291.71680000,1.26344711,45.82743342
87085_4065_00012,rue des Petites Maisons,12,,DZ0349,1565077.93570000,5182305.47600000,1.26335360,45.82755582
87085_4065_00013,rue des Petites Maisons,13,,DZ0166,1565080.98670000,5182289.41370000,1.26339736,45.82741193
87085_4065_00014,rue des Petites Maisons,14,,DZ0287,1565066.88850000,5182299.25100000,1.26321320,45.82749766
87085_4065_00015,rue des Petites Maisons,15,,DZ0365,1565074.74200000,5182285.79900000,1.26331802,45.82737819
87085_4065_00016,rue des Petites Maisons,16,,DZ0287,1565056.10550000,5182293.02650000,1.26307619,45.82743955
87085_4065_00017,rue des Petites Maisons,17,,DZ0168,1565069.24140000,5182282.70610000,1.26324811,45.82734929
87085_4065_00018,rue des Petites Maisons,18,,DZ0287,1565034.84510000,5182280.78930000,1.26280606,45.82732530
87085_4065_00019,rue des Petites Maisons,19,,DZ0169,1565063.13240000,5182279.22340000,1.26317049,45.82731676
87085_4065_00020,rue des Petites Maisons,20,,DZ0287,1565022.32020000,5182273.44180000,1.26264696,45.82725674
87085_4065_00021,rue des Petites Maisons,21,,DZ0170,1565057.56960000,5182276.19920000,1.26309976,45.82728846
87085_4065_00022,rue des Petites Maisons,22,,DZ0287,1565006.14010000,5182264.11410000,1.26244139,45.82716966
87085_4065_00023,rue des Petites Maisons,23,,DZ0171,1565053.95920000,5182274.02010000,1.26305391,45.82726815
87085_4065_00024,rue des Petites Maisons,24,,DZ0287,1564997.67350000,5182258.85320000,1.26233392,45.82712067
87085_4065_00025,rue des Petites Maisons,25,,DZ0174,1565049.63510000,5182272.17690000,1.26299879,45.82725072
87085_4065_00026,rue des Petites Maisons,26,,DZ0290,1564993.11010000,5182256.29610000,1.26227592,45.82709677
87085_4065_00027,rue des Petites Maisons,27,,DZ0175,1565046.65310000,5182270.11780000,1.26296100,45.82723162
87085_4065_00029,rue des Petites Maisons,29,,DZ0176,1565043.08950000,5182267.81910000,1.26291579,45.82721024
87085_4065_00031,rue des Petites Maisons,31,,DZ0177,1565038.94390000,5182265.43170000,1.26286311,45.82718795
87085_4065_00033,rue des Petites Maisons,33,,DZ0178,1565036.63140000,5182264.03760000,1.26283375,45.82717495
87085_4065_00035,rue des Petites Maisons,35,,DZ0179,1565033.01320000,5182262.04150000,1.26278775,45.82715629
87085_4065_00037,rue des Petites Maisons,37,,DZ0180,1565028.44840000,5182259.40090000,1.26272976,45.82713164
87085_4065_00039,rue des Petites Maisons,39,,DZ0182,1565023.11220000,5182256.38660000,1.26266194,45.82710348
87085_4065_00041,rue des Petites Maisons,41,,DZ0183,1565017.90390000,5182253.36740000,1.26259577,45.82707529
87085_4070_00002,rue des Petites Pousses,2,,DY0298,1564898.88820000,5182394.64790000,1.26102467,45.82832283
87085_4070_00004,rue des Petites Pousses,4,,DY0583,1564887.52730000,5182385.51410000,1.26088105,45.82823843
87085_4070_00005,rue des Petites Pousses,5,,DY0278,1564890.38220000,5182379.72960000,1.26091941,45.82818696
87085_4070_00006,rue des Petites Pousses,6,,DY0296,1564881.67340000,5182380.68470000,1.26080708,45.82819384
87085_4070_00008,rue des Petites Pousses,8,,DY0295,1564879.00730000,5182378.84700000,1.26077329,45.82817679
87085_4070_00009,rue des Petites Pousses,9,,DY0557,1564868.60420000,5182362.35260000,1.26064406,45.82802636
87085_4070_00010,rue des Petites Pousses,10,,DY0294,1564875.72350000,5182376.15550000,1.26073179,45.82815193
87085_4070_00012,rue des Petites Pousses,12,,DY0293,1564872.06020000,5182373.28590000,1.26068546,45.82812539
87085_4070_00014,rue des Petites Pousses,14,,DY0292,1564868.29860000,5182370.22800000,1.26063792,45.82809715
87085_4070_00016,rue des Petites Pousses,16,,DY0573,1564865.56250000,5182368.02440000,1.26060333,45.82807679
87085_4070_00018,rue des Petites Pousses,18,,DY0290,1564861.03560000,5182364.07460000,1.26054619,45.82804037
87085_4075_00005,rue des Petites Tuilières,5,,BO0422,1563772.54970000,5184550.33610000,1.24592052,45.84749226
87085_4075_00006,rue des Petites Tuilières,6,,BO0081,1563776.36470000,5184544.91030000,1.24597116,45.84744421
87085_4075_00007,rue des Petites Tuilières,7,,BO0470,1563780.86800000,5184556.33050000,1.24602589,45.84754783
87085_4075_00008,rue des Petites Tuilières,8,,BO0530,1563786.42200000,5184548.81650000,1.24609951,45.84748134
87085_4075_00010,rue des Petites Tuilières,10,,BO0078,1563795.11100000,5184551.64260000,1.24621055,45.84750848
87085_4075_00012,rue des Petites Tuilières,12,,BO0077,1563805.16610000,5184555.22720000,1.24633897,45.84754272
87085_4075_00014,rue des Petites Tuilières,14,,BO0076,1563814.82400000,5184558.38840000,1.24646239,45.84757307
87085_4075_00015,rue des Petites Tuilières,15,,BO0817,1563807.24860000,5184562.24400000,1.24636378,45.84760625
87085_4075_00016,rue des Petites Tuilières,16,,BO0075,1563822.38010000,5184561.13250000,1.24655887,45.84759925
87085_4075_00017,rue des Petites Tuilières,17,,BO0424,1563823.32230000,5184589.69290000,1.24656290,45.84785635
87085_4075_00018,rue des Petites Tuilières,18,,BO0065,1563834.89090000,5184565.38890000,1.24671870,45.84764002
87085_4075_00019,rue des Petites Tuilières,19,,BO0424,1563841.18860000,5184596.15800000,1.24679105,45.84791805
87085_4075_00020,rue des Petites Tuilières,20,,BO0064,1563850.14120000,5184571.64930000,1.24691323,45.84769935
87085_4075_00021,rue des Petites Tuilières,21,,BO0425,1563855.40890000,5184601.51140000,1.24697257,45.84796902
87085_4075_00022,rue des Petites Tuilières,22,,BO0063,1563864.11150000,5184577.79500000,1.24709131,45.84775740
87085_4075_00023,rue des Petites Tuilières,23,,BO0425,1563877.48280000,5184610.08240000,1.24725428,45.84805049
87085_4075_00024,rue des Petites Tuilières,24,,BO0062,1563869.67010000,5184580.81260000,1.24716201,45.84778565
87085_4075_00025,rue des Petites Tuilières,25,,BO0019,1563890.65060000,5184618.34670000,1.24742144,45.84812744
87085_4075_00026,rue des Petites Tuilières,26,,BO0061,1563878.77940000,5184583.75980000,1.24727843,45.84781396
87085_4075_00028,rue des Petites Tuilières,28,,BO0503,1563893.01420000,5184605.14530000,1.24745560,45.84800916
87085_4075_00029,rue des Petites Tuilières,29,,BO0566,1563910.30310000,5184637.78100000,1.24766890,45.84830616
87085_4075_00031,rue des Petites Tuilières,31,,BO0816,1563917.12940000,5184644.36910000,1.24775491,45.84836677
87085_4075_00034,rue des Petites Tuilières,34,,BO0045,1563908.80520000,5184622.41470000,1.24765397,45.84816763
87085_4075_00036,rue des Petites Tuilières,36,,BO0041,1563916.40000000,5184630.10520000,1.24774956,45.84823831
87085_4075_00038,rue des Petites Tuilières,38,,BO0040,1563924.21370000,5184638.34110000,1.24784780,45.84831395
87085_4075_00040,rue des Petites Tuilières,40,,BO0036,1563933.08350000,5184646.84440000,1.24795957,45.84839219
87085_4075_00042,rue des Petites Tuilières,42,,BO0035,1563940.99360000,5184654.63350000,1.24805918,45.84846383
87085_4075_00044,rue des Petites Tuilières,44,,BO0032,1563947.26370000,5184661.57750000,1.24813793,45.84852753
87085_4075_00046,rue des Petites Tuilières,46,,BO0031,1563954.78950000,5184668.89580000,1.24823273,45.84859485
87085_4179_00003,rue des Pilateries,3,,KZ0152,1568313.63550000,5191737.50650000,1.30240191,45.91303023
87085_4179_00005,rue des Pilateries,5,,KZ0151,1568326.32130000,5191746.70030000,1.30256287,45.91311537
87085_4179_00006,rue des Pilateries,6,,LA0188,1568345.12450000,5191737.47420000,1.30280773,45.91303598
87085_4179_00007,rue des Pilateries,7,,KZ0150,1568338.16610000,5191768.70720000,1.30270947,45.91331561
87085_4179_00009,rue des Pilateries,9,,KZ0149,1568342.75530000,5191795.29150000,1.30276131,45.91355563
87085_4179_00010,rue des Pilateries,10,,LA0071,1568353.08710000,5191773.30360000,1.30290050,45.91335981
87085_4179_00011,rue des Pilateries,11,,KZ0148,1568345.49740000,5191812.00520000,1.30279206,45.91370650
87085_4179_00012,rue des Pilateries,12,,LA0158,1568356.02080000,5191792.29760000,1.30293309,45.91353124
87085_4179_00015,rue des Pilateries,15,,KZ0147,1568348.99780000,5191832.22980000,1.30283162,45.91388911
87085_4179_00016,rue des Pilateries,16,,KZ0146,1568370.27950000,5191854.67820000,1.30309972,45.91409512
87085_4179_00019,rue des Pilateries,19,,KZ0134,1568359.05200000,5191874.03410000,1.30294971,45.91426709
87085_4179_00020,rue des Pilateries,20,,KZ0143,1568379.84620000,5191887.34580000,1.30321404,45.91439082
87085_4179_00032,rue des Pilateries,32,,KZ0136,1568418.70550000,5191959.70230000,1.30369498,45.91504916
87085_4179_00033,rue des Pilateries,33,,KY0043,1568411.40520000,5191975.22580000,1.30359664,45.91518740
87085_4179_00034,rue des Pilateries,34,,KZ0234,1568424.75790000,5191964.92780000,1.30377155,45.91509732
87085_4179_00035,rue des Pilateries,35,,KY0301,1568415.89670000,5191984.18180000,1.30365207,45.91526883
87085_4179_00036,rue des Pilateries,36,,KZ0235,1568427.93600000,5191985.65600000,1.30380682,45.91528440
87085_4179_00037,rue des Pilateries,37,,KY0046,1568421.59740000,5191993.97210000,1.30372285,45.91535799
87085_4179_00038,rue des Pilateries,38,,KZ0138,1568431.91370000,5191997.75320000,1.30385476,45.91539398
87085_4179_00039,rue des Pilateries,39,,KY0048,1568423.13690000,5192047.15030000,1.30372809,45.91583665
87085_4179_00040,rue des Pilateries,40,,KY0172,1568478.32140000,5191994.82800000,1.30445366,45.91537655
87085_4179_00040_bis,rue des Pilateries,40,bis,KY0236,1568486.16700000,5192034.10330000,1.30454400,45.91573136
87085_4179_00040_ter,rue des Pilateries,40,ter,KY0235,1568479.45380000,5192052.39610000,1.30445246,45.91589463
87085_4179_00042,rue des Pilateries,42,,KY0239,1568437.71590000,5192016.98560000,1.30392426,45.91556810
87085_4179_00044,rue des Pilateries,44,,KY0134,1568437.87030000,5192034.24490000,1.30392152,45.91572338
87085_4179_00046,rue des Pilateries,46,,KY0133,1568435.87970000,5192055.69490000,1.30388997,45.91591596
87085_4179_00048,rue des Pilateries,48,,KY0132,1568430.46310000,5192078.17500000,1.30381399,45.91611714
87085_4179_00049,rue des Pilateries,49,,KY0121,1568390.96800000,5192119.06270000,1.30329375,45.91647738
87085_4179_00050,rue des Pilateries,50,,KY0131,1568422.85330000,5192102.82560000,1.30370915,45.91633743
87085_4179_00051,rue des Pilateries,51,,KY0292,1568361.59010000,5192133.36220000,1.30291120,45.91660039
87085_4179_00053,rue des Pilateries,53,,KY0052,1568351.58880000,5192142.56970000,1.30277977,45.91668129
87085_4179_00055,rue des Pilateries,55,,KY0054,1568328.78650000,5192161.45540000,1.30248070,45.91684681
87085_4179_00057,rue des Pilateries,57,,KY0154,1568309.98910000,5192178.56380000,1.30223374,45.91699711
87085_4179_00058,rue des Pilateries,58,,KY0185,1568372.81420000,5192142.92010000,1.30305323,45.91668852
87085_4179_00061,rue des Pilateries,61,,KY0155,1568266.52310000,5192208.46470000,1.30166532,45.91725775
87085_4179_00062,rue des Pilateries,62,,KY0028,1568311.97230000,5192191.42080000,1.30225577,45.91711314
87085_4179_00063,rue des Pilateries,63,,KY0160,1568255.86280000,5192218.50670000,1.30152517,45.91734603
87085_4179_00064,rue des Pilateries,64,,KY0167,1568295.13740000,5192204.91010000,1.30203509,45.91723126
87085_4179_00066,rue des Pilateries,66,,KY0165,1568282.22360000,5192215.06180000,1.30186586,45.91732010
87085_4179_00067,rue des Pilateries,67,,KY0161,1568215.34560000,5192252.45240000,1.30099363,45.91764362
87085_4179_00068,rue des Pilateries,68,,KY0202,1568266.62420000,5192227.32260000,1.30166144,45.91742740
87085_4179_00069,rue des Pilateries,69,,KY0162,1568194.74680000,5192269.96030000,1.30072333,45.91779716
87085_4179_00070,rue des Pilateries,70,,KY0200,1568248.86410000,5192241.69940000,1.30142859,45.91755332
87085_4179_00072,rue des Pilateries,72,,KY0015,1568239.51780000,5192250.69720000,1.30130566,45.91763247
87085_4195_00003,rue des Places,3,,IV0632,1562882.26700000,5181600.34450000,1.23530233,45.82077855
87085_4195_00004,rue des Places,4,,IV0420,1562892.29870000,5181606.53570000,1.23542963,45.82083625
87085_4195_00005,rue des Places,5,,IV0631,1562868.30470000,5181611.44460000,1.23511953,45.82087562
87085_4195_00007,rue des Places,7,,IV0625,1562855.11040000,5181620.71430000,1.23494713,45.82095638
87085_4195_00008,rue des Places,8,,IV0671,1562877.48170000,5181647.02080000,1.23522746,45.82119748
87085_4195_00009,rue des Places,9,,IV0624,1562844.12120000,5181630.46820000,1.23480297,45.82104193
87085_4195_00010,rue des Places,10,,IV0671,1562882.81010000,5181666.63710000,1.23529042,45.82137500
87085_4195_00011,rue des Places,11,,IV0623,1562835.89130000,5181636.97110000,1.23469523,45.82109878
87085_4195_00014,rue des Places,14,,IV0250,1562840.28610000,5181648.73820000,1.23474841,45.82120551
87085_4195_00015,rue des Places,15,,IV0771,1562814.04450000,5181653.95940000,1.23440930,45.82124725
87085_4195_00016,rue des Places,16,,IV0740,1562831.00190000,5181654.50760000,1.23462732,45.82125556
87085_4195_00017,rue des Places,17,,IV0620,1562802.25730000,5181662.66760000,1.23425517,45.82132323
87085_4195_00019,rue des Places,19,,IV0619,1562794.11380000,5181668.00240000,1.23414887,45.82136960
87085_4195_00020,rue des Places,20,,IV0762,1562810.28850000,5181670.55850000,1.23435624,45.82139582
87085_4195_00021,rue des Places,21,,IV0794,1562780.41940000,5181672.37990000,1.23397143,45.82140624
87085_4195_00026,rue des Places,26,,IV0417,1562784.52400000,5181682.78480000,1.23402127,45.82150066
87085_4195_00027,rue des Places,27,,IV0792,1562748.91020000,5181674.64380000,1.23356539,45.82142032
87085_4195_00028,rue des Places,28,,IV0255,1562754.91320000,5181686.40070000,1.23363927,45.82152728
87085_4195_00029,rue des Places,29,,IV0601,1562740.25280000,5181676.06150000,1.23345360,45.82143135
87085_4195_00037,rue des Places,37,,IV0600,1562717.38600000,5181680.63720000,1.23315810,45.82146794
87085_4195_00038,rue des Places,38,,IV0693,1562686.51100000,5181698.84800000,1.23275566,45.82162560
87085_4195_00042,rue des Places,42,,IV0694,1562659.28530000,5181704.43290000,1.23240378,45.82167040
87085_4195_00043,rue des Places,43,,IV0580,1562658.08720000,5181692.71220000,1.23239172,45.82156473
87085_4195_00045,rue des Places,45,,IV0579,1562646.27450000,5181695.10050000,1.23223905,45.82158385
87085_4195_00047,rue des Places,47,,IV0578,1562631.39240000,5181697.70090000,1.23204684,45.82160427
87085_4195_00048,rue des Places,48,,IV0426,1562591.20350000,5181718.12340000,1.23152394,45.82177996
87085_4195_00048_bis,rue des Places,48,bis,IV0801,1562580.16910000,5181720.62590000,1.23138125,45.82180026
87085_4195_00049,rue des Places,49,,IV0577,1562622.53220000,5181700.60160000,1.23193202,45.82162860
87085_4195_00050,rue des Places,50,,IV0801,1562575.93050000,5181721.64190000,1.23132643,45.82180856
87085_4195_00051,rue des Places,51,,IV0575,1562606.86530000,5181703.86920000,1.23172951,45.82165486
87085_4195_00052,rue des Places,52,,IV0291,1562564.27760000,5181722.07220000,1.23117638,45.82181010
87085_4195_00053,rue des Places,53,,IV0574,1562592.03100000,5181706.98160000,1.23153777,45.82167990
87085_4195_00055,rue des Places,55,,IV0573,1562579.24540000,5181709.74770000,1.23137248,45.82170222
87085_4195_00056,rue des Places,56,,IV0292,1562538.05570000,5181729.99990000,1.23083675,45.82187617
87085_4195_00057,rue des Places,57,,IV0573,1562564.00710000,5181712.93760000,1.23117551,45.82172787
87085_4195_00060,rue des Places,60,,IT0201,1562520.13920000,5181740.11900000,1.23060334,45.82196362
87085_4195_00061,rue des Places,61,,IV0810,1562534.99160000,5181719.01720000,1.23080046,45.82177676
87085_4195_00064,rue des Places,64,,IT0328,1562493.82440000,5181759.95410000,1.23025910,45.82213679
87085_4195_00065,rue des Places,65,,IT0371,1562501.20320000,5181741.05090000,1.23035944,45.82196822
87085_4195_00066,rue des Places,66,,IT0325,1562484.10810000,5181767.70250000,1.23013188,45.82220454
87085_4195_00068,rue des Places,68,,IT0195,1562477.73280000,5181772.66610000,1.23004843,45.82224792
87085_4195_00070,rue des Places,70,,IT0194,1562469.81150000,5181778.93760000,1.22994472,45.82230275
87085_4195_00072,rue des Places,72,,IT0193,1562460.03760000,5181786.63090000,1.22981677,45.82237000
87085_4195_00074,rue des Places,74,,IT0192,1562451.21440000,5181793.54210000,1.22970127,45.82243041
87085_4195_00078,rue des Places,78,,IT0539,1562415.79590000,5181813.73350000,1.22923980,45.82260496
87085_4195_00080,rue des Places,80,,IT0540,1562402.95100000,5181815.39590000,1.22907400,45.82261700
87085_4195_00084,rue des Places,84,,IT0045,1562375.37110000,5181818.17180000,1.22871842,45.82263679
87085_4195_00086,rue des Places,86,,IT0044,1562365.22810000,5181819.20420000,1.22858762,45.82264405
87085_4230_00013,rue des Pommiers,13,,CN0173,1566308.51970000,5184185.67540000,1.27866514,45.84470971
87085_4230_00014,rue des Pommiers,14,,CN0163,1566311.68380000,5184177.34970000,1.27870818,45.84463543
87085_4230_00015,rue des Pommiers,15,,CN0174,1566318.44900000,5184188.54360000,1.27879214,45.84473744
87085_4230_00016,rue des Pommiers,16,,CN0161,1566326.77370000,5184181.54660000,1.27890124,45.84467612
87085_4230_00017,rue des Pommiers,17,,CN0175,1566326.93950000,5184190.88730000,1.27890078,45.84476018
87085_4230_00018,rue des Pommiers,18,,CN0159,1566340.47040000,5184185.58800000,1.27907641,45.84471514
87085_4230_00019,rue des Pommiers,19,,CN0452,1566341.19500000,5184194.92670000,1.27908314,45.84479929
87085_4230_00020,rue des Pommiers,20,,CN0158,1566352.50250000,5184189.25180000,1.27923026,45.84475043
87085_4230_00022,rue des Pommiers,22,,CN0157,1566362.41950000,5184192.16310000,1.27935710,45.84477855
87085_4230_00024,rue des Pommiers,24,,CN0511,1566373.40200000,5184195.64820000,1.27949749,45.84481204
87085_4230_00025,rue des Pommiers,25,,CN0622,1566370.17110000,5184204.27380000,1.27945351,45.84488900
87085_4230_00026,rue des Pommiers,26,,CN0155,1566391.42800000,5184200.81120000,1.27972808,45.84486198
87085_4230_00029,rue des Pommiers,29,,CN0542,1566380.98220000,5184206.95020000,1.27959192,45.84491518
87085_4230_00031,rue des Pommiers,31,,CN0181,1566393.38120000,5184210.77370000,1.27975045,45.84495198
87085_4230_00033,rue des Pommiers,33,,CN0182,1566405.54850000,5184235.16780000,1.27990028,45.84517379
87085_4230_00034,rue des Pommiers,34,,CN0154,1566410.69660000,5184249.30620000,1.27996261,45.84530197
87085_4230_00035,rue des Pommiers,35,,CN0183,1566399.49180000,5184256.40560000,1.27981641,45.84536366
87085_4230_00036,rue des Pommiers,36,,CN0153,1566407.25560000,5184261.34450000,1.27991497,45.84540959
87085_4285_00001,rue des Portes Ferrées,1,,EW0022,1565346.00430000,5181278.88850000,1.26709039,45.81837357
87085_4285_00008,rue des Portes Ferrées,8,,HR0592,1565358.65230000,5181264.17890000,1.26725723,45.81824372
87085_4285_00010,rue des Portes Ferrées,10,,HR0092,1565365.18450000,5181255.96640000,1.26734357,45.81817112
87085_4285_00012,rue des Portes Ferrées,12,,HR0092,1565371.77340000,5181250.98120000,1.26742973,45.81812757
87085_4285_00014,rue des Portes Ferrées,14,,HR0348,1565377.46930000,5181245.61520000,1.26750451,45.81808041
87085_4285_00016,rue des Portes Ferrées,16,,HR0094,1565385.26490000,5181236.40980000,1.26760738,45.81799913
87085_4285_00018,rue des Portes Ferrées,18,,HR0095,1565392.13830000,5181226.67460000,1.26769853,45.81791290
87085_4285_00020,rue des Portes Ferrées,20,,HR0099,1565396.71570000,5181220.39260000,1.26775918,45.81785728
87085_4285_00022,rue des Portes Ferrées,22,,HR0100,1565399.21100000,5181216.92180000,1.26779225,45.81782655
87085_4285_00024,rue des Portes Ferrées,24,,HR0101,1565403.21920000,5181211.10020000,1.26784545,45.81777497
87085_4285_00026,rue des Portes Ferrées,26,,HR0101,1565383.21160000,5181195.22310000,1.26759249,45.81762823
87085_4285_00028,rue des Portes Ferrées,28,,HR0101,1565406.90810000,5181206.07790000,1.26789431,45.81773051
87085_4285_00030,rue des Portes Ferrées,30,,HR0102,1565410.10770000,5181201.21280000,1.26793684,45.81768737
87085_4285_00032,rue des Portes Ferrées,32,,HR0225,1565414.54360000,5181194.15990000,1.26799588,45.81762479
87085_4285_00034,rue des Portes Ferrées,34,,HR0226,1565421.88380000,5181184.54830000,1.26809300,45.81753977
87085_4285_00036,rue des Portes Ferrées,36,,HR0108,1565427.28430000,5181177.41640000,1.26816447,45.81747667
87085_4285_00038,rue des Portes Ferrées,38,,HR0598,1565416.49180000,5181170.85300000,1.26802746,45.81741551
87085_4285_00040,rue des Portes Ferrées,40,,HR0601,1565417.16120000,5181167.81730000,1.26803693,45.81738834
87085_4285_00041,rue des Portes Ferrées,41,,EW0286,1565512.89760000,5181026.81950000,1.26930800,45.81613870
87085_4285_00042,rue des Portes Ferrées,42,,HR0599,1565405.98160000,5181159.29300000,1.26789548,45.81730947
87085_4285_00043,rue des Portes Ferrées,43,,EW0285,1565519.16080000,5181012.86190000,1.26939248,45.81601436
87085_4285_00043_bis,rue des Portes Ferrées,43,bis,EW0284,1565523.62530000,5181002.19420000,1.26945290,45.81591927
87085_4285_00045,rue des Portes Ferrées,45,,EW0283,1565529.26320000,5180988.73260000,1.26952919,45.81579928
87085_4285_00047,rue des Portes Ferrées,47,,EW0247,1565535.54740000,5180974.57000000,1.26961399,45.81567311
87085_4285_00049,rue des Portes Ferrées,49,,EW0246,1565541.45070000,5180960.40140000,1.26969390,45.81554680
87085_4285_00050,rue des Portes Ferrées,50,,HR0601,1565422.60370000,5181163.16120000,1.26810825,45.81734752
87085_4285_00051,rue des Portes Ferrées,51,,EW0494,1565549.38720000,5180941.18370000,1.26980137,45.81537548
87085_4285_00052,rue des Portes Ferrées,52,,HR0114,1565433.22370000,5181168.92620000,1.26824326,45.81740145
87085_4285_00056,rue des Portes Ferrées,56,,HR0432,1565446.74980000,5181146.49960000,1.26842355,45.81720236
87085_4285_00058,rue des Portes Ferrées,58,,HR0432,1565452.58850000,5181134.10300000,1.26850213,45.81709199
87085_4285_00062,rue des Portes Ferrées,62,,HR0595,1565466.23530000,5181104.41210000,1.26868600,45.81682757
87085_4285_00066,rue des Portes Ferrées,66,,HR0597,1565487.18290000,5181056.44530000,1.26896890,45.81640017
87085_4285_00080,rue des Portes Ferrées,80,,HR0597,1565519.31860000,5180983.43160000,1.26940274,45.81574965
87085_4301_00005,rue des Prades,5,,LV0201,1567574.00470000,5187180.10470000,1.29412817,45.87189144
87085_4301_00007,rue des Prades,7,,LV0201,1567570.54900000,5187189.09240000,1.29408119,45.87197162
87085_4301_00009,rue des Prades,9,,LV0201,1567567.02690000,5187198.75250000,1.29403317,45.87205784
87085_4301_00011,rue des Prades,11,,LV0201,1567561.12620000,5187213.30300000,1.29395317,45.87218759
87085_4301_00015,rue des Prades,15,,LV0201,1567556.85770000,5187224.26460000,1.29389518,45.87228538
87085_4301_00017,rue des Prades,17,,LV0201,1567552.87560000,5187234.36130000,1.29384111,45.87237544
87085_4301_00019,rue des Prades,19,,LV0201,1567547.65240000,5187247.59620000,1.29377019,45.87249349
87085_4301_00021,rue des Prades,21,,LV0201,1567543.99430000,5187260.53500000,1.29371952,45.87260917
87085_4301_00023,rue des Prades,23,,LV0200,1567539.89960000,5187282.18570000,1.29366081,45.87280315
87085_4301_00025,rue des Prades,25,,LV0200,1567539.40580000,5187293.99900000,1.29365119,45.87290932
87085_4301_00027,rue des Prades,27,,LV0200,1567538.92650000,5187307.59210000,1.29364127,45.87303150
87085_4301_00029,rue des Prades,29,,LV0200,1567539.64610000,5187317.13450000,1.29364790,45.87311748
87085_4301_00031,rue des Prades,31,,LV0200,1567541.43890000,5187328.22830000,1.29366793,45.87321762
87085_4301_00033,rue des Prades,33,,LV0200,1567544.43630000,5187342.37010000,1.29370263,45.87334542
87085_4301_00035,rue des Prades,35,,LV0200,1567547.50520000,5187354.54440000,1.29373879,45.87345552
87085_4301_00037,rue des Prades,37,,LV0200,1567552.82750000,5187367.71780000,1.29380370,45.87357505
87085_4490_00010,rue des Récollets,10,,HS0281,1564848.11590000,5181922.84910000,1.26050396,45.82406874
87085_4490_00010_bis,rue des Récollets,10,bis,HS0281,1564860.21980000,5181931.93140000,1.26065714,45.82415282
87085_4490_00012,rue des Récollets,12,,HS0306,1564890.38850000,5181953.10150000,1.26103936,45.82434918
87085_4490_00014,rue des Récollets,14,,HS0307,1564901.21850000,5181961.24430000,1.26117642,45.82442456
87085_4546_00002,rue des Ribières,2,,LO0081,1568403.36150000,5187883.03880000,1.30461575,45.87837410
87085_4546_00004,rue des Ribières,4,,LO0082,1568396.90330000,5187892.80910000,1.30452989,45.87846075
87085_4546_00006,rue des Ribières,6,,LO0083,1568391.80850000,5187900.59880000,1.30446214,45.87852985
87085_4546_00008,rue des Ribières,8,,LO0084,1568376.11400000,5187923.52700000,1.30425372,45.87873310
87085_4546_00010,rue des Ribières,10,,LO0085,1568369.45530000,5187933.54620000,1.30416521,45.87882195
87085_4546_00012,rue des Ribières,12,,LO0086,1568360.42180000,5187947.15520000,1.30404513,45.87894264
87085_4546_00014,rue des Ribières,14,,LO0087,1568352.78980000,5187958.72380000,1.30394366,45.87904525
87085_4546_00016,rue des Ribières,16,,LO0117,1568341.89440000,5187974.96070000,1.30379888,45.87918922
87085_4546_00018,rue des Ribières,18,,LO0116,1568334.77090000,5187985.81640000,1.30370415,45.87928551
87085_4546_00020,rue des Ribières,20,,LO0115,1568328.56530000,5187995.15000000,1.30362167,45.87936828
87085_4546_00022,rue des Ribières,22,,LO0114,1568323.65040000,5188002.52770000,1.30355634,45.87943371
87085_4546_00024,rue des Ribières,24,,LO0113,1568318.24100000,5188010.61800000,1.30348445,45.87950545
87085_4546_00026,rue des Ribières,26,,LO0112,1568312.88650000,5188018.65230000,1.30341328,45.87957669
87085_4546_00028,rue des Ribières,28,,LO0111,1568307.17630000,5188027.35630000,1.30333735,45.87965390
87085_4546_00036,rue des Ribières,36,,LO0033,1568257.82580000,5188101.17460000,1.30268147,45.88030848
87085_4546_00038,rue des Ribières,38,,LO0032,1568247.36500000,5188117.00490000,1.30254239,45.88044888
87085_4546_00040,rue des Ribières,40,,LO0031,1568238.38650000,5188130.89080000,1.30242294,45.88057207
87085_4546_00044,rue des Ribières,44,,LO0027,1568206.24790000,5188178.41550000,1.30199595,45.88099342
87085_4546_00046,rue des Ribières,46,,LO0026,1568195.42220000,5188191.99720000,1.30185279,45.88111352
87085_4546_00048,rue des Ribières,48,,LO0025,1568183.22690000,5188201.35210000,1.30169314,45.88119533
87085_4591_00001,rue des Rochilloux,1,,LY0042,1567249.59080000,5187437.88570000,1.28987917,45.87414775
87085_4591_00039,rue des Rochilloux,39,,LY0030,1567245.22420000,5187735.37770000,1.28974066,45.87682303
87085_4591_00041,rue des Rochilloux,41,,LY0029,1567228.45650000,5187744.41870000,1.28952221,45.87690111
87085_4630_00001,rue des Roses,1,,BP0125,1563951.00950000,5185175.25670000,1.24804068,45.85314910
87085_4630_00002,rue des Roses,2,,BP0042,1563974.18200000,5185165.33620000,1.24834179,45.85306444
87085_4630_00003,rue des Roses,3,,BP0126,1563936.65710000,5185191.10370000,1.24785143,45.85328881
87085_4630_00004,rue des Roses,4,,BP0041,1563962.82440000,5185177.05950000,1.24819226,45.85316765
87085_4630_00005,rue des Roses,5,,BP0127,1563926.15420000,5185201.56060000,1.24771326,45.85338079
87085_4630_00006,rue des Roses,6,,BP0040,1563950.92790000,5185190.46080000,1.24803532,45.85328585
87085_4630_00007,rue des Roses,7,,BP0128,1563908.59920000,5185210.41870000,1.24748476,45.85345700
87085_4630_00008,rue des Roses,8,,BP0039,1563938.54810000,5185203.17140000,1.24787235,45.85339774
87085_4630_00009,rue des Roses,9,,BP0129,1563889.99640000,5185211.09690000,1.24724508,45.85345942
87085_4630_00010,rue des Roses,10,,BP0038,1563927.14510000,5185212.27450000,1.24772298,45.85347737
87085_4630_00011,rue des Roses,11,,BP0130,1563877.76190000,5185207.91480000,1.24708849,45.85342837
87085_4630_00012,rue des Roses,12,,BP0037,1563914.83720000,5185218.42460000,1.24756279,45.85353026
87085_4630_00013,rue des Roses,13,,BP0131,1563868.75060000,5185205.24190000,1.24697324,45.85340255
87085_4630_00014,rue des Roses,14,,BP0036,1563902.31740000,5185220.94760000,1.24740091,45.85355047
87085_4630_00015,rue des Roses,15,,BP0132,1563857.84820000,5185201.75520000,1.24683388,45.85336902
87085_4630_00016,rue des Roses,16,,BP0035,1563888.17680000,5185220.63350000,1.24721896,45.85354485
87085_4630_00017,rue des Roses,17,,BP0133,1563844.01430000,5185197.35680000,1.24665704,45.85332672
87085_4630_00018,rue des Roses,18,,BP0034,1563871.91980000,5185215.91630000,1.24701101,45.85349919
87085_4630_00019,rue des Roses,19,,BP0134,1563833.36790000,5185194.03370000,1.24652092,45.85329471
87085_4630_00020,rue des Roses,20,,BP0033,1563858.55400000,5185211.70680000,1.24684014,45.85345868
87085_4630_00021,rue des Roses,21,,BP0135,1563824.76410000,5185191.40500000,1.24641091,45.85326936
87085_4630_00022,rue des Roses,22,,BP0032,1563843.73150000,5185207.08530000,1.24665064,45.85341417
87085_4630_00023,rue des Roses,23,,BP0136,1563816.56280000,5185188.72560000,1.24630609,45.85324364
87085_4630_00024,rue des Roses,24,,BP0031,1563827.62130000,5185202.19630000,1.24644463,45.85336700
87085_4630_00025,rue des Roses,25,,BP0137,1563806.17610000,5185185.40900000,1.24617332,45.85321174
87085_4630_00026,rue des Roses,26,,BP0030,1563815.41500000,5185198.24520000,1.24628862,45.85332904
87085_4630_00027,rue des Roses,27,,BP0138,1563791.18390000,5185180.62020000,1.24598168,45.85316570
87085_4630_00028,rue des Roses,28,,BP0029,1563802.86680000,5185194.49850000,1.24612814,45.85329285
87085_4630_00029,rue des Roses,29,,BP0139,1563777.90220000,5185176.58730000,1.24581184,45.85312679
87085_4630_00030,rue des Roses,30,,BP0028,1563791.12020000,5185190.69470000,1.24597800,45.85325631
87085_4630_00031,rue des Roses,31,,BP0140,1563767.84820000,5185173.37590000,1.24568333,45.85309591
87085_4630_00032,rue des Roses,32,,BP0027,1563779.36400000,5185187.02140000,1.24582770,45.85322094
87085_4630_00033,rue des Roses,33,,BP0141,1563754.77760000,5185170.04770000,1.24551601,45.85306338
87085_4630_00034,rue des Roses,34,,BP0026,1563764.83590000,5185182.67890000,1.24564191,45.85317899
87085_4630_00035,rue des Roses,35,,BP0443,1563740.37050000,5185167.82120000,1.24533118,45.85304049
87085_4630_00036,rue des Roses,36,,BP0025,1563755.08480000,5185179.94160000,1.24551716,45.85315244
87085_4630_00037,rue des Roses,37,,BP0444,1563726.49130000,5185166.05540000,1.24515301,45.85302186
87085_4630_00038,rue des Roses,38,,BP0534,1563737.58770000,5185177.24390000,1.24529268,45.85312470
87085_4630_00039,rue des Roses,39,,BP0445,1563712.78420000,5185164.05710000,1.24497712,45.85300116
87085_4630_00041,rue des Roses,41,,BP0621,1563699.75610000,5185162.38050000,1.24480990,45.85298350
87085_4661_00002,rue des Sabines,2,,LS0074,1567522.83110000,5187841.97350000,1.29328650,45.87783550
87085_4675_00001,rue des Sablons,1,,BH0460,1563673.21670000,5183467.50220000,1.24494908,45.83773189
87085_4675_00003,rue des Sablons,3,,BH0459,1563669.62460000,5183477.26510000,1.24490009,45.83781900
87085_4675_00006,rue des Sablons,6,,BH0403,1563678.35310000,5183489.14710000,1.24500905,45.83792762
87085_4675_00007,rue des Sablons,7,,BH0963,1563662.65960000,5183493.79300000,1.24480576,45.83796630
87085_4675_00008,rue des Sablons,8,,BH0404,1563675.34980000,5183497.02090000,1.24496816,45.83799785
87085_4675_00009,rue des Sablons,9,,BH0455,1563658.62970000,5183503.25270000,1.24475121,45.83805060
87085_4675_00011,rue des Sablons,11,,BH0454,1563655.58140000,5183510.96950000,1.24470979,45.83811941
87085_4675_00012,rue des Sablons,12,,BH0408,1563669.51280000,5183511.76640000,1.24488886,45.83812934
87085_4675_00013,rue des Sablons,13,,BH0453,1563651.76330000,5183519.99440000,1.24465810,45.83819984
87085_4675_00014,rue des Sablons,14,,BH0409,1563666.15260000,5183520.08880000,1.24484326,45.83820354
87085_4675_00015,rue des Sablons,15,,BH0452,1563648.69960000,5183527.41310000,1.24461656,45.83826596
87085_4675_00016,rue des Sablons,16,,BH0412,1563661.59440000,5183531.55930000,1.24478134,45.83830582
87085_4675_00017,rue des Sablons,17,,BH0451,1563646.15810000,5183534.58320000,1.24458182,45.83832996
87085_4675_00018,rue des Sablons,18,,BH0413,1563656.44800000,5183544.25410000,1.24471150,45.83841899
87085_4675_00019,rue des Sablons,19,,BH0447,1563643.42250000,5183541.47500000,1.24454466,45.83839141
87085_4675_00021,rue des Sablons,21,,BH0446,1563640.86920000,5183547.20530000,1.24451017,45.83844245
87085_4675_00023,rue des Sablons,23,,BH0445,1563637.21640000,5183556.41070000,1.24446055,45.83852454
87085_4675_00025,rue des Sablons,25,,BH0444,1563634.89780000,5183562.70910000,1.24442892,45.83858073
87085_4675_00028,rue des Sablons,28,,BH0928,1563646.89690000,5183568.09070000,1.24458182,45.83863152
87085_4675_00030,rue des Sablons,30,,BH0421,1563643.59000000,5183576.85470000,1.24453678,45.83870970
87085_4684_00010,rue des Sagnes,10,,LT0339,1567636.39760000,5187437.45310000,1.29486070,45.87421847
87085_4684_00012,rue des Sagnes,12,,LT0338,1567646.93610000,5187444.58690000,1.29499445,45.87428467
87085_4684_00014,rue des Sagnes,14,,LT0337,1567655.05080000,5187450.13050000,1.29509742,45.87433610
87085_4684_00018,rue des Sagnes,18,,LT0341,1567695.70900000,5187478.51810000,1.29561321,45.87459929
87085_4684_00020,rue des Sagnes,20,,LT0342,1567704.58630000,5187486.10590000,1.29572544,45.87466926
87085_4684_00022,rue des Sagnes,22,,LT0343,1567713.45490000,5187494.81840000,1.29583725,45.87474934
87085_4684_00024,rue des Sagnes,24,,LT0344,1567721.96770000,5187505.32840000,1.29594399,45.87484552
87085_4684_00026,rue des Sagnes,26,,LT0345,1567732.30800000,5187514.61250000,1.29607460,45.87493103
87085_4684_00030,rue des Sagnes,30,,LS0087,1567771.24910000,5187569.88040000,1.29656087,45.87543569
87085_4684_00032,rue des Sagnes,32,,LS0087,1567761.62580000,5187597.54920000,1.29642932,45.87568274
87085_4684_00034,rue des Sagnes,34,,LS0087,1567772.21550000,5187623.86730000,1.29655845,45.87592153
87085_4684_00042,rue des Sagnes,42,,LS0087,1567729.18920000,5187675.27630000,1.29599016,45.87637570
87085_4684_00076,rue des Sagnes,76,,LR0071,1567220.29130000,5187850.05780000,1.28938782,45.87784983
87085_4845_00017,rue des Sapeurs,17,,DN0015,1564382.68380000,5183153.46130000,1.25416833,45.83504720
87085_4845_00021,rue des Sapeurs,21,,DN0013,1564380.56640000,5183174.99690000,1.25413500,45.83524051
87085_4845_00024,rue des Sapeurs,24,,DN0105,1564404.73860000,5183132.45890000,1.25445808,45.83486262
87085_4845_00027,rue des Sapeurs,27,,DN0097,1564376.59020000,5183214.21720000,1.25407277,45.83559253
87085_4845_00029,rue des Sapeurs,29,,DN0017,1564376.05280000,5183223.13100000,1.25406334,45.83567261
87085_4845_00033,rue des Sapeurs,33,,DN0018,1564373.86120000,5183249.18350000,1.25402778,45.83590654
87085_4850_00002,rue des Sapins,2,,BP0101,1564031.31520000,5185110.49840000,1.24909280,45.85258245
87085_4850_00003,rue des Sapins,3,,BP0085,1564037.01550000,5185104.19290000,1.24916797,45.85252685
87085_4850_00004,rue des Sapins,4,,BP0100,1564010.65230000,5185108.45490000,1.24882738,45.85255998
87085_4850_00005,rue des Sapins,5,,BP0086,1564019.73910000,5185102.24250000,1.24894612,45.85250589
87085_4850_00006,rue des Sapins,6,,BP0099,1563993.48850000,5185106.41820000,1.24860701,45.85253826
87085_4850_00007,rue des Sapins,7,,BP0087,1564002.49840000,5185100.57530000,1.24872465,45.85248748
87085_4850_00008,rue des Sapins,8,,BP0098,1563974.04600000,5185104.70940000,1.24835721,45.85251904
87085_4850_00009,rue des Sapins,9,,BP0088,1563981.86730000,5185098.05330000,1.24845978,45.85246072
87085_4850_00010,rue des Sapins,10,,BP0097,1563957.37870000,5185102.91930000,1.24814315,45.85249964
87085_4850_00011,rue des Sapins,11,,BP0089,1563963.01830000,5185096.42510000,1.24821759,45.85244234
87085_4850_00012,rue des Sapins,12,,BP0096,1563940.10860000,5185101.40140000,1.24792126,45.85248257
87085_4850_00013,rue des Sapins,13,,BP0090,1563943.47360000,5185094.77620000,1.24796646,45.85242364
87085_4850_00014,rue des Sapins,14,,BP0095,1563922.35130000,5185103.56690000,1.24769206,45.85249854
87085_4850_00015,rue des Sapins,15,,BP0091,1563926.19750000,5185095.53710000,1.24774385,45.85242706
87085_4850_00016,rue des Sapins,16,,BP0094,1563905.46590000,5185113.59940000,1.24747185,45.85258544
87085_4850_00017,rue des Sapins,17,,BP0092,1563912.96680000,5185099.40330000,1.24757243,45.85245922
87085_4850_00018,rue des Sapins,18,,BP0111,1563891.88970000,5185134.09260000,1.24729127,45.85276710
87085_4850_00019,rue des Sapins,19,,BP0093,1563903.54590000,5185105.45550000,1.24744944,45.85251180
87085_4850_00021,rue des Sapins,21,,BP0114,1563885.34590000,5185102.12730000,1.24721609,45.85247826
87085_4850_00023,rue des Sapins,23,,BP0113,1563892.79340000,5185116.91530000,1.24730778,45.85261276
87085_4901_00002,rue des Soeurs de la Rivière,2,,HS0404,1565265.99850000,5181862.26560000,1.26589766,45.82360574
87085_4901_00003,rue des Soeurs de la Rivière,3,,HS0495,1565240.03500000,5181889.95100000,1.26555585,45.82384970
87085_4901_00003_bis,rue des Soeurs de la Rivière,3,bis,HS0013,1565209.75990000,5181940.64690000,1.26515210,45.82429981
87085_4901_00004,rue des Soeurs de la Rivière,4,,HS0361,1565242.20570000,5181905.18140000,1.26557951,45.82398713
87085_4901_00004_a,rue des Soeurs de la Rivière,4,a,HS0433,1565259.92870000,5181908.57620000,1.26580659,45.82402114
87085_4901_00004_b,rue des Soeurs de la Rivière,4,b,HS0433,1565284.83290000,5181950.21790000,1.26611536,45.82440061
87085_4901_00004_c,rue des Soeurs de la Rivière,4,c,HS0433,1565309.51530000,5181964.58970000,1.26642891,45.82453473
87085_4901_00004_d,rue des Soeurs de la Rivière,4,d,HS0433,1565321.65680000,5181972.81810000,1.26658283,45.82461113
87085_4901_00005,rue des Soeurs de la Rivière,5,,HS0363,1565191.99750000,5181963.42170000,1.26491717,45.82450120
87085_4901_00006,rue des Soeurs de la Rivière,6,,HS0134,1565229.38360000,5181928.63220000,1.26540796,45.82419557
87085_4901_00006_bis,rue des Soeurs de la Rivière,6,bis,HS0127,1565212.35510000,5181952.49990000,1.26518217,45.82440694
87085_4901_00006_ter,rue des Soeurs de la Rivière,6,ter,HS0124,1565199.09590000,5181969.25650000,1.26500687,45.82455508
87085_4901_00010,rue des Soeurs de la Rivière,10,,HS0386,1565165.33520000,5182011.69290000,1.26456058,45.82493020
87085_4901_00010_a,rue des Soeurs de la Rivière,10,a,HS0385,1565160.16100000,5182019.56790000,1.26449180,45.82500003
87085_4901_00010_bis,rue des Soeurs de la Rivière,10,bis,HS0532,1565143.54390000,5182041.76540000,1.26427176,45.82519645
87085_4901_00010_ter,rue des Soeurs de la Rivière,10,ter,HS0529,1565127.85950000,5182069.21580000,1.26406226,45.82544031
87085_4901_00012,rue des Soeurs de la Rivière,12,,HS0023,1565115.56020000,5182086.05980000,1.26389928,45.82558942
87085_4901_00012_bis,rue des Soeurs de la Rivière,12,bis,HS0024,1565109.31790000,5182102.25820000,1.26381441,45.82573391
87085_4901_00015,rue des Soeurs de la Rivière,15,,HS0504,1565124.73650000,5182056.75970000,1.26402557,45.82532765
87085_4901_00016,rue des Soeurs de la Rivière,16,,DZ0143,1565098.90940000,5182125.30320000,1.26367402,45.82593917
87085_4901_00018,rue des Soeurs de la Rivière,18,,DZ0148,1565089.04170000,5182157.43890000,1.26353804,45.82622632
87085_4918_00001,rue des Sorbiers,1,,LV0074,1567348.44910000,5187622.39600000,1.29110130,45.87582662
87085_4918_00002,rue des Sorbiers,2,,LV0045,1567352.16290000,5187608.25490000,1.29115304,45.87570013
87085_4918_00003,rue des Sorbiers,3,,LV0073,1567359.60000000,5187619.41930000,1.29124573,45.87580199
87085_4918_00004,rue des Sorbiers,4,,LV0046,1567362.92050000,5187592.88490000,1.29129583,45.87556394
87085_4918_00005,rue des Sorbiers,5,,LV0071,1567367.77180000,5187616.13080000,1.29135188,45.87577399
87085_4918_00006,rue des Sorbiers,6,,LV0048,1567372.34640000,5187588.86960000,1.29141833,45.87552964
87085_4918_00008,rue des Sorbiers,8,,LV0050,1567384.03600000,5187585.66790000,1.29156976,45.87550310
87085_4918_00009,rue des Sorbiers,9,,LV0051,1567394.50930000,5187588.83160000,1.29170377,45.87553358
87085_4918_00010,rue des Sorbiers,10,,LV0035,1567403.63360000,5187571.79500000,1.29182598,45.87538208
87085_4918_00011,rue des Sorbiers,11,,LV0052,1567407.25210000,5187585.22700000,1.29186887,45.87550361
87085_4918_00012,rue des Sorbiers,12,,LV0034,1567411.14270000,5187559.01360000,1.29192622,45.87526855
87085_4918_00014,rue des Sorbiers,14,,LV0032,1567417.24570000,5187553.98200000,1.29200621,45.87522447
87085_4918_00015,rue des Sorbiers,15,,LV0054,1567415.21900000,5187582.12000000,1.29197233,45.87547720
87085_4918_00016,rue des Sorbiers,16,,LV0031,1567431.06510000,5187552.38000000,1.29218462,45.87521272
87085_4918_00017,rue des Sorbiers,17,,LV0055,1567432.22790000,5187562.67250000,1.29219676,45.87530554
87085_4918_00018,rue des Sorbiers,18,,LV0030,1567440.86170000,5187553.25910000,1.29231055,45.87522252
87085_4918_00020,rue des Sorbiers,20,,LV0029,1567455.96800000,5187547.45610000,1.29250670,45.87517324
87085_4918_00022,rue des Sorbiers,22,,LV0028,1567463.27330000,5187547.87060000,1.29260066,45.87517837
87085_4918_00024,rue des Sorbiers,24,,LV0026,1567475.13780000,5187555.07140000,1.29275147,45.87524544
87085_4920_00005,rue des Soucis,5,,BT0399,1564241.39110000,5185153.11010000,1.25178510,45.85300728
87085_4920_00009,rue des Soucis,9,,BT0367,1564218.24320000,5185150.92980000,1.25148773,45.85298310
87085_4920_00012,rue des Soucis,12,,BT0025,1564209.01960000,5185162.66780000,1.25136567,45.85308686
87085_4920_00018,rue des Soucis,18,,BT0015,1564129.41990000,5185142.66110000,1.25034662,45.85289117
87085_4920_00021,rue des Soucis,21,,BT0327,1564114.87990000,5185125.05360000,1.25016442,45.85272990
87085_4920_00023,rue des Soucis,23,,BT0328,1564098.89470000,5185120.37790000,1.24995997,45.85268468
87085_4920_00024,rue des Soucis,24,,BP0044,1564006.10480000,5185146.43620000,1.24875809,45.85290074
87085_4920_00026,rue des Soucis,26,,BP0043,1563989.88910000,5185153.65680000,1.24854730,45.85296249
87085_4920_00030,rue des Soucis,30,,BP0124,1563922.35060000,5185164.10210000,1.24767490,45.85304308
87085_4920_00032,rue des Soucis,32,,BP0123,1563911.50590000,5185162.59260000,1.24753572,45.85302736
87085_4920_00033,rue des Soucis,33,,BP0102,1564004.48830000,5185133.26880000,1.24874101,45.85278197
87085_4920_00034,rue des Soucis,34,,BP0122,1563902.66060000,5185161.10230000,1.24742228,45.85301220
87085_4920_00035,rue des Soucis,35,,BP0103,1563993.32330000,5185137.68560000,1.24859603,45.85281950
87085_4920_00036,rue des Soucis,36,,BP0121,1563891.33820000,5185159.19000000,1.24727706,45.85299276
87085_4920_00037,rue des Soucis,37,,BP0104,1563982.53350000,5185142.43230000,1.24845579,45.85286006
87085_4920_00038,rue des Soucis,38,,BP0119,1563879.18280000,5185154.69630000,1.24712186,45.85294993
87085_4920_00039,rue des Soucis,39,,BP0105,1563971.36400000,5185146.31920000,1.24831090,45.85289282
87085_4920_00040,rue des Soucis,40,,BP0118,1563869.83200000,5185149.84250000,1.24700286,45.85290441
87085_4920_00041,rue des Soucis,41,,BP0106,1563953.88030000,5185150.37030000,1.24808468,45.85292580
87085_4920_00042,rue des Soucis,42,,BP0117,1563861.93440000,5185145.57790000,1.24690240,45.85286449
87085_4920_00043,rue des Soucis,43,,BP0107,1563940.84720000,5185152.14060000,1.24791640,45.85293914
87085_4920_00044,rue des Soucis,44,,BP0116,1563852.75260000,5185140.69760000,1.24678558,45.85281877
87085_4920_00045,rue des Soucis,45,,BP0108,1563930.08520000,5185152.33260000,1.24777781,45.85293874
87085_4920_00047,rue des Soucis,47,,BP0109,1563921.11970000,5185151.90310000,1.24766251,45.85293310
87085_4920_00049,rue des Soucis,49,,BP0110,1563909.97010000,5185150.46740000,1.24751939,45.85291798
87085_4920_00053,rue des Soucis,53,,BP0112,1563873.78100000,5185137.22680000,1.24705727,45.85279171
87085_4920_00055,rue des Soucis,55,,BP0115,1563861.99730000,5185131.09660000,1.24690731,45.85273423
87085_4995_00002,rue des Tanneries,2,,EH0024,1565209.73010000,5182692.57730000,1.26494093,45.83106387
87085_4995_00004,rue des Tanneries,4,,EH0235,1565201.69710000,5182687.36220000,1.26483902,45.83101539
87085_4995_00006,rue des Tanneries,6,,EH0235,1565195.60000000,5182681.64230000,1.26476200,45.83096300
87085_4995_00010,rue des Tanneries,10,,EH0183,1565172.02770000,5182663.19270000,1.26446400,45.83079215
87085_4995_00011,rue des Tanneries,11,,EH0240,1565162.47430000,5182652.23190000,1.26434414,45.83069168
87085_4995_00013,rue des Tanneries,13,,EH0078,1565149.78080000,5182646.47540000,1.26418242,45.83063741
87085_4995_00015,rue des Tanneries,15,,EH0077,1565141.25960000,5182642.28460000,1.26407394,45.83059804
87085_4995_00017,rue des Tanneries,17,,EH0076,1565133.30720000,5182638.01750000,1.26397281,45.83055809
87085_4995_00018,rue des Tanneries,18,,EH0192,1565131.12110000,5182647.75870000,1.26394194,45.83064529
87085_4995_00019,rue des Tanneries,19,,EH0199,1565128.66970000,5182635.07550000,1.26391396,45.83053072
87085_4995_00021,rue des Tanneries,21,,EH0074,1565123.33550000,5182631.85910000,1.26384622,45.83050074
87085_4995_00023,rue des Tanneries,23,,EH0073,1565117.98400000,5182628.28170000,1.26377836,45.83046751
87085_4995_00025,rue des Tanneries,25,,EH0219,1565113.93640000,5182624.85490000,1.26372723,45.83043589
87085_4995_00027,rue des Tanneries,27,,EH0237,1565107.79920000,5182619.62500000,1.26364973,45.83038764
87085_4995_00029,rue des Tanneries,29,,EH0237,1565103.37990000,5182616.01610000,1.26359387,45.83035431
87085_4995_00031,rue des Tanneries,31,,EH0092,1565092.53800000,5182604.41130000,1.26345761,45.83024779
87085_4995_00033,rue des Tanneries,33,,EH0093,1565086.80910000,5182598.13900000,1.26338565,45.83019024
87085_4995_00035,rue des Tanneries,35,,EH0094,1565083.42830000,5182594.32670000,1.26334322,45.83015529
87085_4995_00037,rue des Tanneries,37,,EH0095,1565080.22860000,5182590.60840000,1.26330309,45.83012121
87085_4995_00039,rue des Tanneries,39,,EH0096,1565077.00750000,5182586.80930000,1.26326271,45.83008640
87085_4995_00041,rue des Tanneries,41,,EH0211,1565072.38120000,5182581.89710000,1.26320455,45.83004131
87085_4995_00043,rue des Tanneries,43,,EH0211,1565067.91390000,5182576.99970000,1.26314844,45.82999638
87085_4995_00045,rue des Tanneries,45,,EH0211,1565063.47360000,5182572.04580000,1.26309270,45.82995094
87085_4995_00047,rue des Tanneries,47,,EH0099,1565056.94670000,5182565.04430000,1.26301067,45.82988668
87085_4960_00003,rue de Strasbourg,3,,BR0097,1564718.98470000,5184635.48870000,1.25807904,45.84844513
87085_4960_00004,rue de Strasbourg,4,,BR0024,1564722.65890000,5184645.94440000,1.25812339,45.84853991
87085_4960_00008,rue de Strasbourg,8,,BR0025,1564706.85110000,5184641.65330000,1.25792112,45.84849820
87085_4960_00009,rue de Strasbourg,9,,BR0093,1564694.71830000,5184629.11990000,1.25776847,45.84838307
87085_4960_00010,rue de Strasbourg,10,,BR0026,1564697.54810000,5184639.00790000,1.25780211,45.84847257
87085_4960_00011,rue de Strasbourg,11,,BR0091,1564683.28260000,5184625.35600000,1.25762233,45.84834696
87085_4960_00012,rue de Strasbourg,12,,BR0027,1564686.67720000,5184635.95410000,1.25766304,45.84844296
87085_4960_00013,rue de Strasbourg,13,,BR0090,1564672.22540000,5184622.36900000,1.25748084,45.84831791
87085_4960_00016,rue de Strasbourg,16,,BR0031,1564669.18960000,5184631.38120000,1.25743922,45.84839838
87085_4960_00019,rue de Strasbourg,19,,BR0800,1564636.08100000,5184611.63060000,1.25701861,45.84821420
87085_4960_00020,rue de Strasbourg,20,,BR0037,1564637.10090000,5184621.81020000,1.25702887,45.84830597
87085_4960_00029,rue de Strasbourg,29,,BR0800,1564607.29100000,5184604.69850000,1.25664997,45.84814617
87085_4960_00030,rue de Strasbourg,30,,BR0051,1564591.45900000,5184609.00990000,1.25644497,45.84818183
87085_4960_00031,rue de Strasbourg,31,,BR0086,1564559.87520000,5184591.55540000,1.25604334,45.84801860
87085_4960_00032,rue de Strasbourg,32,,BR0052,1564578.45550000,5184605.34350000,1.25627862,45.84814629
87085_4960_00033,rue de Strasbourg,33,,BR0085,1564547.93480000,5184588.16560000,1.25589059,45.84798576
87085_4960_00034,rue de Strasbourg,34,,BR0055,1564568.01990000,5184602.39030000,1.25614512,45.84811767
87085_4960_00035,rue de Strasbourg,35,,BR0832,1564539.07850000,5184585.70890000,1.25577729,45.84796191
87085_4960_00036,rue de Strasbourg,36,,BR0056,1564558.28810000,5184599.62970000,1.25602063,45.84809092
87085_4960_00037,rue de Strasbourg,37,,BR0831,1564527.62240000,5184582.40150000,1.25563076,45.84792990
87085_4960_00038,rue de Strasbourg,38,,BR0059,1564547.44190000,5184596.53030000,1.25588189,45.84806090
87085_4960_00040,rue de Strasbourg,40,,BR0061,1564538.35060000,5184594.02290000,1.25576557,45.84803656
87085_4960_00041,rue de Strasbourg,41,,BR0078,1564513.60310000,5184578.54700000,1.25545138,45.84789247
87085_4960_00042,rue de Strasbourg,42,,BR0061,1564530.42340000,5184591.84550000,1.25566415,45.84801541
87085_4960_00043,rue de Strasbourg,43,,BR0076,1564504.47130000,5184575.84840000,1.25533460,45.84786639
87085_4960_00043_bis,rue de Strasbourg,43,bis,BR0075,1564497.08820000,5184573.92230000,1.25524011,45.84784761
87085_4960_00044,rue de Strasbourg,44,,BR0063,1564521.11300000,5184589.56580000,1.25554495,45.84799307
87085_4960_00045,rue de Strasbourg,45,,BR0074,1564491.40610000,5184572.52400000,1.25516736,45.84783391
87085_4960_00046,rue de Strasbourg,46,,BR0071,1564507.97940000,5184585.63480000,1.25537700,45.84795512
87085_4960_00047,rue de Strasbourg,47,,BR0073,1564482.64160000,5184569.76220000,1.25505532,45.84780734
87085_4960_00050,rue de Strasbourg,50,,BR0072,1564485.32540000,5184579.36110000,1.25508716,45.84789422
87085_5095_00002_b,rue des Trois Chalets,2,b,CR0201,1566372.82720000,5184040.10550000,1.27953300,45.84341300
87085_5095_00004,rue des Trois Chalets,4,,CR0202,1566387.71000000,5184049.89510000,1.27972218,45.84350368
87085_5095_00006,rue des Trois Chalets,6,,CR0203,1566398.27800000,5184056.64620000,1.27985633,45.84356646
87085_5095_00008,rue des Trois Chalets,8,,CR0204,1566403.74210000,5184060.12260000,1.27992569,45.84359879
87085_5095_00010,rue des Trois Chalets,10,,CR0400,1566415.96410000,5184067.79360000,1.28008087,45.84367017
87085_5095_00012,rue des Trois Chalets,12,,CR0206,1566425.59960000,5184073.68130000,1.28020325,45.84372501
87085_5095_00014,rue des Trois Chalets,14,,CR0403,1566432.77910000,5184077.50900000,1.28029460,45.84376084
87085_5095_00014_bis,rue des Trois Chalets,14,bis,CR0208,1566441.61640000,5184082.27230000,1.28040702,45.84380540
87085_5095_00016,rue des Trois Chalets,16,,CR0209,1566457.25590000,5184090.80020000,1.28060595,45.84388515
87085_5095_00018,rue des Trois Chalets,18,,CR0210,1566477.15640000,5184101.52360000,1.28085911,45.84398548
87085_5095_00018_bis,rue des Trois Chalets,18,bis,CR0211,1566495.42910000,5184111.30180000,1.28109159,45.84407699
87085_5095_00020,rue des Trois Chalets,20,,CR0249,1566518.84240000,5184124.59400000,1.28138926,45.84420111
87085_5095_00022,rue des Trois Chalets,22,,CR0383,1566530.65090000,5184131.75990000,1.28153926,45.84426786
87085_5095_00024,rue des Trois Chalets,24,,CR0012,1566543.91150000,5184139.78390000,1.28170771,45.84434262
87085_5095_00026,rue des Trois Chalets,26,,CR0011,1566551.09130000,5184143.79890000,1.28179901,45.84438013
87085_5095_00028,rue des Trois Chalets,28,,CR0010,1566561.70420000,5184150.06590000,1.28193387,45.84443856
87085_5095_00028_bis,rue des Trois Chalets,28,bis,CR0009,1566570.44340000,5184155.15370000,1.28204495,45.84448603
87085_5095_00030,rue des Trois Chalets,30,,CR0008,1566578.67430000,5184159.67230000,1.28214963,45.84452827
87085_5095_00032,rue des Trois Chalets,32,,CR0007,1566591.77430000,5184167.36250000,1.28231611,45.84459999
87085_5095_00032_bis,rue des Trois Chalets,32,bis,CR0006,1566601.43320000,5184172.73550000,1.28243895,45.84465020
87085_5100_00002,rue des Trois Maisons,2,,IW0496,1562946.07740000,5182208.61020000,1.23594994,45.82626295
87085_5100_00002_a,rue des Trois Maisons,2,a,IW0496,1562950.95370000,5182236.85950000,1.23600464,45.82651804
87085_5100_00002_b,rue des Trois Maisons,2,b,IW0496,1562971.93060000,5182245.16200000,1.23627218,45.82659690
87085_5100_00002_c,rue des Trois Maisons,2,c,IW0496,1562988.37680000,5182250.90480000,1.23648216,45.82665184
87085_5100_00003,rue des Trois Maisons,3,,IW0447,1562930.04170000,5182220.20830000,1.23574031,45.82636409
87085_5100_00007,rue des Trois Maisons,7,,IW0446,1562919.84500000,5182238.17340000,1.23560398,45.82652366
87085_5100_00010,rue des Trois Maisons,10,,IW0199,1562916.98970000,5182259.56140000,1.23556115,45.82671549
87085_5100_00011,rue des Trois Maisons,11,,IW0162,1562894.54220000,5182274.60670000,1.23526802,45.82684635
87085_5100_00012,rue des Trois Maisons,12,,IW0198,1562909.88360000,5182268.95950000,1.23546700,45.82679900
87085_5100_00013,rue des Trois Maisons,13,,IW0162,1562887.68070000,5182283.47790000,1.23517720,45.82692479
87085_5100_00014,rue des Trois Maisons,14,,IW0195,1562901.22830000,5182280.40730000,1.23535200,45.82690000
87085_5100_00017,rue des Trois Maisons,17,,IW0172,1562872.77550000,5182303.61480000,1.23497967,45.82710296
87085_5100_00021,rue des Trois Maisons,21,,IW0459,1562845.47610000,5182335.03820000,1.23461944,45.82738018
87085_5100_00023,rue des Trois Maisons,23,,IW0459,1562814.27630000,5182339.65300000,1.23421667,45.82741547
87085_5100_00024,rue des Trois Maisons,24,,IW0593,1562873.70040000,5182316.49520000,1.23498790,45.82721901
87085_5100_00025,rue des Trois Maisons,25,,IW0459,1562802.22040000,5182332.52840000,1.23406358,45.82734898
87085_5100_00027,rue des Trois Maisons,27,,IW0459,1562793.68790000,5182342.66370000,1.23395090,45.82743845
87085_5100_00029,rue des Trois Maisons,29,,IW0459,1562831.40960000,5182354.55160000,1.23443288,45.82755291
87085_5100_00030,rue des Trois Maisons,30,,IW0187,1562856.98610000,5182338.32730000,1.23476661,45.82741207
87085_5100_00031,rue des Trois Maisons,31,,IW0459,1562820.51130000,5182376.31290000,1.23428644,45.82774649
87085_5100_00034,rue des Trois Maisons,34,,IW0178,1562843.15610000,5182356.99040000,1.23458333,45.82757719
87085_5105_00003,rue des Tuilières,3,,BO0494,1563772.34920000,5184406.11490000,1.24595882,45.84619487
87085_5105_00005,rue des Tuilières,5,,BO0494,1563785.16540000,5184407.56400000,1.24612338,45.84621045
87085_5105_00007,rue des Tuilières,7,,BO0494,1563796.48400000,5184409.31840000,1.24626857,45.84622847
87085_5105_00008,rue des Tuilières,8,,BO0539,1563764.37520000,5184387.83810000,1.24586137,45.84602888
87085_5105_00009,rue des Tuilières,9,,BO0485,1563810.88900000,5184416.18200000,1.24645204,45.84629307
87085_5105_00015,rue des Tuilières,15,,BO0461,1563832.23980000,5184441.30180000,1.24671974,45.84652326
87085_5105_00016,rue des Tuilières,16,,BO0143,1563827.21320000,5184417.00580000,1.24666193,45.84630371
87085_5105_00017,rue des Tuilières,17,,BO0463,1563839.84200000,5184451.02300000,1.24681484,45.84661222
87085_5105_00018,rue des Tuilières,18,,BO0144,1563837.97130000,5184430.71280000,1.24679652,45.84642914
87085_5105_00019,rue des Tuilières,19,,BO0533,1563847.48430000,5184458.04600000,1.24691122,45.84667690
87085_5105_00020,rue des Tuilières,20,,BO0145,1563841.93050000,5184436.08430000,1.24684596,45.84647825
87085_5105_00021,rue des Tuilières,21,,BO0091,1563853.90040000,5184467.17450000,1.24699122,45.84676029
87085_5105_00022,rue des Tuilières,22,,BO0605,1563847.19300000,5184443.10510000,1.24691171,45.84654244
87085_5105_00023,rue des Tuilières,23,,BO0090,1563859.97730000,5184474.89880000,1.24706725,45.84683098
87085_5105_00024,rue des Tuilières,24,,BO0147,1563853.79800000,5184451.55530000,1.24699433,45.84661977
87085_5105_00025,rue des Tuilières,25,,BO0074,1563868.63920000,5184484.63320000,1.24717599,45.84692026
87085_5105_00026,rue des Tuilières,26,,BO0148,1563859.72880000,5184459.07660000,1.24706854,45.84668860
87085_5105_00027,rue des Tuilières,27,,BO0073,1563878.02510000,5184494.18720000,1.24729410,45.84700806
87085_5105_00028,rue des Tuilières,28,,BO0151,1563865.25710000,5184466.29440000,1.24713765,45.84675462
87085_5105_00029,rue des Tuilières,29,,BO0072,1563884.40390000,5184500.61730000,1.24737438,45.84706717
87085_5105_00030,rue des Tuilières,30,,BO0152,1563871.60170000,5184474.19040000,1.24721708,45.84682691
87085_5105_00031,rue des Tuilières,31,,BO0071,1563889.76760000,5184506.45780000,1.24744177,45.84712077
87085_5105_00033,rue des Tuilières,33,,BO0421,1563897.18610000,5184513.86450000,1.24753516,45.84718886
87085_5105_00034,rue des Tuilières,34,,BO0156,1563879.39240000,5184482.21090000,1.24731509,45.84690060
87085_5105_00035,rue des Tuilières,35,,BO0420,1563904.96270000,5184521.96960000,1.24763296,45.84726331
87085_5105_00037,rue des Tuilières,37,,BO0060,1563907.97920000,5184530.90320000,1.24766926,45.84734427
87085_5105_00037_c,rue des Tuilières,37,c,BO0067,1563885.27790000,5184553.52510000,1.24737064,45.84754327
87085_5105_00037_d,rue des Tuilières,37,d,BO0066,1563875.99100000,5184557.25570000,1.24725005,45.84757499
87085_5105_00038,rue des Tuilières,38,,BO0203,1563924.55640000,5184525.40430000,1.24788420,45.84729809
87085_5105_00039,rue des Tuilières,39,,BO0050,1563919.64440000,5184537.17670000,1.24781764,45.84740301
87085_5105_00040,rue des Tuilières,40,,BO0204,1563931.28200000,5184532.58720000,1.24796874,45.84736403
87085_5105_00041,rue des Tuilières,41,,BO0049,1563936.65840000,5184554.76690000,1.24803166,45.84756461
87085_5105_00042,rue des Tuilières,42,,BO0205,1563938.17620000,5184539.72690000,1.24805546,45.84742962
87085_5105_00044,rue des Tuilières,44,,BO0208,1563943.46320000,5184545.12220000,1.24812198,45.84747920
87085_5105_00045,rue des Tuilières,45,,BO0048,1563947.80930000,5184565.74810000,1.24817208,45.84766560
87085_5105_00046,rue des Tuilières,46,,BO0723,1563949.46070000,5184551.01300000,1.24819751,45.84753338
87085_5105_00047,rue des Tuilières,47,,BO0044,1563953.45560000,5184571.48180000,1.24824314,45.84771830
87085_5105_00049,rue des Tuilières,49,,BO0043,1563959.30960000,5184577.73940000,1.24831672,45.84777575
87085_5105_00051,rue des Tuilières,51,,BO0042,1563964.40070000,5184582.71810000,1.24838084,45.84782154
87085_5105_00053,rue des Tuilières,53,,BO0038,1563973.61180000,5184592.34640000,1.24849668,45.84790997
87085_5105_00054,rue des Tuilières,54,,BO0271,1563994.83350000,5184600.27890000,1.24876761,45.84798553
87085_5105_00055,rue des Tuilières,55,,BO0037,1563982.23700000,5184601.12240000,1.24860522,45.84799063
87085_5105_00056,rue des Tuilières,56,,BO0272,1564015.10860000,5184620.77590000,1.24902279,45.84817392
87085_5105_00057,rue des Tuilières,57,,BO0034,1563989.46590000,5184608.69300000,1.24869613,45.84806016
87085_5105_00058,rue des Tuilières,58,,BO0483,1564026.23730000,5184632.55260000,1.24916270,45.84828206
87085_5105_00059,rue des Tuilières,59,,BO0033,1563998.47890000,5184617.73910000,1.24880959,45.84814332
87085_5105_00060,rue des Tuilières,60,,BO0275,1564034.18490000,5184642.14270000,1.24926229,45.84836990
87085_5105_00061,rue des Tuilières,61,,BO0030,1564006.96580000,5184626.72240000,1.24891629,45.84822580
87085_5105_00063,rue des Tuilières,63,,BO0029,1564014.86470000,5184634.84150000,1.24901567,45.84830040
87085_5105_00064,rue des Tuilières,64,,BP0371,1564055.50320000,5184679.80190000,1.24952605,45.84871288
87085_5105_00067,rue des Tuilières,67,,BP0585,1564043.53170000,5184675.04840000,1.24937329,45.84866775
87085_5105_00069,rue des Tuilières,69,,BP0588,1564046.64360000,5184682.64850000,1.24941120,45.84873674
87085_5105_00070,rue des Tuilières,70,,BP0322,1564077.88550000,5184731.79220000,1.24979945,45.84918499
87085_5105_00071,rue des Tuilières,71,,BP0405,1564049.18420000,5184688.62580000,1.24944221,45.84879101
87085_5105_00072,rue des Tuilières,72,,BP0321,1564082.19190000,5184740.91140000,1.24985231,45.84926787
87085_5105_00073,rue des Tuilières,73,,BP0407,1564052.68680000,5184697.36650000,1.24948483,45.84887033
87085_5105_00074,rue des Tuilières,74,,BP0591,1564087.37460000,5184748.94380000,1.24991675,45.84934115
87085_5105_00075,rue des Tuilières,75,,BP0408,1564056.33390000,5184705.54790000,1.24952946,45.84894465
87085_5105_00076,rue des Tuilières,76,,BP0567,1564092.72430000,5184755.76320000,1.24998368,45.84940355
87085_5105_00077,rue des Tuilières,77,,BP0409,1564061.50840000,5184717.22280000,1.24959276,45.84905069
87085_5105_00078,rue des Tuilières,78,,BP0317,1564097.42220000,5184761.54130000,1.25004252,45.84945646
87085_5105_00079,rue des Tuilières,79,,BP0487,1564065.39520000,5184726.34170000,1.24964021,45.84913349
87085_5105_00080,rue des Tuilières,80,,BP0316,1564101.82300000,5184766.79500000,1.25009768,45.84950459
87085_5105_00082,rue des Tuilières,82,,BP0315,1564107.75940000,5184772.94660000,1.25017236,45.84956110
87085_5105_00084,rue des Tuilières,84,,BP0314,1564114.28990000,5184780.42520000,1.25025431,45.84962967
87085_5105_00086,rue des Tuilières,86,,BP0313,1564123.20260000,5184789.99100000,1.25036633,45.84971748
87085_5105_00087,rue des Tuilières,87,,BP0268,1564115.68510000,5184795.45310000,1.25026802,45.84976513
87085_5105_00088,rue des Tuilières,88,,BP0312,1564130.26060000,5184797.69880000,1.25045500,45.84978821
87085_5105_00090,rue des Tuilières,90,,BP0557,1564133.35700000,5184801.55360000,1.25049377,45.84982350
87085_5105_00091,rue des Tuilières,91,,BP0269,1564128.48170000,5184809.27900000,1.25042883,45.84989203
87085_5105_00092,rue des Tuilières,92,,BP0310,1564141.66960000,5184810.18500000,1.25059834,45.84990278
87085_5105_00093,rue des Tuilières,93,,BP0270,1564138.58540000,5184820.15130000,1.25055582,45.84999183
87085_5105_00095,rue des Tuilières,95,,BP0271,1564147.66530000,5184829.81360000,1.25066997,45.85008054
87085_5105_00096,rue des Tuilières,96,,BP0528,1564156.72470000,5184820.69990000,1.25078916,45.85000034
87085_5105_00097,rue des Tuilières,97,,BP0272,1564155.25550000,5184838.06520000,1.25076534,45.85015626
87085_5105_00098,rue des Tuilières,98,,BP0440,1564179.13480000,5184841.63850000,1.25107172,45.85019313
87085_5105_00099,rue des Tuilières,99,,BP0419,1564164.57870000,5184846.73090000,1.25088290,45.85023606
87085_5105_00100,rue des Tuilières,100,,BP0603,1564186.69380000,5184851.89400000,1.25116612,45.85028687
87085_5105_00100_b,rue des Tuilières,100,b,BP0610,1564206.28620000,5184832.94980000,1.25142368,45.85012033
87085_5105_00101,rue des Tuilières,101,,BP0274,1564172.14870000,5184852.49050000,1.25097872,45.85028937
87085_5105_00102,rue des Tuilières,102,,BP0599,1564196.25550000,5184858.42270000,1.25128736,45.85034749
87085_5105_00102_b,rue des Tuilières,102,b,BP0606,1564211.73660000,5184835.54270000,1.25149311,45.85014473
87085_5105_00103,rue des Tuilières,103,,BP0275,1564183.09070000,5184860.12910000,1.25111741,45.85036024
87085_5105_00104,rue des Tuilières,104,,BP0293,1564207.46950000,5184866.37100000,1.25142947,45.85042121
87085_5105_00105,rue des Tuilières,105,,BP0477,1564191.24640000,5184865.88400000,1.25122077,45.85041362
87085_5105_00107,rue des Tuilières,107,,BP0277,1564200.62720000,5184872.46600000,1.25133966,45.85047468
87085_5105_00108,rue des Tuilières,108,,BP0291,1564221.78980000,5184876.70319999,1.25161089,45.85051698
87085_5105_00109,rue des Tuilières,109,,BP0448,1564209.64580000,5184878.84650000,1.25145395,45.85053386
87085_5105_00110,rue des Tuilières,110,,BP0472,1564228.73510000,5184881.20110000,1.25169902,45.85055881
87085_5105_00111,rue des Tuilières,111,,BP0613,1564218.25980000,5184884.90440000,1.25156313,45.85059006
87085_5105_00112,rue des Tuilières,112,,BP0582,1564236.98220000,5184887.06580000,1.25180352,45.85061320
87085_5105_00113,rue des Tuilières,113,,BP0281,1564225.72250000,5184890.05160000,1.25165774,45.85063783
87085_5105_00114,rue des Tuilières,114,,BP0584,1564247.66440000,5184894.24840000,1.25193900,45.85067992
87085_5105_00115,rue des Tuilières,115,,BP0282,1564231.98700000,5184894.26900000,1.25173719,45.85067701
87085_5105_00115_bis,rue des Tuilières,115,bis,BP0283,1564237.25570000,5184898.34560000,1.25180386,45.85071472
87085_5105_00116,rue des Tuilières,116,,BT0488,1564264.35160000,5184906.20520000,1.25215043,45.85079077
87085_5105_00118,rue des Tuilières,118,,BT0359,1564274.04480000,5184908.45290000,1.25227458,45.85081290
87085_5105_00119,rue des Tuilières,119,,BP0284,1564252.51940000,5184909.10140000,1.25199730,45.85081449
87085_5105_00120,rue des Tuilières,120,,BT0357,1564282.30540000,5184914.45200000,1.25237922,45.85086850
87085_5105_00121,rue des Tuilières,121,,BT0302,1564287.48630000,5184933.52750000,1.25244052,45.85104112
87085_5105_00122,rue des Tuilières,122,,BT0526,1564291.20040000,5184925.48120000,1.25249061,45.85096947
87085_5105_00125,rue des Tuilières,125,,BT0293,1564316.49680000,5184953.72840000,1.25280826,45.85122856
87085_5105_00133,rue des Tuilières,133,,BT0295,1564349.31770000,5184976.53970000,1.25322432,45.85144024
87085_5105_00141,rue des Tuilières,141,,BT0509,1564402.53380000,5185014.13430000,1.25389876,45.85178892
87085_5105_00147,rue des Tuilières,147,,BT0507,1564446.90970000,5185045.10150000,1.25446127,45.85207624
87085_5115_00001,rue des Tulipes,1,,BV0499,1564054.93840000,5185222.15120000,1.24936531,45.85359150
87085_5115_00003,rue des Tulipes,3,,BV0500,1564045.12240000,5185235.33660000,1.24923521,45.85370817
87085_5115_00004,rue des Tulipes,4,,BV0471,1564040.87360000,5185259.30270000,1.24917373,45.85392291
87085_5115_00005,rue des Tulipes,5,,BV0501,1564036.31270000,5185248.26650000,1.24911814,45.85382274
87085_5115_00006,rue des Tulipes,6,,BV0470,1564019.95630000,5185288.40450000,1.24889622,45.85418056
87085_5115_00007,rue des Tulipes,7,,BV0502,1564026.36900000,5185261.80560000,1.24898630,45.85394256
87085_5115_00008,rue des Tulipes,8,,BV0468,1564004.68550000,5185313.64160000,1.24869248,45.85440456
87085_5115_00009,rue des Tulipes,9,,BV0503,1564018.12940000,5185273.62810000,1.24887688,45.85404728
87085_5115_00010,rue des Tulipes,10,,BV0467,1564003.39360000,5185338.96520000,1.24866868,45.85463211
87085_5115_00011,rue des Tulipes,11,,BV0504,1564008.82800000,5185285.93860000,1.24875366,45.85415618
87085_5115_00012,rue des Tulipes,12,,BV0464,1564010.04480000,5185356.69540000,1.24874929,45.85479292
87085_5115_00013,rue des Tulipes,13,,BV0505,1563999.85850000,5185299.50800000,1.24863435,45.85427647
87085_5115_00014,rue des Tulipes,14,,BV0463,1564022.86050000,5185371.51710000,1.24891008,45.85492878
87085_5115_00015,rue des Tulipes,15,,BV0506,1563993.52620000,5185316.30630000,1.24854807,45.85442633
87085_5115_00016,rue des Tulipes,16,,BV0462,1564038.40630000,5185384.08520000,1.24910665,45.85504491
87085_5115_00017,rue des Tulipes,17,,BV0509,1563992.21660000,5185328.63610000,1.24852772,45.85453698
87085_5115_00018,rue des Tulipes,18,,BV0458,1564049.16850000,5185393.59320000,1.24924251,45.85513257
87085_5115_00019,rue des Tulipes,19,,BV0510,1563993.11270000,5185343.58450000,1.24853502,45.85467163
87085_5115_00020,rue des Tulipes,20,,BV0457,1564061.13550000,5185404.04790000,1.24939361,45.85522898
87085_5115_00021,rue des Tulipes,21,,BV0514,1563996.01270000,5185352.22030000,1.24856991,45.85474988
87085_5115_00022,rue des Tulipes,22,,BV0456,1564073.32290000,5185414.11520000,1.24954766,45.85532195
87085_5115_00023,rue des Tulipes,23,,BV0515,1564003.22030000,5185365.50830000,1.24865894,45.85487084
87085_5115_00024,rue des Tulipes,24,,BV0450,1564083.57600000,5185422.96940000,1.24967715,45.85540363
87085_5115_00025,rue des Tulipes,25,,BV0517,1564011.16450000,5185374.69310000,1.24875861,45.85495504
87085_5115_00026,rue des Tulipes,26,,BV0449,1564093.71240000,5185432.85460000,1.24980485,45.85549456
87085_5115_00027,rue des Tulipes,27,,BV0520,1564025.00340000,5185386.78730000,1.24893334,45.85506657
87085_5115_00028,rue des Tulipes,28,,BV0446,1564103.53650000,5185444.65200000,1.24992798,45.85560262
87085_5115_00029,rue des Tulipes,29,,BV0521,1564032.88450000,5185393.13290000,1.24903301,45.85512521
87085_5115_00030,rue des Tulipes,30,,BV0445,1564109.20300000,5185452.74770000,1.24999864,45.85567657
87085_5115_00031,rue des Tulipes,31,,BV0522,1564042.94430000,5185401.73930000,1.24916008,45.85520462
87085_5115_00033,rue des Tulipes,33,,BV0523,1564052.34200000,5185409.24520000,1.24927894,45.85527400
87085_5115_00035,rue des Tulipes,35,,BV0527,1564061.14920000,5185416.56470000,1.24939025,45.85534158
87085_5115_00037,rue des Tulipes,37,,BV0528,1564071.35320000,5185425.14120000,1.24951918,45.85542075
87085_5115_00039,rue des Tulipes,39,,BV0531,1564084.23910000,5185437.19670000,1.24968166,45.85553174
87085_5115_00041,rue des Tulipes,41,,BV0532,1564096.63230000,5185451.31050000,1.24983722,45.85566115
87085_5115_00043,rue des Tulipes,43,,BV0534,1564104.60390000,5185469.10470000,1.24993481,45.85582280
87085_5130_00001,rue des Ursulines,1,,DY0376,1564795.13560000,5182396.35510000,1.25968914,45.82831780
87085_5130_00002,rue des Ursulines,2,,DY0375,1564791.00140000,5182401.35370000,1.25963454,45.82836195
87085_5130_00003,rue des Ursulines,3,,DY0396,1564775.03670000,5182377.47560000,1.25943583,45.82814401
87085_1007_00003,rue des Venauds,3,,PL0209,1559557.48960000,5184061.60490000,1.19180815,45.84224784
87085_1007_00005,rue des Venauds,5,,PL0209,1559566.37960000,5184073.14080000,1.19191920,45.84235343
87085_1007_00007,rue des Venauds,7,,PL0209,1559561.72290000,5184077.26830000,1.19185806,45.84238960
87085_1007_00009,rue des Venauds,9,,PL0209,1559557.91290000,5184080.76080000,1.19180800,45.84242024
87085_1007_00011,rue des Venauds,11,,PL0209,1559553.36210000,5184084.88830000,1.19174822,45.84245644
87085_1007_00014,rue des Venauds,14,,PL0210,1559577.38630000,5184072.71750000,1.19206098,45.84235187
87085_1007_00015,rue des Venauds,15,,PL0209,1559548.07040000,5184089.54500000,1.19167875,45.84249725
87085_1007_00016,rue des Venauds,16,,PL0210,1559571.24800000,5184078.53830000,1.19198028,45.84240297
87085_1007_00017,rue des Venauds,17,,PL0245,1559543.62540000,5184093.88420000,1.19162028,45.84253537
87085_1007_00018,rue des Venauds,18,,PL0210,1559566.27380000,5184082.87750000,1.19191499,45.84244099
87085_1007_00019,rue des Venauds,19,,PL0245,1559537.59290000,5184099.17590001,1.19154109,45.84258174
87085_1007_00020,rue des Venauds,20,,PL0210,1559562.04050000,5184086.68750001,1.19185939,45.84247440
87085_1007_00022,rue des Venauds,22,,PL0210,1559557.48970000,5184090.60330000,1.19179968,45.84250869
87085_1007_00024,rue des Venauds,24,,PL0210,1559552.62140000,5184095.26000001,1.19173566,45.84254959
87085_1007_00026,rue des Venauds,26,,PL0210,1559548.49390000,5184098.75250001,1.19168151,45.84258016
87085_1007_00028,rue des Venauds,28,,PL0210,1559543.51970000,5184103.40920000,1.19161613,45.84262103
87085_1007_00030,rue des Venauds,30,,PL0210,1559538.96890000,5184107.32500000,1.19155642,45.84265533
87085_1007_00032,rue des Venauds,32,,PL0210,1559534.41810000,5184111.66420001,1.19149658,45.84269343
87085_5190_00004,rue des Vénitiens,4,,DW0039,1564985.63420000,5182818.69600000,1.26202180,45.83215443
87085_5190_00007,rue des Vénitiens,7,,DW0207,1564960.99920000,5182843.94530000,1.26169769,45.83237673
87085_5190_00011,rue des Vénitiens,11,,DW0041,1564953.21980000,5182861.95870000,1.26159252,45.83253724
87085_5190_00020,rue des Vénitiens,20,,DW0036,1564953.29870000,5182886.58390000,1.26158662,45.83275877
87085_5190_00034,rue des Vénitiens,34,,DW0030,1564929.91610000,5182938.67390000,1.26127108,45.83322276
87085_5190_00035,rue des Vénitiens,35,,DW0195,1564896.31930000,5182962.28950000,1.26083210,45.83342860
87085_5190_00037,rue des Vénitiens,37,,DW0195,1564885.75160000,5182973.54030000,1.26069294,45.83352773
87085_5190_00041,rue des Vénitiens,41,,DW0051,1564859.50300000,5182977.54160000,1.26035403,45.83355857
87085_5190_00042,rue des Vénitiens,42,,DW0219,1564906.82010000,5182964.07430000,1.26096673,45.83344672
87085_5190_00043,rue des Vénitiens,43,,DW0047,1564869.12870000,5182990.38870000,1.26047400,45.83367600
87085_5190_00045,rue des Vénitiens,45,,DW0047,1564860.96460000,5182999.35000000,1.26036671,45.83375503
87085_5190_00048,rue des Vénitiens,48,,DW0026,1564886.33370000,5182985.22510000,1.26069715,45.83363296
87085_5190_00054,rue des Vénitiens,54,,DW0178,1564863.00710000,5183009.73070000,1.26039007,45.83384882
87085_5190_00058,rue des Vénitiens,58,,DW0226,1564847.25020000,5183025.62260000,1.26018283,45.83398868
87085_5190_00060,rue des Vénitiens,60,,DW0023,1564840.35060000,5183032.58010000,1.26009209,45.83404991
87085_5335_00001,rue des Viradis,1,,KW0039,1566437.53070000,5193161.86770000,1.27782715,45.92548080
87085_5335_00002,rue des Viradis,2,,KW0018,1566438.93960000,5193171.31000000,1.27784268,45.92556601
87085_5335_00003,rue des Viradis,3,,KW0040,1566415.43580000,5193161.96730000,1.27754231,45.92547739
87085_5335_00004,rue des Viradis,4,,KW0017,1566413.27420000,5193171.16330000,1.27751189,45.92555969
87085_5335_00012,rue des Viradis,12,,KW0012,1566378.23160000,5193171.01830000,1.27706022,45.92555157
87085_5335_00017,rue des Viradis,17,,KW0052,1566311.33340000,5193156.54700000,1.27620194,45.92540837
87085_5335_00021,rue des Viradis,21,,KW0055,1566281.05400000,5193151.32780000,1.27581309,45.92535553
87085_5335_00024,rue des Viradis,24,,KW0087,1566259.05380000,5193154.63250000,1.27552858,45.92538097
87085_5335_00041,rue des Viradis,41,,NE0123,1566062.24570000,5192951.11910000,1.27304860,45.92351190
87085_5335_00041_b,rue des Viradis,41,b,NE0124,1566035.78730000,5192943.49910000,1.27270969,45.92343819
87085_5335_00042,rue des Viradis,42,,KW0061,1565971.88020000,5192950.41380000,1.27188402,45.92348792
87085_5335_00044,rue des Viradis,44,,KW0062,1565928.78320000,5192941.23110000,1.27133108,45.92339690
87085_5335_00046,rue des Viradis,46,,KW0063,1565884.39250000,5192923.25900000,1.27076393,45.92322656
87085_5335_00047,rue des Viradis,47,,NE0081,1565913.32830000,5192924.99240000,1.27113642,45.92324781
87085_5335_00051,rue des Viradis,51,,NE0080,1565836.04860000,5192861.22510000,1.27015817,45.92265909
87085_5335_00065,rue des Viradis,65,,None,1565653.76930000,5192642.62880000,1.26786998,45.92065707
87085_5335_00067,rue des Viradis,67,,NE0120,1565650.04540000,5192632.41480000,1.26782484,45.92056446
87085_5335_00071,rue des Viradis,71,,NE0059,1565627.34150000,5192589.32010000,1.26754430,45.92017236
87085_5335_00075,rue des Viradis,75,,NE0058,1565611.85410000,5192560.01850000,1.26735290,45.91990574
87085_5335_00105,rue des Viradis,105,,NE0118,1565543.34430000,5192359.93290000,1.26652603,45.91809246
87085_5335_00107,rue des Viradis,107,,NE0117,1565546.51930000,5192338.50160000,1.26657296,45.91790030
87085_5050_00001,rue de Toulouse,1,,ET0057,1565966.57210000,5181971.62620000,1.27488113,45.82472638
87085_5050_00001_bis,rue de Toulouse,1,bis,ET0053,1565965.76600000,5181960.81920000,1.27487377,45.82462901
87085_5050_00002,rue de Toulouse,2,,EV0146,1565948.14280000,5181974.84750000,1.27464311,45.82475177
87085_5050_00003,rue de Toulouse,3,,ET0052,1565965.31990000,5181951.03370000,1.27487076,45.82454089
87085_5050_00004,rue de Toulouse,4,,EV0147,1565948.67610000,5181968.71520000,1.27465168,45.82469671
87085_5050_00005,rue de Toulouse,5,,ET0051,1565964.76000000,5181942.13960000,1.27486603,45.82446078
87085_5050_00006,rue de Toulouse,6,,EV0148,1565948.22670000,5181962.63930000,1.27464759,45.82464196
87085_5050_00008,rue de Toulouse,8,,EV0489,1565947.73070000,5181955.40240000,1.27464323,45.82457677
87085_5050_00012,rue de Toulouse,12,,EV0151,1565946.78360000,5181942.06020000,1.27463476,45.82445656
87085_5050_00013,rue de Toulouse,13,,ET0262,1565961.89520000,5181896.45630000,1.27484191,45.82404927
87085_5050_00014,rue de Toulouse,14,,EV0152,1565946.45990000,5181936.68320000,1.27463209,45.82440813
87085_5050_00015,rue de Toulouse,15,,ET0262,1565961.64260000,5181889.99170000,1.27484046,45.82399107
87085_5050_00015_a,rue de Toulouse,15,a,ET0262,1565966.45140000,5181899.49850000,1.27489968,45.82407752
87085_5050_00015_b,rue de Toulouse,15,b,ET0262,1565963.70100000,5181889.97500000,1.27486695,45.82399132
87085_5050_00015_c,rue de Toulouse,15,c,ET0262,1565992.86150000,5181891.64680000,1.27524168,45.82401204
87085_5050_00016,rue de Toulouse,16,,EV0153,1565945.87570000,5181930.02830000,1.27462643,45.82434815
87085_5050_00018,rue de Toulouse,18,,EV0284,1565945.72200000,5181924.66010000,1.27462595,45.82429983
87085_5050_00019,rue de Toulouse,19,,ET0252,1565959.83130000,5181856.53350000,1.27482648,45.82368974
87085_5050_00020,rue de Toulouse,20,,EV0285,1565944.97860000,5181913.47890000,1.27461950,45.82419910
87085_5050_00021,rue de Toulouse,21,,ET0272,1565957.34690000,5181815.08930000,1.27480607,45.82331643
87085_5050_00022,rue de Toulouse,22,,EV0155,1565944.51670000,5181905.65360000,1.27461574,45.82412862
87085_5050_00023,rue de Toulouse,23,,ET0272,1565956.78700000,5181801.77390000,1.27480257,45.82319654
87085_5050_00024,rue de Toulouse,24,,EV0156,1565944.11930000,5181898.59740000,1.27461259,45.82406507
87085_5050_00026,rue de Toulouse,26,,EV0157,1565943.20410000,5181888.46130000,1.27460364,45.82397371
87085_5050_00028,rue de Toulouse,28,,EV0158,1565942.51400000,5181878.61760000,1.27459751,45.82388502
87085_5050_00028_bis,rue de Toulouse,28,bis,EV0418,1565942.05420000,5181871.20990000,1.27459366,45.82381829
87085_5050_00030,rue de Toulouse,30,,EV0418,1565941.56190000,5181866.64300000,1.27458860,45.82377712
87085_5050_00032,rue de Toulouse,32,,EV0163,1565940.94370000,5181855.74780000,1.27458368,45.82367899
87085_5050_00034,rue de Toulouse,34,,EV0164,1565940.24020000,5181847.76980000,1.27457685,45.82360708
87085_5050_00036,rue de Toulouse,36,,EV0165,1565939.96800000,5181841.87970000,1.27457499,45.82355404
87085_5050_00038,rue de Toulouse,38,,EV0166,1565939.27330000,5181835.85860000,1.27456773,45.82349975
87085_5050_00039,rue de Toulouse,39,,ET0285,1565952.90510000,5181749.82530000,1.27476711,45.82272848
87085_5050_00040,rue de Toulouse,40,,EV0352,1565939.26980000,5181830.90730000,1.27456907,45.82345520
87085_5050_00040_bis,rue de Toulouse,40,bis,EV0351,1565938.83660000,5181827.41940000,1.27456447,45.82342374
87085_5050_00041,rue de Toulouse,41,,ET0040,1565952.14070000,5181732.99620000,1.27476196,45.82257694
87085_5050_00042,rue de Toulouse,42,,EV0168,1565938.39510000,5181820.97550000,1.27456058,45.82336569
87085_5050_00043,rue de Toulouse,43,,ET0039,1565952.02150000,5181719.89050000,1.27476408,45.82245902
87085_5050_00045,rue de Toulouse,45,,ET0038,1565953.94030000,5181707.23370000,1.27479230,45.82234554
87085_5050_00047,rue de Toulouse,47,,ET0037,1565956.66930000,5181697.18330000,1.27483021,45.82225566
87085_5050_00049,rue de Toulouse,49,,ET0032,1565959.78560000,5181689.85320000,1.27487235,45.82219033
87085_5050_00049_bis,rue de Toulouse,49,bis,ET0033,1565976.19270000,5181698.39360000,1.27508107,45.82227035
87085_5050_00051,rue de Toulouse,51,,ET0032,1565963.03110000,5181683.36520000,1.27491591,45.82213260
87085_5050_00053,rue de Toulouse,53,,ET0030,1565966.94090000,5181676.45210000,1.27496815,45.82207117
87085_5050_00055,rue de Toulouse,55,,ET0029,1565970.05230000,5181671.76380000,1.27500948,45.82202961
87085_5050_00056,rue de Toulouse,56,,EV0332,1565933.61790000,5181745.70110000,1.27452010,45.82268762
87085_5050_00057,rue de Toulouse,57,,ET0027,1565975.06410000,5181665.19200000,1.27507580,45.82197147
87085_5050_00058,rue de Toulouse,58,,EV0265,1565932.88800000,5181732.37370000,1.27451443,45.82256759
87085_5050_00059,rue de Toulouse,59,,ET0026,1565979.96290000,5181659.64550000,1.27514037,45.82192253
87085_5050_00059_bis,rue de Toulouse,59,bis,ET0026,1565985.93530000,5181653.83470000,1.27521883,45.82187142
87085_5050_00060,rue de Toulouse,60,,EV0173,1565932.23090000,5181719.80110000,1.27450948,45.82245436
87085_5050_00062,rue de Toulouse,62,,EV0255,1565933.12370000,5181711.07900000,1.27452339,45.82237607
87085_5050_00064,rue de Toulouse,64,,EV0263,1565935.17590000,5181701.54010000,1.27455246,45.82229067
87085_5050_00066,rue de Toulouse,66,,EV0174,1565939.66570000,5181687.17460000,1.27461423,45.82216231
87085_5050_00076,rue de Toulouse,76,,EW0479,1566020.65490000,5181590.60920000,1.27568315,45.82130943
87085_5050_00078,rue de Toulouse,78,,EW0444,1566054.28990000,5181554.77820000,1.27612588,45.82099365
87085_5050_00089,rue de Toulouse,89,,ET0077,1566094.87150000,5181539.81990000,1.27665217,45.82086700
87085_5050_00093,rue de Toulouse,93,,ET0024,1566107.49110000,5181526.62330000,1.27681820,45.82075074
87085_5050_00095,rue de Toulouse,95,,ET0247,1566115.20260000,5181518.28110000,1.27691974,45.82067720
87085_5050_00096,rue de Toulouse,96,,EW0142,1566101.73560000,5181504.85180000,1.27675021,45.82055377
87085_5050_00099,rue de Toulouse,99,,ET0022,1566131.86130000,5181497.70230000,1.27713980,45.82049532
87085_5050_00101,rue de Toulouse,101,,ET0263,1566137.96290000,5181487.38080000,1.27722117,45.82040366
87085_5050_00102,rue de Toulouse,102,,EY0088,1566133.72850000,5181445.21370000,1.27717843,45.82002352
87085_5050_00103,rue de Toulouse,103,,ET0263,1566141.72840000,5181479.70530000,1.27727175,45.82033535
87085_5050_00104,rue de Toulouse,104,,EY0284,1566138.67940000,5181430.62820000,1.27724619,45.81989327
87085_5050_00105,rue de Toulouse,105,,ET0011,1566145.83840000,5181471.13930000,1.27732702,45.82025909
87085_5050_00106,rue de Toulouse,106,,EY0028,1566141.43730000,5181420.11160000,1.27728459,45.81979921
87085_5050_00108,rue de Toulouse,108,,EY0027,1566144.38410000,5181409.52710000,1.27732545,45.81970456
87085_5050_00110,rue de Toulouse,110,,EY0026,1566145.78200000,5181388.95140000,1.27734916,45.81951974
87085_5050_00112,rue de Toulouse,112,,EY0025,1566143.22230000,5181381.05020000,1.27731843,45.81944817
87085_5050_00114,rue de Toulouse,114,,EY0024,1566140.14610000,5181371.13550000,1.27728161,45.81935838
87085_5050_00116,rue de Toulouse,116,,EY0023,1566135.69340000,5181358.41450000,1.27722787,45.81924308
87085_5050_00118,rue de Toulouse,118,,EY0022,1566131.44370000,5181349.04170000,1.27717580,45.81915794
87085_5050_00120,rue de Toulouse,120,,EY0021,1566127.28420000,5181339.90520000,1.27712483,45.81907494
87085_5050_00122,rue de Toulouse,122,,EY0020,1566120.74620000,5181327.64570000,1.27704413,45.81896339
87085_5050_00124,rue de Toulouse,124,,EY0019,1566116.98880000,5181319.66460000,1.27699801,45.81889086
87085_5050_00126,rue de Toulouse,126,,EY0018,1566112.15840000,5181311.90140000,1.27693802,45.81882009
87085_5050_00128,rue de Toulouse,128,,EY0079,1566103.94590000,5181300.01140000,1.27683568,45.81871153
87085_5050_00130,rue de Toulouse,130,,EY0086,1566097.64970000,5181290.87850000,1.27675722,45.81862815
87085_5050_00132,rue de Toulouse,132,,EY0085,1566093.16030000,5181284.42030000,1.27670126,45.81856918
87085_5050_00134,rue de Toulouse,134,,EY0084,1566086.82660000,5181275.30260000,1.27662231,45.81848593
87085_5050_00136,rue de Toulouse,136,,EY0083,1566079.80240000,5181264.49990000,1.27653495,45.81838738
87085_5050_00138,rue de Toulouse,138,,EY0082,1566074.18020000,5181255.98000000,1.27646499,45.81830964
87085_5050_00140,rue de Toulouse,140,,EY0081,1566069.51520000,5181248.62440000,1.27640702,45.81824257
87085_5050_00140_bis,rue de Toulouse,140,bis,EY0080,1566063.16320000,5181239.75840000,1.27632777,45.81816158
87085_5050_00150,rue de Toulouse,150,,EY0015,1566094.94060000,5181185.23570000,1.27675177,45.81767729
87085_5050_00158,rue de Toulouse,158,,EY0146,1566115.90030000,5181137.73090000,1.27703465,45.81725404
87085_5050_00162,rue de Toulouse,162,,EY0148,1566116.52570000,5181128.63350000,1.27704522,45.81717232
87085_5050_00163,rue de Toulouse,163,,EY0034,1566125.29550000,5181167.26610000,1.27714730,45.81752155
87085_5050_00164,rue de Toulouse,164,,EY0151,1566117.11670000,5181108.34600000,1.27705847,45.81698994
87085_5050_00167,rue de Toulouse,167,,EY0035,1566130.28320000,5181159.80980000,1.27721354,45.81745545
87085_5050_00171,rue de Toulouse,171,,EY0037,1566132.24510000,5181149.48790000,1.27724165,45.81736298
87085_5050_00173,rue de Toulouse,173,,EY0038,1566132.29010000,5181142.01570000,1.27724431,45.81729577
87085_5050_00175,rue de Toulouse,175,,EY0039,1566132.42470000,5181135.96260000,1.27724773,45.81724135
87085_5050_00178,rue de Toulouse,178,,EX0025,1566117.15830000,5181034.02000000,1.27707970,45.81632134
87085_5050_00180,rue de Toulouse,180,,EX0026,1566117.36880000,5181026.92200000,1.27708438,45.81625753
87085_5050_00182,rue de Toulouse,182,,EX0026,1566117.30740000,5181024.04190000,1.27708439,45.81623161
87085_5050_00183,rue de Toulouse,183,,EY0040,1566132.75340000,5181098.65600000,1.27726234,45.81690581
87085_5050_00184,rue de Toulouse,184,,EX0027,1566115.63820000,5181016.99770000,1.27706488,45.81616791
87085_5050_00186,rue de Toulouse,186,,EX0031,1566103.03660000,5181007.03450000,1.27690554,45.81607584
87085_5050_00187,rue de Toulouse,187,,EY0049,1566132.93810000,5181061.00360000,1.27727519,45.81656714
87085_5050_00189,rue de Toulouse,189,,EY0051,1566133.06520000,5181045.38370000,1.27728117,45.81642666
87085_5050_00190,rue de Toulouse,190,,EX0503,1566117.94520000,5180984.72060000,1.27710354,45.81587801
87085_5050_00194,rue de Toulouse,194,,EX0289,1566114.68710000,5180952.02550000,1.27707073,45.81558326
87085_5050_00198,rue de Toulouse,198,,EX0074,1566129.04100000,5180919.96940000,1.27726431,45.81529769
87085_5050_00200,rue de Toulouse,200,,EX0075,1566132.95680000,5180911.72130000,1.27731698,45.81522425
87085_5050_00200_bis,rue de Toulouse,200,bis,EX0076,1566137.62870000,5180903.67980000,1.27737932,45.81515282
87085_5050_00201,rue de Toulouse,201,,EY0053,1566134.06590000,5180984.50060000,1.27731099,45.81587917
87085_5050_00202,rue de Toulouse,202,,EX0076,1566140.37920000,5180899.56280000,1.27741585,45.81511632
87085_5050_00204,rue de Toulouse,204,,EX0077,1566143.17250000,5180895.00380000,1.27745305,45.81507586
87085_5050_00204_bis,rue de Toulouse,204,bis,EX0077,1566147.34290000,5180889.14710000,1.27750833,45.81502398
87085_5050_00206,rue de Toulouse,206,,EX0513,1566153.79270000,5180879.75890000,1.27759392,45.81494079
87085_5050_00208,rue de Toulouse,208,,EX0385,1566158.51300000,5180872.88750000,1.27765655,45.81487989
87085_5050_00209,rue de Toulouse,209,,EY0058,1566140.98400000,5180943.66950000,1.27741135,45.81551321
87085_5050_00211,rue de Toulouse,211,,EY0059,1566145.29880000,5180931.93580000,1.27747013,45.81540850
87085_5050_00212,rue de Toulouse,212,,EX0085,1566172.37040000,5180854.97020000,1.27783981,45.81472141
87085_5050_00213,rue de Toulouse,213,,EY0060,1566155.08150000,5180912.11340000,1.27760149,45.81523209
87085_5050_00214,rue de Toulouse,214,,EX0086,1566181.38850000,5180844.77530000,1.27795866,45.81463145
87085_5050_00216,rue de Toulouse,216,,EX0087,1566189.45140000,5180835.38410000,1.27806499,45.81454854
87085_5050_00218,rue de Toulouse,218,,EX0494,1566203.99360000,5180819.46510000,1.27825650,45.81440817
87085_5050_00220,rue de Toulouse,220,,EX0090,1566214.31130000,5180809.28490000,1.27839206,45.81431860
87085_5050_00222,rue de Toulouse,222,,EX0419,1566219.39480000,5180803.44550000,1.27845908,45.81426706
87085_5050_00224,rue de Toulouse,224,,EX0204,1566228.50270000,5180794.50180000,1.27857873,45.81418837
87085_5050_00226,rue de Toulouse,226,,EX0093,1566235.53190000,5180787.09520000,1.27867122,45.81412311
87085_5050_00227,rue de Toulouse,227,,EY0062,1566195.49340000,5180858.62370000,1.27813626,45.81475877
87085_5050_00228,rue de Toulouse,228,,EX0499,1566243.36860000,5180779.46630000,1.27877416,45.81405601
87085_5050_00230,rue de Toulouse,230,,EX0095,1566250.11950000,5180772.54210000,1.27886293,45.81399503
87085_5050_00231,rue de Toulouse,231,,EY0062,1566212.00460000,5180838.30670000,1.27835431,45.81457922
87085_5050_00232,rue de Toulouse,232,,EX0096,1566256.06390000,5180767.02650000,1.27894093,45.81394657
87085_5050_00234,rue de Toulouse,234,,EX0097,1566266.34580000,5180756.82170000,1.27907604,45.81385677
87085_5050_00237,rue de Toulouse,237,,EY0126,1566238.91920000,5180811.30960000,1.27870806,45.81434160
87085_5050_00238,rue de Toulouse,238,,EX0098,1566287.95490000,5180735.85700000,1.27935985,45.81367238
87085_5050_00240,rue de Toulouse,240,,EX0099,1566295.91770000,5180727.90460000,1.27946450,45.81360239
87085_5050_00241,rue de Toulouse,241,,EY0066,1566247.04190000,5180803.71150000,1.27881467,45.81427483
87085_5050_00244,rue de Toulouse,244,,EX0100,1566310.96160000,5180713.47390000,1.27966203,45.81347550
87085_5050_00245,rue de Toulouse,245,,EY0067,1566257.90340000,5180793.14670000,1.27895733,45.81418190
87085_5050_00246,rue de Toulouse,246,,EX0101,1566317.18130000,5180707.35070000,1.27974375,45.81342163
87085_5050_00249,rue de Toulouse,249,,EY0068,1566271.45720000,5180779.13530000,1.27913559,45.81405849
87085_5050_00250,rue de Toulouse,250,,EX0550,1566331.47620000,5180694.10840000,1.27993132,45.81330528
87085_5050_00251,rue de Toulouse,251,,EY0069,1566278.60230000,5180771.70690000,1.27922957,45.81399306
87085_5050_00253,rue de Toulouse,253,,EY0070,1566284.73760000,5180765.48510000,1.27931023,45.81393828
87085_5050_00255,rue de Toulouse,255,,EY0071,1566294.68630000,5180755.83380000,1.27944089,45.81385340
87085_5050_00257,rue de Toulouse,257,,EY0072,1566298.47970000,5180752.10320000,1.27949073,45.81382057
87085_5050_00259,rue de Toulouse,259,,EY0073,1566305.40000000,5180746.17820000,1.27958140,45.81376862
87085_5050_00260,rue de Toulouse,260,,EX0190,1566382.53970000,5180645.03350000,1.28060184,45.81287374
87085_5050_00262,rue de Toulouse,262,,EX0105,1566387.05310000,5180640.13080000,1.28066126,45.81283052
87085_5050_00264,rue de Toulouse,264,,EX0105,1566400.55870000,5180626.73440000,1.28083872,45.81271263
87085_5050_00270,rue de Toulouse,270,,TE0011,1566454.14960000,5180572.00800000,1.28154330,45.81223073
87085_5050_00273,rue de Toulouse,273,,EY0157,1566379.98190000,5180683.93350000,1.28055813,45.81322318
87085_5050_00274,rue de Toulouse,274,,TE0012,1566484.05590000,5180539.73130000,1.28193697,45.81194619
87085_5050_00275,rue de Toulouse,275,,EY0157,1566386.58970000,5180689.65070000,1.28064155,45.81327589
87085_5050_00277,rue de Toulouse,277,,EY0157,1566390.09380000,5180693.91610000,1.28068544,45.81331494
87085_5050_00279,rue de Toulouse,279,,TC0270,1566419.61280000,5180672.47130000,1.28107113,45.81312776
87085_5050_00281,rue de Toulouse,281,,TC0270,1566413.95320000,5180663.79850000,1.28100073,45.81304865
87085_5050_00288,rue de Toulouse,288,,TE0017,1566587.98900000,5180436.06320000,1.28330270,45.81103379
87085_5050_00312,rue de Toulouse,312,,TN0037,1566730.14130000,5180286.95440000,1.28517260,45.80972000
87085_5050_00314,rue de Toulouse,314,,TN0039,1566747.19580000,5180268.84340000,1.28539700,45.80956039
87085_5050_00316,rue de Toulouse,316,,TN0036,1566772.90580000,5180241.67620000,1.28573524,45.80932098
87085_5050_00318,rue de Toulouse,318,,TN0010,1566786.87740000,5180223.33370000,1.28592004,45.80915868
87085_5050_00331,rue de Toulouse,331,,TO0001,1566792.94900000,5180259.54930000,1.28598811,45.80948564
87085_5050_00345,rue de Toulouse,345,,TO0005,1566884.06230000,5180137.49640000,1.28719390,45.80840532
87085_5050_00345_d,rue de Toulouse,345,d,TO0002,1566910.00870000,5180170.13380000,1.28751862,45.80870394
87085_5050_00345_e,rue de Toulouse,345,e,TO0003,1566947.95490000,5180151.37540000,1.28801191,45.80854253
87085_5050_00345_f,rue de Toulouse,345,f,TO0004,1566979.61150000,5180130.77760000,1.28842481,45.80836336
87085_5050_00357,rue de Toulouse,357,,TO0006,1566960.87320000,5180032.56930000,1.28821093,45.80747629
87085_5050_00365,rue de Toulouse,365,,TO0008,1567018.45500000,5179950.97100000,1.28897415,45.80675339
87085_5050_00375,rue de Toulouse,375,,VB0040,1567100.40720000,5179834.73380000,1.29006038,45.80572359
87085_5050_00377,rue de Toulouse,377,,VB0040,1567117.93590000,5179833.41090000,1.29028620,45.80571507
87085_5050_00379,rue de Toulouse,379,,VB0064,1567132.75260000,5179808.11670000,1.29048377,45.80549040
87085_5050_00382,rue de Toulouse,382,,TO0011,1567163.50190000,5179700.68400000,1.29090893,45.80452990
87085_5050_00383,rue de Toulouse,383,,VB0002,1567144.63460000,5179824.70139999,1.29063200,45.80564190
87085_5050_00384,rue de Toulouse,384,,TO0012,1567170.16260000,5179691.00200000,1.29099728,45.80444409
87085_5050_00400,rue de Toulouse,400,,None,1567269.18030000,5179552.05150000,1.29230918,45.80321324
87085_5050_00404,rue de Toulouse,404,,TS0020,1567274.43070000,5179542.42650000,1.29237937,45.80312767
87085_5050_00406,rue de Toulouse,406,,TS0013,1567305.02790000,5179503.12370000,1.29278374,45.80278002
87085_5050_00412,rue de Toulouse,412,,TS0025,1567338.67320000,5179457.27790000,1.29322912,45.80237409
87085_5050_00422,rue de Toulouse,422,,TS0031,1567394.70500000,5179383.04120000,1.29397024,45.80171708
87085_5050_00424,rue de Toulouse,424,,TS0035,1567405.26920000,5179369.87400000,1.29410974,45.80160067
87085_5050_00446,rue de Toulouse,446,,TT0006,1567492.10850000,5179211.88760000,1.29527012,45.80019619
87085_5050_00460,rue de Toulouse,460,,TT0005,1567453.83630000,5178945.98700000,1.29485111,45.79779686
87085_5060_00003,rue de Tourcoing,3,,HP0067,1565334.19150000,5180544.38630000,1.26714404,45.81176395
87085_5060_00004,rue de Tourcoing,4,,HP0064,1565308.53030000,5180493.62780000,1.26682815,45.81130232
87085_5060_00005,rue de Tourcoing,5,,HP0311,1565323.87740000,5180485.86440000,1.26704122,45.81137678
87085_5060_00005_a,rue de Tourcoing,5,a,HP0312,1565325.26650000,5180501.54100000,1.26704100,45.81137700
87085_5060_00008,rue de Tourcoing,8,,HP0103,1565291.95590000,5180447.27900000,1.26662792,45.81088214
87085_5060_00010,rue de Tourcoing,10,,HP0103,1565273.57970000,5180420.01100000,1.26639917,45.81063324
87085_5060_00012,rue de Tourcoing,12,,HP0103,1565255.75620000,5180397.68390000,1.26617615,45.81042891
87085_5060_00013,rue de Tourcoing,13,,HP0074,1565289.85460000,5180388.22830000,1.26661742,45.81035053
87085_5060_00014,rue de Tourcoing,14,,HP0079,1565233.26960000,5180381.76190000,1.26589136,45.81028127
87085_5060_00017,rue de Tourcoing,17,,HP0074,1565230.52890000,5180362.78520000,1.26586142,45.81011003
87085_5060_00018,rue de Tourcoing,18,,HP0080,1565173.40740000,5180354.69840000,1.26512891,45.81002609
87085_5060_00022,rue de Tourcoing,22,,HP0092,1565126.30810000,5180331.58880000,1.26452953,45.80980898
87085_5060_00023,rue de Tourcoing,23,,HP0078,1565159.92720000,5180330.31770000,1.26496234,45.80980413
87085_5060_00026,rue de Tourcoing,26,,HP0099,1565112.91310000,5180287.67760000,1.26436954,45.80941134
87085_5060_00029,rue de Tourcoing,29,,HP0307,1565140.89530000,5180247.89940000,1.26474063,45.80905900
87085_5060_00030,rue de Tourcoing,30,,HP0093,1565110.51120000,5180250.25660000,1.26434913,45.80907424
87085_5060_00032,rue de Tourcoing,32,,HP0247,1565123.64310000,5180238.59670000,1.26452132,45.80897193
87085_5144_00022,rue de Valparaiso,22,,LC0083,1568197.70260000,5191248.10680000,1.30104240,45.90860555
87085_5144_00024,rue de Valparaiso,24,,LC0085,1568230.40710000,5191269.16650000,1.30145805,45.90880127
87085_5144_00024_bis,rue de Valparaiso,24,bis,LC0017,1568230.40710000,5191269.16650000,1.30161126,45.90886665
87085_5144_00025,rue de Valparaiso,25,,LA0171,1568264.44370000,5191302.96320000,1.30188737,45.90911182
87085_5144_00026,rue de Valparaiso,26,,LC0019,1568252.81810000,5191283.82610000,1.30174282,45.90893744
87085_5144_00027,rue de Valparaiso,27,,LA0130,1568278.67010000,5191311.38310000,1.30206839,45.90919029
87085_5144_00029,rue de Valparaiso,29,,LA0129,1568298.15930000,5191323.38400000,1.30231623,45.90930199
87085_5144_00030,rue de Valparaiso,30,,LC0020,1568288.14730000,5191305.48850000,1.30219213,45.90913909
87085_5144_00034,rue de Valparaiso,34,,LC0021,1568316.26950000,5191327.64650000,1.30254844,45.90934380
87085_5144_00040,rue de Valparaiso,40,,LC0024,1568332.94410000,5191411.62430000,1.30274025,45.91010243
87085_5144_00042,rue de Valparaiso,42,,LC0025,1568357.00550000,5191438.29640000,1.30304300,45.91034697
87085_5189_00002,rue de Vendémiaire,2,,LM0010,1567602.76040000,5188706.37130000,1.29407745,45.88562669
87085_5189_00003,rue de Vendémiaire,3,,LM0010,1567585.57780000,5188700.42170000,1.29385776,45.88556986
87085_5189_00004,rue de Vendémiaire,4,,LM0010,1567610.15140000,5188704.96760000,1.29417304,45.88561549
87085_5189_00005,rue de Vendémiaire,5,,LM0010,1567590.13510000,5188710.79970000,1.29391360,45.88566409
87085_5189_00006,rue de Vendémiaire,6,,LM0010,1567616.99960000,5188703.56320000,1.29426164,45.88560417
87085_5189_00007,rue de Vendémiaire,7,,LM0010,1567592.76970000,5188719.72780000,1.29394507,45.88574492
87085_5189_00008,rue de Vendémiaire,8,,LM0010,1567626.09830000,5188699.07440000,1.29438007,45.88556555
87085_5189_00009,rue de Vendémiaire,9,,LM0010,1567594.22300000,5188726.72550000,1.29396186,45.88580814
87085_5189_00010,rue de Vendémiaire,10,,LM0010,1567634.18370000,5188700.95850000,1.29448370,45.88558405
87085_5189_00011,rue de Vendémiaire,11,,LM0010,1567595.56640000,5188733.52500000,1.29397729,45.88586957
87085_5189_00012,rue de Vendémiaire,12,,LM0010,1567631.59120000,5188707.00620000,1.29444864,45.88563796
87085_5189_00014,rue de Vendémiaire,14,,LM0010,1567631.51090000,5188714.31840000,1.29444559,45.88570372
87085_5189_00015,rue de Vendémiaire,15,,LM0010,1567597.92120000,5188744.75050000,1.29400452,45.88597100
87085_5189_00016,rue de Vendémiaire,16,,LM0010,1567634.77090000,5188724.55140000,1.29448476,45.88579640
87085_5189_00017,rue de Vendémiaire,17,,LM0010,1567600.55170000,5188757.99590000,1.29403475,45.88609066
87085_5189_00018,rue de Vendémiaire,18,,LM0010,1567627.53210000,5188722.21940000,1.29439216,45.88577403
87085_5189_00019,rue de Vendémiaire,19,,LM0010,1567602.29230000,5188766.81120000,1.29405474,45.88617029
87085_5189_00020,rue de Vendémiaire,20,,LM0010,1567618.38670000,5188719.26780000,1.29427517,45.88574571
87085_5189_00021,rue de Vendémiaire,21,,LM0010,1567603.61250000,5188773.49010000,1.29406990,45.88623063
87085_5189_00022,rue de Vendémiaire,22,,LM0010,1567610.74270000,5188720.90140000,1.29417626,45.88575894
87085_5189_00023,rue de Vendémiaire,23,,LM0010,1567604.94250000,5188780.44960000,1.29408511,45.88629349
87085_5189_00024,rue de Vendémiaire,24,,LM0010,1567617.62980000,5188778.27930000,1.29424914,45.88627641
87085_5189_00025,rue de Vendémiaire,25,,LM0010,1567606.41560000,5188787.40830000,1.29410217,45.88635637
87085_5189_00026,rue de Vendémiaire,26,,LM0010,1567627.25170000,5188776.18760000,1.29437366,45.88625945
87085_5189_00027,rue de Vendémiaire,27,,LM0010,1567604.95380000,5188801.52300000,1.29407944,45.88648306
87085_5189_00028,rue de Vendémiaire,28,,LM0010,1567634.57120000,5188773.90160000,1.29446857,45.88624030
87085_5189_00029,rue de Vendémiaire,29,,LM0010,1567609.27820000,5188805.68820000,1.29413400,45.88652136
87085_5189_00030,rue de Vendémiaire,30,,LM0010,1567644.36500000,5188755.81320000,1.29459971,45.88607947
87085_5189_00031,rue de Vendémiaire,31,,LM0010,1567615.95090000,5188798.46930000,1.29422194,45.88645771
87085_5189_00032,rue de Vendémiaire,32,,LM0010,1567645.26180000,5188760.34610000,1.29461002,45.88612042
87085_5189_00033,rue de Vendémiaire,33,,LM0010,1567621.35820000,5188797.47010000,1.29429187,45.88644976
87085_5189_00034,rue de Vendémiaire,34,,LM0010,1567645.65120000,5188766.42260000,1.29461336,45.88617515
87085_5189_00035,rue de Vendémiaire,35,,LM0010,1567629.74690000,5188795.78610000,1.29440039,45.88643623
87085_5189_00036,rue de Vendémiaire,36,,LM0010,1567641.49900000,5188777.99070000,1.29455668,45.88627842
87085_5189_00037,rue de Vendémiaire,37,,LM0010,1567634.95350000,5188794.74910000,1.29446774,45.88642791
87085_5189_00038,rue de Vendémiaire,38,,LM0010,1567642.91320000,5188787.05900000,1.29457239,45.88636026
87085_5189_00039,rue de Vendémiaire,39,,LM0010,1567640.68200000,5188795.79070000,1.29454125,45.88643838
87085_5189_00040,rue de Vendémiaire,40,,LM0010,1567644.88960000,5188795.57980000,1.29459550,45.88643729
87085_5215_00002,rue de Verdun,2,,NN0052,1563289.36700000,5181423.60220000,1.24059022,45.81926969
87085_5215_00005,rue de Verdun,5,,NN0044,1563272.62430000,5181407.05410000,1.24037952,45.81911750
87085_5215_00007,rue de Verdun,7,,NN0041,1563252.55150000,5181402.83810000,1.24012247,45.81907559
87085_5215_00008,rue de Verdun,8,,NN0054,1563265.82920000,5181418.88260000,1.24028873,45.81922256
87085_5215_00012,rue de Verdun,12,,NN0125,1563248.21860000,5181415.42240000,1.24006315,45.81918793
87085_5215_00013,rue de Verdun,13,,NN0039,1563215.83000000,5181395.62840000,1.23965209,45.81900343
87085_5215_00014,rue de Verdun,14,,NN0126,1563230.09090000,5181411.85010000,1.23983095,45.81915219
87085_5215_00015,rue de Verdun,15,,NN0035,1563199.45210000,5181392.05060000,1.23944240,45.81896799
87085_5215_00016,rue de Verdun,16,,NN0057,1563212.45490000,5181408.49440000,1.23960501,45.81911850
87085_5215_00017,rue de Verdun,17,,NN0136,1563183.55830000,5181388.99010000,1.23923879,45.81893730
87085_5215_00018,rue de Verdun,18,,NN0058,1563192.87950000,5181405.20440000,1.23935410,45.81908501
87085_5215_00020,rue de Verdun,20,,NN0059,1563178.36810000,5181402.29890000,1.23916823,45.81905599
87085_5215_00021,rue de Verdun,21,,NN0033,1563159.76120000,5181384.20400000,1.23893399,45.81888951
87085_5215_00022,rue de Verdun,22,,NN0060,1563166.98040000,5181399.43730000,1.23902254,45.81902798
87085_5215_00024,rue de Verdun,24,,NN0140,1563154.57210000,5181397.06840000,1.23886358,45.81900420
87085_5215_00026,rue de Verdun,26,,NN0143,1563142.21310000,5181394.93910000,1.23870518,45.81898259
87085_1555_00002,rue Deverrine,2,,DN0016,1564372.73590000,5183139.59260000,1.25404422,45.83492048
87085_1555_00008,rue Deverrine,8,,DE0074,1564322.68160000,5183175.26880000,1.25339000,45.83523154
87085_1555_00009,rue Deverrine,9,,DE0287,1564336.00550000,5183153.15020000,1.25356771,45.83503520
87085_1555_00010,rue Deverrine,10,,DE0075,1564316.44940000,5183181.87690000,1.25330793,45.83528975
87085_1555_00012,rue Deverrine,12,,DE0076,1564307.19290000,5183190.69850000,1.25318632,45.83536728
87085_1555_00013,rue Deverrine,13,,DE0133,1564312.29680000,5183170.13260000,1.25325781,45.83518328
87085_1555_00014,rue Deverrine,14,,DE0077,1564299.24760000,5183199.14950000,1.25308168,45.83544173
87085_1555_00015,rue Deverrine,15,,DE0132,1564305.31570000,5183177.31890000,1.25316594,45.83524655
87085_1555_00016,rue Deverrine,16,,DE0077,1564286.05290000,5183212.65350000,1.25290807,45.83556061
87085_1555_00017,rue Deverrine,17,,DE0131,1564295.59810000,5183187.32550000,1.25303806,45.83533465
87085_5235_00007,rue de Versailles,7,,CX0054,1564769.44080000,5184114.40550000,1.25887517,45.84376762
87085_5235_00009,rue de Versailles,9,,CX0053,1564759.98940000,5184116.60220000,1.25875290,45.84378552
87085_5235_00011,rue de Versailles,11,,CX0052,1564752.90460000,5184118.00140000,1.25866132,45.84379671
87085_5235_00015,rue de Versailles,15,,CX0269,1564722.72040000,5184124.03940000,1.25827112,45.84384509
87085_5235_00017,rue de Versailles,17,,CX0036,1564713.84050000,5184125.21550000,1.25815649,45.84385392
87085_5235_00019,rue de Versailles,19,,CX0277,1564706.14740000,5184124.32960000,1.25805772,45.84384444
87085_5235_00020,rue de Versailles,20,,CX0051,1564696.97240000,5184130.35600000,1.25793793,45.84389684
87085_5235_00024,rue de Versailles,24,,CX0250,1564680.16730000,5184124.52060000,1.25772327,45.84384104
87085_5235_00025,rue de Versailles,25,,CX0038,1564677.61220000,5184113.74860000,1.25769342,45.84374364
87085_5235_00028,rue de Versailles,28,,CX0249,1564665.13700000,5184121.93440000,1.25753055,45.84381482
87085_5235_00030,rue de Versailles,30,,CX0265,1564649.37460000,5184123.29350000,1.25732728,45.84382394
87085_5235_00031,rue de Versailles,31,,CX0261,1564647.63150000,5184113.94370000,1.25730748,45.84373949
87085_5235_00032,rue de Versailles,32,,CX0266,1564639.37250000,5184123.80240000,1.25719840,45.84382655
87085_5235_00034,rue de Versailles,34,,CX0048,1564625.73840000,5184124.22930000,1.25702279,45.84382771
87085_5235_00035,rue de Versailles,35,,CX0044,1564619.56480000,5184114.86430000,1.25694597,45.84374225
87085_5235_00037,rue de Versailles,37,,CX0218,1564610.32230000,5184115.07600000,1.25682695,45.84374233
87085_5235_00038,rue de Versailles,38,,CX0048,1564605.19740000,5184123.88410000,1.25675851,45.84382056
87085_5239_00002,rue de Veyrac,2,,PT0011,1561210.69590000,5183661.43010000,1.21320150,45.83898377
87085_5239_00004,rue de Veyrac,4,,PT0012,1561208.07910000,5183711.71120000,1.21315330,45.83943554
87085_5239_00015,rue de Veyrac,15,,PS0053,1561161.29250000,5183808.15850000,1.21252330,45.84029368
87085_5239_00021,rue de Veyrac,21,,PS0048,1561148.08770000,5183857.25320000,1.21233916,45.84073265
87085_5239_00023,rue de Veyrac,23,,PS0046,1561138.18200000,5183883.11650000,1.21220420,45.84096330
87085_5239_00027,rue de Veyrac,27,,PS0042,1561120.16970000,5183912.67770000,1.21196384,45.84122558
87085_5239_00031,rue de Veyrac,31,,PS0041,1561086.17030000,5183954.89730000,1.21151405,45.84159849
87085_5239_00054,rue de Veyrac,54,,PT0036,1561039.60360000,5184404.67360000,1.21078465,45.84563503
87085_5239_00056,rue de Veyrac,56,,RB0008,1561013.11850000,5184422.49460000,1.21043860,45.84578998
87085_5239_00071,rue de Veyrac,71,,RC0079,1561017.36890000,5184405.90090000,1.21049810,45.84564157
87085_5239_00073,rue de Veyrac,73,,RC0077,1560995.85610000,5184418.99980000,1.21021741,45.84575505
87085_5239_00075,rue de Veyrac,75,,RC0075,1560970.05900000,5184433.55430000,1.20988116,45.84588076
87085_5239_00077,rue de Veyrac,77,,RC0176,1560946.96670000,5184444.91120000,1.20958064,45.84597825
87085_1561_00001,rue Dieudonné Costes,1,,EX0368,1566031.36740000,5180648.95960000,1.27608325,45.81284076
87085_1561_00002,rue Dieudonné Costes,2,,EX0381,1566036.08750000,5180637.54720000,1.27614714,45.81273902
87085_1561_00003,rue Dieudonné Costes,3,,EX0369,1566047.09720000,5180653.01070000,1.27628447,45.81288027
87085_1561_00004,rue Dieudonné Costes,4,,EX0380,1566054.36550000,5180642.37810000,1.27638093,45.81278604
87085_1561_00005,rue Dieudonné Costes,5,,EX0370,1566064.14070000,5180658.51460000,1.27650218,45.81293310
87085_1561_00006,rue Dieudonné Costes,6,,EX0379,1566073.15590000,5180647.35000000,1.27662126,45.81283442
87085_1561_00007,rue Dieudonné Costes,7,,EX0371,1566080.75800000,5180664.57210000,1.27671426,45.81299083
87085_1561_00008,rue Dieudonné Costes,8,,EX0378,1566091.94490000,5180651.09370000,1.27686192,45.81287176
87085_1561_00009,rue Dieudonné Costes,9,,EX0372,1566097.83050000,5180672.02950000,1.27693181,45.81306123
87085_1561_00010,rue Dieudonné Costes,10,,EX0377,1566107.87860000,5180653.73560000,1.27706616,45.81289862
87085_1561_00010_bis,rue Dieudonné Costes,10,bis,EX0424,1566137.00220000,5180625.94350000,1.27744854,45.81265428
87085_1561_00010_ter,rue Dieudonné Costes,10,ter,EX0424,1566106.23870000,5180614.26430000,1.27705605,45.81254323
87085_1561_00011,rue Dieudonné Costes,11,,EX0373,1566110.84510000,5180678.56530000,1.27709741,45.81312256
87085_1561_00012,rue Dieudonné Costes,12,,EX0376,1566132.88780000,5180647.91240000,1.27738950,45.81285111
87085_1561_00014,rue Dieudonné Costes,14,,EX0375,1566129.48240000,5180666.86860000,1.27734042,45.81302097
87085_1561_00015,rue Dieudonné Costes,15,,EX0374,1566125.76550000,5180680.16780000,1.27728890,45.81313988
87085_1563_00010,rue Django Reinhardt,10,,OP0020,1561075.90890000,5181793.10510000,1.21200668,45.82215008
87085_1565_00001,rue Docteur Bergonié,1,,CT0895,1565939.34880000,5184135.57940000,1.27392737,45.84418719
87085_1565_00001_bis,rue Docteur Bergonié,1,bis,CT0845,1565939.37440000,5184152.96990000,1.27392284,45.84434363
87085_1565_00002,rue Docteur Bergonié,2,,CT1174,1565952.22270000,5184101.29720000,1.27410263,45.84388131
87085_1565_00003,rue Docteur Bergonié,3,,CT1176,1565939.31200000,5184166.85060000,1.27391817,45.84446848
87085_1565_00004,rue Docteur Bergonié,4,,CT1172,1565951.92230000,5184131.91470000,1.27409023,45.84415667
87085_1565_00006,rue Docteur Bergonié,6,,CT1170,1565951.84840000,5184144.78760000,1.27408568,45.84427246
87085_1565_00006_bis,rue Docteur Bergonié,6,bis,CT0871,1565951.73080000,5184156.14760000,1.27408100,45.84437462
87085_1565_00008,rue Docteur Bergonié,8,,CT0874,1565951.81050000,5184166.35610000,1.27407918,45.84446647
87085_1565_00010,rue Docteur Bergonié,10,,CT1168,1565951.64400000,5184180.10230000,1.27407320,45.84459009
87085_1565_00012,rue Docteur Bergonié,12,,CT1166,1565951.45000000,5184193.32430000,1.27406702,45.84470900
87085_1565_00015,rue Docteur Bergonié,15,,CT0831,1565939.05420000,5184192.16670000,1.27390779,45.84469617
87085_1565_00015_bis,rue Docteur Bergonié,15,bis,CT0829,1565939.00410000,5184195.75370000,1.27390614,45.84472842
87085_1565_00016,rue Docteur Bergonié,16,,CT1164,1565951.29180000,5184204.93110000,1.27406174,45.84481338
87085_1565_00017,rue Docteur Bergonié,17,,CT0825,1565938.87310000,5184207.78550000,1.27390110,45.84483663
87085_1565_00018,rue Docteur Bergonié,18,,CT1156,1565951.36290000,5184218.25880000,1.27405894,45.84493328
87085_1565_00020,rue Docteur Bergonié,20,,CT1162,1565951.09000000,5184229.45920000,1.27405230,45.84503398
87085_1565_00022,rue Docteur Bergonié,22,,CT0914,1565951.10270000,5184243.12280000,1.27404865,45.84515690
87085_1565_00024,rue Docteur Bergonié,24,,CT0880,1565950.98080000,5184255.80760000,1.27404355,45.84527098
87085_1565_00026,rue Docteur Bergonié,26,,CT0922,1565950.90240000,5184263.72520000,1.27404033,45.84534219
87085_1570_00001,rue Docteur Boulland,1,,VA0015,1566636.66660000,5184418.52270000,1.28282423,45.84686805
87085_1570_00003,rue Docteur Boulland,3,,VA0016,1566618.22630000,5184426.43080000,1.28258468,45.84693561
87085_1570_00004,rue Docteur Boulland,4,,VA0075,1566650.92790000,5184425.84290000,1.28300577,45.84693666
87085_1570_00005,rue Docteur Boulland,5,,VA0017,1566603.76430000,5184432.65050000,1.28239679,45.84698875
87085_1570_00006,rue Docteur Boulland,6,,VA0076,1566638.41560000,5184431.07760000,1.28284326,45.84698133
87085_1570_00007,rue Docteur Boulland,7,,VA0018,1566593.04150000,5184437.28190000,1.28225749,45.84702833
87085_1570_00008,rue Docteur Boulland,8,,VA0070,1566630.93640000,5184434.32230000,1.28274609,45.84700906
87085_1570_00009,rue Docteur Boulland,9,,VA0149,1566581.06480000,5184442.38440000,1.28210190,45.84707191
87085_1570_00010,rue Docteur Boulland,10,,VA0068,1566607.75010000,5184444.33380000,1.28244486,45.84709462
87085_1570_00011,rue Docteur Boulland,11,,VA0020,1566570.07680000,5184447.19340000,1.28195913,45.84711304
87085_1570_00012,rue Docteur Boulland,12,,VA0056,1566599.89640000,5184447.70670000,1.28234283,45.84712344
87085_1570_00013,rue Docteur Boulland,13,,VA0148,1566558.53950000,5184452.17900000,1.28180924,45.84715565
87085_1570_00015,rue Docteur Boulland,15,,VA0022,1566546.15650000,5184457.50290000,1.28164837,45.84720114
87085_1570_00016,rue Docteur Boulland,16,,VA0055,1566574.07800000,5184458.88920000,1.28200739,45.84721903
87085_1570_00017,rue Docteur Boulland,17,,VA0023,1566533.72530000,5184462.70160000,1.28148691,45.84724549
87085_1570_00019,rue Docteur Boulland,19,,VA0024,1566521.34460000,5184467.91840000,1.28132609,45.84729001
87085_1570_00020,rue Docteur Boulland,20,,VA0053,1566534.16250000,5184476.42400000,1.28148872,45.84736902
87085_1570_00021,rue Docteur Boulland,21,,VA0025,1566510.04700000,5184472.61440000,1.28117937,45.84733006
87085_1570_00022,rue Docteur Boulland,22,,VA0052,1566523.24330000,5184481.08080000,1.28134688,45.84740879
87085_1570_00024,rue Docteur Boulland,24,,VA0052,1566512.84780000,5184485.51990000,1.28121183,45.84744670
87085_1570_00026,rue Docteur Boulland,26,,VA0028,1566501.96360000,5184489.58690000,1.28107060,45.84748117
87085_1578_00001,rue Docteur Charbonnier,1,,OH0083,1563044.85520000,5184385.24090000,1.23660075,45.84586257
87085_1578_00003,rue Docteur Charbonnier,3,,OH0082,1563053.38170000,5184380.05470000,1.23671198,45.84581762
87085_1578_00005,rue Docteur Charbonnier,5,,OH0081,1563062.31310000,5184374.48760000,1.23682853,45.84576932
87085_1578_00007,rue Docteur Charbonnier,7,,OH0080,1563072.43040000,5184368.27520000,1.23696052,45.84571545
87085_1578_00009,rue Docteur Charbonnier,9,,OH0079,1563075.70130000,5184354.89060000,1.23700644,45.84559570
87085_1578_00011,rue Docteur Charbonnier,11,,OH0078,1563073.97730000,5184344.74930000,1.23698714,45.84550413
87085_1578_00013,rue Docteur Charbonnier,13,,OH0077,1563068.95680000,5184337.30270000,1.23692464,45.84543615
87085_1578_00015,rue Docteur Charbonnier,15,,OH0076,1563061.55470000,5184338.65500000,1.23682898,45.84544684
87085_1579_00001,rue Docteur Desourteaux,1,,NI0056,1561717.14730000,5181274.10540000,1.22040607,45.81761063
87085_1579_00002,rue Docteur Desourteaux,2,,NI0008,1561757.24800000,5181266.27750000,1.22092421,45.81754827
87085_1579_00003,rue Docteur Desourteaux,3,,NI0038,1561697.78700000,5181295.76580000,1.22015077,45.81780158
87085_1579_00004,rue Docteur Desourteaux,4,,NI0009,1561746.03690000,5181271.46830000,1.22077849,45.81759271
87085_1579_00005,rue Docteur Desourteaux,5,,NI0039,1561671.66410000,5181304.98680000,1.21981205,45.81787928
87085_1579_00006,rue Docteur Desourteaux,6,,NI0010,1561732.62670000,5181279.48260000,1.22060366,45.81766211
87085_1579_00007,rue Docteur Desourteaux,7,,NI0040,1561644.99160000,5181304.36050000,1.21946909,45.81786828
87085_1579_00008,rue Docteur Desourteaux,8,,NI0011,1561719.46360000,5181288.81880000,1.22043164,45.81774345
87085_1579_00009,rue Docteur Desourteaux,9,,NI0041,1561633.28100000,5181300.03940000,1.21931967,45.81782705
87085_1579_00010,rue Docteur Desourteaux,10,,NI0012,1561705.91430000,5181300.95520000,1.22025384,45.81784990
87085_1579_00011,rue Docteur Desourteaux,11,,NI0042,1561615.01750000,5181294.27300000,1.21908637,45.81777151
87085_1579_00012,rue Docteur Desourteaux,12,,NI0013,1561697.60000000,5181307.74390000,1.22014492,45.81790929
87085_1579_00014,rue Docteur Desourteaux,14,,NI0014,1561682.85320000,5181315.42230000,1.21995300,45.81797540
87085_1579_00015,rue Docteur Desourteaux,15,,NI0043,1561598.20630000,5181281.94260000,1.21887364,45.81765721
87085_1579_00016,rue Docteur Desourteaux,16,,NI0015,1561666.53810000,5181332.97240000,1.21973805,45.81812999
87085_1579_00017,rue Docteur Desourteaux,17,,NI0044,1561591.15600000,5181290.47830000,1.21878049,45.81773257
87085_1579_00018,rue Docteur Desourteaux,18,,NI0016,1561650.54510000,5181325.17320000,1.21953455,45.81805662
87085_1579_00019,rue Docteur Desourteaux,19,,NI0045,1561564.18850000,5181258.71890000,1.21844269,45.81744145
87085_1579_00020,rue Docteur Desourteaux,20,,NI0017,1561636.13250000,5181315.23300000,1.21935199,45.81796430
87085_1579_00021,rue Docteur Desourteaux,21,,NI0046,1561569.34150000,5181238.00870000,1.21851494,45.81725619
87085_1579_00022,rue Docteur Desourteaux,22,,NI0018,1561615.98840000,5181308.61800000,1.21909474,45.81790074
87085_1579_00024,rue Docteur Desourteaux,24,,NI0019,1561602.48020000,5181305.02810000,1.21892199,45.81786573
87085_1579_00026,rue Docteur Desourteaux,26,,NI0020,1561591.23670000,5181301.51180000,1.21877835,45.81783184
87085_1579_00028,rue Docteur Desourteaux,28,,NI0021,1561577.89700000,5181297.75050000,1.21860782,45.81779532
87085_1579_00030,rue Docteur Desourteaux,30,,NI0022,1561565.89560000,5181290.87480000,1.21845540,45.81773106
87085_1579_00032,rue Docteur Desourteaux,32,,NI0024,1561556.05470000,5181281.29200000,1.21833155,45.81764287
87085_1579_00034,rue Docteur Desourteaux,34,,NI0025,1561556.11300000,5181267.60510000,1.21833624,45.81751976
87085_1579_00036,rue Docteur Desourteaux,36,,NI0028,1561554.16660000,5181252.90300000,1.21831543,45.81738712
87085_1579_00038,rue Docteur Desourteaux,38,,NI0029,1561558.65970000,5181237.79190000,1.21837759,45.81725209
87085_1579_00042,rue Docteur Desourteaux,42,,NI0030,1561568.74600000,5181193.28580000,1.21852015,45.81685377
87085_1572_00020,rue Docteur Dubois,20,,CN0519,1566273.89840000,5184284.31190000,1.27819206,45.84559028
87085_1576_00001,rue Docteur Esquirol,1,,NS0032,1563685.58490000,5180978.01640000,1.24581400,45.81534002
87085_1576_00003,rue Docteur Esquirol,3,,NS0033,1563685.73610000,5180994.07640000,1.24581140,45.81548452
87085_1576_00005,rue Docteur Esquirol,5,,NS0034,1563689.57660000,5181003.43820000,1.24585815,45.81556950
87085_1576_00007,rue Docteur Esquirol,7,,NS0035,1563678.73560000,5181032.57770000,1.24571043,45.81582947
87085_1576_00009,rue Docteur Esquirol,9,,NS0036,1563670.39450000,5181037.88000000,1.24560162,45.81587552
87085_1576_00011,rue Docteur Esquirol,11,,NS0037,1563660.83890000,5181044.41720000,1.24547684,45.81593243
87085_1576_00013,rue Docteur Esquirol,13,,NS0038,1563651.65160000,5181050.21700000,1.24535700,45.81598278
87085_1576_00015,rue Docteur Esquirol,15,,NS0039,1563642.84310000,5181055.23860000,1.24524226,45.81602621
87085_1576_00017,rue Docteur Esquirol,17,,NS0097,1563633.40230000,5181061.76970000,1.24511896,45.81608309
87085_1576_00019,rue Docteur Esquirol,19,,NS0041,1563624.38790000,5181067.87710000,1.24500126,45.81613624
87085_1576_00021,rue Docteur Esquirol,21,,NS0042,1563615.63140000,5181073.78100000,1.24488693,45.81618761
87085_1576_00023,rue Docteur Esquirol,23,,NS0048,1563605.70880000,5181080.67700000,1.24475733,45.81624768
87085_1576_00025,rue Docteur Esquirol,25,,NS0047,1563596.17730000,5181087.96470000,1.24463264,45.81631135
87085_1575_00002,rue Docteur Jacquet,2,,BT0440,1564802.38880000,5185178.17890000,1.25899992,45.85334334
87085_1575_00004,rue Docteur Jacquet,4,,BT0440,1564782.16600000,5185173.98330000,1.25874076,45.85330162
87085_1575_00005,rue Docteur Jacquet,5,,BT0528,1564737.32420000,5185175.21020000,1.25816315,45.85330384
87085_1575_00010,rue Docteur Jacquet,10,,BT0428,1564670.86970000,5185260.58740000,1.25728361,45.85405878
87085_1575_00012,rue Docteur Jacquet,12,,BT0428,1564654.48730000,5185276.12670000,1.25706833,45.85419534
87085_1575_00014,rue Docteur Jacquet,14,,BT0428,1564647.11530000,5185283.19610000,1.25697144,45.85425748
87085_1575_00016,rue Docteur Jacquet,16,,BT0428,1564630.73480000,5185298.86920000,1.25675615,45.85439524
87085_1575_00018,rue Docteur Jacquet,18,,BT0428,1564624.79860000,5185304.20720000,1.25667822,45.85444209
87085_1575_00020,rue Docteur Jacquet,20,,BT0428,1564607.93230000,5185320.42260000,1.25645652,45.85458464
87085_1581_00002,rue Docteur Marcland,2,,NO1052,1562746.95920000,5180927.97300000,1.23375336,45.81470322
87085_1581_00014,rue Docteur Marcland,14,,NO1058,1562942.98430000,5181021.01820000,1.23624858,45.81557930
87085_1581_00015,rue Docteur Marcland,15,,NP0001,1563032.66920000,5181027.87890000,1.23740038,45.81565888
87085_1586_00001,rue Docteur Mises,1,,NI0206,1561954.09460000,5181101.41200000,1.22350395,45.81610475
87085_1586_00002,rue Docteur Mises,2,,NI0129,1561938.56970000,5181082.42870000,1.22330967,45.81593087
87085_1586_00003,rue Docteur Mises,3,,NI0206,1561955.73110000,5181098.55800000,1.22352582,45.81607941
87085_1586_00004,rue Docteur Mises,4,,NI0129,1561941.77710000,5181074.76320000,1.22335314,45.81586256
87085_1586_00005,rue Docteur Mises,5,,NI0206,1561957.17360000,5181092.72670000,1.22354605,45.81602724
87085_1586_00006,rue Docteur Mises,6,,NI0129,1561942.80310000,5181069.35530000,1.22336789,45.81581412
87085_1586_00007,rue Docteur Mises,7,,NI0206,1561959.32730000,5181085.81980000,1.22357574,45.81596554
87085_1586_00008,rue Docteur Mises,8,,NI0129,1561942.75220000,5181063.10620000,1.22336903,45.81575789
87085_1586_00009,rue Docteur Mises,9,,NI0206,1561960.94780000,5181076.05730000,1.22359939,45.81587805
87085_1586_00011,rue Docteur Mises,11,,NI0206,1561962.68430000,5181073.20260000,1.22362255,45.81585272
87085_1586_00015,rue Docteur Mises,15,,NI0206,1561962.49880000,5181067.62360000,1.22362176,45.81580249
87085_1586_00017,rue Docteur Mises,17,,NI0206,1561962.30190000,5181056.92600000,1.22362230,45.81570622
87085_1586_00019,rue Docteur Mises,19,,NI0206,1561956.60480000,5181052.15560000,1.22355038,45.81566217
87085_1586_00021,rue Docteur Mises,21,,NI0206,1561950.55300000,5181049.42500000,1.22347331,45.81563639
87085_1586_00023,rue Docteur Mises,23,,NI0206,1561943.54420000,5181047.03650000,1.22338383,45.81561350
87085_1586_00025,rue Docteur Mises,25,,NI0206,1561938.85000000,5181046.47470000,1.22332360,45.81560750
87085_1586_00027,rue Docteur Mises,27,,NI0206,1561930.98750000,5181044.86870000,1.22322291,45.81559148
87085_1586_00029,rue Docteur Mises,29,,NI0127,1561923.41030000,5181046.15350000,1.22312507,45.81560151
87085_1586_00031,rue Docteur Mises,31,,NI0127,1561917.04970000,5181050.49710000,1.22304199,45.81563931
87085_1586_00033,rue Docteur Mises,33,,NI0127,1561911.63300000,5181051.28890000,1.22297208,45.81564535
87085_1586_00035,rue Docteur Mises,35,,NI0127,1561906.27970000,5181054.52220000,1.22290229,45.81567336
87085_1580_00007,rue Docteur Raymond,7,,VA0080,1566705.45870000,5184477.03970000,1.28369349,45.84740778
87085_1580_00009,rue Docteur Raymond,9,,VA0073,1566698.63740000,5184488.13890000,1.28360260,45.84750631
87085_1580_00010,rue Docteur Raymond,10,,VA0147,1566715.10680000,5184484.87050000,1.28381551,45.84748010
87085_1580_00011,rue Docteur Raymond,11,,VA0072,1566692.36510000,5184498.44440000,1.28351901,45.84759779
87085_1580_00012,rue Docteur Raymond,12,,VA0086,1566707.68830000,5184496.94760000,1.28371666,45.84758730
87085_1580_00014,rue Docteur Raymond,14,,VA0087,1566698.61520000,5184511.90380000,1.28359572,45.84772008
87085_1580_00016,rue Docteur Raymond,16,,VA0088,1566690.22550000,5184525.54290000,1.28348395,45.84784115
87085_1580_00018,rue Docteur Raymond,18,,VA0089,1566683.49710000,5184536.59160000,1.28339427,45.84793923
87085_1580_00019,rue Docteur Raymond,19,,VA0066,1566671.88650000,5184532.09030000,1.28324607,45.84789649
87085_1580_00023,rue Docteur Raymond,23,,VA0064,1566659.24430000,5184552.86130000,1.28307757,45.84808089
87085_1580_00024,rue Docteur Raymond,24,,VA0090,1566665.70920000,5184565.73550000,1.28315722,45.84819795
87085_1580_00026,rue Docteur Raymond,26,,VA0091,1566660.01680000,5184575.07910000,1.28308135,45.84828090
87085_1580_00027,rue Docteur Raymond,27,,VA0042,1566637.10570000,5184588.93290000,1.28278259,45.84840108
87085_1580_00029,rue Docteur Raymond,29,,VA0041,1566629.44670000,5184601.67260000,1.28268046,45.84851420
87085_1580_00030,rue Docteur Raymond,30,,VA0093,1566644.93880000,5184600.07060000,1.28288032,45.84850279
87085_1580_00034,rue Docteur Raymond,34,,VA0094,1566634.73780000,5184617.49980000,1.28274418,45.84865760
87085_1580_00036,rue Docteur Raymond,36,,VA0095,1566631.32210000,5184622.89370000,1.28269871,45.84870546
87085_1585_00001,rue Docteur Roux,1,,ES0277,1566524.38580000,5182083.24060000,1.28202743,45.82583890
87085_1585_00003,rue Docteur Roux,3,,ES0277,1566482.59980000,5182086.92590000,1.28148875,45.82586394
87085_1590_00001,rue Domnolet Lafarge,1,,EX0399,1565898.55630000,5181170.53720000,1.27422936,45.81750682
87085_1590_00002,rue Domnolet Lafarge,2,,EW0358,1565878.59600000,5181174.55590000,1.27397145,45.81753908
87085_1590_00003,rue Domnolet Lafarge,3,,EX0402,1565885.04820000,5181160.63330000,1.27405834,45.81741509
87085_1590_00005,rue Domnolet Lafarge,5,,EX0175,1565877.30360000,5181154.60980000,1.27396038,45.81735940
87085_1590_00006,rue Domnolet Lafarge,6,,EW0360,1565863.91170000,5181164.69290000,1.27378528,45.81744749
87085_1590_00007,rue Domnolet Lafarge,7,,EX0489,1565863.62710000,5181144.05610000,1.27378737,45.81726179
87085_1590_00007_bis,rue Domnolet Lafarge,7,bis,EX0461,1565883.85750000,5181106.43240000,1.27405813,45.81692729
87085_1590_00007_ter,rue Domnolet Lafarge,7,ter,EX0463,1565889.60920000,5181093.00730000,1.27413587,45.81680764
87085_1590_00008,rue Domnolet Lafarge,8,,EW0325,1565852.26090000,5181155.74950000,1.27363789,45.81736477
87085_1590_00009,rue Domnolet Lafarge,9,,EX0463,1565850.32330000,5181134.09510000,1.27361900,45.81716959
87085_1590_00011,rue Domnolet Lafarge,11,,EX0439,1565836.75420000,5181124.08920000,1.27344722,45.81707694
87085_1590_00012,rue Domnolet Lafarge,12,,EW0353,1565834.47980000,5181141.93010000,1.27341299,45.81723698
87085_1590_00012_bis,rue Domnolet Lafarge,12,bis,EW0492,1565811.19790000,5181161.19990000,1.27310809,45.81740579
87085_1590_00015,rue Domnolet Lafarge,15,,EX0439,1565807.41310000,5181101.79900000,1.27307597,45.81687070
87085_1590_00016,rue Domnolet Lafarge,16,,EW0464,1565811.34060000,5181124.46090000,1.27312017,45.81707532
87085_1590_00018,rue Domnolet Lafarge,18,,EW0465,1565800.72310000,5181116.27320000,1.27298586,45.81699960
87085_1590_00019,rue Domnolet Lafarge,19,,EX0439,1565774.29160000,5181077.23290000,1.27265671,45.81664325
87085_1590_00020,rue Domnolet Lafarge,20,,EW0447,1565787.53700000,5181106.29170000,1.27281901,45.81690724
87085_1590_00021,rue Domnolet Lafarge,21,,EX0439,1565760.33240000,5181066.12730000,1.27248023,45.81654062
87085_1590_00022,rue Domnolet Lafarge,22,,EW0489,1565776.44500000,5181094.20190000,1.27267968,45.81679632
87085_1590_00027,rue Domnolet Lafarge,27,,EX0167,1565722.31040000,5181037.78120000,1.27199899,45.81627821
87085_1590_00028,rue Domnolet Lafarge,28,,EW0536,1565628.72560000,5181173.85520000,1.27075703,45.81748401
87085_1590_00029,rue Domnolet Lafarge,29,,EX0166,1565710.68960000,5181028.96650000,1.27185196,45.81619665
87085_1590_00030,rue Domnolet Lafarge,30,,EW0536,1565651.89330000,5181148.56350000,1.27106215,45.81726102
87085_1590_00032,rue Domnolet Lafarge,32,,EW0536,1565702.51770000,5181099.26840000,1.27172720,45.81682746
87085_1590_00034,rue Domnolet Lafarge,34,,EW0536,1565690.27640000,5181085.64010000,1.27157352,45.81670248
87085_1590_00035,rue Domnolet Lafarge,35,,EX0163,1565694.04330000,5181016.19930000,1.27164137,45.81607855
87085_1590_00038,rue Domnolet Lafarge,38,,EW0538,1565620.11920000,5181081.01860000,1.27067224,45.81664720
87085_1590_00039,rue Domnolet Lafarge,39,,EX0162,1565671.01740000,5180999.23160000,1.27134988,45.81592142
87085_1590_00040,rue Domnolet Lafarge,40,,EW0535,1565637.28450000,5181032.49330000,1.27090663,45.81621404
87085_1590_00041,rue Domnolet Lafarge,41,,EX0161,1565657.66040000,5180988.85130000,1.27118095,45.81582543
87085_1590_00042,rue Domnolet Lafarge,42,,EW0535,1565622.70040000,5181048.62730000,1.27071450,45.81635633
87085_1590_00043,rue Domnolet Lafarge,43,,EX0160,1565646.46850000,5180980.91540000,1.27103919,45.81575186
87085_1590_00047,rue Domnolet Lafarge,47,,EX0196,1565626.18110000,5180965.52120000,1.27078249,45.81560942
87085_1590_00049,rue Domnolet Lafarge,49,,EX0155,1565608.45470000,5180952.99380000,1.27055795,45.81549326
87085_1590_00051,rue Domnolet Lafarge,51,,EX0154,1565594.86110000,5180942.19690000,1.27038609,45.81539348
87085_1590_00052,rue Domnolet Lafarge,52,,EW0487,1565583.78020000,5180950.67140000,1.27024117,45.81546755
87085_1592_00001,rue Donzelot,1,,EM0208,1565560.32650000,5182896.46130000,1.26939547,45.83296656
87085_1592_00003,rue Donzelot,3,,EM0208,1565573.50930000,5182872.00600000,1.26957195,45.83274915
87085_1592_00012,rue Donzelot,12,,EN0234,1565567.63300000,5182856.73360000,1.26950060,45.83261061
87085_1592_00014,rue Donzelot,14,,EN0234,1565636.44760000,5182825.23490000,1.27039495,45.83234071
87085_1592_00016,rue Donzelot,16,,EN0068,1565674.90300000,5182826.23680000,1.27088954,45.83235724
87085_1592_00024,rue Donzelot,24,,EM0271,1565725.91780000,5182858.03150000,1.27153714,45.83265321
87085_1592_00026,rue Donzelot,26,,EM0407,1565745.83410000,5182878.09720000,1.27178783,45.83283760
87085_1592_00028,rue Donzelot,28,,EM0407,1565756.22970000,5182890.17180000,1.27191824,45.83294825
87085_1564_00004,rue du 19 Mars 1962,4,,DS0149,1565337.59430000,5183439.31830000,1.26637712,45.83780631
87085_1564_00016,rue du 19 Mars 1962,16,,DS0156,1565380.19710000,5183488.56340000,1.26691162,45.83825764
87085_1564_00018,rue du 19 Mars 1962,18,,DS0421,1565384.91390000,5183495.84160000,1.26697029,45.83832404
87085_1564_00020,rue du 19 Mars 1962,20,,DS0159,1565388.66820000,5183501.26170000,1.26701709,45.83837353
87085_1564_00024,rue du 19 Mars 1962,24,,DS0415,1565379.23990000,5183522.90570000,1.26688968,45.83856638
87085_1564_00025,rue du 19 Mars 1962,25,,DS0431,1565362.60010000,5183537.24490000,1.26667151,45.83869212
87085_1564_00026,rue du 19 Mars 1962,26,,DS0414,1565377.49860000,5183529.60250000,1.26686540,45.83862628
87085_1564_00027,rue du 19 Mars 1962,27,,DS0432,1565352.30680000,5183558.94660000,1.26653300,45.83888530
87085_1564_00028,rue du 19 Mars 1962,28,,DS0251,1565375.75310000,5183537.37100000,1.26684076,45.83869582
87085_1564_00029,rue du 19 Mars 1962,29,,DS0432,1565344.50870000,5183557.77680000,1.26643290,45.83887330
87085_1564_00029_bis,rue du 19 Mars 1962,29,bis,DS0428,1565334.57220000,5183555.90500000,1.26630556,45.83885449
87085_1564_00029_c,rue du 19 Mars 1962,29,c,DS0408,1565322.58660000,5183553.44440000,1.26615200,45.83883000
87085_1564_00029_ter,rue du 19 Mars 1962,29,ter,DS0264,1565319.85650000,5183557.24540000,1.26611580,45.83886366
87085_1564_00030,rue du 19 Mars 1962,30,,DS0250,1565373.75190000,5183545.55750000,1.26681271,45.83876908
87085_1564_00031,rue du 19 Mars 1962,31,,DS0275,1565325.33950000,5183559.81480000,1.26618564,45.83888785
87085_1564_00031_bis,rue du 19 Mars 1962,31,bis,DS0271,1565360.79600000,5183569.67260000,1.26663921,45.83898347
87085_1564_00031_c,rue du 19 Mars 1962,31,c,DS0274,1565337.42610000,5183562.30050001,1.26634050,45.83891258
87085_1564_00032,rue du 19 Mars 1962,32,,DS0249,1565371.57490000,5183554.44070000,1.26678220,45.83884856
87085_1564_00033,rue du 19 Mars 1962,33,,DS0272,1565359.67840000,5183575.21510000,1.26662327,45.83903311
87085_1564_00034,rue du 19 Mars 1962,34,,DS0246,1565368.90250000,5183566.87650000,1.26674432,45.83895990
87085_1564_00035,rue du 19 Mars 1962,35,,DS0273,1565358.54180000,5183580.95200000,1.26660704,45.83908449
87085_1564_00036,rue du 19 Mars 1962,36,,DS0335,1565366.58920000,5183576.36900000,1.26671189,45.83904484
87085_1564_00037,rue du 19 Mars 1962,37,,DS0276,1565357.57210000,5183586.51390000,1.26659300,45.83913434
87085_1564_00038,rue du 19 Mars 1962,38,,DS0242,1565366.59450000,5183584.18730000,1.26670977,45.83911517
87085_1564_00039,rue du 19 Mars 1962,39,,DS0277,1565355.61300000,5183596.45960000,1.26656500,45.83922342
87085_1564_00040,rue du 19 Mars 1962,40,,DS0406,1565373.00980000,5183597.88520000,1.26678850,45.83923965
87085_1564_00041,rue du 19 Mars 1962,41,,DS0285,1565353.46420000,5183605.44700000,1.26653483,45.83930385
87085_1564_00042,rue du 19 Mars 1962,42,,DS0240,1565379.87210000,5183607.23000000,1.26687420,45.83932506
87085_1564_00043,rue du 19 Mars 1962,43,,DS0284,1565353.13510000,5183610.47960000,1.26652918,45.83934905
87085_1564_00047,rue du 19 Mars 1962,47,,DS0396,1565377.03080000,5183623.99920000,1.26683293,45.83947535
87085_1564_00048,rue du 19 Mars 1962,48,,DS0231,1565385.52660000,5183665.14240000,1.26693075,45.83984712
87085_1564_00050,rue du 19 Mars 1962,50,,DS0228,1565385.59520000,5183673.67260000,1.26692925,45.83992387
87085_1564_00051,rue du 19 Mars 1962,51,,DS0339,1565377.11930000,5183634.87690000,1.26683103,45.83957322
87085_1564_00052,rue du 19 Mars 1962,52,,DS0383,1565385.64200000,5183681.37050000,1.26692769,45.83999312
87085_1564_00054,rue du 19 Mars 1962,54,,DS0384,1565385.71040000,5183689.77920000,1.26692622,45.84006878
87085_1564_00058,rue du 19 Mars 1962,58,,DS0029,1565384.25210000,5183725.60850000,1.26689741,45.84039080
87085_1564_00063,rue du 19 Mars 1962,63,,DS0024,1565377.10850000,5183706.41540000,1.26681085,45.84021675
87085_1564_00064,rue du 19 Mars 1962,64,,DS0028,1565366.12350000,5183731.76320000,1.26666237,45.84044261
87085_1564_00067,rue du 19 Mars 1962,67,,DS0026,1565368.57800000,5183722.76920000,1.26669648,45.84036219
87085_1564_00069,rue du 19 Mars 1962,69,,DS0025,1565358.51000000,5183720.87120000,1.26656743,45.84034314
87085_1564_00071,rue du 19 Mars 1962,71,,DS0020,1565346.72260000,5183718.64730000,1.26641635,45.84032083
87085_1564_00075,rue du 19 Mars 1962,75,,DS0019,1565335.38850000,5183716.40640000,1.26627110,45.84029845
87085_1564_00077,rue du 19 Mars 1962,77,,DS0018,1565326.15770000,5183717.44480000,1.26615201,45.84030599
87085_4497_00004,rue du 20ème Régiment de Dragons,4,,HS0431,1564941.29780000,5181989.91100000,1.26168406,45.82469031
87085_4497_00008,rue du 20ème Régiment de Dragons,8,,HS0393,1564968.16270000,5182009.36960000,1.26202426,45.82487062
87085_4420_00005,rue du 4 Septembre,5,,BS0875,1565429.34680000,5184572.18660000,1.26724072,45.84801510
87085_4420_00007,rue du 4 Septembre,7,,BS0654,1565418.86970000,5184575.84920000,1.26710483,45.84804600
87085_4420_00008,rue du 4 Septembre,8,,BS0873,1565437.04860000,5184582.88260000,1.26733687,45.84811282
87085_4420_00010,rue du 4 Septembre,10,,BS0466,1565426.78280000,5184586.44670000,1.26720373,45.84814288
87085_4420_00012,rue du 4 Septembre,12,,BS0465,1565419.53630000,5184588.84850000,1.26710977,45.84816306
87085_4420_00013,rue du 4 Septembre,13,,BS0473,1565388.88520000,5184586.16370000,1.26671598,45.84813291
87085_4420_00014,rue du 4 Septembre,14,,BS0464,1565411.88690000,5184591.57550000,1.26701055,45.84818610
87085_4420_00016,rue du 4 Septembre,16,,BS0463,1565405.47560000,5184593.84240000,1.26692738,45.84820523
87085_4420_00018,rue du 4 Septembre,18,,BS0462,1565398.27760000,5184596.15580000,1.26683408,45.84822464
87085_4420_00020,rue du 4 Septembre,20,,BS0893,1565391.66300000,5184598.44240000,1.26674830,45.84824391
87085_4420_00021,rue du 4 Septembre,21,,BS0476,1565367.12850000,5184593.69500000,1.26643381,45.84819640
87085_4420_00022,rue du 4 Septembre,22,,BS0893,1565383.20680000,5184601.40380000,1.26663862,45.84826889
87085_4420_00023,rue du 4 Septembre,23,,BS0476,1565344.37310000,5184601.74090000,1.26613865,45.84826432
87085_4420_00024,rue du 4 Septembre,24,,BS0456,1565374.84470000,5184604.46160000,1.26653012,45.84829476
87085_4420_00026,rue du 4 Septembre,26,,BS0455,1565364.15260000,5184608.11590000,1.26639147,45.84832554
87085_4420_00028,rue du 4 Septembre,28,,BS0454,1565349.62350000,5184613.00370000,1.26620308,45.84836666
87085_4420_00030,rue du 4 Septembre,30,,BS0732,1565336.70260000,5184617.58550000,1.26603547,45.84840535
87085_4420_00031,rue du 4 Septembre,31,,BS0289,1565285.70080000,5184621.78720000,1.26537779,45.84843316
87085_4420_00032,rue du 4 Septembre,32,,BS0328,1565307.47150000,5184627.77770000,1.26565634,45.84849131
87085_4420_00033,rue du 4 Septembre,33,,BS0290,1565274.89700000,5184625.53120000,1.26523767,45.84846472
87085_4420_00034,rue du 4 Septembre,34,,BS0327,1565298.70700000,5184630.73250000,1.26554270,45.84851617
87085_4420_00035,rue du 4 Septembre,35,,BS0291,1565264.37090000,5184629.31400000,1.26510111,45.84849668
87085_4420_00036,rue du 4 Septembre,36,,BS0326,1565290.81620000,5184633.31920000,1.26544040,45.84853789
87085_4420_00037,rue du 4 Septembre,37,,BS0292,1565256.20410000,5184632.06290000,1.26499522,45.84851981
87085_4420_00038,rue du 4 Septembre,38,,BS0325,1565280.05330000,5184637.17150000,1.26530078,45.84857044
87085_4420_00041,rue du 4 Septembre,41,,BS0293,1565237.44840000,5184638.27630000,1.26475204,45.84857203
87085_4420_00042,rue du 4 Septembre,42,,BS0324,1565267.41830000,5184641.32980000,1.26513697,45.84860537
87085_4420_00043,rue du 4 Septembre,43,,BS0294,1565231.84970000,5184640.28040000,1.26467941,45.84858896
87085_4420_00043_bis,rue du 4 Septembre,43,bis,BS0295,1565227.15000000,5184641.95190000,1.26461845,45.84860307
87085_4420_00044,rue du 4 Septembre,44,,BS0323,1565247.52420000,5184648.03120000,1.26487901,45.84866175
87085_4420_00045,rue du 4 Septembre,45,,BS0296,1565219.42740000,5184644.50120000,1.26451833,45.84862449
87085_4420_00047,rue du 4 Septembre,47,,BS0297,1565208.72640000,5184648.25530000,1.26437953,45.84865616
87085_4420_00048,rue du 4 Septembre,48,,BS0322,1565237.66670000,5184651.40050000,1.26475117,45.84869013
87085_4420_00049,rue du 4 Septembre,49,,BS0298,1565197.40450000,5184652.02990000,1.26423273,45.84868790
87085_4420_00051,rue du 4 Septembre,51,,BS0299,1565184.66500000,5184656.47160000,1.26406750,45.84872536
87085_4420_00052,rue du 4 Septembre,52,,BS0320,1565215.77280000,5184658.97790000,1.26446722,45.84875400
87085_4420_00053,rue du 4 Septembre,53,,BS0300,1565173.52550000,5184660.16090000,1.26392307,45.84875636
87085_4420_00054,rue du 4 Septembre,54,,BS0319,1565203.30530000,5184663.23170000,1.26430554,45.84878982
87085_4420_00055,rue du 4 Septembre,55,,BS0841,1565162.51940000,5184663.92260000,1.26378034,45.84878804
87085_4420_00056,rue du 4 Septembre,56,,BS0318,1565195.95620000,5184665.74630000,1.26421024,45.84881100
87085_4420_00057,rue du 4 Septembre,57,,BS0302,1565151.14190000,5184667.76040000,1.26363281,45.84882033
87085_4420_00058,rue du 4 Septembre,58,,BS0317,1565186.66380000,5184669.01410000,1.26408971,45.84883858
87085_4420_00059,rue du 4 Septembre,59,,BS0785,1565137.88400000,5184672.26510000,1.26346089,45.84885825
87085_4420_00060,rue du 4 Septembre,60,,BS0316,1565175.62570000,5184672.73030000,1.26394658,45.84886984
87085_4420_00062,rue du 4 Septembre,62,,BS0314,1565165.07620000,5184676.22930000,1.26380980,45.84889925
87085_4420_00064,rue du 4 Septembre,64,,BS0313,1565153.75160000,5184680.16870000,1.26366292,45.84893246
87085_4420_00065,rue du 4 Septembre,65,,BS0305,1565111.62200000,5184681.41100000,1.26312026,45.84893537
87085_4420_00066,rue du 4 Septembre,66,,BS0312,1565143.40800000,5184683.66270000,1.26352879,45.84896187
87085_4420_00070_bis,rue du 4 Septembre,70,bis,BS0311,1565133.46680000,5184687.16700000,1.26339984,45.84899144
87085_4420_00072,rue du 4 Septembre,72,,BS0310,1565119.50580000,5184691.77960000,1.26321884,45.84903019
87085_4420_00074,rue du 4 Septembre,74,,BS0309,1565110.09220000,5184695.04550000,1.26309674,45.84905772
87085_4905_00001,rue du 71 ème Mobiles,1,,EH0036,1565197.32430000,5182607.51280000,1.26480514,45.83029624
87085_4905_00003,rue du 71 ème Mobiles,3,,EH0035,1565192.95930000,5182617.90950000,1.26474605,45.83038891
87085_4905_00004,rue du 71 ème Mobiles,4,,EH0029,1565195.34430000,5182636.85470000,1.26477143,45.83055980
87085_4905_00005,rue du 71 ème Mobiles,5,,EH0034,1565190.12760000,5182624.26090000,1.26470783,45.83044549
87085_4905_00006,rue du 71 ème Mobiles,6,,EH0029,1565191.50850000,5182645.66050000,1.26471960,45.83063826
87085_4905_00009,rue du 71 ème Mobiles,9,,EH0239,1565183.47600000,5182643.09740000,1.26461696,45.83061363
87085_4905_00010,rue du 71 ème Mobiles,10,,EH0022,1565181.44260000,5182673.40730000,1.26458229,45.83088588
87085_4905_00011,rue du 71 ème Mobiles,11,,EH0080,1565181.17880000,5182650.05230000,1.26458545,45.83067574
87085_4905_00012,rue du 71 ème Mobiles,12,,EH0021,1565176.73480000,5182684.25030000,1.26451867,45.83098250
87085_4905_00013,rue du 71 ème Mobiles,13,,EH0210,1565173.38000000,5182669.59810000,1.26447961,45.83085004
87085_4905_00014,rue du 71 ème Mobiles,14,,EH0017,1565173.37830000,5182693.25680000,1.26447295,45.83106286
87085_4905_00016,rue du 71 ème Mobiles,16,,EH0016,1565170.08740000,5182701.71790000,1.26442823,45.83113833
87085_4905_00018,rue du 71 ème Mobiles,18,,EH0013,1565166.21480000,5182711.78350000,1.26437558,45.83122812
87085_0345_00003,rue du Balcon,3,,DX0249,1564485.34810000,5182660.34930000,1.25562853,45.83063161
87085_0345_00007,rue du Balcon,7,,DX0530,1564470.28680000,5182679.95570000,1.25542919,45.83080501
87085_0345_00009,rue du Balcon,9,,DX0253,1564467.48950000,5182683.94600000,1.25539207,45.83084036
87085_0345_00011,rue du Balcon,11,,DX0256,1564462.65860000,5182689.88080000,1.25532824,45.83089279
87085_0345_00012,rue du Balcon,12,,DX0244,1564463.73090000,5182701.99810000,1.25533862,45.83100201
87085_0345_00013,rue du Balcon,13,,DX0257,1564459.60940000,5182694.63400000,1.25528766,45.83093495
87085_0345_00014,rue du Balcon,14,,DX0519,1564460.45550000,5182710.09440000,1.25529420,45.83107420
87085_0345_00016,rue du Balcon,16,,DX0519,1564459.34650000,5182716.95280000,1.25527798,45.83113567
87085_0380_00002,rue du Bas Fargeas,2,,ES0231,1566764.66450000,5182131.48260000,1.28510575,45.82631946
87085_0380_00009,rue du Bas Fargeas,9,,ES0014,1566723.98070000,5182181.56500000,1.28456838,45.82676210
87085_0380_00011,rue du Bas Fargeas,11,,ES0185,1566730.44980000,5182173.92940000,1.28465374,45.82669466
87085_0380_00013,rue du Bas Fargeas,13,,ES0188,1566737.39750000,5182165.83850000,1.28474538,45.82662323
87085_0380_00017,rue du Bas Fargeas,17,,ES0010,1566751.54980000,5182152.24680000,1.28493125,45.82650370
87085_0380_00019,rue du Bas Fargeas,19,,ES0285,1566757.98680000,5182146.83670000,1.28501557,45.82645628
87085_0380_00021_b,rue du Bas Fargeas,21,b,ES0284,1566803.16260000,5182165.99080000,1.28559155,45.82663734
87085_0380_00023_a,rue du Bas Fargeas,23,a,ES0347,1566776.39130000,5182133.12620000,1.28525619,45.82633651
87085_0380_00023_b,rue du Bas Fargeas,23,b,ES0350,1566796.87010000,5182142.49250000,1.28551710,45.82642474
87085_0380_00023_c,rue du Bas Fargeas,23,c,ES0349,1566801.07700000,5182137.41250001,1.28557264,45.82637985
87085_0380_00023_d,rue du Bas Fargeas,23,d,ES0348,1566798.21950000,5182131.22120000,1.28553758,45.82632360
87085_0380_00034,rue du Bas Fargeas,34,,SY0001,1566821.41680000,5182081.99180000,1.28584970,45.82588525
87085_0380_00040,rue du Bas Fargeas,40,,SY0001,1566847.01340000,5182049.98660000,1.28618792,45.82560229
87085_0380_00050,rue du Bas Fargeas,50,,SY0002,1566884.42140000,5181999.40080000,1.28668325,45.82515448
87085_0380_00054,rue du Bas Fargeas,54,,SY0064,1566894.02730000,5181975.26260000,1.28681353,45.82493920
87085_0380_00056,rue du Bas Fargeas,56,,SY0065,1566901.51660000,5181961.17360000,1.28691379,45.82481391
87085_0380_00058,rue du Bas Fargeas,58,,SY0066,1566910.88910000,5181944.06770000,1.28703912,45.82466184
87085_0380_00060,rue du Bas Fargeas,60,,SY0067,1566915.91580000,5181929.31020000,1.28710788,45.82453006
87085_0380_00066,rue du Bas Fargeas,66,,SY0005,1566931.16060000,5181909.94750000,1.28730939,45.82435883
87085_0380_00066_bis,rue du Bas Fargeas,66,bis,SY0007,1566934.12250000,5181903.50140000,1.28734929,45.82430142
87085_0380_00068,rue du Bas Fargeas,68,,SY0074,1566937.27840000,5181897.05900000,1.28739168,45.82424408
87085_0380_00088,rue du Bas Fargeas,88,,SY0025,1567049.95720000,5181835.19100000,1.28885859,45.82370932
87085_0380_00092,rue du Bas Fargeas,92,,SY0026,1567081.79520000,5181814.88810000,1.28927385,45.82353284
87085_0380_00096,rue du Bas Fargeas,96,,SY0027,1567100.36330000,5181807.04400000,1.28951492,45.82346586
87085_0380_00098,rue du Bas Fargeas,98,,SY0028,1567116.16570000,5181800.84520000,1.28971996,45.82341315
87085_0380_00110,rue du Bas Fargeas,110,,SY0030,1567138.80040000,5181729.26080000,1.29003096,45.82277357
87085_0380_00110_b,rue du Bas Fargeas,110,b,SY0069,1567090.20920000,5181740.08760000,1.28940278,45.82286158
87085_0380_00110_c,rue du Bas Fargeas,110,c,SY0070,1567105.28380000,5181762.64490000,1.28959050,45.82306741
87085_0380_00112,rue du Bas Fargeas,112,,SY0031,1567138.09140000,5181712.23210000,1.29002655,45.82262025
87085_0380_00114,rue du Bas Fargeas,114,,SY0051,1567141.53950000,5181693.51800000,1.29007608,45.82245257
87085_0380_00116,rue du Bas Fargeas,116,,SY0052,1567146.16910000,5181674.09470000,1.29014101,45.82227874
87085_0380_00118,rue du Bas Fargeas,118,,SY0034,1567147.68420000,5181667.00490000,1.29016247,45.82221526
87085_0380_00138,rue du Bas Fargeas,138,,SY0036,1567193.08340000,5181566.18650000,1.29077442,45.82131709
87085_0380_00140,rue du Bas Fargeas,140,,SY0036,1567204.57400000,5181550.34090000,1.29092664,45.82117677
87085_0380_00142,rue du Bas Fargeas,142,,SY0039,1567209.07260000,5181544.86750000,1.29098603,45.82112840
87085_0405_00002,rue du Bassin,2,,BP0524,1564096.14430000,5184787.70690000,1.25001867,45.84969158
87085_0405_00003,rue du Bassin,3,,BP0412,1564090.84580000,5184783.14600000,1.24995175,45.84964951
87085_0405_00004,rue du Bassin,4,,BP0523,1564080.85000000,5184802.09900000,1.24981772,45.84981802
87085_0405_00006,rue du Bassin,6,,BP0266,1564073.55980000,5184808.85720000,1.24972197,45.84987738
87085_0405_00010,rue du Bassin,10,,BP0579,1564056.24300000,5184824.90660000,1.24949452,45.85001832
87085_0405_00011,rue du Bassin,11,,BP0395,1564057.45700000,5184813.98210000,1.24951323,45.84992029
87085_0405_00012,rue du Bassin,12,,BP0571,1564048.21870000,5184832.09960000,1.24938919,45.85008144
87085_0405_00013,rue du Bassin,13,,BP0394,1564050.97680000,5184820.28220000,1.24942803,45.84997568
87085_0405_00014,rue du Bassin,14,,BP0532,1564035.51580000,5184844.32630000,1.24922221,45.85018892
87085_0405_00015,rue du Bassin,15,,BP0393,1564043.49050000,5184827.21710000,1.24932970,45.85003659
87085_0405_00016,rue du Bassin,16,,BP0451,1564030.41320000,5184849.70470000,1.24915500,45.85023629
87085_0405_00017,rue du Bassin,17,,BP0392,1564037.53340000,5184832.72060000,1.24925146,45.85008492
87085_0405_00018,rue du Bassin,18,,BP0261,1564020.95030000,5184857.99150000,1.24903084,45.85030896
87085_0405_00019,rue du Bassin,19,,BP0391,1564032.10400000,5184837.67450000,1.24918017,45.85012841
87085_0405_00021,rue du Bassin,21,,BP0390,1564025.59500000,5184843.60250000,1.24909471,45.85018044
87085_0423_00001,rue du Bayanet,1,,PH0151,1560489.09820000,5182860.71430000,1.20414705,45.83163495
87085_0423_00002,rue du Bayanet,2,,PH0152,1560481.29290000,5182864.15380000,1.20404561,45.83166430
87085_0423_00003,rue du Bayanet,3,,PH0123,1560499.15240000,5182823.93710000,1.20428710,45.83130616
87085_0423_00004,rue du Bayanet,4,,PH0125,1560483.14500000,5182844.83920000,1.20407505,45.83149093
87085_0423_00005,rue du Bayanet,5,,PH0122,1560534.20980000,5182811.89850000,1.20474171,45.83120498
87085_0423_00006,rue du Bayanet,6,,PH0124,1560489.36270000,5182825.52460000,1.20416066,45.83131845
87085_0423_00007,rue du Bayanet,7,,PH0121,1560560.27130000,5182811.76620000,1.20507711,45.83120907
87085_0423_00009,rue du Bayanet,9,,PH0148,1560572.04530000,5182844.17770000,1.20521922,45.83150301
87085_0423_00018,rue du Bayanet,18,,PH0120,1560575.35250000,5182823.01110000,1.20526792,45.83131328
87085_0423_00020,rue du Bayanet,20,,PH0147,1560580.77650000,5182847.08820000,1.20533073,45.83153096
87085_1596_00007,rue du Bellay,7,,BP0199,1563914.88430000,5184878.46830000,1.24765970,45.85047217
87085_1596_00008,rue du Bellay,8,,BP0206,1563919.93050000,5184885.46860000,1.24772267,45.85053615
87085_1596_00009,rue du Bellay,9,,BP0198,1563908.39950000,5184885.86830000,1.24757413,45.85053746
87085_1596_00011,rue du Bellay,11,,BP0531,1563901.26930000,5184894.25430000,1.24747997,45.85061148
87085_0855_00003,rue du Canal,3,,DY0022,1564670.01820000,5182371.11100000,1.25808629,45.82806610
87085_0855_00004,rue du Canal,4,,DY0585,1564664.04900000,5182383.99180000,1.25800586,45.82818080
87085_0855_00005,rue du Canal,5,,DY0568,1564662.89870000,5182377.27000000,1.25799295,45.82812011
87085_0855_00005_bis,rue du Canal,5,bis,DY0568,1564661.65680000,5182381.38390000,1.25797581,45.82815687
87085_0855_00005_ter,rue du Canal,5,ter,DY0568,1564658.20770000,5182385.84640000,1.25793018,45.82819633
87085_0855_00006,rue du Canal,6,,DY0125,1564657.79950000,5182393.39310000,1.25792280,45.82826414
87085_0855_00008,rue du Canal,8,,DY0124,1564654.51420000,5182398.48810000,1.25787909,45.82830933
87085_0855_00010,rue du Canal,10,,DY0121,1564651.49500000,5182403.19220000,1.25783892,45.82835105
87085_0855_00011,rue du Canal,11,,DY0027,1564651.46190000,5182395.15730000,1.25784075,45.82827876
87085_0855_00012,rue du Canal,12,,DY0120,1564649.77930000,5182409.80240000,1.25781498,45.82841017
87085_0855_00014,rue du Canal,14,,DY0118,1564647.03200000,5182412.93030000,1.25777875,45.82843777
87085_0855_00015,rue du Canal,15,,DY0029,1564640.04380000,5182409.84580000,1.25768969,45.82840865
87085_0896_00002,rue du Cavou,2,,PO0002,1559551.08340000,5184286.03560000,1.19166011,45.84426538
87085_0896_00006,rue du Cavou,6,,PO0001,1559544.09260000,5184317.27100000,1.19156100,45.84454493
87085_0896_00007,rue du Cavou,7,,PN0042,1559527.62160000,5184335.29880000,1.19134373,45.84470373
87085_0896_00008,rue du Cavou,8,,PO0010,1559533.62620000,5184358.00390000,1.19141438,45.84490920
87085_0896_00012,rue du Cavou,12,,PO0011,1559522.51940000,5184386.74590000,1.19126302,45.84516547
87085_0896_00016,rue du Cavou,16,,PO0015,1559541.48970000,5184457.45110000,1.19148652,45.84580537
87085_0896_00018,rue du Cavou,18,,PO0016,1559553.34830000,5184481.62200000,1.19163209,45.84602522
87085_0896_00020,rue du Cavou,20,,PO0017,1559565.67530000,5184505.98560000,1.19178364,45.84624690
87085_0896_00024,rue du Cavou,24,,PO0020,1559584.09320000,5184542.58410000,1.19201001,45.84657988
87085_0896_00026,rue du Cavou,26,,PO0212,1559597.83230000,5184566.15750000,1.19217996,45.84679474
87085_0896_00028,rue du Cavou,28,,PO0022,1559608.18730000,5184588.24180000,1.19230679,45.84699551
87085_0896_00036,rue du Cavou,36,,PO0270,1559629.97700000,5184686.21440000,1.19255864,45.84788126
87085_0896_00038,rue du Cavou,38,,PO0028,1559637.18190000,5184721.43270000,1.19264109,45.84819953
87085_0896_00040,rue du Cavou,40,,PO0029,1559640.78310000,5184758.96700000,1.19267648,45.84853791
87085_0896_00042,rue du Cavou,42,,PO0030,1559641.12270000,5184779.45070000,1.19267487,45.84872223
87085_0896_00096,rue du Cavou,96,,RM0012,1559155.63870000,5185871.06990000,1.18610566,45.85844248
87085_0896_00099,rue du Cavou,99,,RH0040,1559462.13430000,5185327.28710000,1.19021067,45.85361367
87085_0896_00104,rue du Cavou,104,,RM0024,1559149.60750000,5185880.84760000,1.18602514,45.85852920
87085_0896_00106,rue du Cavou,106,,RM0015,1559144.62830000,5185889.28720000,1.18595856,45.85860410
87085_0896_00108,rue du Cavou,108,,RM0023,1559137.65870000,5185902.09870000,1.18586508,45.85871791
87085_0896_00108_b,rue du Cavou,108,b,RM0017,1559143.13560000,5185916.94190000,1.18593123,45.85885255
87085_0896_00110,rue du Cavou,110,,RM0027,1559158.98270000,5185921.48290000,1.18613392,45.85889665
87085_0896_00112,rue du Cavou,112,,RM0019,1559150.68380000,5185946.63490000,1.18601970,45.85912120
87085_0896_00114,rue du Cavou,114,,RM0020,1559127.75780000,5185918.86470000,1.18573269,45.85886670
87085_0896_00118,rue du Cavou,118,,RM0021,1559110.69850000,5185950.02470000,1.18550392,45.85914350
87085_0896_00121,rue du Cavou,121,,RH0048,1559343.96770000,5185539.36420000,1.18862739,45.85549722
87085_0896_00123,rue du Cavou,123,,RH0002,1559330.73850000,5185562.51530000,1.18845030,45.85570277
87085_0896_00132,rue du Cavou,132,,RM0001,1559046.41090000,5186043.81320000,1.18464873,45.85997398
87085_0896_00161,rue du Cavou,161,,RH0001,1559128.65110000,5185895.14700000,1.18575115,45.85865353
87085_0896_00181,rue du Cavou,181,,RL0028,1559009.85300000,5186059.45350000,1.18417347,45.86010717
87085_0905_00005,rue du Cercler,5,,IX0782,1562749.86350000,5182476.95140000,1.23334866,45.82863770
87085_0905_00007,rue du Cercler,7,,IX0354,1562739.80610000,5182471.02850000,1.23322094,45.82858241
87085_0905_00008,rue du Cercler,8,,IX0772,1562742.77960000,5182486.13230000,1.23325489,45.82871887
87085_0905_00009,rue du Cercler,9,,IX0357,1562727.25010000,5182463.48600000,1.23306153,45.82851205
87085_0905_00011,rue du Cercler,11,,IX0358,1562708.81820000,5182452.36160000,1.23282753,45.82840831
87085_0905_00016,rue du Cercler,16,,IX0930,1562714.11690000,5182512.83220000,1.23287845,45.82895333
87085_0905_00017,rue du Cercler,17,,IW0602,1562683.91450000,5182410.32030000,1.23251909,45.82802515
87085_0905_00017_bis,rue du Cercler,17,bis,IW0602,1562659.67490000,5182404.72090000,1.23220879,45.82796994
87085_0905_00019,rue du Cercler,19,,IW0602,1562658.77120000,5182377.48230000,1.23220494,45.82772473
87085_0905_00019_bis,rue du Cercler,19,bis,IW0602,1562645.49690000,5182387.67110000,1.23203123,45.82781374
87085_0905_00019_ter,rue du Cercler,19,ter,IW0602,1562633.69540000,5182359.78570000,1.23188734,45.82756054
87085_0905_00020,rue du Cercler,20,,IX0931,1562724.90130000,5182475.11560000,1.23302799,45.82861620
87085_0905_00022,rue du Cercler,22,,IX0361,1562709.21530000,5182466.11110000,1.23282872,45.82853207
87085_0905_00023,rue du Cercler,23,,IW0602,1562643.93510000,5182322.00180000,1.23202989,45.82722270
87085_0905_00024,rue du Cercler,24,,IX0360,1562697.35410000,5182459.04330000,1.23267811,45.82846612
87085_0905_00025,rue du Cercler,25,,IW0603,1562631.11720000,5182308.94950000,1.23186869,45.82710272
87085_0905_00026,rue du Cercler,26,,IX0359,1562686.88090000,5182452.41900000,1.23254524,45.82840444
87085_0905_00027,rue du Cercler,27,,IW0603,1562617.24810000,5182295.64120000,1.23169403,45.82698024
87085_0905_00029,rue du Cercler,29,,IW0603,1562597.97270000,5182281.87940000,1.23144995,45.82685259
87085_0905_00031,rue du Cercler,31,,IW0603,1562585.91410000,5182273.39680000,1.23129721,45.82677388
87085_0905_00033,rue du Cercler,33,,IW0603,1562569.17680000,5182262.85540000,1.23108486,45.82667571
87085_0905_00034,rue du Cercler,34,,IW0434,1562643.09850000,5182411.78810000,1.23199348,45.82803020
87085_0905_00035,rue du Cercler,35,,IW0603,1562561.99710000,5182236.69520000,1.23099996,45.82643895
87085_0905_00036,rue du Cercler,36,,IW0078,1562636.29340000,5182402.96660000,1.23190843,45.82794949
87085_0905_00037,rue du Cercler,37,,IW0603,1562545.53110000,5182229.15970000,1.23079025,45.82636787
87085_0905_00038,rue du Cercler,38,,IW0079,1562630.70060000,5182395.57070000,1.23183858,45.82788184
87085_0905_00039,rue du Cercler,39,,IW0603,1562532.98810000,5182217.78990000,1.23063211,45.82626309
87085_0905_00040,rue du Cercler,40,,IW0080,1562624.53780000,5182388.03150000,1.23176144,45.82781279
87085_0905_00041,rue du Cercler,41,,IW0603,1562527.82840000,5182205.25300000,1.23056930,45.82614928
87085_0905_00042,rue du Cercler,42,,IW0081,1562620.12850000,5182382.17020000,1.23170637,45.82775919
87085_0905_00044,rue du Cercler,44,,IW0082,1562613.23640000,5182373.62750000,1.23162013,45.82768096
87085_0905_00046,rue du Cercler,46,,IW0612,1562604.31870000,5182362.21960000,1.23150865,45.82757656
87085_0905_00052,rue du Cercler,52,,IW0614,1562584.01780000,5182336.34410000,1.23125482,45.82733974
87085_0905_00054,rue du Cercler,54,,IW0087,1562576.83580000,5182326.74130000,1.23116516,45.82725193
87085_0905_00056,rue du Cercler,56,,IW0088,1562564.05510000,5182310.62150000,1.23100531,45.82710437
87085_0905_00058,rue du Cercler,58,,IW0092,1562559.76830000,5182304.83680000,1.23095181,45.82705147
87085_0905_00060,rue du Cercler,60,,IW0092,1562553.87600000,5182297.59110000,1.23087806,45.82698512
87085_0905_00064,rue du Cercler,64,,IW0095,1562535.55550000,5182273.60790000,1.23064918,45.82676571
87085_0905_00066,rue du Cercler,66,,IW0096,1562529.64430000,5182266.18710000,1.23057524,45.82669778
87085_0905_00070,rue du Cercler,70,,IW0097,1562519.32730000,5182253.40970000,1.23044615,45.82658078
87085_0905_00072,rue du Cercler,72,,IW0102,1562515.64740000,5182243.90790000,1.23040152,45.82649457
87085_0905_00074,rue du Cercler,74,,IW0103,1562511.89740000,5182233.49800000,1.23035624,45.82640018
87085_0905_00076,rue du Cercler,76,,IW0106,1562508.13730000,5182222.37940000,1.23031104,45.82629941
87085_0905_00078,rue du Cercler,78,,IW0107,1562505.52270000,5182210.63800000,1.23028075,45.82619326
87085_0905_00080,rue du Cercler,80,,IW0108,1562503.99310000,5182197.99780000,1.23026469,45.82607925
87085_0905_00082,rue du Cercler,82,,IW0111,1562502.71150000,5182182.33110000,1.23025268,45.82593807
87085_0905_00086,rue du Cercler,86,,IW0581,1562500.11030000,5182158.87530000,1.23022591,45.82572655
87085_0953_00002,rue du Champfour,2,,EW0333,1565328.68070000,5181303.87200000,1.26686052,45.81859492
87085_0953_00005,rue du Champfour,5,,EW0484,1565308.69740000,5181338.53540000,1.26659373,45.81890282
87085_0953_00007,rue du Champfour,7,,EW0500,1565310.94640000,5181352.02920000,1.26661888,45.81902465
87085_0953_00007_b,rue du Champfour,7,b,EW0499,1565319.28080000,5181358.11460000,1.26672440,45.81908102
87085_0953_00009,rue du Champfour,9,,EW0331,1565338.02250000,5181359.97290000,1.26696500,45.81910141
87085_0953_00015,rue du Champfour,15,,EW0331,1565389.40850000,5181384.42260000,1.26761926,45.81933141
87085_1051_00001,rue du Château d'Eau,1,,LT0213,1567977.35890000,5187248.92110000,1.29930355,45.87258809
87085_1051_00002,rue du Château d'Eau,2,,LT0209,1567990.32350000,5187265.32530000,1.29946600,45.87273815
87085_1051_00004,rue du Château d'Eau,4,,LT0013,1567924.37220000,5187259.11330000,1.29861839,45.87266959
87085_1105_00001,rue du Chinchauvaud,1,,DT0091,1565327.11390000,5183386.69090000,1.26625699,45.83733084
87085_1105_00002,rue du Chinchauvaud,2,,DS0147,1565349.44830000,5183417.33600000,1.26653584,45.83761089
87085_1105_00003,rue du Chinchauvaud,3,,DT0346,1565323.27740000,5183396.12250000,1.26620497,45.83741493
87085_1105_00004,rue du Chinchauvaud,4,,DS0147,1565336.02150000,5183422.52560000,1.26636159,45.83765494
87085_1105_00006,rue du Chinchauvaud,6,,DS0256,1565320.22170000,5183438.14970000,1.26615387,45.83779240
87085_1105_00007,rue du Chinchauvaud,7,,DT0315,1565302.52590000,5183438.50520000,1.26592603,45.83779213
87085_1105_00009,rue du Chinchauvaud,9,,DT0315,1565296.88640000,5183453.47310000,1.26584926,45.83792567
87085_1105_00014,rue du Chinchauvaud,14,,DS0402,1565281.69230000,5183525.75560000,1.26563345,45.83857292
87085_1105_00018,rue du Chinchauvaud,18,,DS0332,1565274.30420000,5183544.74380000,1.26553304,45.83874228
87085_1105_00020,rue du Chinchauvaud,20,,DS0331,1565270.58820000,5183554.84200000,1.26548239,45.83883239
87085_1105_00022,rue du Chinchauvaud,22,,DS0331,1565267.60590000,5183561.83380000,1.26544205,45.83889470
87085_1105_00024,rue du Chinchauvaud,24,,DS0279,1565263.90510000,5183573.93780000,1.26539102,45.83900286
87085_1105_00025,rue du Chinchauvaud,25,,DT0031,1565265.01750000,5183533.01550000,1.26541681,45.83863496
87085_1105_00026,rue du Chinchauvaud,26,,DS0280,1565261.42740000,5183582.88380000,1.26535663,45.83908285
87085_1105_00028,rue du Chinchauvaud,28,,DS0281,1565259.65290000,5183588.92250000,1.26533210,45.83913682
87085_1105_00029,rue du Chinchauvaud,29,,DT0001,1565244.01290000,5183598.04440000,1.26512825,45.83921581
87085_1105_00030,rue du Chinchauvaud,30,,DS0282,1565258.63870000,5183592.86800000,1.26531794,45.83917212
87085_1105_00032,rue du Chinchauvaud,32,,DS0283,1565256.52570000,5183600.08890000,1.26528872,45.83923666
87085_1105_00033,rue du Chinchauvaud,33,,DT0001,1565233.38280000,5183634.17520000,1.26498131,45.83953875
87085_1105_00034,rue du Chinchauvaud,34,,DS0306,1565253.39400000,5183611.37450000,1.26524525,45.83933756
87085_1105_00036,rue du Chinchauvaud,36,,DS0307,1565250.76630000,5183620.28610000,1.26520893,45.83941721
87085_1105_00037,rue du Chinchauvaud,37,,DR0128,1565226.60750000,5183677.51260000,1.26488196,45.83992727
87085_1105_00038,rue du Chinchauvaud,38,,DS0308,1565249.49370000,5183624.63080000,1.26519133,45.83945605
87085_1105_00038_bis,rue du Chinchauvaud,38,bis,DS0380,1565265.36870000,5183626.53580000,1.26539511,45.83947630
87085_1105_00039,rue du Chinchauvaud,39,,DR0090,1565224.10630000,5183691.69180000,1.26484579,45.84005433
87085_1105_00041,rue du Chinchauvaud,41,,DR0091,1565222.53690000,5183703.36520000,1.26482232,45.84015903
87085_1105_00043,rue du Chinchauvaud,43,,DR0092,1565221.83270000,5183710.88000000,1.26481115,45.84022649
87085_1105_00043_bis,rue du Chinchauvaud,43,bis,DR0093,1565216.30580000,5183720.09460000,1.26473743,45.84030830
87085_1105_00044,rue du Chinchauvaud,44,,DS0319,1565239.70980000,5183657.59600000,1.26505617,45.83975067
87085_1105_00046,rue du Chinchauvaud,46,,DS0317,1565237.59620000,5183665.65680000,1.26502671,45.83982277
87085_1105_00048,rue du Chinchauvaud,48,,DS0002,1565234.62800000,5183679.24150000,1.26498470,45.83994439
87085_1105_00051,rue du Chinchauvaud,51,,CV0829,1565215.33090000,5183802.65240000,1.26470173,45.84105076
87085_1105_00058,rue du Chinchauvaud,58,,DR0081,1565228.17810000,5183749.96550000,1.26488185,45.84057933
87085_1105_00060,rue du Chinchauvaud,60,,CV0882,1565227.15950000,5183790.20480000,1.26485746,45.84094111
87085_1105_00062,rue du Chinchauvaud,62,,CV0874,1565230.40400000,5183815.98330000,1.26489199,45.84117364
87085_1105_00064,rue du Chinchauvaud,64,,CV0512,1565225.24160000,5183827.99740000,1.26482218,45.84128070
87085_1105_00066,rue du Chinchauvaud,66,,CV0511,1565223.74890000,5183841.58190000,1.26479916,45.84140261
87085_1105_00071,rue du Chinchauvaud,71,,CV0614,1565168.99380000,5183971.96250000,1.26405784,45.84256472
87085_1105_00074,rue du Chinchauvaud,74,,CV0558,1565201.83210000,5183901.58920000,1.26450024,45.84193811
87085_1105_00076,rue du Chinchauvaud,76,,CV0559,1565198.68390000,5183910.38420000,1.26445725,45.84201661
87085_1105_00077,rue du Chinchauvaud,77,,CV1334,1565155.41200000,5184036.49800000,1.26386493,45.84314259
87085_1105_00078,rue du Chinchauvaud,78,,CV0560,1565196.59700000,5183916.49410000,1.26442868,45.84207116
87085_1105_00080,rue du Chinchauvaud,80,,CV0561,1565194.00860000,5183923.59030000,1.26439338,45.84213449
87085_1105_00082,rue du Chinchauvaud,82,,CV0562,1565190.80000000,5183932.78350000,1.26434950,45.84221656
87085_1105_00083,rue du Chinchauvaud,83,,CV0671,1565151.95190000,5184059.01670000,1.26381407,45.84334449
87085_1105_00084,rue du Chinchauvaud,84,,CV0563,1565188.15460000,5183940.70440000,1.26431323,45.84228730
87085_1105_00085,rue du Chinchauvaud,85,,CV0791,1565150.40540000,5184069.07860000,1.26379134,45.84343469
87085_1105_00086,rue du Chinchauvaud,86,,CV0564,1565185.92770000,5183946.83620000,1.26428285,45.84234202
87085_1105_00087,rue du Chinchauvaud,87,,CV0791,1565148.34210000,5184082.04440000,1.26376115,45.84355092
87085_1105_00088,rue du Chinchauvaud,88,,CV0565,1565183.57730000,5183953.29220000,1.26425078,45.84239963
87085_1105_00089,rue du Chinchauvaud,89,,CV1286,1565144.46210000,5184106.71220000,1.26370429,45.84377207
87085_1105_00095,rue du Chinchauvaud,95,,CV1282,1565136.96180000,5184155.20060000,1.26359414,45.84420678
87085_1105_00097,rue du Chinchauvaud,97,,CV0682,1565135.48120000,5184167.60280000,1.26357160,45.84431805
87085_1105_00099,rue du Chinchauvaud,99,,CV0683,1565134.30350000,5184175.04870000,1.26355435,45.84438480
87085_1105_00101,rue du Chinchauvaud,101,,CV0687,1565133.00660000,5184184.92920000,1.26353489,45.84447343
87085_1105_00103,rue du Chinchauvaud,103,,CV1411,1565131.75020000,5184193.37040000,1.26351635,45.84454911
87085_1105_00105,rue du Chinchauvaud,105,,CV0981,1565130.58280000,5184202.27930000,1.26349882,45.84462903
87085_1105_00108,rue du Chinchauvaud,108,,CV0611,1565153.92940000,5184107.64580000,1.26382588,45.84378232
87085_1105_00109,rue du Chinchauvaud,109,,CV1409,1565125.35470000,5184235.76990000,1.26342213,45.84492927
87085_1105_00110,rue du Chinchauvaud,110,,CV0877,1565152.12520000,5184118.88760000,1.26379950,45.84388309
87085_1105_00113,rue du Chinchauvaud,113,,CV0768,1565120.41340000,5184269.84250000,1.26334896,45.84523480
87085_1105_00114,rue du Chinchauvaud,114,,CV1557,1565151.08230000,5184125.43230000,1.26378424,45.84394176
87085_1105_00115,rue du Chinchauvaud,115,,CV0954,1565118.66760000,5184281.97900000,1.26332309,45.84534363
87085_1105_00116,rue du Chinchauvaud,116,,CV1241,1565147.91430000,5184146.71030000,1.26373750,45.84413255
87085_1105_00116_b,rue du Chinchauvaud,116,b,CV1241,1565149.18430000,5184138.98450000,1.26375601,45.84406330
87085_1105_00117,rue du Chinchauvaud,117,,CV0953,1565115.22590000,5184303.62710000,1.26327271,45.84553770
87085_1105_00118,rue du Chinchauvaud,118,,CV0127,1565146.13740000,5184159.15890000,1.26371113,45.84424418
87085_1105_00120,rue du Chinchauvaud,120,,CV0126,1565144.69440000,5184168.80770000,1.26368985,45.84433070
87085_1105_00122,rue du Chinchauvaud,122,,CV0125,1565142.53120000,5184182.85990000,1.26365806,45.84445668
87085_1105_00124,rue du Chinchauvaud,124,,CV0124,1565141.26930000,5184192.46640000,1.26363913,45.84454285
87085_1105_00124_bis,rue du Chinchauvaud,124,bis,CV0759,1565139.86250000,5184201.50080000,1.26361848,45.84462384
87085_1105_00125,rue du Chinchauvaud,125,,CV0014,1565103.11240000,5184392.90800000,1.26309172,45.84633845
87085_1105_00126,rue du Chinchauvaud,126,,CV0892,1565139.05190000,5184207.59840000,1.26360634,45.84467853
87085_1105_00127,rue du Chinchauvaud,127,,BS0718,1565099.14700000,5184423.16550000,1.26303219,45.84660986
87085_1105_00128,rue du Chinchauvaud,128,,CV0122,1565138.08800000,5184214.26520000,1.26359206,45.84473832
87085_1105_00129,rue du Chinchauvaud,129,,BS0585,1565097.92000000,5184433.34480000,1.26301354,45.84670119
87085_1105_00131,rue du Chinchauvaud,131,,BS0582,1565097.05990000,5184443.50190000,1.26299961,45.84679239
87085_1105_00133,rue du Chinchauvaud,133,,BS0581,1565095.79180000,5184455.80260000,1.26297984,45.84690279
87085_1105_00134,rue du Chinchauvaud,134,,CV0078,1565128.64130000,5184280.88850000,1.26345177,45.84533578
87085_1105_00135,rue du Chinchauvaud,135,,BS0578,1565094.61870000,5184466.73100000,1.26296167,45.84700087
87085_1105_00137,rue du Chinchauvaud,137,,BS0577,1565093.52590000,5184477.11550000,1.26294469,45.84709407
87085_1105_00139,rue du Chinchauvaud,139,,BS0561,1565092.35070000,5184486.41510000,1.26292695,45.84717749
87085_1105_00141,rue du Chinchauvaud,141,,BS0561,1565089.03010000,5184507.55650000,1.26287827,45.84736702
87085_1105_00141_b,rue du Chinchauvaud,141,b,BS0561,1565061.40750000,5184503.00570000,1.26252399,45.84732066
87085_1105_00142,rue du Chinchauvaud,142,,CV0081,1565125.05170000,5184307.63310000,1.26339806,45.84557566
87085_1105_00143_bis,rue du Chinchauvaud,143,bis,BS0560,1565085.80500000,5184528.12110000,1.26283098,45.84755138
87085_1105_00144,rue du Chinchauvaud,144,,CV0082,1565124.14090000,5184313.63820000,1.26338465,45.84562950
87085_1105_00144_bis,rue du Chinchauvaud,144,bis,CV0082,1565123.58530000,5184318.00380000,1.26337627,45.84566866
87085_1105_00145,rue du Chinchauvaud,145,,BS0559,1565083.72510000,5184537.84140000,1.26280148,45.84763841
87085_1105_00146,rue du Chinchauvaud,146,,CV0084,1565122.66650000,5184323.72620000,1.26336284,45.84571996
87085_1105_00147,rue du Chinchauvaud,147,,BS0558,1565081.40990000,5184550.18880000,1.26276821,45.84774903
87085_1105_00148,rue du Chinchauvaud,148,,CV0763,1565121.17810000,5184335.13390000,1.26334048,45.84582229
87085_1105_00149,rue du Chinchauvaud,149,,BS0557,1565077.90250000,5184561.68580000,1.26271984,45.84785176
87085_1105_00151,rue du Chinchauvaud,151,,BS0554,1565075.28700000,5184570.23750000,1.26268377,45.84792817
87085_1105_00152,rue du Chinchauvaud,152,,CV0088,1565118.68950000,5184353.62680000,1.26330326,45.84598815
87085_1105_00153,rue du Chinchauvaud,153,,BS0553,1565071.20380000,5184581.19480000,1.26262813,45.84802594
87085_1105_00155,rue du Chinchauvaud,155,,BS0552,1565066.17040000,5184592.14920000,1.26256026,45.84812349
87085_1105_00157,rue du Chinchauvaud,157,,BS0551,1565063.47160000,5184598.28750001,1.26252380,45.84817818
87085_1105_00158,rue du Chinchauvaud,158,,BS0588,1565109.40670000,5184426.29430000,1.26316337,45.84664002
87085_1105_00160,rue du Chinchauvaud,160,,BS0699,1565107.34560000,5184445.72290000,1.26313139,45.84681438
87085_1105_00162,rue du Chinchauvaud,162,,BS0700,1565105.82180000,5184459.79040000,1.26310782,45.84694063
87085_1105_00164,rue du Chinchauvaud,164,,BS0614,1565104.79280000,5184468.53480000,1.26309212,45.84701909
87085_1105_00170,rue du Chinchauvaud,170,,BS0748,1565101.06930000,5184500.11270000,1.26303533,45.84730242
87085_1105_00172,rue du Chinchauvaud,172,,BS0618,1565099.59050000,5184512.71980000,1.26301275,45.84741554
87085_1105_00174,rue du Chinchauvaud,174,,BS0619,1565098.26050000,5184521.12730000,1.26299327,45.84749091
87085_1105_00176,rue du Chinchauvaud,176,,BS0620,1565096.89140000,5184529.77510000,1.26297322,45.84756843
87085_1105_00178,rue du Chinchauvaud,178,,BS0542,1565081.15340000,5184580.41630000,1.26275642,45.84802089
87085_1105_00180,rue du Chinchauvaud,180,,BS0543,1565078.34690000,5184589.31560000,1.26271780,45.84810039
87085_1105_00182,rue du Chinchauvaud,182,,BS0544,1565074.46160000,5184599.89980000,1.26266481,45.84819484
87085_1105_00184,rue du Chinchauvaud,184,,BS0547,1565072.59530000,5184606.39250000,1.26263897,45.84825288
87085_1180_00001,rue du Clocher,1,,DX0070,1564745.82100000,5182697.33230000,1.25896992,45.83101557
87085_1180_00002,rue du Clocher,2,,DX0069,1564736.71670000,5182700.05170000,1.25885200,45.83103824
87085_1180_00003,rue du Clocher,3,,DX0071,1564740.67510000,5182695.08520000,1.25890433,45.83099434
87085_1180_00004,rue du Clocher,4,,DX0064,1564727.46050000,5182694.16400000,1.25873454,45.83098346
87085_1180_00005,rue du Clocher,5,,DX0075,1564737.78520000,5182693.35960000,1.25886763,45.83097825
87085_1180_00007,rue du Clocher,7,,DX0076,1564733.09850000,5182690.18320000,1.25880821,45.83094876
87085_1180_00008,rue du Clocher,8,,DX0063,1564720.04470000,5182688.87030000,1.25864060,45.83093438
87085_1180_00009,rue du Clocher,9,,DX0080,1564727.79010000,5182686.18710000,1.25874103,45.83091177
87085_1180_00010,rue du Clocher,10,,DX0514,1564714.58740000,5182685.85460000,1.25857123,45.83090618
87085_1180_00011,rue du Clocher,11,,DX0081,1564722.10010000,5182682.07670000,1.25866896,45.83087367
87085_1180_00012,rue du Clocher,12,,DX0045,1564703.39890000,5182674.79150000,1.25843036,45.83080446
87085_1180_00013,rue du Clocher,13,,DX0082,1564717.29550000,5182678.22810000,1.25860822,45.83083811
87085_1180_00014,rue du Clocher,14,,DX0044,1564697.57570000,5182669.56540000,1.25835690,45.83075630
87085_1180_00015,rue du Clocher,15,,DX0084,1564712.98660000,5182674.63220000,1.25855379,45.83080491
87085_1180_00016,rue du Clocher,16,,DX0043,1564690.70710000,5182663.74280000,1.25827015,45.83070257
87085_1180_00017,rue du Clocher,17,,DX0085,1564709.34280000,5182671.35480000,1.25850782,45.83077471
87085_1180_00018,rue du Clocher,18,,DX0041,1564685.67230000,5182659.54850000,1.25820655,45.83066385
87085_1180_00019,rue du Clocher,19,,DX0086,1564705.37240000,5182668.17350000,1.25845762,45.83074531
87085_1180_00020,rue du Clocher,20,,DX0042,1564681.02880000,5182655.57720000,1.25814791,45.83062721
87085_1180_00021,rue du Clocher,21,,DX0088,1564702.33140000,5182665.30510000,1.25841930,45.83071891
87085_1180_00022,rue du Clocher,22,,DX0165,1564671.40440000,5182646.16210000,1.25802671,45.83054062
87085_1180_00023,rue du Clocher,23,,DX0089,1564699.26810000,5182662.68130000,1.25838062,45.83069471
87085_1180_00024,rue du Clocher,24,,DX0164,1564666.75980000,5182641.52020000,1.25796825,45.83049795
87085_1180_00025,rue du Clocher,25,,DX0090,1564694.70970000,5182658.93860000,1.25832301,45.83066014
87085_1180_00026,rue du Clocher,26,,DX0163,1564662.90910000,5182638.06010000,1.25791968,45.83046607
87085_1180_00028,rue du Clocher,28,,DX0162,1564656.22210000,5182630.84030000,1.25783566,45.83039981
87085_1180_00029,rue du Clocher,29,,DX0376,1564687.20030000,5182652.25470000,1.25822826,45.83059854
87085_1180_00030,rue du Clocher,30,,DX0161,1564648.85100000,5182624.32180000,1.25774264,45.83033972
87085_1180_00032,rue du Clocher,32,,DX0160,1564641.48090000,5182618.77360000,1.25764937,45.83028836
87085_1180_00033,rue du Clocher,33,,DX0096,1564681.29370000,5182647.28200000,1.25815365,45.83055264
87085_1180_00034,rue du Clocher,34,,DX0159,1564635.47730000,5182614.55030000,1.25757330,45.83024919
87085_1180_00035,rue du Clocher,35,,DX0097,1564675.70580000,5182642.11060000,1.25808320,45.83050503
87085_1180_00037,rue du Clocher,37,,DX0098,1564671.35540000,5182637.66630000,1.25802847,45.83046419
87085_1180_00039,rue du Clocher,39,,DX0567,1564666.83680000,5182633.24760000,1.25797157,45.83042355
87085_1180_00041,rue du Clocher,41,,DX0101,1564662.27410000,5182629.02970000,1.25791405,45.83038471
87085_1180_00043,rue du Clocher,43,,DX0568,1564657.56000000,5182624.23480000,1.25785474,45.83034065
87085_1180_00045,rue du Clocher,45,,DX0569,1564651.86640000,5182618.70150000,1.25778303,45.83028976
87085_1180_00047,rue du Clocher,47,,DX0104,1564646.32400000,5182613.06590000,1.25771330,45.83023797
87085_1180_00049,rue du Clocher,49,,DX0104,1564643.44140000,5182610.03980000,1.25767705,45.83021018
87085_1180_00051,rue du Clocher,51,,DX0104,1564639.47090000,5182605.95180000,1.25762711,45.83017263
87085_1185_00002,rue du Clos Adrien,2,,HT0127,1564397.25920000,5181988.80940000,1.25468438,45.82457335
87085_1185_00003,rue du Clos Adrien,3,,HV0850,1564364.38360000,5181976.41430000,1.25426488,45.82445537
87085_1185_00004,rue du Clos Adrien,4,,HT0120,1564386.39160000,5181989.01780000,1.25454450,45.82457309
87085_1185_00006,rue du Clos Adrien,6,,HT0122,1564377.62280000,5181989.08500000,1.25443165,45.82457196
87085_1185_00007,rue du Clos Adrien,7,,HV0851,1564321.63590000,5181977.22370000,1.25371463,45.82445422
87085_1185_00008,rue du Clos Adrien,8,,HT0123,1564370.16480000,5181989.26570000,1.25433564,45.82457212
87085_1185_00009,rue du Clos Adrien,9,,HV0851,1564299.69150000,5181980.77610000,1.25343128,45.82448185
87085_1185_00011,rue du Clos Adrien,11,,HV0851,1564269.66260000,5181975.99100000,1.25304626,45.82443288
87085_1185_00014,rue du Clos Adrien,14,,HZ0206,1564339.19520000,5181989.43180000,1.25393712,45.82456750
87085_1185_00015,rue du Clos Adrien,15,,HV0851,1564265.53510000,5181951.86100000,1.25299996,45.82421500
87085_1185_00016,rue du Clos Adrien,16,,HZ0206,1564321.30620000,5181989.39730000,1.25370696,45.82456366
87085_1185_00032,rue du Clos Adrien,32,,HZ0115,1564255.13950000,5182003.05340000,1.25285176,45.82467345
87085_1185_00034,rue du Clos Adrien,34,,HZ0119,1564239.61180000,5182009.32920000,1.25265019,45.82472684
87085_1185_00037,rue du Clos Adrien,37,,HY0007,1564217.31960000,5182004.94920000,1.25236460,45.82468304
87085_1185_00038,rue du Clos Adrien,38,,HZ0120,1564208.74150000,5182023.78760000,1.25224891,45.82485081
87085_1185_00039,rue du Clos Adrien,39,,HY0006,1564201.01410000,5182014.14090000,1.25215221,45.82476251
87085_1185_00040,rue du Clos Adrien,40,,HZ0122,1564196.03520000,5182030.80500000,1.25208344,45.82491143
87085_1185_00041,rue du Clos Adrien,41,,HY0448,1564195.24320000,5182017.56770000,1.25207699,45.82479220
87085_1185_00043,rue du Clos Adrien,43,,HY0002,1564189.46330000,5182020.98310000,1.25200166,45.82482178
87085_1185_00050,rue du Clos Adrien,50,,HZ0151,1564129.83290000,5182070.77350000,1.25122034,45.82525789
87085_1185_00052,rue du Clos Adrien,52,,HZ0153,1564119.56660000,5182075.07330000,1.25108703,45.82529455
87085_1185_00059,rue du Clos Adrien,59,,HY0354,1564077.02210000,5182081.67640000,1.25053775,45.82534554
87085_1185_00061,rue du Clos Adrien,61,,HY0352,1564047.88150000,5182088.38910000,1.25016091,45.82540016
87085_1190_00001,rue du Clos Augier,1,,IM0760,1563227.84370000,5182755.06230000,1.23941999,45.83123467
87085_1190_00002,rue du Clos Augier,2,,IX0292,1563212.66110000,5182753.32260000,1.23922511,45.83121600
87085_1190_00003,rue du Clos Augier,3,,IM0760,1563217.91800000,5182742.90640000,1.23929572,45.83112335
87085_1190_00006,rue du Clos Augier,6,,IX0909,1563190.74910000,5182725.16460000,1.23895116,45.83095835
87085_1190_00007,rue du Clos Augier,7,,IM0089,1563198.88710000,5182718.50710000,1.23905777,45.83090008
87085_1190_00008,rue du Clos Augier,8,,IX0294,1563173.07900000,5182702.58600000,1.23873020,45.83075173
87085_1190_00009,rue du Clos Augier,9,,IM0729,1563189.71920000,5182706.70510000,1.23894316,45.83079209
87085_1190_00010,rue du Clos Augier,10,,IX0295,1563163.27890000,5182689.70670000,1.23860776,45.83063392
87085_1190_00011,rue du Clos Augier,11,,IM0728,1563181.98910000,5182696.31350000,1.23884664,45.83069708
87085_1190_00012,rue du Clos Augier,12,,IX0296,1563154.72540000,5182678.35130000,1.23850093,45.83053007
87085_1190_00014,rue du Clos Augier,14,,IX0298,1563149.00990000,5182670.52100000,1.23842961,45.83045850
87085_1190_00015,rue du Clos Augier,15,,IM0087,1563175.05440000,5182686.92020000,1.23876008,45.83061120
87085_1190_00016,rue du Clos Augier,16,,IX0302,1563138.13150000,5182656.48780000,1.23829362,45.83033010
87085_1190_00018,rue du Clos Augier,18,,IX0302,1563131.01040000,5182647.24190000,1.23820462,45.83024551
87085_1190_00019,rue du Clos Augier,19,,IM1226,1563153.45910000,5182658.45750000,1.23849029,45.83035086
87085_1190_00020,rue du Clos Augier,20,,IX0303,1563124.56720000,5182638.56200000,1.23812418,45.83016614
87085_1190_00021,rue du Clos Augier,21,,IM0013,1563146.59860000,5182648.17640000,1.23840494,45.83025702
87085_1190_00022,rue du Clos Augier,22,,IX0304,1563117.24660000,5182628.78710000,1.23803276,45.83007676
87085_1190_00023,rue du Clos Augier,23,,IM0012,1563142.79600000,5182643.33610000,1.23835739,45.83021272
87085_1190_00024,rue du Clos Augier,24,,IX0318,1563110.89900000,5182620.43680000,1.23795346,45.83000038
87085_1190_00025,rue du Clos Augier,25,,IM0011,1563138.15560000,5182637.07680000,1.23829945,45.83015549
87085_1190_00026,rue du Clos Augier,26,,IX0744,1563103.82970000,5182611.24690000,1.23786511,45.82991630
87085_1190_00028,rue du Clos Augier,28,,IX0319,1563098.50760000,5182604.17880000,1.23779864,45.82985166
87085_1190_00029,rue du Clos Augier,29,,IM0010,1563124.80230000,5182619.96900000,1.23813250,45.82999894
87085_1190_00030,rue du Clos Augier,30,,IX0320,1563090.46290000,5182593.77500000,1.23769808,45.82975647
87085_1190_00031,rue du Clos Augier,31,,IM0009,1563119.72950000,5182613.32750000,1.23806911,45.82993818
87085_1190_00032,rue du Clos Augier,32,,IX0321,1563083.88820000,5182585.38140000,1.23761587,45.82967966
87085_1190_00033,rue du Clos Augier,33,,IM0008,1563114.16470000,5182606.35160000,1.23799949,45.82987432
87085_1190_00034,rue du Clos Augier,34,,IX0322,1563077.94350000,5182576.75540000,1.23754183,45.82960088
87085_1190_00035,rue du Clos Augier,35,,IM0007,1563107.75810000,5182598.11180000,1.23791940,45.82979893
87085_1190_00036,rue du Clos Augier,36,,IX0323,1563071.69810000,5182568.65190000,1.23746377,45.82952674
87085_1190_00037,rue du Clos Augier,37,,IM0707,1563100.21700000,5182588.72100000,1.23782503,45.82971295
87085_1190_00038,rue du Clos Augier,38,,IX0324,1563067.75780000,5182563.66430000,1.23741449,45.82948109
87085_1190_00039,rue du Clos Augier,39,,IM0708,1563094.39430000,5182580.96920000,1.23775231,45.82964206
87085_1190_00040,rue du Clos Augier,40,,IX0325,1563061.01830000,5182554.82250000,1.23733029,45.82940021
87085_1190_00041,rue du Clos Augier,41,,IM0005,1563090.90350000,5182576.05970000,1.23770879,45.82959720
87085_1190_00042,rue du Clos Augier,42,,IX0326,1563054.13590000,5182546.10380000,1.23724421,45.82932041
87085_1190_00043,rue du Clos Augier,43,,IM0004,1563083.60850000,5182567.20560000,1.23761745,45.82951610
87085_1190_00044,rue du Clos Augier,44,,IX0651,1563046.86830000,5182536.49860000,1.23715343,45.82923256
87085_1190_00045,rue du Clos Augier,45,,IM0003,1563077.24380000,5182558.56790000,1.23753801,45.82943713
87085_1190_00046,rue du Clos Augier,46,,IX0328,1563040.96610000,5182528.48960000,1.23707976,45.82915934
87085_1190_00048,rue du Clos Augier,48,,IX0329,1563035.63600000,5182522.10010000,1.23701300,45.82910080
87085_1190_00050,rue du Clos Augier,50,,IX0330,1563031.17220000,5182516.09310000,1.23695727,45.82904588
87085_1190_00052,rue du Clos Augier,52,,IX0331,1563025.70650000,5182509.24740000,1.23688889,45.82898321
87085_1190_00056,rue du Clos Augier,56,,IX0332,1563012.97890000,5182492.92640000,1.23672976,45.82883386
87085_1190_00057,rue du Clos Augier,57,,IW0216,1563020.60750000,5182485.08070000,1.23683016,45.82876480
87085_1190_00058,rue du Clos Augier,58,,IX0333,1563006.73600000,5182484.60500000,1.23665180,45.82875776
87085_1190_00059,rue du Clos Augier,59,,IW0215,1563014.36480000,5182477.32480000,1.23675204,45.82869379
87085_1190_00060,rue du Clos Augier,60,,IX0335,1563001.67810000,5182477.73150000,1.23658868,45.82869492
87085_1190_00061,rue du Clos Augier,61,,IW0214,1563007.28760000,5182468.18550000,1.23666358,45.82861016
87085_1190_00062,rue du Clos Augier,62,,IX0334,1562995.52880000,5182469.92290000,1.23651178,45.82862345
87085_1190_00063,rue du Clos Augier,63,,IW0213,1562999.52570000,5182457.63410000,1.23656671,45.82851370
87085_1190_00064,rue du Clos Augier,64,,IX0677,1562988.41680000,5182460.65420000,1.23642290,45.82853866
87085_1190_00065,rue du Clos Augier,65,,IW0212,1562987.88610000,5182442.47560000,1.23642126,45.82837503
87085_1190_00066,rue du Clos Augier,66,,IX0680,1562982.27100000,5182452.69490000,1.23634609,45.82846584
87085_1190_00066_bis,rue du Clos Augier,66,bis,IX0680,1562968.55080000,5182461.56050000,1.23616702,45.82854285
87085_1190_00068,rue du Clos Augier,68,,IX0337,1562976.81550000,5182445.64400000,1.23627790,45.82840132
87085_1190_00070,rue du Clos Augier,70,,IX0339,1562970.36740000,5182437.51610000,1.23619725,45.82832692
87085_1190_00072,rue du Clos Augier,72,,IX0340,1562961.33790000,5182425.60560000,1.23608446,45.82821798
87085_1190_00075,rue du Clos Augier,75,,IW0211,1562942.39540000,5182382.97420000,1.23585287,45.82783071
87085_1190_00076,rue du Clos Augier,76,,IX0341,1562946.52780000,5182406.50180000,1.23589933,45.82804318
87085_1190_00077,rue du Clos Augier,77,,IW0210,1562922.76940000,5182357.29570000,1.23560765,45.82759581
87085_1190_00079,rue du Clos Augier,79,,IW0210,1562916.16210000,5182348.78290000,1.23552506,45.82751792
87085_1190_00080,rue du Clos Augier,80,,IX0342,1562930.41660000,5182385.24910000,1.23569808,45.82784879
87085_1190_00081,rue du Clos Augier,81,,IW0209,1562912.27100000,5182343.58740000,1.23547647,45.82747041
87085_1190_00082,rue du Clos Augier,82,,IW0184,1562913.85360000,5182363.44960000,1.23549120,45.82764940
87085_1190_00083,rue du Clos Augier,83,,IW0193,1562899.84080000,5182326.87160000,1.23532130,45.82731756
87085_1190_00086,rue du Clos Augier,86,,IW0185,1562902.17730000,5182348.17570000,1.23534529,45.82750967
87085_1190_00087,rue du Clos Augier,87,,IW0192,1562886.82140000,5182310.32150000,1.23515849,45.82716609
87085_1190_00088,rue du Clos Augier,88,,IW0186,1562896.01910000,5182340.25060000,1.23526831,45.82743715
87085_1190_00090,rue du Clos Augier,90,,IW0189,1562889.57280000,5182331.88240000,1.23518775,45.82736059
87085_1190_00092,rue du Clos Augier,92,,IW0190,1562883.85190000,5182324.33080000,1.23511629,45.82729152
87085_1201_00001,rue du Clos Chicou,1,,HO0184,1564764.81170000,5180445.15290000,1.25984758,45.81075959
87085_1201_00003,rue du Clos Chicou,3,,HO0184,1564785.96000000,5180452.02270000,1.26011769,45.81082555
87085_1201_00009,rue du Clos Chicou,9,,HO0161,1564838.15070000,5180467.05190000,1.26078482,45.81097100
87085_1205_00002,rue du Clos Gaspard,2,,BH0297,1563560.20700000,5183711.66840000,1.24342537,45.83990589
87085_1205_00003,rue du Clos Gaspard,3,,BH0226,1563546.47930000,5183709.88990000,1.24324920,45.83988716
87085_1205_00004,rue du Clos Gaspard,4,,BH0296,1563553.41710000,5183718.07410000,1.24333617,45.83996216
87085_1205_00005,rue du Clos Gaspard,5,,BH0227,1563534.92950000,5183721.80920000,1.24309717,45.83999209
87085_1205_00006,rue du Clos Gaspard,6,,BH0295,1563547.82750000,5183724.22270000,1.24326248,45.84001636
87085_1205_00007,rue du Clos Gaspard,7,,BH0228,1563526.59340000,5183730.36510000,1.24298745,45.84006740
87085_1205_00008,rue du Clos Gaspard,8,,BH0947,1563535.30900000,5183734.01380000,1.24309859,45.84010196
87085_1205_00008_bis,rue du Clos Gaspard,8,bis,BH0949,1563541.33170000,5183727.91450000,1.24317783,45.84004828
87085_1205_00009,rue du Clos Gaspard,9,,BH0229,1563519.91750000,5183737.42650000,1.24289952,45.84012960
87085_1205_00010,rue du Clos Gaspard,10,,BH0293,1563524.62400000,5183745.15890000,1.24295790,45.84020009
87085_1205_00011,rue du Clos Gaspard,11,,BH1001,1563499.62900000,5183758.28400000,1.24263248,45.84031320
87085_1205_00012,rue du Clos Gaspard,12,,BH0292,1563516.63400000,5183753.26830000,1.24285277,45.84027145
87085_1205_00014,rue du Clos Gaspard,14,,BH0290,1563505.91990000,5183764.37550000,1.24271172,45.84036924
87085_1205_00016,rue du Clos Gaspard,16,,BH0289,1563496.86860000,5183773.51720000,1.24259263,45.84044968
87085_1205_00018,rue du Clos Gaspard,18,,BH0895,1563486.83900000,5183779.05600000,1.24246197,45.84049751
87085_1215_00002,rue du Clos Jargot,2,,EP0334,1565957.84000000,5182360.75660000,1.27466030,45.82822515
87085_1215_00005,rue du Clos Jargot,5,,ER0595,1565945.21090000,5182334.87050000,1.27450501,45.82798983
87085_1215_00007,rue du Clos Jargot,7,,ER0464,1565950.46180000,5182321.07170000,1.27457643,45.82786673
87085_1215_00008,rue du Clos Jargot,8,,EP0461,1565942.59520000,5182318.89090000,1.27447581,45.82784557
87085_1215_00009,rue du Clos Jargot,9,,ER0597,1565956.07800000,5182306.11560000,1.27465286,45.82773328
87085_1215_00011,rue du Clos Jargot,11,,ER0599,1565960.02700000,5182295.40710000,1.27470666,45.82763772
87085_1215_00011_bis,rue du Clos Jargot,11,bis,ER0462,1565963.08850000,5182287.72930000,1.27474819,45.82756925
87085_1215_00015,rue du Clos Jargot,15,,ER0603,1565965.67060000,5182280.59150000,1.27478341,45.82750554
87085_1215_00017,rue du Clos Jargot,17,,ER0605,1565970.48860000,5182267.84860000,1.27484896,45.82739185
87085_1215_00017_bis,rue du Clos Jargot,17,bis,ER0607,1565974.27930000,5182257.56060000,1.27490060,45.82730005
87085_1215_00018,rue du Clos Jargot,18,,EP0378,1565971.88270000,5182232.47670000,1.27487675,45.82707393
87085_1215_00019,rue du Clos Jargot,19,,ER0609,1565979.76000000,5182243.15500000,1.27497514,45.82717153
87085_1215_00021,rue du Clos Jargot,21,,ER0454,1565986.46840000,5182225.22090000,1.27506646,45.82701150
87085_1215_00022,rue du Clos Jargot,22,,EP0429,1565976.57610000,5182219.06990000,1.27494088,45.82695424
87085_1215_00023,rue du Clos Jargot,23,,ER0468,1565990.67900000,5182214.12970000,1.27512373,45.82691255
87085_1215_00024,rue du Clos Jargot,24,,EP0427,1565979.55210000,5182210.30890000,1.27498162,45.82687601
87085_1220_00014,rue du Clos la Brégère,14,,CM0770,1565328.40880000,5184973.33390000,1.26582899,45.85160389
87085_1230_00002,rue du Clos les Brunes,2,,BH0517,1563516.92010000,5183371.68470000,1.24296480,45.83683896
87085_1230_00004,rue du Clos les Brunes,4,,BH0517,1563511.63750000,5183379.92700000,1.24289448,45.83691205
87085_1230_00006,rue du Clos les Brunes,6,,BH0506,1563503.53420000,5183391.74200000,1.24278684,45.83701673
87085_1230_00007,rue du Clos les Brunes,7,,BH0970,1563485.17250000,5183395.64430000,1.24254943,45.83704819
87085_1230_00012,rue du Clos les Brunes,12,,BH0503,1563490.76410000,5183410.79020000,1.24261708,45.83718554
87085_1230_00013,rue du Clos les Brunes,13,,BH0524,1563470.41000000,5183416.73440000,1.24235345,45.83723497
87085_1230_00014,rue du Clos les Brunes,14,,BH0502,1563485.17950000,5183418.78500000,1.24254294,45.83725635
87085_1230_00015,rue du Clos les Brunes,15,,BH0526,1563463.58780000,5183426.23920000,1.24226295,45.83731912
87085_1230_00016,rue du Clos les Brunes,16,,BH0501,1563478.99740000,5183428.07890000,1.24246074,45.83733873
87085_1230_00017,rue du Clos les Brunes,17,,BH0531,1563456.28660000,5183437.85150000,1.24216569,45.83742213
87085_1230_00019,rue du Clos les Brunes,19,,BH0532,1563449.47090000,5183448.15620000,1.24207504,45.83751347
87085_1230_00020,rue du Clos les Brunes,20,,BH0500,1563465.01080000,5183449.05190000,1.24227478,45.83752461
87085_1230_00021,rue du Clos les Brunes,21,,BH0535,1563445.61240000,5183458.19810000,1.24202253,45.83760304
87085_1230_00023,rue du Clos les Brunes,23,,BH0779,1563419.12690000,5183477.65750000,1.24167615,45.83777283
87085_1230_00024,rue du Clos les Brunes,24,,BH0499,1563460.94690000,5183475.84250000,1.24221487,45.83776480
87085_1230_00025,rue du Clos les Brunes,25,,BH0538,1563448.48600000,5183478.61460000,1.24205372,45.83778727
87085_1230_00027,rue du Clos les Brunes,27,,BH0539,1563451.83670000,5183490.78840000,1.24209338,45.83789744
87085_1230_00028,rue du Clos les Brunes,28,,BH0498,1563466.28580000,5183493.19780000,1.24227865,45.83792198
87085_1230_00029,rue du Clos les Brunes,29,,BH0541,1563454.62810000,5183502.64610000,1.24212594,45.83800466
87085_1230_00030,rue du Clos les Brunes,30,,BH0497,1563468.17020000,5183499.69910000,1.24230106,45.83798084
87085_1230_00032,rue du Clos les Brunes,32,,BH0496,1563471.42460000,5183512.18410000,1.24233939,45.83809380
87085_1230_00033,rue du Clos les Brunes,33,,BH0543,1563461.66160000,5183523.56500000,1.24221051,45.83819424
87085_1230_00034,rue du Clos les Brunes,34,,BH0495,1563475.24820000,5183524.19240000,1.24238519,45.83820258
87085_1230_00035,rue du Clos les Brunes,35,,BH0544,1563464.88800000,5183533.97940000,1.24224908,45.83828856
87085_1230_00036,rue du Clos les Brunes,36,,BH0494,1563479.38950000,5183537.67400000,1.24243466,45.83832467
87085_1230_00037,rue du Clos les Brunes,37,,BH0545,1563466.66160000,5183539.35460000,1.24227038,45.83833726
87085_1230_00038,rue du Clos les Brunes,38,,BH0493,1563484.06080000,5183553.15830000,1.24249038,45.83846489
87085_1230_00039,rue du Clos les Brunes,39,,BH0546,1563468.24110000,5183546.15320000,1.24228877,45.83839873
87085_1230_00040,rue du Clos les Brunes,40,,BH0492,1563486.34230000,5183560.17540000,1.24251775,45.83852847
87085_1230_00041,rue du Clos les Brunes,41,,BH1012,1563471.63340000,5183557.69720000,1.24232900,45.83850300
87085_1230_00042,rue du Clos les Brunes,42,,BH0491,1563487.77340000,5183565.03960000,1.24253479,45.83857251
87085_1230_00043,rue du Clos les Brunes,43,,BH1003,1563472.96380000,5183563.37230000,1.24232900,45.83850300
87085_1230_00044,rue du Clos les Brunes,44,,BH0490,1563489.89580000,5183573.20170000,1.24255978,45.83864635
87085_1230_00045,rue du Clos les Brunes,45,,BH0549,1563474.86630000,5183567.75010000,1.24236790,45.83859433
87085_1230_00048,rue du Clos les Brunes,48,,BH0489,1563498.55970000,5183601.56540000,1.24266323,45.83890322
87085_1230_00049,rue du Clos les Brunes,49,,BH0551,1563480.41380000,5183585.92750000,1.24243414,45.83875894
87085_1230_00050,rue du Clos les Brunes,50,,BH0488,1563502.28930000,5183613.27240000,1.24270791,45.83900927
87085_1230_00054,rue du Clos les Brunes,54,,BH0487,1563508.98380000,5183635.57210000,1.24278773,45.83921119
87085_1230_00055,rue du Clos les Brunes,55,,BH0554,1563487.68240000,5183610.17100000,1.24252080,45.83897847
87085_1230_00057,rue du Clos les Brunes,57,,BH0555,1563491.47450000,5183622.98530000,1.24256596,45.83909449
87085_1235_00001,rue du Clos Londeix,1,,IM0217,1563529.20950000,5182498.55490000,1.24337083,45.82898712
87085_1235_00001_bis,rue du Clos Londeix,1,bis,IM0217,1563528.09830000,5182503.63490000,1.24335509,45.82903259
87085_1235_00003,rue du Clos Londeix,3,,IM0217,1563526.66950000,5182510.30240000,1.24333481,45.82909229
87085_1235_00004,rue du Clos Londeix,4,,IM1087,1563537.06150000,5182524.27840000,1.24346456,45.82922007
87085_1235_00005,rue du Clos Londeix,5,,IM0217,1563525.74150000,5182516.16960000,1.24332120,45.82914488
87085_1235_00007,rue du Clos Londeix,7,,IM0216,1563523.25780000,5182528.17440000,1.24328584,45.82925238
87085_1235_00008,rue du Clos Londeix,8,,IM0222,1563533.38460000,5182542.89090000,1.24341197,45.82938677
87085_1235_00009,rue du Clos Londeix,9,,IM0215,1563520.76740000,5182539.79380000,1.24325049,45.82935641
87085_1235_00010,rue du Clos Londeix,10,,IM0223,1563530.92380000,5182554.47540000,1.24337701,45.82949049
87085_1235_00011,rue du Clos Londeix,11,,IM0710,1563519.92140000,5182543.94170000,1.24323843,45.82939355
87085_1235_00012,rue du Clos Londeix,12,,IM0224,1563529.06830000,5182562.80830000,1.24335077,45.82956508
87085_1235_00013,rue du Clos Londeix,13,,IM0710,1563518.34700000,5182552.46630000,1.24321575,45.82946992
87085_1235_00014,rue du Clos Londeix,14,,IM0225,1563527.11790000,5182572.58350000,1.24332290,45.82965263
87085_1235_00015,rue du Clos Londeix,15,,IM1278,1563515.85530000,5182563.30580000,1.24318061,45.82956694
87085_1235_00016,rue du Clos Londeix,16,,IM0226,1563525.39020000,5182580.84200000,1.24329832,45.82972658
87085_1235_00017,rue du Clos Londeix,17,,IM1280,1563511.14560000,5182586.34240000,1.24311347,45.82977323
87085_1235_00018,rue du Clos Londeix,18,,IM0227,1563523.65920000,5182589.31290000,1.24327365,45.82980243
87085_1235_00019,rue du Clos Londeix,19,,IM0679,1563509.39850000,5182594.69350000,1.24308861,45.82984800
87085_1235_00020,rue du Clos Londeix,20,,IM0228,1563520.77610000,5182602.55130000,1.24323279,45.82992095
87085_1235_00021,rue du Clos Londeix,21,,IM0175,1563506.26180000,5182610.43020000,1.24304378,45.82998894
87085_1235_00024,rue du Clos Londeix,24,,IM0231,1563517.14880000,5182620.48800000,1.24318102,45.83008158
87085_1235_00026,rue du Clos Londeix,26,,IM0234,1563510.25970000,5182654.34150000,1.24308276,45.83038474
87085_1235_00027,rue du Clos Londeix,27,,IM1360,1563494.99290000,5182663.56990000,1.24288369,45.83046473
87085_1235_00028,rue du Clos Londeix,28,,IM0236,1563507.83170000,5182665.93030000,1.24304823,45.83048851
87085_1235_00029,rue du Clos Londeix,29,,IM0151,1563492.05970000,5182678.50780000,1.24284170,45.83059852
87085_1235_00030,rue du Clos Londeix,30,,IM0238,1563505.81070000,5182674.90520000,1.24301967,45.83056884
87085_1235_00031,rue du Clos Londeix,31,,IM1371,1563490.01580000,5182688.53490000,1.24281256,45.83068831
87085_1235_00032,rue du Clos Londeix,32,,IM0239,1563503.78900000,5182684.93190000,1.24299081,45.83065864
87085_1235_00034,rue du Clos Londeix,34,,IM0240,1563501.16750000,5182697.93230000,1.24295339,45.83077506
87085_1235_00036,rue du Clos Londeix,36,,IM0748,1563499.35290000,5182706.68130000,1.24292755,45.83085340
87085_1240_00001,rue du Clos Moreau,1,,HV0768,1564455.35700000,5181438.63470000,1.25558697,45.81963566
87085_1240_00002,rue du Clos Moreau,2,,HV0768,1564472.30460000,5181454.49770000,1.25580054,45.81978170
87085_1240_00003,rue du Clos Moreau,3,,HV0768,1564484.27390000,5181461.40800000,1.25595259,45.81984622
87085_1240_00004,rue du Clos Moreau,4,,HV0768,1564493.69390000,5181470.79190000,1.25607114,45.81993249
87085_1240_00005,rue du Clos Moreau,5,,HV0768,1564505.81710000,5181482.25600000,1.25622388,45.82003800
87085_1240_00008,rue du Clos Moreau,8,,HY0393,1564240.86390000,5181263.25300000,1.25287691,45.81801570
87085_1240_00033,rue du Clos Moreau,33,,HV0768,1564417.06760000,5181435.14920000,1.25509534,45.81959676
87085_1245_00007,rue du Clos Rocher,7,,IM0269,1563631.98490000,5182579.89360000,1.24467024,45.82973919
87085_1245_00010,rue du Clos Rocher,10,,IL0024,1563644.44510000,5182576.01350000,1.24483167,45.82970676
87085_1245_00012,rue du Clos Rocher,12,,IL0022,1563644.99800000,5182589.09000000,1.24483508,45.82982450
87085_1245_00014,rue du Clos Rocher,14,,IL0021,1563645.48750000,5182599.19710000,1.24483851,45.82991551
87085_1245_00016,rue du Clos Rocher,16,,IL0238,1563645.97230000,5182619.69890000,1.24483893,45.83010003
87085_1245_00017,rue du Clos Rocher,17,,IM0264,1563634.23080000,5182639.08640000,1.24468235,45.83027211
87085_1245_00019,rue du Clos Rocher,19,,IM0263,1563634.52030000,5182647.62600000,1.24468365,45.83034898
87085_1245_00021,rue du Clos Rocher,21,,IM0263,1563634.93850000,5182651.09240000,1.24468805,45.83038025
87085_1245_00023,rue du Clos Rocher,23,,IM0262,1563635.01200000,5182657.39580000,1.24468721,45.83043696
87085_1245_00024,rue du Clos Rocher,24,,IL0016,1563647.78960000,5182668.32300000,1.24484853,45.83053779
87085_1245_00025,rue du Clos Rocher,25,,IM0261,1563635.53930000,5182665.66970000,1.24469165,45.83051150
87085_1245_00027,rue du Clos Rocher,27,,IM0260,1563635.99340000,5182675.74970000,1.24469463,45.83060226
87085_1250_00003,rue du Clos Sainte Marie,3,,EP0253,1565684.09680000,5182389.98110000,1.27112972,45.82843464
87085_1250_00005,rue du Clos Sainte Marie,5,,EP0254,1565678.50050000,5182383.01710000,1.27105966,45.82837090
87085_1250_00007,rue du Clos Sainte Marie,7,,EP0226,1565665.37000000,5182369.89880000,1.27089437,45.82825033
87085_1250_00011,rue du Clos Sainte Marie,11,,EP0225,1565646.73060000,5182345.69700000,1.27066128,45.82802898
87085_1250_00013,rue du Clos Sainte Marie,13,,EP0224,1565640.49390000,5182337.55460000,1.27058331,45.82795452
87085_1250_00015,rue du Clos Sainte Marie,15,,EP0223,1565636.48020000,5182332.15760000,1.27053317,45.82790518
87085_1250_00015_bis,rue du Clos Sainte Marie,15,bis,EP0222,1565634.30390000,5182329.02720000,1.27050604,45.82787660
87085_1250_00017,rue du Clos Sainte Marie,17,,EP0221,1565631.92180000,5182324.94980000,1.27047653,45.82783945
87085_1250_00019,rue du Clos Sainte Marie,19,,EP0220,1565629.56150000,5182319.26950000,1.27044775,45.82778789
87085_1250_00019_bis,rue du Clos Sainte Marie,19,bis,EP0219,1565624.18570000,5182308.60250000,1.27038155,45.82769089
87085_1250_00021,rue du Clos Sainte Marie,21,,EP0218,1565621.03720000,5182302.69140000,1.27034269,45.82763710
87085_1250_00023,rue du Clos Sainte Marie,23,,EP0217,1565616.37910000,5182294.04440000,1.27028517,45.82755840
87085_1250_00025,rue du Clos Sainte Marie,25,,EP0214,1565610.25020000,5182268.46070000,1.27021346,45.82732706
87085_1250_00029,rue du Clos Sainte Marie,29,,EP0313,1565607.05380000,5182255.28790000,1.27017601,45.82720794
87085_1250_00031,rue du Clos Sainte Marie,31,,EP0212,1565603.63740000,5182240.20080000,1.27013627,45.82707156
87085_1250_00033,rue du Clos Sainte Marie,33,,EP0211,1565601.47060000,5182232.05760000,1.27011066,45.82699788
87085_1250_00035,rue du Clos Sainte Marie,35,,EP0373,1565599.24450000,5182222.18660000,1.27008478,45.82690865
87085_1250_00037,rue du Clos Sainte Marie,37,,EP0372,1565595.65940000,5182206.37420000,1.27004307,45.82676571
87085_1250_00043,rue du Clos Sainte Marie,43,,EP0179,1565590.27090000,5182185.15700000,1.26997966,45.82657379
87085_1250_00045,rue du Clos Sainte Marie,45,,EP0163,1565586.07650000,5182167.37100000,1.26993067,45.82641298
87085_1250_00047,rue du Clos Sainte Marie,47,,EP0166,1565602.13780000,5182156.01850000,1.27014050,45.82631399
87085_1250_00049,rue du Clos Sainte Marie,49,,EP0167,1565606.45710000,5182151.79560000,1.27019726,45.82627685
87085_1250_00051,rue du Clos Sainte Marie,51,,EP0162,1565581.72060000,5182149.35040000,1.26987966,45.82625002
87085_1250_00053,rue du Clos Sainte Marie,53,,EP0161,1565578.53220000,5182135.71900000,1.26984244,45.82612677
87085_1001_00004,rue du Clos Saint Germain,4,,PB0108,1560697.97930000,5181979.43120000,1.20709028,45.82374974
87085_1001_00006,rue du Clos Saint Germain,6,,PB0108,1560704.59390000,5182001.39170000,1.20716903,45.82394862
87085_1001_00012,rue du Clos Saint Germain,12,,PB0108,1560720.73350000,5182048.22300000,1.20736312,45.82437316
87085_1001_00014,rue du Clos Saint Germain,14,,PB0108,1560728.40640000,5182063.83340000,1.20745732,45.82451514
87085_1001_00016,rue du Clos Saint Germain,16,,PB0108,1560733.69810000,5182071.24170000,1.20752326,45.82458285
87085_1001_00018,rue du Clos Saint Germain,18,,PB0108,1560741.76790000,5182083.54479999,1.20762353,45.82469515
87085_1001_00020,rue du Clos Saint Germain,20,,PB0108,1560746.00120000,5182089.63020000,1.20767624,45.82475075
87085_1001_00022,rue du Clos Saint Germain,22,,PB0108,1560754.20330000,5182101.80110000,1.20777824,45.82486190
87085_1001_00035,rue du Clos Saint Germain,35,,PB0121,1560757.77520000,5182169.66699999,1.20780455,45.82547310
87085_1001_00037,rue du Clos Saint Germain,37,,PB0121,1560726.68660000,5182209.09000000,1.20739312,45.82582144
87085_1001_00038,rue du Clos Saint Germain,38,,PB0121,1560764.12520000,5182179.19200000,1.20788350,45.82556007
87085_1001_00040,rue du Clos Saint Germain,40,,PB0121,1560735.39140000,5182217.45080000,1.20750271,45.82589841
87085_1265_00001,rue du Collège,1,,EH0156,1564991.41140000,5182556.00920000,1.26216991,45.82979254
87085_1265_00003,rue du Collège,3,,EH0157,1564982.08170000,5182564.46790000,1.26204748,45.82986680
87085_1265_00005,rue du Collège,5,,EH0158,1564972.99740000,5182572.60550000,1.26192830,45.82993822
87085_1265_00015,rue du Collège,15,,EH0003,1564908.49920000,5182632.48950000,1.26108151,45.83046424
87085_1285_00003,rue du Consulat,3,,DY0215,1564808.68640000,5182613.95610000,1.25980233,45.83027791
87085_1285_00005,rue du Consulat,5,,DY0214,1564802.13240000,5182609.24190000,1.25971931,45.83023422
87085_1285_00006,rue du Consulat,6,,DX0121,1564794.78510000,5182617.23840000,1.25962252,45.83030471
87085_1285_00007,rue du Consulat,7,,DY0201,1564780.94070000,5182602.42190000,1.25944854,45.83016870
87085_1285_00008,rue du Consulat,8,,DX0122,1564786.17040000,5182613.17660000,1.25951281,45.83026647
87085_1285_00009,rue du Consulat,9,,DY0200,1564767.53550000,5182595.53850000,1.25927798,45.83010414
87085_1285_00010,rue du Consulat,10,,DX0445,1564773.90710000,5182607.09270000,1.25935672,45.83020933
87085_1285_00011,rue du Consulat,11,,DY0199,1564761.51850000,5182591.48930000,1.25920169,45.83006654
87085_1285_00012,rue du Consulat,12,,DX0469,1564757.02630000,5182596.38400000,1.25914251,45.83010968
87085_1285_00013,rue du Consulat,13,,DY0198,1564754.65570000,5182586.18370000,1.25911487,45.83001746
87085_1285_00014,rue du Consulat,14,,DX0124,1564743.18410000,5182586.36310000,1.25896720,45.83001682
87085_1285_00015,rue du Consulat,15,,DY0197,1564744.64310000,5182579.07090000,1.25898803,45.82995151
87085_1285_00016,rue du Consulat,16,,DX0125,1564737.25960000,5182582.35450000,1.25889210,45.82997959
87085_1285_00017,rue du Consulat,17,,DY0592,1564735.50510000,5182572.83500000,1.25887220,45.82989361
87085_1285_00018,rue du Consulat,18,,DX0126,1564730.50610000,5182578.39380000,1.25880631,45.82994264
87085_1285_00019,rue du Consulat,19,,DY0591,1564730.90070000,5182569.47270000,1.25881389,45.82986246
87085_1285_00020,rue du Consulat,20,,DX0127,1564724.62470000,5182574.22020000,1.25873180,45.82990394
87085_1285_00021,rue du Consulat,21,,DY0481,1564722.17620000,5182563.62030000,1.25870327,45.82980810
87085_1285_00022,rue du Consulat,22,,DX0128,1564718.58820000,5182570.02680000,1.25865530,45.82986503
87085_1285_00023,rue du Consulat,23,,DY0174,1564716.62140000,5182559.34230000,1.25863300,45.82976853
87085_1285_00024,rue du Consulat,24,,DX0129,1564713.92190000,5182567.04710000,1.25859609,45.82983730
87085_1285_00025,rue du Consulat,25,,DY0173,1564711.40110000,5182555.69490000,1.25856685,45.82973469
87085_1285_00026,rue du Consulat,26,,DX0130,1564709.76550000,5182563.97380000,1.25854347,45.82980884
87085_1285_00027,rue du Consulat,27,,DY0172,1564701.57130000,5182548.51610000,1.25844238,45.82966818
87085_1285_00028,rue du Consulat,28,,DX0131,1564705.94490000,5182561.41510000,1.25849503,45.82978507
87085_1285_00029,rue du Consulat,29,,DY0563,1564692.82120000,5182542.28950000,1.25833154,45.82961044
87085_1285_00030,rue du Consulat,30,,DX0132,1564702.06390000,5182558.77570000,1.25844583,45.82976056
87085_1285_00031,rue du Consulat,31,,DY0593,1564685.88850000,5182537.59340000,1.25824365,45.82956684
87085_1285_00032,rue du Consulat,32,,DX0133,1564697.78960000,5182555.69490000,1.25839170,45.82973201
87085_1285_00034,rue du Consulat,34,,DX0134,1564692.81470000,5182552.38660000,1.25832861,45.82970127
87085_1285_00036,rue du Consulat,36,,DX0136,1564688.41250000,5182549.62270000,1.25827275,45.82967554
87085_1341_00015,rue du Coudert,15,,PE0037,1561492.38350000,5183176.26470000,1.21696659,45.83467627
87085_1341_00017,rue du Coudert,17,,PE0038,1561480.83500000,5183148.85350000,1.21682587,45.83442736
87085_1341_00019,rue du Coudert,19,,PE0031,1561453.64440000,5183117.25010000,1.21648507,45.83413760
87085_1341_00021,rue du Coudert,21,,PE0030,1561420.45630000,5183096.77350000,1.21606388,45.83394671
87085_1341_00023,rue du Coudert,23,,PE0028,1561390.50710000,5183089.34610000,1.21568061,45.83387387
87085_1341_00027,rue du Coudert,27,,PE0027,1561355.97430000,5183081.19720000,1.21523857,45.83379360
87085_1341_00029,rue du Coudert,29,,PE0036,1561301.52450000,5183064.47150000,1.21454270,45.83363217
87085_1341_00032,rue du Coudert,32,,PE0044,1561167.14190000,5183062.91160000,1.21281383,45.83359102
87085_1341_00034,rue du Coudert,34,,PE0043,1561138.06940000,5183058.52250000,1.21244098,45.83354567
87085_1341_00039,rue du Coudert,39,,PE0035,1561183.13490000,5183054.26940000,1.21302214,45.83351651
87085_1341_00041,rue du Coudert,41,,PE0007,1561152.53430000,5183050.47730000,1.21262944,45.83347622
87085_1341_00045,rue du Coudert,45,,PE0008,1561121.45770000,5183045.87510000,1.21223086,45.83342854
87085_1341_00046,rue du Coudert,46,,PE0001,1560987.85460000,5183028.96240000,1.21051647,45.83324941
87085_1341_00047,rue du Coudert,47,,PE0008,1561100.94670000,5183043.12260000,1.21196771,45.83339964
87085_1341_00048,rue du Coudert,48,,PH0044,1560959.40520000,5183016.08410000,1.21015410,45.83312781
87085_1341_00049,rue du Coudert,49,,PE0036,1561095.36660000,5183042.50320000,1.21189608,45.83339294
87085_1341_00051,rue du Coudert,51,,PE0010,1561076.63900000,5183039.19150000,1.21165604,45.83335937
87085_1341_00054,rue du Coudert,54,,PH0042,1560922.96570000,5182983.61070000,1.20969457,45.83282833
87085_1341_00055,rue du Coudert,55,,PE0011,1561052.53200000,5183035.00380000,1.21134703,45.83331683
87085_1341_00057,rue du Coudert,57,,PE0012,1561037.81870000,5183031.81430000,1.21115861,45.83328516
87085_1341_00057_b,rue du Coudert,57,b,PE0012,1561022.20830000,5183029.16850000,1.21095849,45.83325821
87085_1341_00060,rue du Coudert,60,,PH0068,1560854.20670000,5182924.42370000,1.20882688,45.83228201
87085_1341_00062,rue du Coudert,62,,PH0068,1560821.26600000,5182895.05490000,1.20841149,45.83201116
87085_1341_00063,rue du Coudert,63,,PE0051,1560952.99290000,5182998.91440000,1.21007654,45.83297207
87085_1341_00069,rue du Coudert,69,,PE0014,1560908.95060000,5182955.42410000,1.20952237,45.83257195
87085_1341_00071,rue du Coudert,71,,PE0015,1560888.18910000,5182937.70750000,1.20926033,45.83240838
87085_1341_00075,rue du Coudert,75,,PE0016,1560867.44940000,5182919.05740000,1.20899884,45.83223642
87085_1341_00077,rue du Coudert,77,,PE0017,1560850.43950000,5182904.76760000,1.20878409,45.83210443
87085_1341_00079,rue du Coudert,79,,PE0042,1560832.55610000,5182890.10950000,1.20855821,45.83196896
87085_1341_00093,rue du Coudert,93,,PD0007,1560670.86730000,5182809.64950000,1.20650088,45.83121244
87085_1341_00096,rue du Coudert,96,,PC0008,1560345.30480000,5182707.61500000,1.20234117,45.83022856
87085_1341_00099,rue du Coudert,99,,PD0014,1560587.52170000,5182774.22120000,1.20543866,45.83087686
87085_1341_00102,rue du Coudert,102,,PC0013,1560297.15070000,5182651.37700000,1.20173788,45.82971290
87085_1341_00108,rue du Coudert,108,,PC0012,1560224.99850000,5182629.74670000,1.20081573,45.82950366
87085_1341_00121,rue du Coudert,121,,PC0017,1560352.63070000,5182697.37420000,1.20243841,45.83013793
87085_1341_00123,rue du Coudert,123,,PC0016,1560337.41470000,5182670.95620000,1.20225029,45.82989720
87085_1341_00129,rue du Coudert,129,,PC0014,1560274.26920000,5182627.56850000,1.20145036,45.82949408
87085_1341_00131,rue du Coudert,131,,PC0018,1560388.36620000,5182629.08290000,1.20291808,45.82953088
87085_1341_00132,rue du Coudert,132,,OY0027,1559928.36180000,5182588.86570000,1.19701064,45.82907557
87085_1341_00133,rue du Coudert,133,,PC0033,1560351.74620000,5182602.08020000,1.20245471,45.82928054
87085_1341_00136,rue du Coudert,136,,OY0093,1559889.91400000,5182578.84130000,1.19651883,45.82897757
87085_1341_00140,rue du Coudert,140,,OY0029,1559875.06150000,5182573.50100000,1.19632927,45.82892650
87085_1341_00144,rue du Coudert,144,,OY0033,1559862.84100000,5182571.37870000,1.19617264,45.82890492
87085_1341_00146,rue du Coudert,146,,OY0032,1559851.15670000,5182592.09750001,1.19601600,45.82908900
87085_1341_00146_b,rue du Coudert,146,b,OY0032,1559850.83920000,5182570.18999999,1.19601900,45.82889200
87085_1341_00150,rue du Coudert,150,,OY0036,1559833.49790000,5182555.47060000,1.19579971,45.82875584
87085_1341_00154,rue du Coudert,154,,OY0071,1559825.16900000,5182542.67110000,1.19569627,45.82863901
87085_1341_00156,rue du Coudert,156,,OY0071,1559822.27870000,5182536.30870000,1.19566093,45.82858118
87085_1341_00161,rue du Coudert,161,,OZ0056,1559899.43970000,5182572.22020000,1.19664333,45.82891995
87085_1341_00161_b,rue du Coudert,161,b,OZ0059,1559895.07400000,5182548.53990000,1.19659406,45.82870604
87085_1341_00163,rue du Coudert,163,,OZ0055,1559877.00820000,5182553.86960000,1.19636004,45.82875031
87085_1341_00165,rue du Coudert,165,,OZ0054,1559867.90540000,5182554.39200000,1.19624276,45.82875315
87085_1341_00166,rue du Coudert,166,,OY0078,1559791.39790000,5182503.91440000,1.19527303,45.82828349
87085_1341_00167,rue du Coudert,167,,OZ0053,1559863.39760000,5182554.55160000,1.19618471,45.82875367
87085_1341_00168,rue du Coudert,168,,OY0077,1559792.51170000,5182510.27780000,1.19528550,45.82834096
87085_1341_00169,rue du Coudert,169,,OZ0052,1559850.95100000,5182557.92280000,1.19602357,45.82878146
87085_1341_00170,rue du Coudert,170,,OY0076,1559793.88180000,5182515.84100000,1.19530151,45.82839128
87085_1341_00171,rue du Coudert,171,,OZ0051,1559841.47140000,5182552.68520000,1.19590312,45.82873241
87085_1341_00173,rue du Coudert,173,,OZ0050,1559834.36440000,5182541.63100000,1.19581489,45.82863152
87085_1341_00176,rue du Coudert,176,,OY0121,1559792.12980000,5182531.51310000,1.19527440,45.82853190
87085_1341_00177,rue du Coudert,177,,OZ0098,1559808.03710000,5182500.94590000,1.19548799,45.82826018
87085_1341_00178,rue du Coudert,178,,OY0069,1559786.67300000,5182533.27010000,1.19520367,45.82854659
87085_1341_00181,rue du Coudert,181,,OZ0040,1559803.43510000,5182489.05770000,1.19543224,45.82815230
87085_1341_00183,rue du Coudert,183,,OZ0043,1559826.83490000,5182478.63760000,1.19573637,45.82806334
87085_1341_00185,rue du Coudert,185,,OZ0037,1559812.61080000,5182474.71380000,1.19555449,45.82802514
87085_1341_00189,rue du Coudert,189,,OZ0036,1559786.70170000,5182468.36440000,1.19522297,45.82796274
87085_1341_00191,rue du Coudert,191,,OZ0039,1559782.95060000,5182479.30020000,1.19517151,45.82806035
87085_1341_00193,rue du Coudert,193,,OZ0035,1559777.08560000,5182474.51440000,1.19509744,45.82801611
87085_1341_00194,rue du Coudert,194,,OY0089,1559782.19200000,5182515.00850000,1.19515134,45.82838141
87085_1341_00195,rue du Coudert,195,,OZ0034,1559758.81980000,5182456.36590000,1.19486770,45.82784913
87085_1341_00202,rue du Coudert,202,,OY0061,1559766.08730000,5182477.09260000,1.19495517,45.82803706
87085_1341_00203,rue du Coudert,203,,OZ0091,1559697.89100000,5182393.21070000,1.19410215,45.82726859
87085_1341_00206,rue du Coudert,206,,OY0098,1559756.44990000,5182466.68010000,1.19483420,45.82794143
87085_1341_00214,rue du Coudert,214,,OY0060,1559684.34330000,5182394.72720000,1.19392738,45.82727947
87085_1341_00220,rue du Coudert,220,,OY0058,1559638.97000000,5182397.40480000,1.19334278,45.82729430
87085_1341_00241,rue du Coudert,241,,OT0033,1559389.12160000,5182175.32590000,1.19019290,45.82524557
87085_1455_00007,rue du Crucifix,7,,CY0066,1564547.48000000,5183694.35700000,1.25613668,45.83994535
87085_1455_00008,rue du Crucifix,8,,CY0052,1564576.02690000,5183696.79810000,1.25650340,45.83997293
87085_1455_00009,rue du Crucifix,9,,CY0067,1564535.23210000,5183699.42630000,1.25597762,45.83998854
87085_1455_00010,rue du Crucifix,10,,CY0051,1564565.36460000,5183701.34760000,1.25636489,45.84001176
87085_1455_00011,rue du Crucifix,11,,CY0068,1564526.77140000,5183703.15420000,1.25586768,45.84002041
87085_1455_00012,rue du Crucifix,12,,CY0050,1564556.55690000,5183705.17990000,1.25625045,45.84004450
87085_1455_00013,rue du Crucifix,13,,CY0069,1564515.57650000,5183707.83800000,1.25572227,45.84006033
87085_1455_00014,rue du Crucifix,14,,CY0049,1564549.62010000,5183707.97620000,1.25616039,45.84006828
87085_1455_00016,rue du Crucifix,16,,CY0049,1564539.95610000,5183711.75220000,1.25603494,45.84010035
87085_1455_00018,rue du Crucifix,18,,CY0048,1564531.72870000,5183715.68890000,1.25592794,45.84013414
87085_1455_00019,rue du Crucifix,19,,CY0096,1564477.08830000,5183723.47100000,1.25522251,45.84019338
87085_1455_00020,rue du Crucifix,20,,CY0047,1564522.55670000,5183719.19260000,1.25580891,45.84016385
87085_1455_00022,rue du Crucifix,22,,CY0142,1564513.38480000,5183724.20780000,1.25568945,45.84020716
87085_1455_00023,rue du Crucifix,23,,CY0144,1564462.38510000,5183730.03990000,1.25503143,45.84024957
87085_1455_00024,rue du Crucifix,24,,CY0138,1564485.81040000,5183734.18830000,1.25533175,45.84029150
87085_1455_00025,rue du Crucifix,25,,CY0100,1564450.58010000,5183734.99560000,1.25487809,45.84029182
87085_1455_00027,rue du Crucifix,27,,CY0101,1564439.02000000,5183739.80930000,1.25472795,45.84033284
87085_1455_00028,rue du Crucifix,28,,CY0138,1564460.73470000,5183744.33540000,1.25500615,45.84037784
87085_1455_00029,rue du Crucifix,29,,CY0102,1564429.27360000,5183744.32440000,1.25460124,45.84037154
87085_1455_00030,rue du Crucifix,30,,CY0107,1564449.73540000,5183748.99800000,1.25486327,45.84041761
87085_1455_00031,rue du Crucifix,31,,CY0103,1564424.32580000,5183746.25700000,1.25453702,45.84038795
87085_1455_00032,rue du Crucifix,32,,CY0106,1564442.52830000,5183752.01220000,1.25476967,45.84044331
87085_1455_00034,rue du Crucifix,34,,CY0105,1564436.90830000,5183754.31610000,1.25469668,45.84046293
87085_1455_00036,rue du Crucifix,36,,CY0104,1564427.84410000,5183758.27350000,1.25457891,45.84049674
87085_1540_00005,rue du Désert,5,,BD0220,1563979.34660000,5183376.71660000,1.24891458,45.83697585
87085_1540_00006,rue du Désert,6,,BD0092,1563973.88470000,5183369.25110000,1.24884640,45.83690761
87085_1540_00008,rue du Désert,8,,BD0091,1563976.26010000,5183355.14560000,1.24888096,45.83678119
87085_1540_00010,rue du Désert,10,,BD0225,1563976.56330000,5183342.45960000,1.24888845,45.83666714
87085_1540_00012,rue du Désert,12,,BD0243,1563965.74490000,5183326.93710000,1.24875362,45.83652536
87085_1540_00015,rue du Désert,15,,BD0238,1563974.29470000,5183325.36130000,1.24886409,45.83651288
87085_1540_00019,rue du Désert,19,,BD0238,1563961.02830000,5183311.43940000,1.24869730,45.83638502
87085_2081_00005,rue du Fraud,5,,RO0047,1561428.87690000,5185225.42680000,1.21555842,45.85309665
87085_2081_00007,rue du Fraud,7,,RO0014,1561408.61090000,5185229.61960000,1.21529633,45.85313028
87085_2081_00008,rue du Fraud,8,,RT0015,1561376.43860000,5185252.67330000,1.21487552,45.85333117
87085_2081_00020,rue du Fraud,20,,RT0010,1561214.16830000,5185290.00420000,1.21277580,45.85363424
87085_2081_00027,rue du Fraud,27,,RO0010,1561187.44880000,5185283.66650000,1.21243366,45.85357183
87085_2081_00029,rue du Fraud,29,,RO0009,1561160.23620000,5185288.10910000,1.21208206,45.85360630
87085_2081_00033,rue du Fraud,33,,RO0008,1561097.93450000,5185303.88460000,1.21127548,45.85373562
87085_2081_00042,rue du Fraud,42,,RO0049,1560943.79660000,5185350.57750000,1.20927770,45.85412448
87085_2081_00043,rue du Fraud,43,,RO0006,1560869.39950000,5185354.21830000,1.20831891,45.85414218
87085_2081_00046,rue du Fraud,46,,RO0050,1560896.27450000,5185362.40150000,1.20866251,45.85422123
87085_2081_00048,rue du Fraud,48,,RO0051,1560877.27000000,5185367.08070000,1.20841650,45.85425948
87085_2081_00076,rue du Fraud,76,,RO0001,1560584.69310000,5185480.06100001,1.20461727,45.85521651
87085_2081_00078,rue du Fraud,78,,RV0052,1560572.97330000,5185435.23380000,1.20447940,45.85481089
87085_2190_00001,rue du Général Cerez,1,,DW0048,1564829.91510000,5183023.67450000,1.25996030,45.83396774
87085_2190_00002,rue du Général Cerez,2,,DW0157,1564797.11460000,5182996.99050000,1.25954570,45.83372126
87085_2190_00003,rue du Général Cerez,3,,DW0193,1564822.98590000,5183013.20870000,1.25987407,45.83387224
87085_2190_00004,rue du Général Cerez,4,,DW0156,1564787.45630000,5182980.87300000,1.25942594,45.83357437
87085_2190_00005,rue du Général Cerez,5,,DW0050,1564816.63430000,5183003.13110000,1.25979517,45.83378033
87085_2190_00005_bis,rue du Général Cerez,5,bis,DW0052,1564807.13710000,5182988.36970000,1.25967710,45.83364568
87085_2190_00006,rue du Général Cerez,6,,DW0155,1564781.50870000,5182971.28210000,1.25935210,45.83348693
87085_2190_00007,rue du Général Cerez,7,,DW0053,1564803.94120000,5182976.68190000,1.25963926,45.83353991
87085_2190_00007_bis,rue du Général Cerez,7,bis,DW0053,1564797.43840000,5182965.67790000,1.25955867,45.83343965
87085_2190_00008_a,rue du Général Cerez,8,a,DW0154,1564776.33210000,5182963.63760000,1.25928800,45.83341700
87085_2190_00008_b,rue du Général Cerez,8,b,DW0154,1564772.73380000,5182957.92260000,1.25924293,45.83336503
87085_2190_00008_c,rue du Général Cerez,8,c,DW0154,1564769.87630000,5182953.68930000,1.25920735,45.83332638
87085_2190_00008_d,rue du Général Cerez,8,d,DW0154,1564767.23050000,5182949.56180000,1.25917447,45.83328873
87085_2190_00009,rue du Général Cerez,9,,DW0053,1564789.63710000,5182953.93990000,1.25946158,45.83333252
87085_2190_00010,rue du Général Cerez,10,,DW0152,1564762.79120000,5182943.16620000,1.25911914,45.83323033
87085_2190_00011,rue du Général Cerez,11,,DW0057,1564777.23860000,5182941.74510000,1.25930546,45.83322039
87085_2190_00015,rue du Général Cerez,15,,DW0058,1564764.54560000,5182922.00430000,1.25914767,45.83304031
87085_2311_00003,rue du Grand Pré,3,,LO0321,1568258.92550000,5187728.12700000,1.30279804,45.87695289
87085_2311_00005,rue du Grand Pré,5,,LO0322,1568267.26420000,5187728.61610000,1.30290529,45.87695889
87085_2311_00006,rue du Grand Pré,6,,LO0375,1568263.13070000,5187709.90500000,1.30285720,45.87678978
87085_2311_00007,rue du Grand Pré,7,,LO0323,1568275.32180000,5187728.92180000,1.30300898,45.87696318
87085_2311_00008,rue du Grand Pré,8,,LO0374,1568263.69650000,5187702.78880000,1.30286644,45.87672587
87085_2311_00009,rue du Grand Pré,9,,LO0324,1568283.54920000,5187729.57870000,1.30311476,45.87697067
87085_2311_00010,rue du Grand Pré,10,,LO0371,1568264.03700000,5187697.10830000,1.30287238,45.87667484
87085_2311_00011,rue du Grand Pré,11,,LO0325,1568293.93150000,5187734.02200000,1.30324726,45.87701263
87085_2311_00012,rue du Grand Pré,12,,LO0370,1568265.63790000,5187695.01000000,1.30289357,45.87665627
87085_2311_00014,rue du Grand Pré,14,,LO0369,1568271.57720000,5187695.22190000,1.30297001,45.87665931
87085_2311_00015,rue du Grand Pré,15,,LO0327,1568305.58090000,5187767.60190000,1.30338808,45.87731693
87085_2311_00016,rue du Grand Pré,16,,LO0368,1568278.44970000,5187695.69990000,1.30305839,45.87666493
87085_2311_00017,rue du Grand Pré,17,,LO0328,1568305.84080000,5187775.81230000,1.30338917,45.87739084
87085_2311_00018,rue du Grand Pré,18,,LO0367,1568284.53960000,5187696.21750000,1.30313667,45.87667075
87085_2311_00019,rue du Grand Pré,19,,LO0329,1568306.11970000,5187784.32950000,1.30339043,45.87746751
87085_2311_00020,rue du Grand Pré,20,,LO0366,1568286.47930000,5187698.18890000,1.30316112,45.87668886
87085_2311_00021,rue du Grand Pré,21,,LO0330,1568306.39170000,5187792.41870000,1.30339171,45.87754033
87085_2311_00022,rue du Grand Pré,22,,LO0365,1568286.24760000,5187702.96540000,1.30315682,45.87673178
87085_2311_00023,rue du Grand Pré,23,,LO0331,1568306.67330000,5187799.48910000,1.30339340,45.87760399
87085_2311_00024,rue du Grand Pré,24,,LO0364,1568285.84620000,5187708.51280000,1.30315013,45.87678161
87085_2311_00025,rue du Grand Pré,25,,LO0332,1568306.96620000,5187808.13370000,1.30339480,45.87768181
87085_2311_00026,rue du Grand Pré,26,,LO0363,1568285.62250000,5187714.30729998,1.30314566,45.87683369
87085_2311_00027,rue du Grand Pré,27,,LO0333,1568307.12870000,5187814.43200000,1.30339516,45.87773850
87085_2311_00028,rue du Grand Pré,28,,LO0361,1568306.06170000,5187733.68490000,1.30340358,45.87701192
87085_2311_00029,rue du Grand Pré,29,,LO0434,1568308.52600000,5187819.40560000,1.30341179,45.87778351
87085_2311_00030,rue du Grand Pré,30,,LO0360,1568313.88330000,5187752.48650000,1.30349915,45.87718255
87085_2311_00031,rue du Grand Pré,31,,LO0335,1568314.48390000,5187819.31950000,1.30348855,45.87778387
87085_2311_00032,rue du Grand Pré,32,,LO0358,1568326.32790000,5187788.87360000,1.30364944,45.87751226
87085_2311_00033,rue du Grand Pré,33,,LO0336,1568321.07140000,5187819.19210000,1.30357343,45.87778399
87085_2311_00034,rue du Grand Pré,34,,LO0357,1568333.17240000,5187792.13230000,1.30373670,45.87754289
87085_2311_00035,rue du Grand Pré,35,,LO0337,1568327.54780000,5187819.08300000,1.30365687,45.87778425
87085_2311_00036,rue du Grand Pré,36,,LO0356,1568340.50560000,5187795.26730000,1.30383029,45.87757250
87085_2311_00037,rue du Grand Pré,37,,LO0338,1568329.11930000,5187813.77900000,1.30367856,45.87773684
87085_2311_00038,rue du Grand Pré,38,,LO0355,1568352.69200000,5187801.84360000,1.30398543,45.87763399
87085_2311_00039,rue du Grand Pré,39,,LO0340,1568358.99910000,5187825.08330000,1.30406029,45.87784425
87085_2311_00040,rue du Grand Pré,40,,LO0354,1568364.33580000,5187816.22620000,1.30413145,45.87776560
87085_2311_00041,rue du Grand Pré,41,,LO0341,1568360.40740000,5187833.85770000,1.30407602,45.87792345
87085_2311_00042,rue du Grand Pré,42,,LO0353,1568368.63080000,5187831.74270000,1.30418251,45.87790600
87085_2311_00043,rue du Grand Pré,43,,LO0342,1568360.88070000,5187841.85260000,1.30407992,45.87799546
87085_2311_00044,rue du Grand Pré,44,,LO0352,1568368.98440000,5187840.93800000,1.30418454,45.87798879
87085_2311_00045,rue du Grand Pré,45,,LO0343,1568361.05520000,5187849.54310000,1.30408006,45.87806468
87085_2311_00046,rue du Grand Pré,46,,LO0351,1568369.19330000,5187848.85580000,1.30418506,45.87806005
87085_2311_00047,rue du Grand Pré,47,,LO0344,1568361.28520000,5187857.89870000,1.30408073,45.87813989
87085_2311_00048,rue du Grand Pré,48,,LO0350,1568369.48950000,5187856.61660000,1.30418675,45.87812992
87085_2311_00049,rue du Grand Pré,49,,LO0345,1568361.70650000,5187866.50350000,1.30408380,45.87821737
87085_2311_00050,rue du Grand Pré,50,,LO0349,1568369.82610000,5187866.27200000,1.30418843,45.87821685
87085_2311_00053,rue du Grand Pré,53,,LO0347,1568377.84800000,5187896.33350000,1.30428351,45.87848880
87085_2314_00007,rue du Grand Theil,7,,LZ0004,1566318.98970000,5187127.71200000,1.27798105,45.87117715
87085_2314_00023,rue du Grand Theil,23,,MB0086,1566487.63720000,5187267.94950000,1.28011382,45.87247146
87085_2314_00027,rue du Grand Theil,27,,MB0088,1566486.60180000,5187314.56280000,1.28008752,45.87289057
87085_2314_00031,rue du Grand Theil,31,,MB0087,1566496.76290000,5187389.85590000,1.28019700,45.87357000
87085_2314_00033,rue du Grand Theil,33,,MB0098,1566408.78390000,5187485.02380000,1.27903800,45.87440900
87085_2314_00034,rue du Grand Theil,34,,MB0076,1566532.69200000,5187423.35280000,1.28065082,45.87387815
87085_2314_00038,rue du Grand Theil,38,,MB0075,1566559.60400000,5187455.39720000,1.28098849,45.87417164
87085_2314_00041,rue du Grand Theil,41,,MB0021,1566568.60500000,5187478.05640000,1.28109811,45.87437722
87085_2314_00042,rue du Grand Theil,42,,MB0106,1566586.92690000,5187487.92220000,1.28133132,45.87446952
87085_2314_00043,rue du Grand Theil,43,,MB0023,1566588.53050000,5187500.21400000,1.28134855,45.87458041
87085_2314_00044,rue du Grand Theil,44,,MB0066,1566603.63260000,5187505.42280000,1.28154160,45.87463020
87085_2314_00046,rue du Grand Theil,46,,MB0065,1566616.97440000,5187520.89320000,1.28170912,45.87477195
87085_2314_00048,rue du Grand Theil,48,,MB0064,1566628.15260000,5187533.81650000,1.28184948,45.87489037
87085_2314_00049,rue du Grand Theil,49,,MB0024,1566614.05440000,5187530.06920000,1.28166896,45.87485393
87085_2314_00050,rue du Grand Theil,50,,MB0063,1566637.77650000,5187544.57450000,1.28197044,45.87498902
87085_2314_00051,rue du Grand Theil,51,,MB0113,1566637.17080000,5187557.18700000,1.28195913,45.87510236
87085_2314_00052,rue du Grand Theil,52,,MB0026,1566663.10950000,5187573.44450000,1.28228866,45.87525363
87085_2314_00054,rue du Grand Theil,54,,MB0030,1566675.73670000,5187587.53080000,1.28244737,45.87538280
87085_2314_00055,rue du Grand Theil,55,,MB0115,1566618.26670000,5187606.44830000,1.28170199,45.87554182
87085_2314_00056,rue du Grand Theil,56,,MB0031,1566689.23750000,5187603.51150000,1.28261680,45.87552917
87085_2314_00058,rue du Grand Theil,58,,MB0034,1566705.89810000,5187623.31150000,1.28282587,45.87571052
87085_2314_00059,rue du Grand Theil,59,,MI0035,1566669.46990000,5187595.24720000,1.28236452,45.87545100
87085_2314_00060,rue du Grand Theil,60,,MB0035,1566722.32320000,5187642.22020000,1.28303215,45.87588380
87085_2314_00061,rue du Grand Theil,61,,MI0036,1566682.11180000,5187610.45520000,1.28252311,45.87559025
87085_2314_00062,rue du Grand Theil,62,,LY0175,1566748.89330000,5187675.20660000,1.28336518,45.87618569
87085_2314_00063,rue du Grand Theil,63,,MI0213,1566694.48380000,5187624.47810000,1.28267855,45.87571880
87085_2314_00064,rue du Grand Theil,64,,LY0174,1566759.10900000,5187687.22020000,1.28349341,45.87629574
87085_2314_00065,rue du Grand Theil,65,,MI0209,1566711.48830000,5187644.23750000,1.28289205,45.87589985
87085_2314_00068,rue du Grand Theil,68,,LY0173,1566786.16520000,5187719.35070000,1.28383294,45.87659001
87085_2314_00070,rue du Grand Theil,70,,LY0172,1566802.51440000,5187738.23640000,1.28403826,45.87676307
87085_2320_00002,rue du Grand Treuil,2,,DS0087,1565562.46980000,5183679.84880000,1.26920394,45.84001403
87085_2320_00004,rue du Grand Treuil,4,,DS0085,1565558.45330000,5183697.20960000,1.26914740,45.84016941
87085_2320_00006,rue du Grand Treuil,6,,DS0084,1565562.57280000,5183708.58310000,1.26919723,45.84027253
87085_2320_00007,rue du Grand Treuil,7,,DS0321,1565552.03270000,5183717.71780000,1.26905902,45.84035264
87085_2320_00008,rue du Grand Treuil,8,,DS0081,1565564.44810000,5183715.38800000,1.26921947,45.84033411
87085_2320_00009,rue du Grand Treuil,9,,DS0051,1565553.97750000,5183724.68460000,1.26908210,45.84041569
87085_2320_00010,rue du Grand Treuil,10,,DS0333,1565566.45460000,5183722.22520000,1.26924338,45.84039601
87085_2320_00011,rue du Grand Treuil,11,,DS0052,1565555.89710000,5183732.75460000,1.26910455,45.84048866
87085_2320_00012,rue du Grand Treuil,12,,DS0334,1565568.27610000,5183729.48450000,1.26926479,45.84046167
87085_2320_00013,rue du Grand Treuil,13,,DS0053,1565558.28990000,5183741.44210000,1.26913292,45.84056728
87085_2320_00014,rue du Grand Treuil,14,,DS0076,1565570.45860000,5183738.57960000,1.26929034,45.84054391
87085_2320_00015,rue du Grand Treuil,15,,DS0054,1565561.05300000,5183752.05340000,1.26916551,45.84066328
87085_2320_00016,rue du Grand Treuil,16,,DS0073,1565572.77330000,5183747.31040000,1.26931768,45.84062290
87085_2320_00017,rue du Grand Treuil,17,,DS0378,1565562.59140000,5183758.21790000,1.26918359,45.84071903
87085_2320_00018,rue du Grand Treuil,18,,DS0072,1565575.06100000,5183755.23290000,1.26934491,45.84069462
87085_2320_00019,rue du Grand Treuil,19,,DS0056,1565563.68290000,5183763.16180000,1.26919625,45.84076372
87085_2320_00020,rue du Grand Treuil,20,,DS0069,1565576.38950000,5183759.61930000,1.26936078,45.84073433
87085_2320_00021,rue du Grand Treuil,21,,DS0349,1565565.55300000,5183769.72470000,1.26921849,45.84082312
87085_2320_00022,rue du Grand Treuil,22,,DS0411,1565579.15280000,5183772.24080000,1.26939282,45.84084841
87085_2320_00023,rue du Grand Treuil,23,,DS0350,1565567.26510000,5183776.06140000,1.26923875,45.84088046
87085_2320_00025,rue du Grand Treuil,25,,CV1770,1565562.84400000,5183832.64270000,1.26916602,45.84138858
87085_2320_00026,rue du Grand Treuil,26,,CT0440,1565596.55220000,5183826.79630000,1.26960150,45.84134257
87085_2320_00028,rue du Grand Treuil,28,,CT0440,1565619.79890000,5183822.37390000,1.26990194,45.84130733
87085_2320_00029,rue du Grand Treuil,29,,CV0446,1565528.31800000,5183848.27700000,1.26871727,45.84152246
87085_2320_00030,rue du Grand Treuil,30,,CT0690,1565594.83780000,5183856.88330000,1.26957102,45.84161289
87085_2320_00030_bis,rue du Grand Treuil,30,bis,CT0691,1565596.64350000,5183864.70780000,1.26959207,45.84168363
87085_2320_00031,rue du Grand Treuil,31,,CV0446,1565544.33620000,5183856.70780000,1.26892108,45.84160144
87085_2320_00032,rue du Grand Treuil,32,,CT0435,1565598.15620000,5183873.26630000,1.26960915,45.84176091
87085_2320_00032_bis,rue du Grand Treuil,32,bis,CT0435,1565599.98560000,5183883.99390000,1.26962969,45.84185777
87085_2320_00033,rue du Grand Treuil,33,,CV0446,1565559.50310000,5183861.39280000,1.26911498,45.84164655
87085_2320_00034,rue du Grand Treuil,34,,CT0443,1565601.34280000,5183892.43190000,1.26964480,45.84193394
87085_2320_00035,rue du Grand Treuil,35,,CV0446,1565577.48620000,5183866.28940000,1.26934506,45.84169411
87085_2320_00036,rue du Grand Treuil,36,,CT0443,1565602.11710000,5183900.41510000,1.26965254,45.84200591
87085_2320_00038,rue du Grand Treuil,38,,CT0444,1565604.59620000,5183912.30680000,1.26968112,45.84211336
87085_2320_00043,rue du Grand Treuil,43,,CV0427,1565595.72520000,5183918.22220000,1.26956529,45.84216484
87085_2320_00045_bis,rue du Grand Treuil,45,bis,CV0320,1565603.48570000,5183978.19530000,1.26964840,45.84270585
87085_2320_00047,rue du Grand Treuil,47,,CV0319,1565605.91410000,5183984.86840000,1.26967779,45.84276636
87085_2320_00048,rue du Grand Treuil,48,,CT1092,1565619.60320000,5183987.34020000,1.26985329,45.84279127
87085_2320_00049,rue du Grand Treuil,49,,CV0318,1565609.06750000,5183993.08540000,1.26971608,45.84284089
87085_2320_00050,rue du Grand Treuil,50,,CT0568,1565622.53670000,5183995.54010000,1.26988875,45.84286560
87085_2320_00051,rue du Grand Treuil,51,,CV0317,1565611.96670000,5184001.13340000,1.26975114,45.84291385
87085_2320_00053,rue du Grand Treuil,53,,CV0316,1565615.13840000,5184009.94940000,1.26978950,45.84299378
87085_2320_00054,rue du Grand Treuil,54,,CT1098,1565635.72820000,5184029.44600000,1.27004906,45.84317319
87085_2320_00056,rue du Grand Treuil,56,,CT0485,1565639.64400000,5184040.02000000,1.27009650,45.84326907
87085_2320_00058,rue du Grand Treuil,58,,CT0486,1565643.02940000,5184048.90530000,1.27013759,45.84334966
87085_2320_00060,rue du Grand Treuil,60,,CT0487,1565645.70600000,5184056.25730000,1.27016999,45.84341632
87085_2320_00062,rue du Grand Treuil,62,,CT0488,1565650.70850000,5184069.75130000,1.27023060,45.84353868
87085_2320_00064,rue du Grand Treuil,64,,CT0489,1565654.41340000,5184078.26060000,1.27027591,45.84361595
87085_2320_00066,rue du Grand Treuil,66,,CT0490,1565657.54110000,5184086.60450000,1.27031384,45.84369162
87085_2320_00072,rue du Grand Treuil,72,,CT0655,1565673.28320000,5184123.46640000,1.27050615,45.84402629
87085_2320_00075,rue du Grand Treuil,75,,CT1116,1565659.06080000,5184127.33380000,1.27032201,45.84405831
87085_2320_00078,rue du Grand Treuil,78,,CT0888,1565696.73840000,5184194.84570000,1.27078810,45.84467298
87085_2320_00080,rue du Grand Treuil,80,,CT0496,1565701.18100000,5184208.54520000,1.27084150,45.84479710
87085_2320_00081,rue du Grand Treuil,81,,CT0610,1565688.54630000,5184201.09510000,1.27068091,45.84472759
87085_2320_00082,rue du Grand Treuil,82,,CT0497,1565705.64650000,5184220.35380000,1.27089563,45.84490418
87085_2320_00083,rue du Grand Treuil,83,,CT0117,1565692.87440000,5184213.81900000,1.27073306,45.84484290
87085_2320_00085,rue du Grand Treuil,85,,CT0118,1565696.59380000,5184222.90240000,1.27077840,45.84492533
87085_2320_00091,rue du Grand Treuil,91,,CT1254,1565711.57960000,5184270.77900000,1.27095790,45.84535894
87085_2320_00092,rue du Grand Treuil,92,,CT0805,1565771.77430000,5184329.80250000,1.27171622,45.84590165
87085_2320_00095,rue du Grand Treuil,95,,CT0144,1565718.09720000,5184287.73820000,1.27103706,45.84551277
87085_2320_00096,rue du Grand Treuil,96,,CT0805,1565780.73410000,5184360.64800000,1.27182293,45.84618087
87085_2320_00097,rue du Grand Treuil,97,,CT0145,1565720.30650000,5184294.40350000,1.27106363,45.84557316
87085_2320_00098,rue du Grand Treuil,98,,CT0805,1565801.01770000,5184353.90630000,1.27208590,45.84612418
87085_2320_00102,rue du Grand Treuil,102,,CT0805,1565789.01440000,5184314.13970000,1.27194250,45.84576412
87085_2320_00103,rue du Grand Treuil,103,,CT0189,1565737.40190000,5184341.36600000,1.27127055,45.84599896
87085_2320_00105,rue du Grand Treuil,105,,CT0702,1565741.77080000,5184355.60840000,1.27132281,45.84612793
87085_2320_00105_bis,rue du Grand Treuil,105,bis,CT0701,1565744.92980000,5184363.61900000,1.27136123,45.84620061
87085_2320_00107,rue du Grand Treuil,107,,CT0700,1565747.27400000,5184373.32110000,1.27138870,45.84628834
87085_2320_00109,rue du Grand Treuil,109,,CT0757,1565749.29030000,5184379.76980000,1.27141285,45.84634674
87085_2320_00111,rue du Grand Treuil,111,,CT0756,1565751.08800000,5184385.36210000,1.27143443,45.84639740
87085_2320_00114,rue du Grand Treuil,114,,CT0263,1565770.18140000,5184411.04190000,1.27167302,45.84663213
87085_2320_00115,rue du Grand Treuil,115,,CT0182,1565753.40750000,5184392.40130000,1.27146232,45.84646118
87085_2320_00116,rue du Grand Treuil,116,,CT0264,1565772.26100000,5184423.29410000,1.27169636,45.84674276
87085_2320_00117,rue du Grand Treuil,117,,CT0181,1565755.49090000,5184403.74650000,1.27148596,45.84656364
87085_2320_00118,rue du Grand Treuil,118,,CT0265,1565774.78130000,5184441.59230000,1.27172369,45.84690785
87085_2320_00120,rue du Grand Treuil,120,,CT0267,1565776.17790000,5184451.89020000,1.27173879,45.84700076
87085_2320_00121,rue du Grand Treuil,121,,CT0179,1565759.33290000,5184428.39270000,1.27152853,45.84678610
87085_2320_00122,rue du Grand Treuil,122,,CT1481,1565777.55800000,5184461.50390000,1.27175387,45.84708751
87085_2320_00123,rue du Grand Treuil,123,,CT0178,1565761.49180000,5184442.80320000,1.27155229,45.84691615
87085_2320_00124,rue du Grand Treuil,124,,CT1443,1565779.68170000,5184490.88900000,1.27177300,45.84735226
87085_2320_00125,rue du Grand Treuil,125,,CT0675,1565763.29210000,5184455.40460000,1.27157195,45.84702986
87085_2320_00126,rue du Grand Treuil,126,,CT0271,1565782.24800000,5184506.41700000,1.27180170,45.84749245
87085_2320_00128,rue du Grand Treuil,128,,CT0755,1565784.32960000,5184518.91920000,1.27182500,45.84760532
87085_2320_00130,rue du Grand Treuil,130,,CT0929,1565785.98750000,5184530.08490000,1.27184322,45.84770608
87085_2320_00134,rue du Grand Treuil,134,,CT0923,1565789.43180000,5184553.17690000,1.27188110,45.84791448
87085_2320_00135,rue du Grand Treuil,135,,CT0048,1565771.51340000,5184517.75360000,1.27166035,45.84759233
87085_2320_00139,rue du Grand Treuil,139,,CT0047,1565778.64950000,5184565.23980000,1.27173894,45.84802089
87085_1598_00001,rue Duguay-Trouin,1,,PR0178,1560106.67710000,5183976.94180000,1.19890115,45.84159821
87085_1598_00003,rue Duguay-Trouin,3,,PR0178,1560093.54310000,5183980.99350000,1.19873093,45.84163199
87085_1598_00004,rue Duguay-Trouin,4,,PR0179,1560073.94530000,5183996.01700000,1.19847432,45.84176314
87085_1598_00005,rue Duguay-Trouin,5,,PR0178,1560080.66460000,5183984.58500000,1.19856413,45.84166167
87085_1598_00006,rue Duguay-Trouin,6,,PR0179,1560063.44680000,5183998.92680000,1.19833835,45.84178718
87085_1598_00007,rue Duguay-Trouin,7,,PR0178,1560066.34280000,5183988.55560000,1.19837865,45.84169448
87085_1598_00008,rue Duguay-Trouin,8,,PR0179,1560043.65330000,5184005.92020000,1.19808157,45.84184606
87085_1598_00009,rue Duguay-Trouin,9,,PR0178,1560051.08820000,5183993.62210000,1.19818084,45.84173695
87085_1598_00010,rue Duguay-Trouin,10,,PR0179,1560031.26100000,5184011.34230000,1.19792049,45.84189231
87085_1598_00011,rue Duguay-Trouin,11,,PR0178,1560038.73840000,5183998.01770000,1.19802061,45.84177397
87085_1598_00012,rue Duguay-Trouin,12,,PR0179,1560017.08310000,5184018.30780000,1.19773599,45.84195208
87085_1598_00014,rue Duguay-Trouin,14,,PR0179,1560006.99160000,5184024.14220000,1.19760440,45.84200251
87085_1598_00015,rue Duguay-Trouin,15,,PR0178,1560024.46790000,5184004.26810000,1.19783512,45.84182729
87085_1598_00016,rue Duguay-Trouin,16,,PR0179,1559991.97170000,5184034.01070000,1.19740822,45.84208823
87085_1598_00017,rue Duguay-Trouin,17,,PR0178,1560014.29510000,5184009.42290000,1.19770269,45.84187159
87085_1598_00018,rue Duguay-Trouin,18,,PR0179,1559980.31330000,5184042.33890000,1.19725574,45.84216077
87085_1598_00019,rue Duguay-Trouin,19,,PR0178,1560001.39080000,5184016.78120000,1.19753446,45.84193516
87085_1598_00020,rue Duguay-Trouin,20,,PR0179,1559969.83220000,5184050.84100000,1.19711837,45.84223511
87085_1598_00021,rue Duguay-Trouin,21,,PR0178,1559990.50640000,5184023.39430000,1.19739245,45.84199243
87085_1598_00022,rue Duguay-Trouin,22,,PR0179,1559960.28760000,5184059.74830000,1.19699293,45.84231329
87085_1598_00023,rue Duguay-Trouin,23,,PR0178,1559980.44470000,5184030.43720000,1.19726090,45.84205373
87085_1598_00025,rue Duguay-Trouin,25,,PR0178,1559970.13700000,5184038.79820000,1.19712580,45.84212685
87085_1598_00027,rue Duguay-Trouin,27,,PR0178,1559959.16570000,5184048.83250000,1.19698167,45.84221487
87085_1598_00029,rue Duguay-Trouin,29,,PR0178,1559948.93280000,5184058.61240000,1.19684711,45.84230076
87085_1598_00031,rue Duguay-Trouin,31,,PR0178,1559939.89020000,5184067.23650000,1.19672822,45.84237650
87085_1598_00033,rue Duguay-Trouin,33,,PR0178,1559927.98460000,5184078.97870000,1.19657156,45.84247970
87085_2345_00002,rue du Gué de Verthamont,2,,NK0187,1562467.10630000,5181622.81910000,1.22995456,45.82089784
87085_2345_00006,rue du Gué de Verthamont,6,,NK0305,1562459.61870000,5181610.20360000,1.22986184,45.82078286
87085_2345_00008,rue du Gué de Verthamont,8,,NK0182,1562453.17470000,5181601.51510000,1.22978142,45.82070342
87085_2345_00009,rue du Gué de Verthamont,9,,NK0190,1562458.13230000,5181589.30400000,1.22984869,45.82059456
87085_2345_00010,rue du Gué de Verthamont,10,,NK0179,1562447.88990000,5181593.13070000,1.22971582,45.82062694
87085_2345_00012,rue du Gué de Verthamont,12,,NK0178,1562443.83800000,5181586.29140000,1.22966565,45.82056460
87085_2345_00013,rue du Gué de Verthamont,13,,NK0191,1562447.79300000,5181572.80230000,1.22972039,45.82044405
87085_2345_00014,rue du Gué de Verthamont,14,,NK0177,1562437.49260000,5181576.48750000,1.22958681,45.82047514
87085_2345_00015,rue du Gué de Verthamont,15,,NK0196,1562441.41090000,5181562.64300000,1.22964118,45.82035139
87085_2345_00016,rue du Gué de Verthamont,16,,NK0175,1562429.51990000,5181565.39120000,1.22948741,45.82037373
87085_2345_00017,rue du Gué de Verthamont,17,,NK0197,1562428.34630000,5181550.97830000,1.22947644,45.82024385
87085_2345_00018,rue du Gué de Verthamont,18,,NK0176,1562415.47670000,5181555.77370000,1.22930949,45.82028441
87085_2345_00019,rue du Gué de Verthamont,19,,NK0198,1562417.54260000,5181544.07000000,1.22933942,45.82017954
87085_2345_00021,rue du Gué de Verthamont,21,,NK0199,1562397.14440000,5181535.21420000,1.22907952,45.82009580
87085_2345_00022,rue du Gué de Verthamont,22,,NK0170,1562396.35130000,5181547.27480000,1.22906586,45.82020413
87085_2345_00023,rue du Gué de Verthamont,23,,NK0202,1562385.52160000,5181526.53430000,1.22893247,45.82001539
87085_2345_00024,rue du Gué de Verthamont,24,,NK0169,1562383.81800000,5181537.33430000,1.22890746,45.82011220
87085_2345_00025,rue du Gué de Verthamont,25,,NK0203,1562369.69050000,5181508.56690000,1.22873393,45.81985060
87085_2345_00028,rue du Gué de Verthamont,28,,NK0165,1562370.01190000,5181523.20750000,1.22873388,45.81998236
87085_2345_00030,rue du Gué de Verthamont,30,,NK0164,1562360.57110000,5181511.00860000,1.22861591,45.81987074
87085_2345_00031,rue du Gué de Verthamont,31,,NK0204,1562360.11720000,5181495.84370000,1.22861441,45.81973423
87085_2345_00032,rue du Gué de Verthamont,32,,NK0163,1562354.93950000,5181503.56760000,1.22854558,45.81980268
87085_2345_00032_bis,rue du Gué de Verthamont,32,bis,NK0160,1562348.09310000,5181497.60440000,1.22845921,45.81974766
87085_2345_00033,rue du Gué de Verthamont,33,,NK0205,1562350.37450000,5181483.16840000,1.22849269,45.81961826
87085_2345_00034,rue du Gué de Verthamont,34,,NK0333,1562344.56780000,5181490.02090000,1.22841602,45.81967874
87085_2345_00035,rue du Gué de Verthamont,35,,NK0206,1562345.91660000,5181477.14820000,1.22843706,45.81956321
87085_2345_00037,rue du Gué de Verthamont,37,,NK0206,1562340.89980000,5181470.74640000,1.22837435,45.81950462
87085_2345_00042,rue du Gué de Verthamont,42,,NK0327,1562324.36000000,5181462.26090000,1.22816399,45.81942498
87085_2345_00044,rue du Gué de Verthamont,44,,NK0156,1562310.01000000,5181444.61310000,1.22798442,45.81926336
87085_2345_00048,rue du Gué de Verthamont,48,,NK0153,1562302.14590000,5181432.06230000,1.22788684,45.81914888
87085_2345_00049,rue du Gué de Verthamont,49,,NK0223,1562300.77430000,5181411.00940000,1.22787522,45.81895923
87085_2345_00050,rue du Gué de Verthamont,50,,NK0151,1562293.02300000,5181418.47850000,1.22777336,45.81902486
87085_2345_00052,rue du Gué de Verthamont,52,,NK0144,1562231.75530000,5181447.04480000,1.22697695,45.81926956
87085_2345_00054,rue du Gué de Verthamont,54,,NK0142,1562280.35830000,5181396.62950000,1.22761668,45.81882578
87085_2345_00055,rue du Gué de Verthamont,55,,NK0244,1562283.44740000,5181384.28210000,1.22765996,45.81871533
87085_2345_00063,rue du Gué de Verthamont,63,,NK0258,1562263.51130000,5181358.92940000,1.22741074,45.81848328
87085_2345_00066,rue du Gué de Verthamont,66,,NK0284,1562242.83570000,5181353.20920000,1.22714638,45.81842768
87085_2345_00074,rue du Gué de Verthamont,74,,NK0136,1562190.98810000,5181301.86550000,1.22649406,45.81795543
87085_2345_00076,rue du Gué de Verthamont,76,,NK0360,1562178.23180000,5181281.21450000,1.22633587,45.81776711
87085_2345_00078,rue du Gué de Verthamont,78,,NK0359,1562169.47830000,5181265.69610000,1.22622770,45.81762576
87085_2345_00081,rue du Gué de Verthamont,81,,NK0231,1562189.72910000,5181280.47070000,1.22648400,45.81776272
87085_2345_00082,rue du Gué de Verthamont,82,,NK0116,1562152.21280000,5181236.26700000,1.22601402,45.81735757
87085_2345_00083,rue du Gué de Verthamont,83,,NK0232,1562177.64910000,5181259.92190000,1.22633447,45.81757546
87085_2345_00085,rue du Gué de Verthamont,85,,NK0235,1562161.54560000,5181231.71300000,1.22613539,45.81731848
87085_2345_00115,rue du Gué de Verthamont,115,,NL0008,1561968.74590000,5181012.07870000,1.22371806,45.81530409
87085_2345_00148,rue du Gué de Verthamont,148,,NI0309,1561668.35580000,5180822.36590000,1.21990828,45.81353719
87085_2861_00003,rue du Lac,3,,KY0152,1568375.84410000,5192179.85560000,1.30308214,45.91702135
87085_2861_00009,rue du Lac,9,,KY0180,1568362.10660000,5192217.91820000,1.30289463,45.91736112
87085_2861_00015,rue du Lac,15,,KY0199,1568347.02630000,5192249.74130000,1.30269153,45.91764449
87085_2861_00017,rue du Lac,17,,KY0023,1568336.13150000,5192265.13190000,1.30254689,45.91778085
87085_2861_00019,rue du Lac,19,,KY0022,1568326.18800000,5192284.20020000,1.30241349,45.91795047
87085_2861_00021,rue du Lac,21,,KY0021,1568319.91370000,5192303.93610000,1.30232720,45.91812681
87085_2861_00023,rue du Lac,23,,KY0020,1568314.28300000,5192326.36320000,1.30224847,45.91832747
87085_2922_00003,rue du Languedoc,3,,BV0229,1564701.24060000,5185625.86200000,1.25757170,45.85735060
87085_2922_00004,rue du Languedoc,4,,BV0222,1564711.32610000,5185626.24000000,1.25770144,45.85735599
87085_2922_00005,rue du Languedoc,5,,BV0228,1564702.13150000,5185639.50390000,1.25757933,45.85747350
87085_2922_00006,rue du Languedoc,6,,BV0223,1564711.58710000,5185638.65700000,1.25770130,45.85746774
87085_2922_00007,rue du Languedoc,7,,BV0227,1564702.30050000,5185649.03190000,1.25757882,45.85755924
87085_2922_00008,rue du Languedoc,8,,BV0224,1564712.09010000,5185648.64220000,1.25770496,45.85755766
87085_2922_00009,rue du Languedoc,9,,BV0226,1564702.03410000,5185658.08340000,1.25757284,45.85764061
87085_2922_00010,rue du Languedoc,10,,BV0225,1564711.71650000,5185660.22480000,1.25769689,45.85766178
87085_2922_00012,rue du Languedoc,12,,BV0209,1564697.06360000,5185678.47500000,1.25750310,45.85782307
87085_2922_00014,rue du Languedoc,14,,BV0208,1564683.10210000,5185679.39850000,1.25732310,45.85782862
87085_2922_00015,rue du Languedoc,15,,BV0241,1564601.72190000,5185672.48680000,1.25627733,45.85775043
87085_2922_00016,rue du Languedoc,16,,BV0207,1564666.26260000,5185680.22890000,1.25710607,45.85783278
87085_2922_00018,rue du Languedoc,18,,BV0182,1564651.99280000,5185683.83610000,1.25692134,45.85786242
87085_2922_00020,rue du Languedoc,20,,BV0183,1564638.17380000,5185685.39540000,1.25674299,45.85787372
87085_2922_00022,rue du Languedoc,22,,BV0184,1564627.98360000,5185686.90210000,1.25661137,45.85788527
87085_2922_00024,rue du Languedoc,24,,BV0185,1564617.07660000,5185688.00040000,1.25647064,45.85789300
87085_2922_00026,rue du Languedoc,26,,BV0186,1564606.44700000,5185689.11600000,1.25633347,45.85790095
87085_2922_00028,rue du Languedoc,28,,BV0187,1564598.38040000,5185689.97680000,1.25622938,45.85790710
87085_2955_00004,rue du Lavoir,4,,DP0181,1564774.05580000,5183476.75170000,1.25911399,45.83803246
87085_2955_00005,rue du Lavoir,5,,DP0092,1564777.72920000,5183493.82510000,1.25915646,45.83818677
87085_2955_00007,rue du Lavoir,7,,DP0091,1564781.80260000,5183498.77560000,1.25920749,45.83823210
87085_2955_00008,rue du Lavoir,8,,DP0101,1564786.83270000,5183490.19920000,1.25927464,45.83815594
87085_2955_00009,rue du Lavoir,9,,DP0089,1564789.68310000,5183506.99240000,1.25930660,45.83830756
87085_2955_00011,rue du Lavoir,11,,DP0202,1564799.32850000,5183524.31930000,1.25942587,45.83846533
87085_2955_00012,rue du Lavoir,12,,DP0101,1564797.23880000,5183501.69320000,1.25940534,45.83826138
87085_2955_00018,rue du Lavoir,18,,DP0101,1564821.90170000,5183490.39910000,1.25972592,45.83816463
87085_2955_00020,rue du Lavoir,20,,DP0101,1564832.74340000,5183480.55780000,1.25986822,45.83807823
87085_2955_00024,rue du Lavoir,24,,DP0101,1564844.29390000,5183470.32470000,1.26001975,45.83798845
87085_2955_00026,rue du Lavoir,26,,DP0101,1564852.33550000,5183462.76250000,1.26012537,45.83792201
87085_3405_00002,rue du Masan,2,,ON0288,1561777.91890000,5182108.05190000,1.22094821,45.82512461
87085_3405_00003,rue du Masan,3,,ON0048,1561764.96450000,5182105.26210000,1.22078233,45.82509691
87085_3405_00004,rue du Masan,4,,ON0507,1561774.27170000,5182123.38980000,1.22089688,45.82526185
87085_3405_00007,rue du Masan,7,,ON0049,1561760.96340000,5182124.32510000,1.22072537,45.82526759
87085_3405_00009,rue du Masan,9,,ON0050,1561758.15790000,5182136.03370000,1.22068591,45.82537235
87085_3405_00011,rue du Masan,11,,ON0051,1561755.95950000,5182145.40190000,1.22065493,45.82545618
87085_3405_00013,rue du Masan,13,,ON0052,1561753.40010000,5182157.61820000,1.22061849,45.82556556
87085_3405_00016,rue du Masan,16,,ON0285,1561765.20400000,5182165.05440000,1.22076823,45.82563482
87085_3338_00015,rue du Mas Batin,15,,PV0042,1561707.67050000,5183460.49570000,1.21965532,45.83727639
87085_3338_00017,rue du Mas Batin,17,,PV0041,1561711.91480000,5183475.94090000,1.21970549,45.83741618
87085_3338_00018,rue du Mas Batin,18,,PX0025,1561732.49330000,5183529.51450000,1.21995492,45.83790224
87085_3338_00021,rue du Mas Batin,21,,PV0038,1561716.96630000,5183493.86210000,1.21976535,45.83757841
87085_3338_00023,rue du Mas Batin,23,,PV0037,1561719.41790000,5183504.35670000,1.21979388,45.83767330
87085_3338_00025,rue du Mas Batin,25,,PV0092,1561722.05940000,5183520.25310000,1.21982330,45.83781683
87085_3338_00026,rue du Mas Batin,26,,PX0024,1561736.62430000,5183611.87840000,1.21998439,45.83864397
87085_3338_00027,rue du Mas Batin,27,,PV0035,1561722.00570000,5183537.22079998,1.21981770,45.83796940
87085_3338_00031,rue du Mas Batin,31,,PV0033,1561723.49350000,5183556.60410000,1.21983130,45.83814411
87085_3338_00032,rue du Mas Batin,32,,PX0023,1561739.35110000,5183656.36310000,1.22000669,45.83904468
87085_3338_00034,rue du Mas Batin,34,,PX0022,1561740.93710000,5183671.82990000,1.22002265,45.83918413
87085_3338_00039,rue du Mas Batin,39,,PV0024,1561727.38280000,5183614.54830000,1.21986469,45.83866613
87085_3338_00041,rue du Mas Batin,41,,PV0023,1561728.74610000,5183634.39540000,1.21987652,45.83884494
87085_3338_00045,rue du Mas Batin,45,,PV0023,1561731.10130000,5183663.11470000,1.21989857,45.83910376
87085_3338_00058_b,rue du Mas Batin,58,b,PX0072,1561859.61850000,5183881.63010000,1.22148977,45.84109524
87085_3338_00059,rue du Mas Batin,59,,PV0047,1561802.24900000,5183820.30210000,1.22076904,45.84053204
87085_3338_00060,rue du Mas Batin,60,,PX0071,1561863.80240000,5183887.98520000,1.22152404,45.84113297
87085_3338_00061,rue du Mas Batin,61,,PV0045,1561825.70250000,5183851.81920000,1.22106183,45.84082026
87085_3338_00062,rue du Mas Batin,62,,PX0070,1561865.54860000,5183892.47000000,1.22156298,45.84119394
87085_3338_00064,rue du Mas Batin,64,,PX0073,1561869.69150000,5183907.47500000,1.22161198,45.84132975
87085_3338_00067,rue du Mas Batin,67,,PV0020,1561843.47910000,5183874.99630000,1.22128396,45.84103232
87085_3338_00068,rue du Mas Batin,68,,PX0065,1561869.05650000,5183931.12880000,1.22159701,45.84154240
87085_3338_00069,rue du Mas Batin,69,,PV0095,1561861.03620000,5183927.14790000,1.22149493,45.84150498
87085_3338_00070,rue du Mas Batin,70,,PX0065,1561891.03530000,5183951.21960000,1.22187412,45.84172754
87085_3338_00071,rue du Mas Batin,71,,PV0094,1561861.47670000,5183941.74670000,1.22149640,45.84163639
87085_3338_00072,rue du Mas Batin,72,,PX0045,1561909.67630000,5183953.07980000,1.22211350,45.84174802
87085_3338_00073,rue du Mas Batin,73,,PV0018,1561845.82290000,5183948.86030000,1.22129289,45.84169724
87085_3338_00074,rue du Mas Batin,74,,PX0063,1561972.28420000,5183965.96650000,1.22291560,45.84187651
87085_3338_00074_b,rue du Mas Batin,74,b,PX0062,1561991.73110000,5183968.08320000,1.22316528,45.84189946
87085_3338_00075,rue du Mas Batin,75,,PV0017,1561840.80960000,5183959.54630000,1.22122529,45.84179236
87085_3338_00076,rue du Mas Batin,76,,PX0009,1561928.41290000,5183960.32090000,1.22235257,45.84181692
87085_3338_00077,rue du Mas Batin,77,,PV0016,1561855.42360000,5183963.20550000,1.22141233,45.84182821
87085_3338_00078,rue du Mas Batin,78,,PX0060,1561885.52020000,5183957.17380000,1.22180142,45.84178000
87085_3338_00078_bis,rue du Mas Batin,78,bis,PX0060,1561876.11070000,5183956.26790000,1.22168058,45.84176996
87085_3338_00079,rue du Mas Batin,79,,PV0099,1561852.22010000,5183977.61480000,1.22136696,45.84195718
87085_3338_00080,rue du Mas Batin,80,,PX0008,1561865.24980000,5183963.18320000,1.22153880,45.84182998
87085_3339_00002,rue du Mas Bilier,2,,PR0262,1559763.45470000,5184100.33640000,1.19444773,45.84263828
87085_3339_00003,rue du Mas Bilier,3,,PO0158,1559745.92030000,5184150.57580000,1.19420739,45.84308663
87085_3339_00007,rue du Mas Bilier,7,,PO0066,1559788.01960000,5184206.36850000,1.19473296,45.84359710
87085_3339_00011,rue du Mas Bilier,11,,PO0073,1559807.49470000,5184259.43660000,1.19496814,45.84407844
87085_3339_00015,rue du Mas Bilier,15,,PO0074,1559815.92100000,5184283.55960000,1.19506956,45.84429715
87085_3339_00017,rue du Mas Bilier,17,,PO0075,1559822.23050000,5184301.52080000,1.19514553,45.84446001
87085_3339_00019,rue du Mas Bilier,19,,PO0076,1559825.60390000,5184313.82270000,1.19518536,45.84457136
87085_3339_00021,rue du Mas Bilier,21,,PO0077,1559831.49930000,5184330.39730000,1.19525640,45.84472165
87085_3339_00022,rue du Mas Bilier,22,,PR0096,1559874.10470000,5184415.56810000,1.19577995,45.84549648
87085_3339_00023,rue du Mas Bilier,23,,PO0078,1559838.06790000,5184350.58150000,1.19533506,45.84490456
87085_3339_00024,rue du Mas Bilier,24,,PR0096,1559880.08300000,5184434.65150000,1.19585133,45.84566937
87085_3339_00025,rue du Mas Bilier,25,,PO0079,1559843.52880000,5184365.96590000,1.19540086,45.84504406
87085_3339_00027,rue du Mas Bilier,27,,PO0119,1559856.49730000,5184399.45990000,1.19555801,45.84534800
87085_3339_00029,rue du Mas Bilier,29,,PO0119,1559862.01120000,5184417.91720000,1.19562360,45.84551515
87085_3339_00030,rue du Mas Bilier,30,,PR0095,1559898.98260000,5184491.24980000,1.19607809,45.84618234
87085_3339_00031,rue du Mas Bilier,31,,PO0119,1559869.00770000,5184436.31080000,1.19570829,45.84568203
87085_3339_00032,rue du Mas Bilier,32,,PR0004,1559907.69610000,5184518.40400000,1.19618233,45.84642838
87085_3339_00033,rue du Mas Bilier,33,,PO0119,1559875.86080000,5184456.42830000,1.19579063,45.84586440
87085_3339_00035,rue du Mas Bilier,35,,PO0118,1559882.05020000,5184476.68920000,1.19586439,45.84604791
87085_3339_00037,rue du Mas Bilier,37,,PO0118,1559888.28510000,5184493.67870000,1.19593969,45.84620201
87085_3339_00038,rue du Mas Bilier,38,,PR0001,1559924.88400000,5184569.01570000,1.19638881,45.84688716
87085_3339_00040,rue du Mas Bilier,40,,PP0001,1559933.52530000,5184593.07900000,1.19649302,45.84710538
87085_3339_00041,rue du Mas Bilier,41,,PO0038,1559908.82330000,5184566.69440000,1.19618276,45.84686300
87085_3339_00043,rue du Mas Bilier,43,,PO0037,1559921.46110000,5184611.62040000,1.19633233,45.84726971
87085_3339_00045,rue du Mas Bilier,45,,PO0040,1559933.54890000,5184635.35090000,1.19648100,45.84748563
87085_3339_00046,rue du Mas Bilier,46,,PP0002,1559954.56520000,5184656.20020000,1.19674544,45.84767746
87085_3339_00047,rue du Mas Bilier,47,,PO0040,1559943.27790000,5184664.60010000,1.19659770,45.84775070
87085_3349_00002,rue du Mas Blanc,2,,RR0069,1562069.99940000,5184909.26670000,1.22390247,45.85038157
87085_3349_00005,rue du Mas Blanc,5,,RP0270,1562005.91710000,5184966.22370000,1.22306121,45.85088106
87085_3349_00014,rue du Mas Blanc,14,,RR0002,1561901.10440000,5185044.85380000,1.22168939,45.85156733
87085_3349_00017,rue du Mas Blanc,17,,RP0139,1561870.19540000,5185051.20330000,1.22128968,45.85161824
87085_3349_00018,rue du Mas Blanc,18,,RR0003,1561882.50660000,5185064.05290000,1.22144447,45.85173630
87085_3349_00019,rue du Mas Blanc,19,,RP0035,1561869.55270000,5185064.75220000,1.22127751,45.85173999
87085_3349_00021,rue du Mas Blanc,21,,RP0036,1561867.70170000,5185074.58930000,1.22125085,45.85182810
87085_3349_00027,rue du Mas Blanc,27,,RS0180,1561886.85190000,5185100.27190000,1.22148999,45.85206298
87085_3360_00004,rue du Mas Bouyol,4,,IW0586,1562478.47990000,5182156.00690000,1.22994842,45.82569642
87085_3360_00005,rue du Mas Bouyol,5,,IW0123,1562467.81320000,5182144.42230000,1.22981449,45.82559008
87085_3360_00007,rue du Mas Bouyol,7,,IW0122,1562458.76440000,5182144.49590000,1.22969804,45.82558893
87085_3360_00008,rue du Mas Bouyol,8,,IW0579,1562455.30870000,5182155.95660000,1.22965029,45.82569134
87085_3360_00009,rue du Mas Bouyol,9,,IW0117,1562442.86770000,5182144.75700000,1.22949342,45.82558810
87085_3360_00010,rue du Mas Bouyol,10,,IW0115,1562444.51170000,5182156.34140000,1.22951126,45.82569264
87085_3360_00011,rue du Mas Bouyol,11,,IW0116,1562422.97860000,5182144.99870000,1.22923744,45.82558630
87085_3360_00014,rue du Mas Bouyol,14,,IW0046,1562397.10630000,5182156.70830000,1.22890120,45.82568646
87085_3360_00017,rue du Mas Bouyol,17,,IW0038,1562374.71170000,5182149.94330000,1.22861499,45.82562112
87085_3360_00018,rue du Mas Bouyol,18,,IW0589,1562375.15740000,5182160.80070000,1.22861761,45.82571888
87085_3360_00019,rue du Mas Bouyol,19,,IW0405,1562365.60820000,5182151.89720000,1.22849729,45.82563688
87085_3360_00020,rue du Mas Bouyol,20,,IW0044,1562361.29440000,5182163.86700000,1.22843836,45.82574369
87085_3360_00021,rue du Mas Bouyol,21,,IW0406,1562353.74100000,5182154.59350000,1.22834383,45.82565875
87085_3360_00022,rue du Mas Bouyol,22,,IW0043,1562348.67460000,5182166.71690000,1.22827517,45.82576680
87085_3360_00023,rue du Mas Bouyol,23,,IW0040,1562341.50640000,5182157.34030000,1.22818562,45.82568102
87085_3360_00025,rue du Mas Bouyol,25,,IW0392,1562330.80670000,5182159.75090000,1.22804726,45.82570056
87085_3360_00026,rue du Mas Bouyol,26,,IW0025,1562311.70130000,5182174.82320000,1.22779712,45.82583232
87085_3360_00028,rue du Mas Bouyol,28,,IW0024,1562296.41020000,5182178.24720000,1.22759939,45.82586006
87085_3360_00032,rue du Mas Bouyol,32,,IW0021,1562274.20550000,5182183.17230000,1.22731227,45.82589991
87085_3353_00001,rue du Mas de Chambon,1,,PH0102,1560669.94130000,5182835.84330000,1.20648137,45.83144788
87085_3353_00002,rue du Mas de Chambon,2,,PH0082,1560698.11950000,5182839.94430000,1.20684278,45.83149048
87085_3353_00003,rue du Mas de Chambon,3,,PH0101,1560640.04330000,5182846.82350000,1.20609346,45.83154060
87085_3353_00004,rue du Mas de Chambon,4,,PH0083,1560681.18610000,5182844.70680000,1.20662350,45.83152989
87085_3353_00005,rue du Mas de Chambon,5,,PH0146,1560611.73290000,5182855.15790000,1.20572674,45.83160983
87085_3353_00006,rue du Mas de Chambon,6,,PH0084,1560661.60690000,5182850.39540000,1.20636991,45.83157710
87085_3353_00008,rue du Mas de Chambon,8,,PH0085,1560642.16000000,5182858.46520000,1.20611732,45.83164575
87085_3353_00010,rue du Mas de Chambon,10,,PH0086,1560612.26200000,5182866.13810000,1.20573037,45.83170871
87085_3353_00011,rue du Mas de Chambon,11,,PH0149,1560545.45460000,5182867.72560000,1.20487022,45.83170945
87085_3353_00012,rue du Mas de Chambon,12,,PH0087,1560585.27440000,5182869.31310000,1.20538216,45.83173180
87085_3353_00014,rue du Mas de Chambon,14,,PH0088,1560565.16600000,5182873.14960000,1.20512229,45.83176223
87085_3353_00015,rue du Mas de Chambon,15,,PH0150,1560523.09730000,5182871.03290000,1.20458156,45.83173466
87085_3353_00016,rue du Mas de Chambon,16,,PH0089,1560543.47010000,5182880.02880000,1.20484111,45.83181972
87085_3353_00018,rue du Mas de Chambon,18,,PH0090,1560522.70030000,5182882.41010000,1.20457315,45.83183692
87085_3353_00019,rue du Mas de Chambon,19,,PH0093,1560481.55760000,5182893.65480000,1.20404046,45.83192973
87085_3353_00020,rue du Mas de Chambon,20,,PH0091,1560496.50650000,5182883.99760000,1.20423562,45.83184589
87085_3353_00021,rue du Mas de Chambon,21,,PH0092,1560485.12950000,5182914.95380000,1.20408024,45.83212205
87085_3353_00022,rue du Mas de Chambon,22,,PH0072,1560501.13670000,5182930.82890000,1.20428162,45.83226810
87085_3353_00023,rue du Mas de Chambon,23,,PH0071,1560490.15660000,5182933.87150000,1.20413944,45.83229324
87085_3364_00002,rue du Mas Gigou,2,,BW0073,1564625.33180000,5185889.85510000,1.25652002,45.85971042
87085_3364_00025,rue du Mas Gigou,25,,NZ0005,1564789.15950000,5186209.82280000,1.25853919,45.86262096
87085_3420_00005,rue du Masgoulet,5,,EM0180,1565665.52400000,5182764.63940000,1.27078605,45.83180130
87085_3368_00020,rue du Mas Loge,20,,OP0007,1560770.70740000,5181898.22690000,1.20804954,45.82303399
87085_3368_00022,rue du Mas Loge,22,,OP0039,1560750.45930000,5181906.35070000,1.20778667,45.82310297
87085_3368_00024,rue du Mas Loge,24,,OP0005,1560735.70920000,5181903.78660000,1.20759763,45.82307692
87085_3368_00024_bis,rue du Mas Loge,24,bis,OP0005,1560747.06300000,5181895.68430001,1.20774606,45.82300633
87085_3368_00024_ter,rue du Mas Loge,24,ter,OP0038,1560746.36200000,5181893.51310000,1.20773767,45.82298666
87085_3368_00026,rue du Mas Loge,26,,OP0043,1560758.69540000,5181990.97100000,1.20786813,45.82386584
87085_3368_00030,rue du Mas Loge,30,,PB0110,1560742.42050000,5181992.17460000,1.20765839,45.82387337
87085_3368_00034,rue du Mas Loge,34,,PB0106,1560644.38910000,5181988.51110000,1.20639814,45.82382056
87085_3368_00036,rue du Mas Loge,36,,PB0105,1560626.78180000,5182004.27100000,1.20616703,45.82395876
87085_3368_00038,rue du Mas Loge,38,,PB0104,1560612.61920000,5182017.08130000,1.20598110,45.82407112
87085_3368_00040,rue du Mas Loge,40,,PB0103,1560597.44740000,5182030.67080000,1.20578195,45.82419029
87085_3368_00042,rue du Mas Loge,42,,PB0102,1560582.55100000,5182044.02670000,1.20558642,45.82430742
87085_3368_00048,rue du Mas Loge,48,,PB0073,1560518.98160000,5182115.26230000,1.20474784,45.82493533
87085_3368_00050,rue du Mas Loge,50,,PB0070,1560502.01410000,5182138.80570000,1.20452270,45.82514367
87085_3368_00052,rue du Mas Loge,52,,PB0069,1560485.30960000,5182161.59970000,1.20430116,45.82534532
87085_3368_00053,rue du Mas Loge,53,,PA0019,1560506.68860000,5182104.81910000,1.20459270,45.82483889
87085_3368_00054,rue du Mas Loge,54,,PB0068,1560471.28020000,5182181.18720000,1.20411496,45.82551868
87085_3368_00055,rue du Mas Loge,55,,PA0018,1560494.42860000,5182122.05460000,1.20442996,45.82499145
87085_3368_00056,rue du Mas Loge,56,,PB0067,1560458.98270000,5182198.17130000,1.20395180,45.82566896
87085_3368_00057,rue du Mas Loge,57,,PA0017,1560482.01820000,5182139.30520000,1.20426528,45.82514411
87085_3368_00058,rue du Mas Loge,58,,PB0066,1560447.26660000,5182214.24720000,1.20379639,45.82581119
87085_3368_00059,rue du Mas Loge,59,,PA0016,1560471.51020000,5182154.38410000,1.20412570,45.82527762
87085_3368_00061,rue du Mas Loge,61,,PA0015,1560459.90420000,5182170.21830000,1.20397177,45.82541770
87085_3368_00062,rue du Mas Loge,62,,PB0128,1560387.23800000,5182297.42160000,1.20300000,45.82654700
87085_3368_00063,rue du Mas Loge,63,,PA0014,1560447.60570000,5182186.91940000,1.20380868,45.82556544
87085_3368_00064,rue du Mas Loge,64,,PB0127,1560413.59130000,5182325.10550001,1.20299987,45.82654720
87085_3368_00066,rue du Mas Loge,66,,PC0075,1560380.90350000,5182306.04380000,1.20291586,45.82662348
87085_3368_00069,rue du Mas Loge,69,,PA0006,1560402.11020000,5182246.57790000,1.20320599,45.82609286
87085_3368_00070,rue du Mas Loge,70,,PC0082,1560327.97640000,5182335.30890000,1.20222635,45.82687598
87085_3368_00071,rue du Mas Loge,71,,PA0092,1560398.17060000,5182253.35420000,1.20315333,45.82615302
87085_3368_00071_b,rue du Mas Loge,71,b,PA0091,1560391.18560000,5182263.30260000,1.20306057,45.82624109
87085_3368_00071_c,rue du Mas Loge,71,c,PA0090,1560381.66060000,5182276.42600000,1.20293420,45.82635721
87085_3368_00073,rue du Mas Loge,73,,PA0004,1560372.15290000,5182290.74960000,1.20280770,45.82648412
87085_3368_00075,rue du Mas Loge,75,,PA0004,1560366.51030000,5182297.33540000,1.20273319,45.82654222
87085_3368_00077,rue du Mas Loge,77,,PA0007,1560314.74040000,5182219.88450000,1.20208957,45.82583500
87085_3368_00079,rue du Mas Loge,79,,PA0056,1560340.17710000,5182296.01480000,1.20239474,45.82652499
87085_3368_00081,rue du Mas Loge,81,,PA0008,1560310.20330000,5182207.26240000,1.20203486,45.82572054
87085_3368_00084,rue du Mas Loge,84,,PC0038,1560211.85070000,5182389.29560000,1.20071646,45.82733803
87085_3368_00086,rue du Mas Loge,86,,PC0039,1560182.00760000,5182403.94990000,1.20032820,45.82746378
87085_3368_00088,rue du Mas Loge,88,,PC0040,1560152.60020000,5182417.92940000,1.19994575,45.82758356
87085_3368_00090,rue du Mas Loge,90,,PC0041,1560120.75540000,5182433.49290000,1.19953147,45.82771708
87085_3368_00094,rue du Mas Loge,94,,PC0044,1560082.69590000,5182451.00700000,1.19903665,45.82786689
87085_3368_00095,rue du Mas Loge,95,,OZ0072,1560202.45190000,5182383.00650000,1.20059735,45.82727954
87085_3368_00097,rue du Mas Loge,97,,OZ0071,1560178.06600000,5182394.47350000,1.20028024,45.82737774
87085_3368_00098,rue du Mas Loge,98,,PC0045,1560045.93110000,5182502.94860000,1.19854847,45.82832664
87085_3368_00099,rue du Mas Loge,99,,OZ0070,1560161.24270000,5182402.78210000,1.20006136,45.82744906
87085_3368_00100,rue du Mas Loge,100,,PC0049,1560048.40190000,5182534.23380000,1.19857116,45.82860857
87085_3368_00101,rue du Mas Loge,101,,OZ0069,1560144.72080000,5182410.53270000,1.19984651,45.82751542
87085_3368_00103,rue du Mas Loge,103,,OZ0068,1560125.49190000,5182419.69970000,1.19959643,45.82759397
87085_3368_00105,rue du Mas Loge,105,,OZ0113,1560110.53830000,5182426.58220000,1.19940201,45.82765284
87085_3368_00106,rue du Mas Loge,106,,PC0005,1560052.89400000,5182639.04630000,1.19859845,45.82955232
87085_3368_00107,rue du Mas Loge,107,,OZ0112,1560088.31290000,5182437.17490000,1.19911295,45.82774360
87085_3368_00108,rue du Mas Loge,108,,PC0004,1560050.60520000,5182670.66330000,1.19855980,45.82983626
87085_3368_00109,rue du Mas Loge,109,,OZ0110,1560070.62110000,5182445.06480000,1.19888301,45.82781098
87085_3368_00110,rue du Mas Loge,110,,PC0003,1560048.83050000,5182690.89530000,1.19853107,45.83001790
87085_3368_00111,rue du Mas Loge,111,,OZ0111,1560057.23700000,5182452.96560000,1.19870850,45.82787932
87085_3368_00112,rue du Mas Loge,112,,PC0002,1560047.15020000,5182712.68000000,1.19850311,45.83021352
87085_3368_00113,rue du Mas Loge,113,,OZ0065,1560046.41600000,5182462.92120000,1.19856636,45.82796668
87085_3368_00115,rue du Mas Loge,115,,OZ0095,1560036.42880000,5182480.74840000,1.19843266,45.82812501
87085_3368_00118,rue du Mas Loge,118,,PI0043,1560036.74740000,5182773.19280000,1.19835163,45.83075574
87085_3368_00120,rue du Mas Loge,120,,PI0042,1560017.62270000,5182809.88840000,1.19809485,45.83108194
87085_3368_00121,rue du Mas Loge,121,,OZ0094,1560039.65600000,5182557.18900000,1.19845194,45.82881328
87085_3368_00124,rue du Mas Loge,124,,PI0041,1560006.78220000,5182830.58230000,1.19794933,45.83126588
87085_3368_00126,rue du Mas Loge,126,,PI0041,1559996.55810000,5182850.73520000,1.19781190,45.83144509
87085_3368_00127,rue du Mas Loge,127,,OY0025,1560042.83380000,5182635.57940000,1.19847001,45.82951909
87085_3368_00128,rue du Mas Loge,128,,PI0040,1559987.72120000,5182869.61910000,1.19769268,45.83161316
87085_3368_00130,rue du Mas Loge,130,,PI0040,1560013.83810000,5182890.74910000,1.19802261,45.83180855
87085_3368_00132,rue du Mas Loge,132,,PI0039,1559980.86030000,5182905.64090000,1.19759391,45.83193579
87085_3368_00133,rue du Mas Loge,133,,OY0024,1560040.24460000,5182684.25350000,1.19842252,45.82995640
87085_3368_00135,rue du Mas Loge,135,,OY0019,1560037.62540000,5182721.12050000,1.19837809,45.83028751
87085_3368_00139,rue du Mas Loge,139,,OY0021,1559980.94400000,5182719.33950000,1.19764924,45.83025995
87085_3368_00141,rue du Mas Loge,141,,OY0084,1560012.71610000,5182762.52150000,1.19804550,45.83065486
87085_3368_00141_b,rue du Mas Loge,141,b,OY0108,1560025.27960000,5182774.76330000,1.19820361,45.83076753
87085_3368_00143,rue du Mas Loge,143,,OY0107,1560017.53540000,5182789.29380000,1.19809972,45.83089667
87085_3368_00143_b,rue du Mas Loge,143,b,OY0109,1560012.42450000,5182798.92800000,1.19803115,45.83098229
87085_3368_00145,rue du Mas Loge,145,,OY0106,1560007.46960000,5182808.40370000,1.19796463,45.83106652
87085_3368_00145_b,rue du Mas Loge,145,b,OY0105,1559999.56680000,5182822.77830000,1.19785875,45.83119422
87085_3368_00147,rue du Mas Loge,147,,OY0016,1559992.70940000,5182837.72390000,1.19776616,45.83132726
87085_3368_00149,rue du Mas Loge,149,,OX0016,1559981.10040000,5182862.90960000,1.19760944,45.83155145
87085_3368_00151,rue du Mas Loge,151,,OX0054,1559976.17290000,5182878.26660000,1.19754156,45.83168859
87085_3368_00153,rue du Mas Loge,153,,OX0053,1559971.01120000,5182906.98840000,1.19746677,45.83194591
87085_3368_00155,rue du Mas Loge,155,,OX0053,1559967.84460000,5182926.91250000,1.19742022,45.83212449
87085_3368_00157,rue du Mas Loge,157,,OX0063,1559963.55830000,5182942.47000000,1.19736053,45.83226356
87085_3368_00161,rue du Mas Loge,161,,OX0070,1559914.86210000,5182994.79260000,1.19671865,45.83272431
87085_3368_00163,rue du Mas Loge,163,,OX0060,1559868.65610000,5183015.16050000,1.19611812,45.83289811
87085_3368_00164,rue du Mas Loge,164,,PI0010,1559740.49100000,5183182.06110000,1.19442014,45.83437333
87085_3368_00178,rue du Mas Loge,178,,PI0012,1559736.83950000,5183347.90120000,1.19432476,45.83586439
87085_3368_00179,rue du Mas Loge,179,,OX0057,1559766.63510000,5183131.90520000,1.19477122,45.83392749
87085_3368_00181,rue du Mas Loge,181,,OX0043,1559641.00180000,5183182.85260000,1.19313961,45.83436015
87085_3368_00182,rue du Mas Loge,182,,PI0019,1559959.42130000,5183329.25360000,1.19719462,45.83574201
87085_3368_00183,rue du Mas Loge,183,,OX0048,1559714.65140000,5183212.53990000,1.19407873,45.83464223
87085_3368_00184,rue du Mas Loge,184,,PI0018,1559854.68560000,5183402.41380000,1.19582544,45.83637878
87085_3368_00189,rue du Mas Loge,189,,PI0046,1559718.00930000,5183282.59840000,1.19410149,45.83527312
87085_3368_00201,rue du Mas Loge,201,,PI0005,1559737.94210000,5183454.21980000,1.19430793,45.83682099
87085_3368_00211,rue du Mas Loge,211,,PL0074,1559762.45530000,5183653.30700000,1.19456531,45.83861686
87085_3368_00212,rue du Mas Loge,212,,NV0003,1559805.67150000,5183835.48630000,1.19506835,45.84026446
87085_3368_00214,rue du Mas Loge,214,,NV0003,1559800.04100000,5183868.43960000,1.19498627,45.84055974
87085_3368_00215,rue du Mas Loge,215,,PL0050,1559768.09120000,5183702.50750000,1.19462349,45.83906059
87085_3368_00215_bis,rue du Mas Loge,215,bis,PL0051,1559765.68790000,5183682.96650000,1.19459826,45.83888432
87085_3368_00216,rue du Mas Loge,216,,NV0003,1559776.22850000,5183886.43130000,1.19467455,45.84071672
87085_3368_00218,rue du Mas Loge,218,,NV0003,1559769.09640000,5183911.38810000,1.19457548,45.84093977
87085_3368_00222,rue du Mas Loge,222,,NV0003,1559750.36830000,5183999.87930000,1.19430862,45.84173196
87085_3368_00223,rue du Mas Loge,223,,PL0046,1559772.15220000,5183807.24820000,1.19464519,45.84000361
87085_3368_00225,rue du Mas Loge,225,,PL0045,1559769.36700000,5183824.31100000,1.19460437,45.84015653
87085_3368_00235,rue du Mas Loge,235,,PL0232,1559732.62970000,5183994.67629999,1.19408183,45.84168154
87085_3368_00239,rue du Mas Loge,239,,PL0064,1559728.23790000,5184018.49180000,1.19401836,45.84189488
87085_3368_00243,rue du Mas Loge,243,,PL0043,1559723.64530000,5184040.60150000,1.19395280,45.84209282
87085_3368_00245,rue du Mas Loge,245,,PL0042,1559720.84900000,5184052.66310000,1.19391328,45.84220075
87085_3368_00249,rue du Mas Loge,249,,PL0037,1559714.80510000,5184081.86350000,1.19382697,45.84246219
87085_3375_00002,rue du Mas Loubier,2,,CZ0258,1564296.20440000,5183577.64010000,1.25293566,45.83884587
87085_3375_00008,rue du Mas Loubier,8,,CZ0258,1564317.88170000,5183649.81110000,1.25319427,45.83949937
87085_3375_00019,rue du Mas Loubier,19,,CY0005,1564359.17350000,5183807.81920000,1.25368111,45.84092889
87085_3375_00023,rue du Mas Loubier,23,,CY0005,1564370.66240000,5183838.06910000,1.25382044,45.84120327
87085_3375_00026,rue du Mas Loubier,26,,CY0119,1564371.71380000,5183804.37120000,1.25384348,45.84090034
87085_3375_00028,rue du Mas Loubier,28,,CY0136,1564375.08540000,5183813.20320000,1.25388438,45.84098046
87085_3375_00029,rue du Mas Loubier,29,,CY0004,1564397.82410000,5183910.32630000,1.25414964,45.84185862
87085_3375_00030,rue du Mas Loubier,30,,CY0135,1564379.60680000,5183826.04590000,1.25393895,45.84109688
87085_3375_00031,rue du Mas Loubier,31,,CY0145,1564400.41160000,5183914.62150000,1.25418173,45.84189777
87085_3375_00033,rue du Mas Loubier,33,,CY0145,1564428.96150000,5183935.01970000,1.25454343,45.84208689
87085_3375_00034,rue du Mas Loubier,34,,CY0116,1564390.93430000,5183855.34840000,1.25407647,45.84136270
87085_3375_00035,rue du Mas Loubier,35,,CY0147,1564439.78630000,5183942.56240000,1.25468063,45.84215688
87085_3375_00036,rue du Mas Loubier,36,,CY0116,1564397.49760000,5183873.01370000,1.25415596,45.84152291
87085_3375_00037,rue du Mas Loubier,37,,CY0011,1564450.76790000,5183950.37840000,1.25481976,45.84222935
87085_3375_00038,rue du Mas Loubier,38,,CY0115,1564402.36610000,5183885.15330000,1.25421520,45.84163307
87085_3375_00039,rue du Mas Loubier,39,,CY0010,1564457.59650000,5183955.18250000,1.25490630,45.84227391
87085_3375_00041,rue du Mas Loubier,41,,CX0008,1564488.84600000,5183977.19180000,1.25530230,45.84247806
87085_3375_00042,rue du Mas Loubier,42,,CY0128,1564415.16520000,5183909.18430000,1.25437315,45.84185177
87085_3375_00044,rue du Mas Loubier,44,,CY0113,1564424.90120000,5183916.14460000,1.25449650,45.84191630
87085_3375_00045,rue du Mas Loubier,45,,CX0009,1564512.98570000,5183994.79750000,1.25560803,45.84264119
87085_3375_00046,rue du Mas Loubier,46,,CY0012,1564445.01970000,5183930.57690000,1.25475136,45.84205009
87085_3375_00047,rue du Mas Loubier,47,,CX0010,1564522.36850000,5184001.37070000,1.25572694,45.84270217
87085_3375_00048,rue du Mas Loubier,48,,CY0013,1564455.90740000,5183937.49500000,1.25488955,45.84211447
87085_3375_00049,rue du Mas Loubier,49,,CX0299,1564532.57770000,5184008.68350000,1.25585628,45.84276996
87085_3375_00050,rue du Mas Loubier,50,,CY0015,1564468.81430000,5183947.12110000,1.25505295,45.84220361
87085_3375_00051,rue du Mas Loubier,51,,CX0299,1564545.07640000,5184017.29130000,1.25601473,45.84284985
87085_3375_00052,rue du Mas Loubier,52,,CX0200,1564500.83090000,5183969.87890000,1.25545861,45.84241463
87085_3375_00054,rue du Mas Loubier,54,,CX0199,1564509.45140000,5183976.15840000,1.25556780,45.84247282
87085_3375_00055,rue du Mas Loubier,55,,CX0299,1564577.56610000,5184040.25530000,1.25642643,45.84306283
87085_3375_00056,rue du Mas Loubier,56,,CX0198,1564518.09700000,5183982.21180000,1.25567737,45.84252898
87085_3375_00057,rue du Mas Loubier,57,,CX0299,1564589.45430000,5184048.73800000,1.25657705,45.84314148
87085_3375_00058,rue du Mas Loubier,58,,CX0197,1564525.38930000,5183987.46210000,1.25576974,45.84257764
87085_3375_00060,rue du Mas Loubier,60,,CX0232,1564535.86560000,5183995.09520000,1.25590243,45.84264837
87085_3375_00062,rue du Mas Loubier,62,,CX0289,1564560.77100000,5184013.30720000,1.25621785,45.84281711
87085_3375_00064,rue du Mas Loubier,64,,CX0192,1564573.23300000,5184021.66410000,1.25637589,45.84289474
87085_3375_00066,rue du Mas Loubier,66,,CX0191,1564580.45400000,5184026.60440000,1.25646744,45.84294060
87085_3375_00068,rue du Mas Loubier,68,,CX0190,1564588.52100000,5184032.44830000,1.25656963,45.84299476
87085_3375_00070,rue du Mas Loubier,70,,CX0189,1564599.09550000,5184039.85890000,1.25670364,45.84306350
87085_3450_00001,rue du Maupas,1,,EH0031,1565232.55240000,5182662.87280000,1.26524294,45.83080114
87085_3450_00002,rue du Maupas,2,,EN0200,1565244.52900000,5182677.14080000,1.26539305,45.83093183
87085_3450_00003,rue du Maupas,3,,EH0030,1565228.74240000,5182669.39160000,1.26519208,45.83085903
87085_3450_00005,rue du Maupas,5,,EH0024,1565213.00160000,5182697.57920000,1.26498162,45.83110951
87085_3450_00007,rue du Maupas,7,,EH0020,1565209.97720000,5182703.15340000,1.26494114,45.83115906
87085_3450_00008,rue du Maupas,8,,EN0117,1565220.81800000,5182718.74330000,1.26507627,45.83130143
87085_3450_00009,rue du Maupas,9,,EH0019,1565207.02900000,5182707.50680000,1.26490198,45.83119765
87085_3450_00011,rue du Maupas,11,,EH0018,1565203.67620000,5182713.10510000,1.26485727,45.83124735
87085_3450_00013,rue du Maupas,13,,EH0015,1565199.74920000,5182720.17050000,1.26480475,45.83131014
87085_3450_00015,rue du Maupas,15,,EH0014,1565194.74090000,5182728.94050000,1.26473785,45.83138805
87085_1600_00002,rue Dumont d'Urville,2,,NV0014,1560041.23510000,5183626.89950000,1.19816082,45.83843612
87085_1600_00004,rue Dumont d'Urville,4,,NV0015,1560040.74380000,5183650.47180000,1.19814763,45.83864806
87085_1600_00006,rue Dumont d'Urville,6,,NV0016,1560039.97590000,5183681.78580000,1.19812863,45.83892959
87085_1600_00008,rue Dumont d'Urville,8,,NV0017,1560039.31320000,5183701.60980000,1.19811433,45.83910778
87085_1600_00010,rue Dumont d'Urville,10,,NV0018,1560038.77270000,5183720.85570000,1.19810177,45.83928079
87085_1600_00012,rue Dumont d'Urville,12,,NV0019,1560038.22470000,5183741.49970000,1.19808870,45.83946638
87085_1600_00014,rue Dumont d'Urville,14,,NV0020,1560038.11110000,5183757.31950000,1.19808263,45.83960866
87085_1600_00016,rue Dumont d'Urville,16,,NV0021,1560037.82250000,5183776.74400000,1.19807326,45.83978334
87085_1600_00018,rue Dumont d'Urville,18,,NV0022,1560037.57110000,5183791.36770000,1.19806577,45.83991483
87085_1600_00020,rue Dumont d'Urville,20,,NV0023,1560037.21850000,5183816.34350000,1.19805396,45.84013943
87085_3621_00001,rue du Moulin,1,,RS0166,1561773.44040000,5184992.40190000,1.22006109,45.85106984
87085_3621_00001_bis,rue du Moulin,1,bis,RS0167,1561782.87760000,5185000.29590000,1.22018030,45.85114275
87085_3621_00002,rue du Moulin,2,,RP0031,1561803.41960000,5185008.06320000,1.22044250,45.85121675
87085_3621_00003,rue du Moulin,3,,RS0168,1561792.50290000,5185011.25120000,1.22030105,45.85124323
87085_3621_00004,rue du Moulin,4,,RP0032,1561817.41820000,5185022.65090000,1.22061850,45.85135079
87085_3621_00005,rue du Moulin,5,,RS0169,1561806.41130000,5185024.97750000,1.22047614,45.85136951
87085_3621_00006,rue du Moulin,6,,RP0138,1561836.61670000,5185042.83370000,1.22085983,45.85153620
87085_3621_00007,rue du Moulin,7,,RS0170,1561829.76760000,5185049.72080000,1.22076969,45.85159678
87085_3621_00009,rue du Moulin,9,,RS0171,1561847.73540000,5185081.71950000,1.22099178,45.85188823
87085_3621_00011,rue du Moulin,11,,RS0173,1561858.17470000,5185098.54890000,1.22112133,45.85204172
87085_3621_00014,rue du Moulin,14,,RS0178,1561862.80810000,5185092.56520000,1.22118269,45.85198882
87085_3621_00015,rue du Moulin,15,,RS0174,1561870.30630000,5185105.44100000,1.22127551,45.85210615
87085_3621_00016,rue du Moulin,16,,RS0179,1561869.65150000,5185098.13010000,1.22126919,45.85204026
87085_3621_00017,rue du Moulin,17,,RS0175,1561884.06440000,5185122.03190000,1.22144785,45.85225816
87085_3621_00019,rue du Moulin,19,,RS0176,1561889.83870000,5185169.10330000,1.22150865,45.85268275
87085_3621_00021,rue du Moulin,21,,RS0201,1561927.06480000,5185207.86520000,1.22197672,45.85303891
87085_3621_00023,rue du Moulin,23,,RS0069,1561946.51170000,5185222.28500000,1.22222292,45.85317253
87085_3621_00024,rue du Moulin,24,,RR0006,1561897.63660000,5185134.89130000,1.22161887,45.85237656
87085_3621_00025,rue du Moulin,25,,RS0068,1561972.28250000,5185261.66700000,1.22254336,45.85353196
87085_3621_00026,rue du Moulin,26,,RR0008,1561899.71270000,5185168.51050000,1.22163593,45.85267940
87085_3621_00029,rue du Moulin,29,,RS0067,1561993.52940000,5185301.98340000,1.22280529,45.85389889
87085_3621_00034,rue du Moulin,34,,RR0082,1561973.84910000,5185249.47320000,1.22256700,45.85342260
87085_3621_00036,rue du Moulin,36,,RR0081,1561979.93450000,5185261.11490000,1.22264200,45.85352900
87085_3623_00002,rue du Moulin du Gué,2,,BW0062,1564349.42300000,5185727.34500000,1.25301365,45.85819416
87085_3623_00005,rue du Moulin du Gué,5,,BV0695,1564332.68880000,5185755.10660000,1.25279037,45.85844059
87085_3623_00006,rue du Moulin du Gué,6,,BW0155,1564340.18900000,5185768.77010000,1.25288307,45.85856498
87085_3623_00007,rue du Moulin du Gué,7,,BV0695,1564317.08670000,5185792.99590000,1.25257879,45.85877835
87085_x137_00009,rue du Moulin du Mas-Blanc,9,,RR0056,1562241.41080000,5185056.69050000,1.22606670,45.85174210
87085_x137_00068,rue du Moulin du Mas-Blanc,68,,RR0074,1562261.95530000,5185228.53720000,1.22628189,45.85329204
87085_x137_00068_b,rue du Moulin du Mas-Blanc,68,b,RR0061,1562280.15870000,5185219.85880000,1.22651872,45.85321762
87085_x137_00070,rue du Moulin du Mas-Blanc,70,,RR0079,1562164.40720000,5185344.57950000,1.22499284,45.85431635
87085_3679_00008,rue du Moulin Roux,8,,PV0007,1561396.07800000,5183642.67240000,1.21559275,45.83885242
87085_3679_00015,rue du Moulin Roux,15,,PT0009,1561385.83120000,5183650.97250000,1.21545848,45.83892502
87085_3679_00063,rue du Moulin Roux,63,,PT0005,1561511.28030000,5184090.43920000,1.21694636,45.84290351
87085_3700_00003,rue du Murier,3,,DX0062,1564714.52340000,5182707.24870000,1.25856438,45.83109862
87085_3700_00004,rue du Murier,4,,DX0068,1564722.27290000,5182707.86130000,1.25866393,45.83110565
87085_3700_00005,rue du Murier,5,,DX0061,1564704.90470000,5182714.71100000,1.25843851,45.83116385
87085_3700_00006,rue du Murier,6,,DX0067,1564720.09280000,5182711.41350000,1.25863488,45.83113718
87085_3700_00007,rue du Murier,7,,DX0060,1564698.57030000,5182718.29260000,1.25835599,45.83119483
87085_3865_00003,rue du Paradis,3,,EN0073,1565553.17320000,5182662.08270000,1.26936896,45.83085678
87085_3967_00011,rue du Pelissou,11,,SI0031,1558181.53640000,5186597.04300000,1.17335047,45.86477258
87085_3967_00015,rue du Pelissou,15,,SI0028,1558111.56650000,5186596.79310000,1.17244963,45.86475589
87085_3967_00030,rue du Pelissou,30,,SI0092,1557699.81450000,5186422.08290000,1.16719983,45.86309919
87085_4034_00007,rue du Petit Bellegarde,7,,RZ0020,1560032.55450000,5186822.19010000,1.19711811,45.86717730
87085_4034_00011,rue du Petit Bellegarde,11,,RZ0020,1560055.57330000,5186856.58600000,1.19740449,45.86749139
87085_4034_00043,rue du Petit Bellegarde,43,,RZ0051,1559977.54280000,5187217.15970000,1.19629458,45.87071900
87085_4034_00067,rue du Petit Bellegarde,67,,RZ0052,1559944.91680000,5187358.71460000,1.19583315,45.87198569
87085_4034_00148,rue du Petit Bellegarde,148,,SB0016,1558836.34300000,5187295.86390000,1.18157610,45.87119351
87085_4034_00150,rue du Petit Bellegarde,150,,SB0017,1558808.74930000,5187306.62190000,1.18121761,45.87128462
87085_4034_00152,rue du Petit Bellegarde,152,,SB0020,1558794.43560000,5187315.44230000,1.18103070,45.87136102
87085_4034_00154,rue du Petit Bellegarde,154,,SB0019,1558771.86230000,5187332.78500000,1.18073491,45.87151239
87085_4034_00160,rue du Petit Bellegarde,160,,SC0235,1558620.09700000,5187445.18020000,1.17874749,45.87249221
87085_4049_00002,rue du Petit Theil,2,,MK0024,1567168.88820000,5188245.96720000,1.28861622,45.88140134
87085_4049_00006,rue du Petit Theil,6,,MK0037,1567147.14240000,5188174.72780000,1.28835585,45.88075629
87085_4049_00010,rue du Petit Theil,10,,MK0036,1567128.35970000,5188130.42780000,1.28812620,45.88035415
87085_4049_00012,rue du Petit Theil,12,,MK0028,1567107.84100000,5188080.39720000,1.28787578,45.87990013
87085_4049_00016,rue du Petit Theil,16,,MK0030,1567084.93500000,5188024.41220000,1.28759627,45.87939208
87085_4049_00018,rue du Petit Theil,18,,MI0225,1567030.33270000,5187966.44090000,1.28690908,45.87886003
87085_4049_00026,rue du Petit Theil,26,,LY0205,1566992.28350000,5187889.64820000,1.28644031,45.87816187
87085_4049_00027,rue du Petit Theil,27,,LY0220,1567019.31000000,5187907.76040000,1.28678337,45.87833003
87085_4049_00028,rue du Petit Theil,28,,LY0204,1566967.22530000,5187864.74320000,1.28612449,45.87793298
87085_4045_00003,rue du Petit Tour,3,,DI0090,1563995.28830000,5182654.22540000,1.24932414,45.83047979
87085_4045_00005,rue du Petit Tour,5,,DI0089,1563991.63450000,5182671.46810000,1.24927225,45.83063417
87085_4045_00007,rue du Petit Tour,7,,DI0088,1563985.14570000,5182701.40440000,1.24918028,45.83090218
87085_4045_00008,rue du Petit Tour,8,,DK0105,1563999.84710000,5182682.05270000,1.24937494,45.83073101
87085_4045_00009,rue du Petit Tour,9,,DI0086,1563982.31070000,5182712.71660000,1.24914060,45.83100338
87085_4045_00009_bis,rue du Petit Tour,9,bis,DI0085,1563980.89970000,5182719.82260000,1.24912043,45.83106702
87085_4045_00010,rue du Petit Tour,10,,DK0119,1563995.27870000,5182701.77810000,1.24931057,45.83090755
87085_4045_00011,rue du Petit Tour,11,,DI0085,1563979.48250000,5182725.97430000,1.24910046,45.83112208
87085_4045_00012,rue du Petit Tour,12,,DK0119,1563990.51830000,5182723.31930000,1.24924322,45.83110038
87085_4045_00013,rue du Petit Tour,13,,DI0084,1563975.51250000,5182743.55510000,1.24904439,45.83127945
87085_4045_00014,rue du Petit Tour,14,,DK0125,1563985.66020000,5182744.93160000,1.24917459,45.83129384
87085_4045_00015,rue du Petit Tour,15,,DI0083,1563973.43740000,5182752.05700000,1.24901529,45.83135551
87085_4045_00017,rue du Petit Tour,17,,DI0264,1563972.80860000,5182754.64930000,1.24900646,45.83137871
87085_4045_00018,rue du Petit Tour,18,,DK0031,1563980.19660000,5182769.55420000,1.24909731,45.83151425
87085_4045_00019,rue du Petit Tour,19,,DI0079,1563971.06290000,5182762.19560000,1.24898186,45.83144625
87085_4045_00022,rue du Petit Tour,22,,DK0017,1563972.46000000,5182804.22010000,1.24898795,45.83182456
87085_4045_00024,rue du Petit Tour,24,,DK0016,1563971.23000000,5182810.34960000,1.24897039,45.83187945
87085_4045_00025,rue du Petit Tour,25,,DI0056,1563959.49800000,5182813.89290000,1.24881841,45.83190901
87085_4045_00026,rue du Petit Tour,26,,DK0015,1563969.76240000,5182816.24420000,1.24894983,45.83193219
87085_4045_00027,rue du Petit Tour,27,,DI0055,1563957.75170000,5182821.53380000,1.24879378,45.83197739
87085_4045_00028,rue du Petit Tour,28,,DK0014,1563968.10220000,5182823.41710000,1.24892644,45.83199638
87085_4045_00030,rue du Petit Tour,30,,DK0013,1563964.57150000,5182839.06460000,1.24887658,45.83213644
87085_4045_00031,rue du Petit Tour,31,,DI0049,1563955.80760000,5182829.89830000,1.24876639,45.83205225
87085_4045_00032,rue du Petit Tour,32,,DK0012,1563962.33290000,5182848.90060000,1.24884499,45.83222448
87085_4045_00033,rue du Petit Tour,33,,DI0048,1563953.62350000,5182840.60200000,1.24873526,45.83214811
87085_4045_00034,rue du Petit Tour,34,,DK0117,1563960.63060000,5182856.68390000,1.24882088,45.83229416
87085_4045_00036,rue du Petit Tour,36,,DK0115,1563957.81100000,5182869.00160000,1.24878111,45.83240441
87085_4045_00037,rue du Petit Tour,37,,DI0047,1563950.42100000,5182855.01700000,1.24868997,45.83227715
87085_4045_00038,rue du Petit Tour,38,,DK0008,1563956.01850000,5182877.44560000,1.24875565,45.83248001
87085_4045_00039,rue du Petit Tour,39,,DI0046,1563947.96570000,5182865.74620000,1.24865534,45.83237317
87085_4045_00041,rue du Petit Tour,41,,DI0045,1563945.95370000,5182874.57510000,1.24862695,45.83245220
87085_4045_00042,rue du Petit Tour,42,,DK0005,1563953.75240000,5182887.39890000,1.24872368,45.83256910
87085_4045_00043,rue du Petit Tour,43,,DI0248,1563941.72580000,5182890.95520000,1.24856790,45.83259871
87085_4045_00044,rue du Petit Tour,44,,DK0004,1563951.56100000,5182897.58770000,1.24869259,45.83266032
87085_4045_00045,rue du Petit Tour,45,,DI0247,1563937.43200000,5182908.72890000,1.24850762,45.83275774
87085_4045_00046,rue du Petit Tour,46,,DK0002,1563948.76450000,5182909.39660000,1.24865326,45.83276599
87085_4045_00048,rue du Petit Tour,48,,DK0001,1563944.60230000,5182928.05480000,1.24859442,45.83293301
87085_4045_00049,rue du Petit Tour,49,,DI0044,1563933.88920000,5182927.69620000,1.24845666,45.83292766
87085_4050_00006,rue du Petit Treuil,6,,CV0566,1565200.64900000,5183972.02480000,1.26446526,45.84257149
87085_4050_00008,rue du Petit Treuil,8,,CV0569,1565213.30410000,5183980.42690000,1.26462578,45.84264955
87085_4050_00009,rue du Petit Treuil,9,,CV0811,1565237.63260000,5184007.41860000,1.26493134,45.84289713
87085_4050_00010,rue du Petit Treuil,10,,CV0571,1565221.54890000,5183985.61940000,1.26473044,45.84269788
87085_4050_00011,rue du Petit Treuil,11,,CV0810,1565243.69880000,5184013.19870000,1.26500780,45.84295031
87085_4050_00012,rue du Petit Treuil,12,,CV0572,1565229.61610000,5183991.36330000,1.26483267,45.84275113
87085_4050_00013,rue du Petit Treuil,13,,CV0589,1565250.08210000,5184019.36730000,1.26508823,45.84300705
87085_4050_00015,rue du Petit Treuil,15,,CV0590,1565259.14440000,5184027.68760000,1.26520254,45.84308368
87085_4050_00016,rue du Petit Treuil,16,,CV0575,1565243.98640000,5184004.14920000,1.26501404,45.84286896
87085_4050_00017,rue du Petit Treuil,17,,CV0591,1565266.64910000,5184034.78920000,1.26529714,45.84314903
87085_4050_00018,rue du Petit Treuil,18,,CV0927,1565253.49670000,5184012.58000000,1.26513408,45.84294667
87085_4050_00021,rue du Petit Treuil,21,,CV1199,1565279.02030000,5184046.26690000,1.26545315,45.84325470
87085_4050_00022,rue du Petit Treuil,22,,CV0926,1565271.91700000,5184029.02460000,1.26536656,45.84309821
87085_4050_00023,rue du Petit Treuil,23,,CV1166,1565300.47900000,5184067.00580000,1.26572353,45.84344546
87085_4050_00026,rue du Petit Treuil,26,,CV1168,1565298.08530000,5184053.80800000,1.26569642,45.84332627
87085_4050_00027,rue du Petit Treuil,27,,CV1016,1565318.60690000,5184083.64220000,1.26595220,45.84359867
87085_4050_00028,rue du Petit Treuil,28,,CV0755,1565305.26740000,5184060.47440000,1.26578700,45.84338765
87085_4050_00029,rue du Petit Treuil,29,,CV1015,1565325.39280000,5184090.29260000,1.26603768,45.84365982
87085_4050_00030,rue du Petit Treuil,30,,CV0360,1565312.27510000,5184067.01310000,1.26587536,45.84344784
87085_4050_00031,rue du Petit Treuil,31,,CV0240,1565333.40390000,5184097.58870000,1.26613874,45.84372703
87085_4050_00032,rue du Petit Treuil,32,,CV0359,1565319.18150000,5184073.38040000,1.26596247,45.84350647
87085_4050_00034,rue du Petit Treuil,34,,CV0358,1565326.20400000,5184079.88940000,1.26605103,45.84356640
87085_4050_00035,rue du Petit Treuil,35,,CV0861,1565352.41290000,5184116.40610000,1.26637814,45.84390002
87085_4050_00036,rue du Petit Treuil,36,,CV0357,1565331.63480000,5184084.95150000,1.26611951,45.84361300
87085_4050_00037,rue du Petit Treuil,37,,CV0837,1565365.03370000,5184126.43940000,1.26653777,45.84399275
87085_4050_00038,rue du Petit Treuil,38,,CV0356,1565338.68010000,5184091.39380000,1.26620839,45.84367233
87085_4050_00039,rue du Petit Treuil,39,,CV0245,1565384.56330000,5184141.69610000,1.26678487,45.84413382
87085_4050_00040,rue du Petit Treuil,40,,CV1078,1565341.99460000,5184094.23600000,1.26625025,45.84369855
87085_4050_00042,rue du Petit Treuil,42,,CV0354,1565348.41530000,5184099.48070000,1.26633143,45.84374698
87085_4050_00043,rue du Petit Treuil,43,,CV0849,1565401.17790000,5184154.32210000,1.26699518,45.84425065
87085_4050_00044,rue du Petit Treuil,44,,CV0353,1565358.65420000,5184107.21340000,1.26646105,45.84381855
87085_4050_00046,rue du Petit Treuil,46,,CV0352,1565369.25370000,5184115.42990000,1.26659517,45.84389454
87085_4050_00048,rue du Petit Treuil,48,,CV1228,1565377.98830000,5184122.21850000,1.26670570,45.84395732
87085_4050_00050,rue du Petit Treuil,50,,CV1637,1565386.16180000,5184128.66090000,1.26680909,45.84401687
87085_4050_00052,rue du Petit Treuil,52,,CV0292,1565419.50370000,5184153.08170000,1.26723140,45.84424308
87085_4050_00054,rue du Petit Treuil,54,,CV0291,1565426.33120000,5184158.56920000,1.26731775,45.84429378
87085_4050_00056,rue du Petit Treuil,56,,CV0290,1565433.50850000,5184165.25030000,1.26740826,45.84435528
87085_4050_00060,rue du Petit Treuil,60,,CV0288,1565457.11360000,5184199.39760000,1.26770252,45.84466708
87085_4050_00067,rue du Petit Treuil,67,,CT0766,1565452.22890000,5184309.61000000,1.26760879,45.84565755
87085_4050_00071,rue du Petit Treuil,71,,CT0657,1565446.46540000,5184330.36420000,1.26752879,45.84584311
87085_4050_00091,rue du Petit Treuil,91,,CT0639,1565437.09820000,5184515.15120000,1.26735647,45.84750355
87085_4050_00093,rue du Petit Treuil,93,,CT0625,1565451.95840000,5184513.86680000,1.26754811,45.84749490
87085_4050_00095,rue du Petit Treuil,95,,CT0625,1565463.02910000,5184512.97630000,1.26769087,45.84748906
87085_4050_00100,rue du Petit Treuil,100,,CT1115,1565430.21010000,5184417.93510000,1.26729504,45.84662769
87085_4050_00102,rue du Petit Treuil,102,,CT1115,1565429.52220000,5184426.71930000,1.26728372,45.84670657
87085_4050_00103,rue du Petit Treuil,103,,CT0993,1565480.33110000,5184507.88530000,1.26791500,45.84744665
87085_4050_00105,rue du Petit Treuil,105,,CT0995,1565487.72440000,5184501.97140000,1.26801183,45.84739490
87085_4050_00107,rue du Petit Treuil,107,,CT0997,1565495.85110000,5184495.34360000,1.26811829,45.84733687
87085_4050_00107_bis,rue du Petit Treuil,107,bis,CT0999,1565503.93320000,5184488.70230000,1.26822418,45.84727870
87085_4050_00109,rue du Petit Treuil,109,,CT1001,1565512.24610000,5184481.91250000,1.26833308,45.84721925
87085_4050_00111,rue du Petit Treuil,111,,CT1003,1565521.39610000,5184477.75440000,1.26845203,45.84718364
87085_4050_00113,rue du Petit Treuil,113,,CT1005,1565536.94600000,5184471.89400000,1.26865382,45.84713396
87085_4050_00123,rue du Petit Treuil,123,,CT1019,1565644.52670000,5184528.35430000,1.27002281,45.84766289
87085_4050_00125,rue du Petit Treuil,125,,CT1023,1565654.41430000,5184539.51330000,1.27014696,45.84776520
87085_4050_00133,rue du Petit Treuil,133,,CT1033,1565704.18220000,5184600.69840000,1.27077048,45.84832532
87085_4050_00136,rue du Petit Treuil,136,,CT1128,1565540.39530000,5184456.83080000,1.26870244,45.84699913
87085_4050_00137,rue du Petit Treuil,137,,CT1037,1565713.00650000,5184611.04320000,1.27088117,45.84842010
87085_4050_00138,rue du Petit Treuil,138,,CT1129,1565554.18260000,5184452.22140000,1.26888120,45.84696036
87085_4050_00148,rue du Petit Treuil,148,,CT1007,1565614.40560000,5184481.21230000,1.26964827,45.84723293
87085_4050_00150,rue du Petit Treuil,150,,CT1009,1565622.45140000,5184485.84880000,1.26975054,45.84727621
87085_4050_00152,rue du Petit Treuil,152,,CT1011,1565632.67800000,5184492.87280000,1.26988021,45.84734139
87085_4050_00154,rue du Petit Treuil,154,,CT1013,1565641.13450000,5184503.10960000,1.26998620,45.84743513
87085_4050_00156,rue du Petit Treuil,156,,CT1015,1565646.90300000,5184510.18110000,1.27005848,45.84749987
87085_4050_00158,rue du Petit Treuil,158,,CT1017,1565653.39650000,5184518.06620000,1.27013986,45.84757207
87085_4050_00160,rue du Petit Treuil,160,,CT1021,1565660.57940000,5184527.18620000,1.27022977,45.84765551
87085_4050_00162,rue du Petit Treuil,162,,CT1025,1565667.40910000,5184534.74610000,1.27031557,45.84772486
87085_4050_00164,rue du Petit Treuil,164,,CT1027,1565675.31020000,5184544.77610000,1.27041446,45.84781662
87085_4050_00168,rue du Petit Treuil,168,,CT1029,1565692.23430000,5184565.55360000,1.27062651,45.84800684
87085_4050_00170,rue du Petit Treuil,170,,CT1029,1565700.52790000,5184575.26240000,1.27073055,45.84809579
87085_4050_00174,rue du Petit Treuil,174,,CT1035,1565719.69710000,5184598.83110000,1.27097071,45.84831155
87085_1605_00004,rue Dupleix,4,,EL0359,1565933.81690000,5183315.58330000,1.27408491,45.83680974
87085_1605_00005,rue Dupleix,5,,EL0364,1565913.08740000,5183318.05770000,1.27381744,45.83682795
87085_1605_00006,rue Dupleix,6,,EL0353,1565927.26360000,5183322.10600000,1.27399875,45.83686713
87085_1605_00007,rue Dupleix,7,,EL0365,1565906.10470000,5183324.57410000,1.27372575,45.83688521
87085_1605_00008,rue Dupleix,8,,EL0353,1565921.88490000,5183327.45850000,1.27392803,45.83691424
87085_1605_00009,rue Dupleix,9,,EL0367,1565902.35250000,5183328.19840000,1.27367645,45.83691708
87085_1605_00010,rue Dupleix,10,,EL0352,1565915.46270000,5183333.61790000,1.27384366,45.83696839
87085_1605_00011,rue Dupleix,11,,EL0368,1565896.64500000,5183333.99220000,1.27360138,45.83696809
87085_1605_00012,rue Dupleix,12,,EL0351,1565912.10500000,5183336.75890000,1.27379958,45.83699599
87085_1605_00013,rue Dupleix,13,,EL0369,1565890.49710000,5183339.63680000,1.27352069,45.83701767
87085_1605_00014,rue Dupleix,14,,EL0350,1565906.15420000,5183342.75320000,1.27372132,45.83704875
87085_1605_00015,rue Dupleix,15,,EL0371,1565884.69360000,5183345.29360000,1.27344442,45.83706742
87085_1605_00016,rue Dupleix,16,,EL0349,1565900.18360000,5183347.80510000,1.27364307,45.83709303
87085_1605_00017,rue Dupleix,17,,EL0372,1565877.20510000,5183352.60430000,1.27334601,45.83713172
87085_1605_00018,rue Dupleix,18,,EL0347,1565895.56030000,5183352.51650000,1.27358226,45.83713451
87085_1605_00019,rue Dupleix,19,,EL0373,1565872.69920000,5183356.76070000,1.27328686,45.83716823
87085_1605_00020,rue Dupleix,20,,EL0346,1565890.78330000,5183357.19480000,1.27351947,45.83717567
87085_1605_00021,rue Dupleix,21,,EL0374,1565866.58590000,5183362.47430000,1.27320659,45.83721844
87085_1605_00022,rue Dupleix,22,,EL0345,1565886.41220000,5183361.63390000,1.27346198,45.83721475
87085_1605_00023,rue Dupleix,23,,EL0375,1565859.92410000,5183368.97590000,1.27311904,45.83727563
87085_1605_00024,rue Dupleix,24,,EL0344,1565881.30800000,5183366.51910000,1.27339493,45.83725770
87085_1605_00025,rue Dupleix,25,,EL0376,1565852.95360000,5183375.71610000,1.27302745,45.83733490
87085_1605_00026,rue Dupleix,26,,EL0343,1565876.96820000,5183370.66420000,1.27333792,45.83729414
87085_1605_00027,rue Dupleix,27,,EL0377,1565841.31020000,5183386.79850000,1.27287451,45.83743232
87085_1605_00028,rue Dupleix,28,,EL0342,1565872.44600000,5183374.75850000,1.27327858,45.83733009
87085_1605_00030,rue Dupleix,30,,EL0341,1565868.10840000,5183379.23960000,1.27322150,45.83736955
87085_1605_00032,rue Dupleix,32,,EL0340,1565862.18470000,5183384.61950000,1.27314376,45.83741679
87085_1605_00033,rue Dupleix,33,,EL0455,1565806.15620000,5183421.06520000,1.27241252,45.83773371
87085_1605_00034,rue Dupleix,34,,EL0339,1565857.27530000,5183389.55910000,1.27307920,45.83746027
87085_1605_00035,rue Dupleix,35,,EL0456,1565800.33290000,5183426.56370000,1.27233604,45.83778204
87085_1605_00036,rue Dupleix,36,,EL0338,1565852.03770000,5183394.69310000,1.27301036,45.83750543
87085_1605_00038,rue Dupleix,38,,EL0337,1565845.43630000,5183401.06470000,1.27292363,45.83756146
87085_1605_00039,rue Dupleix,39,,EL0457,1565786.79140000,5183439.30290000,1.27215820,45.83789399
87085_1605_00040,rue Dupleix,40,,EL0336,1565838.54860000,5183407.51820000,1.27283318,45.83761817
87085_1605_00042,rue Dupleix,42,,EL0493,1565819.95120000,5183424.90800000,1.27258898,45.83777097
87085_1605_00044,rue Dupleix,44,,EL0492,1565816.43650000,5183428.34120000,1.27254279,45.83780117
87085_1605_00046,rue Dupleix,46,,EL0490,1565809.66100000,5183434.96060000,1.27245374,45.83785939
87085_4245_00011,rue du Pont Saint André,11,,CS0200,1566587.08530000,5183634.91810000,1.28240357,45.83980941
87085_4245_00013,rue du Pont Saint André,13,,CS0032,1566575.81610000,5183649.03190000,1.28225462,45.83993418
87085_4245_00017,rue du Pont Saint André,17,,CS0031,1566560.18880000,5183679.14570000,1.28204513,45.84020204
87085_4245_00019,rue du Pont Saint André,19,,CS0031,1566553.07200000,5183693.25660000,1.28194961,45.84032760
87085_4245_00021,rue du Pont Saint André,21,,CS0030,1566545.39030000,5183707.46810000,1.28184680,45.84045395
87085_4245_00025,rue du Pont Saint André,25,,CS0212,1566528.97510000,5183738.06970000,1.28162703,45.84072605
87085_4245_00026,rue du Pont Saint André,26,,CR0309,1566539.41740000,5183738.99800000,1.28176117,45.84073642
87085_4245_00027,rue du Pont Saint André,27,,CS0230,1566519.01850000,5183744.38650000,1.28149713,45.84078094
87085_4245_00028,rue du Pont Saint André,28,,CR0157,1566528.99390000,5183752.28300000,1.28162333,45.84085391
87085_4245_00029,rue du Pont Saint André,29,,CS0230,1566508.68390000,5183757.07710000,1.28136059,45.84089309
87085_4245_00033,rue du Pont Saint André,33,,CS0214,1566492.92570000,5183784.03460000,1.28115029,45.84113253
87085_4245_00035,rue du Pont Saint André,35,,CS0025,1566483.07060000,5183796.05400000,1.28102011,45.84123874
87085_4245_00036,rue du Pont Saint André,36,,CR0222,1566498.33070000,5183790.10670000,1.28121817,45.84118820
87085_4245_00037,rue du Pont Saint André,37,,CS0186,1566469.62110000,5183812.92620000,1.28084232,45.84138790
87085_4245_00038,rue du Pont Saint André,38,,CR0424,1566486.43240000,5183805.39120000,1.28106078,45.84132339
87085_4245_00040,rue du Pont Saint André,40,,CR0179,1566476.18920000,5183818.25860000,1.28092537,45.84143715
87085_4245_00042_a,rue du Pont Saint André,42,a,CR0420,1566492.96380000,5183849.63829999,1.28113300,45.84172300
87085_4245_00043,rue du Pont Saint André,43,,CS0216,1566455.88410000,5183830.07890000,1.28066075,45.84153953
87085_4245_00044,rue du Pont Saint André,44,,CR0419,1566460.46410000,5183837.80170000,1.28071755,45.84160990
87085_4245_00045,rue du Pont Saint André,45,,CS0226,1566446.66630000,5183841.73830000,1.28053887,45.84164263
87085_4245_00046,rue du Pont Saint André,46,,CR0181,1566452.80230000,5183847.66710000,1.28061619,45.84169715
87085_4245_00047,rue du Pont Saint André,47,,CS0223,1566438.78920000,5183851.38790000,1.28043480,45.84172790
87085_4245_00048,rue du Pont Saint André,48,,CR0182,1566447.73700000,5183853.88300000,1.28054927,45.84175209
87085_4245_00048_bis,rue du Pont Saint André,48,bis,CR0183,1566441.53500000,5183861.69520000,1.28046728,45.84182116
87085_4245_00049,rue du Pont Saint André,49,,CS0233,1566432.28390000,5183859.43160000,1.28034884,45.84179900
87085_4245_00050,rue du Pont Saint André,50,,CR0247,1566436.01970000,5183868.49940000,1.28039440,45.84188129
87085_4245_00051,rue du Pont Saint André,51,,CS0219,1566425.97590000,5183867.54190000,1.28026539,45.84187073
87085_4245_00052,rue du Pont Saint André,52,,CR0185,1566429.29710000,5183876.77130000,1.28030558,45.84195440
87085_4245_00053,rue du Pont Saint André,53,,CS0228,1566420.11760000,5183874.55460000,1.28018804,45.84193267
87085_4245_00055,rue du Pont Saint André,55,,CS0148,1566412.30810000,5183884.06000000,1.28008489,45.84201666
87085_4245_00056,rue du Pont Saint André,56,,CR0312,1566415.80720000,5183893.73520000,1.28012723,45.84210438
87085_4245_00057,rue du Pont Saint André,57,,CS0221,1566403.63380000,5183894.67870000,1.27997029,45.84211050
87085_4245_00058,rue du Pont Saint André,58,,CR0240,1566398.07280000,5183915.81350000,1.27989284,45.84229954
87085_4245_00059,rue du Pont Saint André,59,,CS0231,1566398.44740000,5183901.38290000,1.27990167,45.84216980
87085_4245_00061,rue du Pont Saint André,61,,CS0190,1566393.27880000,5183908.34040000,1.27983321,45.84223138
87085_4245_00080,rue du Pont Saint André,80,,CR0397,1566390.47340000,5184007.88710000,1.27976943,45.84312632
87085_4245_00082,rue du Pont Saint André,82,,CR0397,1566387.20420000,5184015.50880000,1.27972523,45.84319425
87085_4245_00084,rue du Pont Saint André,84,,CR0397,1566407.16170000,5184011.88200000,1.27998312,45.84316550
87085_4245_00086,rue du Pont Saint André,86,,CR0396,1566407.29950000,5184028.80840000,1.27998018,45.84331779
87085_4245_00088,rue du Pont Saint André,88,,CR0198,1566359.45450000,5183996.35190000,1.27937339,45.84301653
87085_4245_00090,rue du Pont Saint André,90,,CR0199,1566356.18980000,5184004.58710000,1.27932908,45.84308998
87085_4245_00092,rue du Pont Saint André,92,,CR0200,1566351.58400000,5184016.22610000,1.27926656,45.84319378
87085_4250_00007,rue du Pont Saint Etienne,7,,EO0317,1565559.39970000,5182517.70590000,1.26948946,45.82955924
87085_4250_00010,rue du Pont Saint Etienne,10,,EO0316,1565564.49550000,5182525.97390000,1.26955272,45.82963461
87085_4250_00014,rue du Pont Saint Etienne,14,,EO0123,1565553.76880000,5182532.57240000,1.26941284,45.82969187
87085_4250_00015,rue du Pont Saint Etienne,15,,EO0317,1565548.80910000,5182524.69000000,1.26935122,45.82962000
87085_4250_00016,rue du Pont Saint Etienne,16,,EO0124,1565548.18360000,5182535.70410000,1.26934009,45.82971895
87085_4250_00019,rue du Pont Saint Etienne,19,,EO0131,1565540.92200000,5182531.25460000,1.26924790,45.82967751
87085_4250_00020,rue du Pont Saint Etienne,20,,EO0127,1565532.86140000,5182544.23910000,1.26914054,45.82979274
87085_4250_00021,rue du Pont Saint Etienne,21,,EO0130,1565535.14360000,5182534.54230000,1.26917262,45.82970595
87085_4250_00025,rue du Pont Saint Etienne,25,,EO0129,1565517.74260000,5182533.66670000,1.26894895,45.82969467
87085_4250_00026,rue du Pont Saint Etienne,26,,EO0110,1565503.93600000,5182542.09980000,1.26876893,45.82976784
87085_4250_00028,rue du Pont Saint Etienne,28,,EO0109,1565499.94060000,5182546.31200000,1.26871634,45.82980495
87085_4250_00029,rue du Pont Saint Etienne,29,,EO0161,1565498.26830000,5182534.09370000,1.26869824,45.82969471
87085_4250_00030,rue du Pont Saint Etienne,30,,EO0108,1565494.91890000,5182550.99620000,1.26865041,45.82984610
87085_4250_00031,rue du Pont Saint Etienne,31,,EO0162,1565494.73230000,5182539.14280000,1.26865133,45.82973944
87085_4250_00033,rue du Pont Saint Etienne,33,,EO0245,1565489.51390000,5182543.80470000,1.26858287,45.82978035
87085_4250_00034,rue du Pont Saint Etienne,34,,EO0248,1565487.43380000,5182558.34570000,1.26855204,45.82991075
87085_4250_00035,rue du Pont Saint Etienne,35,,EO0165,1565483.88390000,5182547.89650000,1.26850928,45.82981606
87085_4250_00036,rue du Pont Saint Etienne,36,,EO0247,1565483.05800000,5182562.62650000,1.26849453,45.82994840
87085_4250_00037,rue du Pont Saint Etienne,37,,EO0230,1565481.33190000,5182549.91230000,1.26847588,45.82983369
87085_4250_00038,rue du Pont Saint Etienne,38,,EO0246,1565479.41050000,5182566.18070000,1.26844660,45.82997966
87085_4250_00039,rue du Pont Saint Etienne,39,,EO0167,1565476.65030000,5182554.30490000,1.26841441,45.82987229
87085_4250_00040,rue du Pont Saint Etienne,40,,EO0106,1565473.66430000,5182571.76280000,1.26837110,45.83002875
87085_4250_00041,rue du Pont Saint Etienne,41,,EO0357,1565473.12330000,5182557.86270000,1.26836803,45.82990361
87085_4255_00001,rue du Pont Saint Martial,1,,HS0429,1565194.94690000,5181588.30070000,1.26506027,45.82112733
87085_4255_00002,rue du Pont Saint Martial,2,,HS0538,1565236.24260000,5181599.18980000,1.26558853,45.82123338
87085_4255_00002_bis,rue du Pont Saint Martial,2,bis,HS0534,1565228.56310000,5181595.42770000,1.26549078,45.82119803
87085_4255_00004,rue du Pont Saint Martial,4,,HS0518,1565223.60840000,5181593.55670000,1.26542756,45.82118023
87085_4255_00006,rue du Pont Saint Martial,6,,HS0517,1565209.26450000,5181591.85320000,1.26524349,45.82116210
87085_4255_00007,rue du Pont Saint Martial,7,,HS0226,1565176.16740000,5181609.77990000,1.26481264,45.82131687
87085_4255_00008,rue du Pont Saint Martial,8,,HS0217,1565201.19130000,5181600.61740000,1.26513716,45.82123935
87085_4255_00009,rue du Pont Saint Martial,9,,HS0413,1565173.77530000,5181613.10850000,1.26478093,45.82134635
87085_4255_00010,rue du Pont Saint Martial,10,,HS0547,1565196.92940000,5181604.14720000,1.26508134,45.82127027
87085_4255_00012,rue du Pont Saint Martial,12,,HS0211,1565194.51870000,5181607.66600000,1.26504934,45.82130145
87085_4255_00014,rue du Pont Saint Martial,14,,HS0479,1565186.42820000,5181610.57590000,1.26494443,45.82132604
87085_4255_00016,rue du Pont Saint Martial,16,,HS0209,1565181.43390000,5181617.03360000,1.26487836,45.82138316
87085_4255_00017,rue du Pont Saint Martial,17,,HS0230,1565161.98630000,5181625.87660000,1.26462567,45.82145889
87085_4255_00020,rue du Pont Saint Martial,20,,HS0180,1565156.07370000,5181642.02460000,1.26454507,45.82160299
87085_4255_00022,rue du Pont Saint Martial,22,,HS0178,1565152.21770000,5181645.79390000,1.26449440,45.82163615
87085_4255_00024,rue du Pont Saint Martial,24,,HS0177,1565148.14120000,5181649.62910000,1.26444088,45.82166985
87085_4255_00026,rue du Pont Saint Martial,26,,HS0581,1565142.56720000,5181655.04220000,1.26436765,45.82171745
87085_4255_00041,rue du Pont Saint Martial,41,,HS0243,1565113.74450000,5181683.33660000,1.26398888,45.82196632
87085_4255_00043,rue du Pont Saint Martial,43,,HS0244,1565110.52880000,5181689.27490000,1.26394584,45.82201911
87085_4255_00044,rue du Pont Saint Martial,44,,HS0174,1565120.59980000,5181690.51670000,1.26407506,45.82203226
87085_4255_00045,rue du Pont Saint Martial,45,,HS0245,1565107.56800000,5181694.31780000,1.26390633,45.82206389
87085_4255_00046,rue du Pont Saint Martial,46,,HS0173,1565117.00150000,5181700.88840000,1.26402586,45.82212485
87085_4255_00047,rue du Pont Saint Martial,47,,HS0576,1565101.86000000,5181706.58250000,1.26382945,45.82217310
87085_4255_00048,rue du Pont Saint Martial,48,,HS0172,1565115.96550000,5181705.47030000,1.26401124,45.82216586
87085_4255_00050,rue du Pont Saint Martial,50,,HS0168,1565115.45870000,5181710.83490000,1.26400322,45.82221402
87085_4255_00052,rue du Pont Saint Martial,52,,HS0167,1565115.25040000,5181717.00610000,1.26399881,45.82226950
87085_4255_00053,rue du Pont Saint Martial,53,,HS0248,1565079.93380000,5181746.03100000,1.26353627,45.82252367
87085_4255_00054,rue du Pont Saint Martial,54,,HS0575,1565098.49010000,5181729.34190000,1.26377971,45.82237718
87085_4255_00056,rue du Pont Saint Martial,56,,HS0162,1565093.47510000,5181738.88200000,1.26371251,45.82246201
87085_4255_00058,rue du Pont Saint Martial,58,,HS0161,1565089.43160000,5181746.39440000,1.26365837,45.82252880
87085_4255_00060,rue du Pont Saint Martial,60,,HS0159,1565085.49430000,5181754.39420000,1.26360547,45.82259999
87085_4255_00062,rue du Pont Saint Martial,62,,HS0158,1565082.12890000,5181760.50680000,1.26356046,45.82265431
87085_4255_00063,rue du Pont Saint Martial,63,,HS0586,1565042.44390000,5181800.04500000,1.26303876,45.82300220
87085_4255_00064,rue du Pont Saint Martial,64,,HS0157,1565080.57850000,5181764.29100000,1.26353945,45.82268805
87085_4255_00064_bis,rue du Pont Saint Martial,64,bis,HS0157,1565078.93780000,5181767.39840000,1.26351747,45.82271568
87085_4255_00066,rue du Pont Saint Martial,66,,HS0155,1565076.39090000,5181771.97940000,1.26348341,45.82275639
87085_4255_00068,rue du Pont Saint Martial,68,,HS0571,1565071.17170000,5181782.03950000,1.26341344,45.82284587
87085_4255_00068_bis,rue du Pont Saint Martial,68,bis,HS0571,1565066.13750000,5181795.08200000,1.26334501,45.82296220
87085_4255_00069,rue du Pont Saint Martial,69,,HS0322,1565050.97580000,5181838.26990000,1.26313781,45.82334773
87085_4255_00069_bis,rue du Pont Saint Martial,69,bis,HS0323,1565048.89540000,5181857.62340000,1.26310561,45.82352142
87085_4255_00071,rue du Pont Saint Martial,71,,HS0327,1565046.52930000,5181879.86950000,1.26306893,45.82372107
87085_4255_00071_bis,rue du Pont Saint Martial,71,bis,HS0328,1565044.05340000,5181903.35040000,1.26303048,45.82393181
87085_4255_00071_ter,rue du Pont Saint Martial,71,ter,HS0330,1565040.83000000,5181934.15300000,1.26298036,45.82420827
87085_4255_00072,rue du Pont Saint Martial,72,,HS0152,1565061.52740000,5181835.99970000,1.26327421,45.82332938
87085_4255_00073,rue du Pont Saint Martial,73,,HS0510,1565037.66840000,5181954.50170000,1.26293397,45.82439069
87085_4255_00074,rue du Pont Saint Martial,74,,HS0151,1565060.90950000,5181843.45120000,1.26326417,45.82339629
87085_4255_00076,rue du Pont Saint Martial,76,,HS0150,1565060.10320000,5181850.91560000,1.26325170,45.82346328
87085_4255_00077,rue du Pont Saint Martial,77,,HS0508,1565024.31030000,5182003.57660000,1.26274832,45.82482953
87085_4255_00078,rue du Pont Saint Martial,78,,HS0149,1565059.63280000,5181856.31060000,1.26324413,45.82351172
87085_4255_00079,rue du Pont Saint Martial,79,,HS0390,1565016.91730000,5182025.19680000,1.26264713,45.82502257
87085_4255_00080,rue du Pont Saint Martial,80,,HS0148,1565058.78140000,5181864.91190000,1.26323077,45.82358892
87085_4255_00080_bis,rue du Pont Saint Martial,80,bis,HS0142,1565058.06690000,5181870.72790000,1.26321994,45.82364110
87085_4255_00080_ter,rue du Pont Saint Martial,80,ter,HS0140,1565057.62240000,5181873.79180000,1.26321336,45.82366858
87085_4255_00081,rue du Pont Saint Martial,81,,HS0392,1565012.63100000,5182033.45180000,1.26258966,45.82509599
87085_4255_00082,rue du Pont Saint Martial,82,,HS0140,1565056.69550000,5181881.00660000,1.26319941,45.82373329
87085_4255_00084,rue du Pont Saint Martial,84,,HS0139,1565055.75310000,5181889.30370000,1.26318496,45.82380775
87085_4255_00086,rue du Pont Saint Martial,86,,HS0356,1565055.01650000,5181896.22480000,1.26317354,45.82386986
87085_4255_00088,rue du Pont Saint Martial,88,,HS0504,1565053.56170000,5181912.56810000,1.26315023,45.82401659
87085_4260_00007,rue du Portail Imbert,7,,DX0033,1564623.78530000,5182710.77210000,1.25739575,45.83111246
87085_4278_00002,rue du Portefaix,2,,IX0909,1563185.78220000,5182723.04900000,1.23888784,45.83093833
87085_4278_00005,rue du Portefaix,5,,IX0297,1563154.45660000,5182711.32040000,1.23848808,45.83082659
87085_4278_00007,rue du Portefaix,7,,IX0299,1563131.04940000,5182709.80160000,1.23818731,45.83080827
87085_4278_00009,rue du Portefaix,9,,IX0890,1563117.32770000,5182709.17590000,1.23801092,45.83079991
87085_4278_00011,rue du Portefaix,11,,IX0890,1563111.43050000,5182708.58390000,1.23793520,45.83079341
87085_4278_00013,rue du Portefaix,13,,IX0647,1563102.00140000,5182707.54420000,1.23781416,45.83078218
87085_4278_00014,rue du Portefaix,14,,IX0905,1563120.57890000,5182722.35510000,1.23804900,45.83091911
87085_4278_00015,rue du Portefaix,15,,IX0306,1563090.62140000,5182706.21180000,1.23766810,45.83076793
87085_4278_00016,rue du Portefaix,16,,IX0907,1563113.69020000,5182721.55070000,1.23796058,45.83091051
87085_4278_00018,rue du Portefaix,18,,IX0903,1563102.61840000,5182720.85790000,1.23781831,45.83090207
87085_4278_00019,rue du Portefaix,19,,IX0800,1563069.70460000,5182703.40110000,1.23739974,45.83073849
87085_4278_00021,rue du Portefaix,21,,IX0309,1563056.54540000,5182701.23830000,1.23723103,45.83071641
87085_4278_00022,rue du Portefaix,22,,IX0761,1563079.75730000,5182717.18260000,1.23752518,45.83086446
87085_4278_00023,rue du Portefaix,23,,IX0310,1563047.34420000,5182699.64160000,1.23711308,45.83070021
87085_4278_00024,rue du Portefaix,24,,IX0901,1563067.78330000,5182716.26200000,1.23737136,45.83085379
87085_4278_00025,rue du Portefaix,25,,IX0311,1563037.45400000,5182697.99460000,1.23698628,45.83068343
87085_4278_00026,rue du Portefaix,26,,IX0277,1563048.68670000,5182712.87750000,1.23712658,45.83081955
87085_4278_00027,rue du Portefaix,27,,IX0312,1563022.36710000,5182695.78990000,1.23679277,45.83066059
87085_4278_00028,rue du Portefaix,28,,IX0276,1563030.33230000,5182703.30120000,1.23689313,45.83072975
87085_4278_00031,rue du Portefaix,31,,IX0313,1563004.25150000,5182692.62160000,1.23656100,45.83062800
87085_4278_00032,rue du Portefaix,32,,IX0927,1563005.90220000,5182699.96860000,1.23657971,45.83069490
87085_4278_00033,rue du Portefaix,33,,IX0314,1562992.96820000,5182690.73940000,1.23641590,45.83060930
87085_4278_00035,rue du Portefaix,35,,IX0315,1562981.89640000,5182688.90200000,1.23627396,45.83059057
87085_4306_00002,rue du Pradou,2,,LV0007,1567628.37860000,5187520.84780000,1.29473443,45.87496711
87085_4306_00005,rue du Pradou,5,,LV0004,1567641.91820000,5187536.13620000,1.29490458,45.87510725
87085_4306_00006,rue du Pradou,6,,LV0003,1567648.78310000,5187527.76500000,1.29499530,45.87503326
87085_4306_00007,rue du Pradou,7,,LV0004,1567649.33850000,5187540.19790000,1.29499902,45.87514521
87085_4306_00008,rue du Pradou,8,,LV0003,1567655.51510000,5187531.74000000,1.29508090,45.87507032
87085_4306_00009,rue du Pradou,9,,LV0004,1567655.19240000,5187544.70000000,1.29507317,45.87518684
87085_4306_00010,rue du Pradou,10,,LV0003,1567661.43470000,5187536.18460000,1.29515591,45.87511144
87085_4306_00011,rue du Pradou,11,,LV0004,1567660.98250000,5187549.65350000,1.29514637,45.87523251
87085_4306_00012,rue du Pradou,12,,LV0003,1567668.03210000,5187541.48580000,1.29523941,45.87516040
87085_4306_00014,rue du Pradou,14,,LV0003,1567684.50000000,5187538.24960000,1.29545239,45.87513446
87085_4306_00015,rue du Pradou,15,,LV0004,1567670.09890000,5187556.20680000,1.29526197,45.87529322
87085_4306_00016,rue du Pradou,16,,LV0003,1567691.39150000,5187543.31930000,1.29553974,45.87518139
87085_4306_00017,rue du Pradou,17,,LV0004,1567678.08360000,5187562.41380000,1.29536309,45.87535059
87085_4306_00018,rue du Pradou,18,,LV0003,1567697.43580000,5187548.79530000,1.29561608,45.87523181
87085_4306_00019,rue du Pradou,19,,LV0004,1567692.94590000,5187583.59460000,1.29554866,45.87554399
87085_4306_00020,rue du Pradou,20,,LV0003,1567701.58710000,5187553.34970000,1.29566828,45.87527358
87085_4306_00021,rue du Pradou,21,,LV0004,1567695.06160000,5187589.86650000,1.29557418,45.87560082
87085_4306_00022,rue du Pradou,22,,LV0003,1567705.98320000,5187559.03200000,1.29572333,45.87532554
87085_4306_00023,rue du Pradou,23,,LV0004,1567696.05270000,5187598.26800000,1.29558463,45.87567658
87085_4306_00024,rue du Pradou,24,,LV0003,1567706.46030000,5187572.55830000,1.29572575,45.87544731
87085_4306_00025,rue du Pradou,25,,LV0004,1567694.76880000,5187621.32920000,1.29556174,45.87588379
87085_4306_00026,rue du Pradou,26,,LV0003,1567702.78300000,5187581.29700000,1.29567598,45.87552522
87085_4306_00027,rue du Pradou,27,,LV0004,1567689.61710000,5187633.07510000,1.29549215,45.87598846
87085_4306_00028,rue du Pradou,28,,LV0003,1567706.23870000,5187592.13700000,1.29571750,45.87562339
87085_4306_00030,rue du Pradou,30,,LV0003,1567707.51450000,5187599.78520000,1.29573182,45.87569244
87085_4306_00032,rue du Pradou,32,,LV0003,1567707.41350000,5187606.70310000,1.29572861,45.87575465
87085_4306_00034,rue du Pradou,34,,LV0003,1567706.70490000,5187613.57610000,1.29571759,45.87581634
87085_4306_00036,rue du Pradou,36,,LV0003,1567705.55210000,5187620.31510000,1.29570089,45.87587674
87085_4306_00038,rue du Pradou,38,,LV0002,1567693.63870000,5187646.99860000,1.29554011,45.87611448
87085_4306_00040,rue du Pradou,40,,LV0002,1567690.39390000,5187655.19820000,1.29549606,45.87618762
87085_4306_00042,rue du Pradou,42,,LV0002,1567687.89400000,5187661.11510000,1.29546223,45.87624036
87085_4306_00044,rue du Pradou,44,,LV0002,1567685.53890000,5187666.83690000,1.29543032,45.87629138
87085_4334_00002,rue du Prieur,2,,LS0065,1568026.39290000,5187595.50570000,1.29983972,45.87571526
87085_4334_00004,rue du Prieur,4,,LS0065,1568003.47540000,5187576.52030000,1.29954980,45.87554007
87085_4334_00006,rue du Prieur,6,,LS0065,1567983.47310000,5187574.47720000,1.29929276,45.87551785
87085_4350_00004,rue du Progrès,4,,IM1272,1563480.88450000,5182575.05580000,1.24272728,45.82966569
87085_4350_00005,rue du Progrès,5,,IM1276,1563491.35290000,5182564.70730000,1.24286492,45.82957468
87085_4350_00006,rue du Progrès,6,,IM1270,1563473.02450000,5182573.28390000,1.24262664,45.82964819
87085_4350_00007,rue du Progrès,7,,IM1274,1563477.42350000,5182561.64360000,1.24268655,45.82954436
87085_4350_00008,rue du Progrès,8,,IM1268,1563464.06080000,5182571.27090000,1.24251187,45.82962831
87085_4350_00010,rue du Progrès,10,,IM1266,1563454.29980000,5182569.19430000,1.24238685,45.82960769
87085_4350_00012,rue du Progrès,12,,IM1264,1563444.25530000,5182566.87350000,1.24225826,45.82958482
87085_4350_00014,rue du Progrès,14,,IM1262,1563435.45810000,5182564.92920000,1.24214561,45.82956558
87085_4350_00015,rue du Progrès,15,,IM1099,1563450.50770000,5182555.56520000,1.24234193,45.82948433
87085_4350_00016,rue du Progrès,16,,IM1260,1563425.14940000,5182562.54320000,1.24201364,45.82954207
87085_4350_00017,rue du Progrès,17,,IM1099,1563443.79970000,5182554.13280000,1.24225602,45.82947012
87085_4350_00018,rue du Progrès,18,,IM1256,1563416.06870000,5182560.46500000,1.24189738,45.82952157
87085_4350_00018_bis,rue du Progrès,18,bis,IM1256,1563409.26610000,5182558.93110000,1.24181028,45.82950642
87085_4350_00019,rue du Progrès,19,,IM1099,1563436.23870000,5182552.27830000,1.24215925,45.82945193
87085_4350_00020,rue du Progrès,20,,IM1254,1563403.74930000,5182557.70300000,1.24173964,45.82949428
87085_4350_00022,rue du Progrès,22,,IM1174,1563394.29690000,5182555.62940000,1.24161860,45.82947375
87085_4350_00023,rue du Progrès,23,,IM1258,1563419.77170000,5182548.79010000,1.24194835,45.82941728
87085_4350_00025,rue du Progrès,25,,IM1252,1563407.01520000,5182545.95480000,1.24178501,45.82938925
87085_4350_00026,rue du Progrès,26,,IM1244,1563378.56850000,5182552.25550000,1.24141717,45.82944027
87085_4350_00027,rue du Progrès,27,,IM1250,1563397.56890000,5182543.86180000,1.24166405,45.82936854
87085_4350_00028,rue du Progrès,28,,IM1242,1563346.14220000,5182544.80580000,1.24100204,45.82936682
87085_4350_00029,rue du Progrès,29,,IM1248,1563387.68100000,5182541.56640000,1.24153747,45.82934593
87085_4350_00030,rue du Progrès,30,,IM1392,1563334.10740000,5182542.12450000,1.24084794,45.82934031
87085_4350_00031,rue du Progrès,31,,IM1246,1563379.09690000,5182539.69970000,1.24142754,45.82932743
87085_4350_00032,rue du Progrès,32,,IM1236,1563323.35110000,5182538.51570000,1.24071055,45.82930571
87085_4350_00034,rue du Progrès,34,,IM1234,1563313.41490000,5182534.46980000,1.24058385,45.82926734
87085_4350_00037,rue du Progrès,37,,IM1232,1563310.56420000,5182519.34980000,1.24055146,45.82913076
87085_4350_00045,rue du Progrès,45,,IM1124,1563284.66400000,5182507.20000000,1.24022164,45.82901632
87085_4370_00001,rue du Puy Chatu,1,,NK0186,1562404.98870000,5181672.58350000,1.22914114,45.82133308
87085_4370_00003,rue du Puy Chatu,3,,NK0184,1562396.14040000,5181665.52770000,1.22902932,45.82126784
87085_4370_00004,rue du Puy Chatu,4,,NK0048,1562389.42100000,5181674.69450000,1.22894024,45.82134895
87085_4370_00005,rue du Puy Chatu,5,,NK0181,1562386.91920000,5181657.91330000,1.22891286,45.82119750
87085_4370_00006,rue du Puy Chatu,6,,NK0049,1562378.98190000,5181666.12000000,1.22880839,45.82126973
87085_4370_00007,rue du Puy Chatu,7,,NK0180,1562377.57530000,5181650.62730000,1.22879472,45.82113008
87085_4370_00009,rue du Puy Chatu,9,,NK0174,1562368.78370000,5181643.26300000,1.22868372,45.82106208
87085_4370_00010,rue du Puy Chatu,10,,NK0294,1562372.06290000,5181660.01170000,1.22872112,45.82121340
87085_4370_00011,rue du Puy Chatu,11,,NK0173,1562360.95190000,5181636.88940000,1.22858478,45.82100318
87085_4370_00012,rue du Puy Chatu,12,,NK0288,1562365.65130000,5181654.59250000,1.22864018,45.82116337
87085_4370_00013,rue du Puy Chatu,13,,NK0172,1562355.31820000,5181632.32120000,1.22851361,45.82096096
87085_4370_00014,rue du Puy Chatu,14,,NK0052,1562357.21910000,5181645.47350000,1.22853430,45.82107965
87085_4370_00015,rue du Puy Chatu,15,,NK0171,1562347.94890000,5181626.24920000,1.22842053,45.82090486
87085_4370_00016,rue du Puy Chatu,16,,NK0053,1562349.08830000,5181638.87440000,1.22843158,45.82101866
87085_4370_00017,rue du Puy Chatu,17,,NK0168,1562339.08090000,5181619.03190000,1.22830851,45.82083816
87085_4370_00018,rue du Puy Chatu,18,,NK0055,1562340.34040000,5181631.67600000,1.22832109,45.82095216
87085_4370_00019,rue du Puy Chatu,19,,NK0166,1562327.39430000,5181609.08680000,1.22816100,45.82074636
87085_4370_00020,rue du Puy Chatu,20,,NK0056,1562329.87180000,5181622.87810000,1.22818892,45.82087092
87085_4370_00022,rue du Puy Chatu,22,,NK0059,1562320.48710000,5181615.03550000,1.22807043,45.82079849
87085_4370_00024,rue du Puy Chatu,24,,NK0060,1562312.55590000,5181608.42630000,1.22797028,45.82073745
87085_4370_00026,rue du Puy Chatu,26,,NK0063,1562302.89140000,5181600.40550000,1.22784824,45.82066337
87085_4370_00027,rue du Puy Chatu,27,,NK0331,1562276.30670000,5181567.56050000,1.22751561,45.82036259
87085_4370_00028,rue du Puy Chatu,28,,NK0065,1562288.38720000,5181588.92470000,1.22766492,45.82055719
87085_4370_00032,rue du Puy Chatu,32,,NK0256,1562271.32810000,5181577.36630000,1.22744875,45.82044980
87085_4370_00036,rue du Puy Chatu,36,,NK0069,1562262.10520000,5181568.00650000,1.22733277,45.82036375
87085_4370_00037,rue du Puy Chatu,37,,NK0155,1562225.66910000,5181524.79580000,1.22687638,45.81996776
87085_4370_00040,rue du Puy Chatu,40,,NK0073,1562243.06650000,5181552.02410000,1.22709241,45.82021617
87085_4370_00041,rue du Puy Chatu,41,,NK0149,1562210.71230000,5181511.40180000,1.22668779,45.81984427
87085_4370_00042,rue du Puy Chatu,42,,NK0074,1562229.26990000,5181539.77480000,1.22691841,45.82010322
87085_4370_00043,rue du Puy Chatu,43,,NK0148,1562200.24930000,5181501.99800000,1.22655587,45.81975759
87085_4370_00044,rue du Puy Chatu,44,,NK0075,1562219.72260000,5181531.69680000,1.22679790,45.82002864
87085_4370_00045,rue du Puy Chatu,45,,NK0147,1562192.05990000,5181494.61320000,1.22645263,45.81968951
87085_4370_00046,rue du Puy Chatu,46,,NK0076,1562191.95660000,5181535.60910000,1.22643955,45.82005827
87085_4370_00047,rue du Puy Chatu,47,,NK0146,1562185.71380000,5181488.89520000,1.22637262,45.81963681
87085_4370_00048,rue du Puy Chatu,48,,NK0076,1562177.84200000,5181522.61480000,1.22626168,45.81993855
87085_4370_00050,rue du Puy Chatu,50,,NK0076,1562164.76030000,5181511.27370000,1.22609663,45.81983391
87085_4370_00051,rue du Puy Chatu,51,,NK0145,1562175.41860000,5181480.12570000,1.22624268,45.81955586
87085_4370_00052,rue du Puy Chatu,52,,NK0076,1562151.99810000,5181499.76660000,1.22593574,45.81972784
87085_4380_00002,rue du Puy imbert,2,,EL0587,1566198.65720000,5183471.20700000,1.27744997,45.83826125
87085_4380_00004,rue du Puy imbert,4,,EL0587,1566210.88390000,5183474.59730000,1.27760638,45.83829413
87085_4380_00008,rue du Puy imbert,8,,EL0749,1566242.70240000,5183485.52180000,1.27801284,45.83839859
87085_4380_00012,rue du Puy imbert,12,,EL0748,1566270.50670000,5183499.22050000,1.27836687,45.83852723
87085_4380_00014,rue du Puy imbert,14,,CS0198,1566291.63480000,5183527.45300000,1.27863094,45.83878531
87085_4380_00016,rue du Puy imbert,16,,CS0198,1566296.87070000,5183536.76110000,1.27869573,45.83887006
87085_4380_00019,rue du Puy imbert,19,,CS0045,1566288.13130000,5183564.08360000,1.27857566,45.83911414
87085_4380_00021,rue du Puy imbert,21,,CS0044,1566296.04780000,5183571.49320000,1.27867548,45.83918233
87085_4380_00023,rue du Puy imbert,23,,CS0043,1566305.94450000,5183581.05430000,1.27880019,45.83927026
87085_4380_00025,rue du Puy imbert,25,,CS0206,1566316.63580000,5183591.30580000,1.27893494,45.83936456
87085_4380_00027,rue du Puy imbert,27,,CS0041,1566327.27590000,5183601.72660000,1.27906898,45.83946037
87085_4380_00029,rue du Puy imbert,29,,CS0312,1566338.01600000,5183617.82490000,1.27920273,45.83960727
87085_4380_00031,rue du Puy imbert,31,,CS0195,1566332.10310000,5183629.21480000,1.27912346,45.83970858
87085_4380_00032,rue du Puy imbert,32,,CS0023,1566341.02510000,5183634.24230000,1.27923690,45.83975554
87085_4380_00033,rue du Puy imbert,33,,CS0046,1566326.25100000,5183640.23000000,1.27904508,45.83980654
87085_4380_00034,rue du Puy imbert,34,,CS0022,1566335.61410000,5183644.14850000,1.27916450,45.83984360
87085_4380_00036,rue du Puy imbert,36,,CS0171,1566329.11070000,5183656.09410000,1.27907748,45.83994980
87085_4380_00037,rue du Puy imbert,37,,CS0047,1566321.75320000,5183655.20290000,1.27898303,45.83994035
87085_4380_00039,rue du Puy imbert,39,,CS0048,1566312.66180000,5183666.33410000,1.27886293,45.84003872
87085_4380_00040,rue du Puy imbert,40,,CS0169,1566318.29380000,5183675.77590000,1.27893278,45.84012475
87085_4380_00041,rue du Puy imbert,41,,CS0295,1566307.49450000,5183676.35240000,1.27879363,45.84012783
87085_4380_00042,rue du Puy imbert,42,,CS0167,1566311.28270000,5183687.40420000,1.27883931,45.84022799
87085_4380_00043,rue du Puy imbert,43,,CS0294,1566302.45260000,5183685.60250000,1.27872617,45.84021006
87085_4380_00044,rue du Puy imbert,44,,CS0165,1566305.00690000,5183699.55330000,1.27875516,45.84033606
87085_4380_00045,rue du Puy imbert,45,,CS0293,1566294.69630000,5183700.47660000,1.27862220,45.84034236
87085_4380_00046,rue du Puy imbert,46,,CS0184,1566298.08020000,5183712.75930000,1.27866234,45.84045351
87085_4380_00047,rue du Puy imbert,47,,CS0292,1566291.02870000,5183707.61720000,1.27857301,45.84040588
87085_4380_00048,rue du Puy imbert,48,,CS0161,1566294.25560000,5183720.02280000,1.27861109,45.84051810
87085_4380_00050,rue du Puy imbert,50,,CS0256,1566287.65720000,5183733.42770000,1.27852244,45.84063740
87085_4380_00052,rue du Puy imbert,52,,CS0255,1566277.50370000,5183752.64850000,1.27838641,45.84080833
87085_4380_00054,rue du Puy imbert,54,,CS0236,1566270.42320000,5183769.53100000,1.27829059,45.84095882
87085_4380_00057,rue du Puy imbert,57,,CS0070,1566258.01990000,5183775.13880000,1.27812939,45.84100686
87085_4380_00059,rue du Puy imbert,59,,CS0070,1566248.24100000,5183793.12910000,1.27799852,45.84116679
87085_4380_00061,rue du Puy imbert,61,,CS0070,1566238.29000000,5183811.02740000,1.27786546,45.84132586
87085_4385_00002,rue du Puy Lannaud,2,,EP0063,1565879.44820000,5182445.46000000,1.27362796,45.82897183
87085_4385_00004,rue du Puy Lannaud,4,,EP0301,1565895.51410000,5182432.03090000,1.27383844,45.82885416
87085_4385_00006,rue du Puy Lannaud,6,,EP0067,1565923.93710000,5182405.54230000,1.27421156,45.82862142
87085_4385_00007,rue du Puy Lannaud,7,,ER0388,1565907.41790000,5182431.60590000,1.27399173,45.82885266
87085_4385_00009,rue du Puy Lannaud,9,,ER0138,1565917.21670000,5182423.09680000,1.27412019,45.82877803
87085_4385_00010,rue du Puy Lannaud,10,,EP0400,1565945.06740000,5182388.70160000,1.27448816,45.82847405
87085_4385_00011,rue du Puy Lannaud,11,,ER0136,1565926.93290000,5182413.90770000,1.27424778,45.82869726
87085_4385_00013,rue du Puy Lannaud,13,,ER0135,1565935.05100000,5182407.58810000,1.27435400,45.82864199
87085_4385_00015,rue du Puy Lannaud,15,,ER0134,1565940.58940000,5182403.36690000,1.27442645,45.82860510
87085_4385_00016_a,rue du Puy Lannaud,16,a,ER0593,1565974.93020000,5182359.35640000,1.27488060,45.82821589
87085_4385_00016_b,rue du Puy Lannaud,16,b,ER0593,1566005.75430000,5182353.08950000,1.27527898,45.82816552
87085_4385_00016_c,rue du Puy Lannaud,16,c,ER0593,1566036.46300000,5182346.59650000,1.27567594,45.82811309
87085_4385_00017,rue du Puy Lannaud,17,,ER0133,1565939.96410000,5182414.18540000,1.27441538,45.82870230
87085_4385_00017_b,rue du Puy Lannaud,17,b,ER0132,1565949.59500000,5182406.98870000,1.27454132,45.82863943
87085_4385_00020,rue du Puy Lannaud,20,,ER0316,1566078.72740000,5182337.64090000,1.27622227,45.82804076
87085_4385_00020_bis,rue du Puy Lannaud,20,bis,ER0070,1566091.34010000,5182335.10860000,1.27638527,45.82802044
87085_4385_00021,rue du Puy Lannaud,21,,ER0131,1565953.46760000,5182393.12390000,1.27459502,45.82851547
87085_4385_00022,rue du Puy Lannaud,22,,ER0333,1566101.89840000,5182332.91080000,1.27652174,45.82800273
87085_4385_00023,rue du Puy Lannaud,23,,ER0130,1565960.60890000,5182387.51410000,1.27468847,45.82846639
87085_4385_00024,rue du Puy Lannaud,24,,ER0072,1566110.78600000,5182330.77000000,1.27663670,45.82798520
87085_4385_00025,rue du Puy Lannaud,25,,ER0495,1565968.64820000,5182380.97760000,1.27479374,45.82840916
87085_4385_00026,rue du Puy Lannaud,26,,ER0073,1566121.39190000,5182328.68790000,1.27677375,45.82796853
87085_4385_00029,rue du Puy Lannaud,29,,ER0573,1566004.01470000,5182366.43770000,1.27525288,45.82828526
87085_4385_00032,rue du Puy Lannaud,32,,ER0213,1566178.97180000,5182307.26810000,1.27752062,45.82778705
87085_4385_00033,rue du Puy Lannaud,33,,ER0088,1566029.50230000,5182361.18990000,1.27558230,45.82824302
87085_4385_00034,rue du Puy Lannaud,34,,ER0212,1566190.37900000,5182297.89600000,1.27767002,45.82770496
87085_4385_00035,rue du Puy Lannaud,35,,ER0086,1566051.82200000,5182356.38140000,1.27587084,45.82820411
87085_4385_00036,rue du Puy Lannaud,36,,ER0349,1566203.33590000,5182287.45270000,1.27783964,45.82761354
87085_4385_00037,rue du Puy Lannaud,37,,ER0085,1566067.81140000,5182352.76290000,1.27607760,45.82817467
87085_4385_00039,rue du Puy Lannaud,39,,ER0084,1566086.51080000,5182348.91820000,1.27631928,45.82814373
87085_4385_00041,rue du Puy Lannaud,41,,ER0083,1566097.01560000,5182346.77610000,1.27645505,45.82812650
87085_4385_00043,rue du Puy Lannaud,43,,ER0082,1566107.16640000,5182344.53180000,1.27658629,45.82810829
87085_4385_00043_bis,rue du Puy Lannaud,43,bis,ER0361,1566116.86570000,5182342.36710000,1.27671170,45.82809070
87085_4385_00045,rue du Puy Lannaud,45,,ER0080,1566126.40400000,5182340.44020000,1.27683497,45.82807523
87085_4385_00047,rue du Puy Lannaud,47,,ER0079,1566135.31450000,5182338.48250000,1.27695017,45.82805935
87085_4385_00049,rue du Puy Lannaud,49,,ER0077,1566149.84360000,5182335.45390000,1.27713797,45.82803493
87085_4385_00051,rue du Puy Lannaud,51,,ER0331,1566185.58790000,5182318.88350000,1.27760252,45.82789283
87085_4385_00051_bis,rue du Puy Lannaud,51,bis,ER0330,1566198.00970000,5182308.23030000,1.27776533,45.82779941
87085_4385_00053,rue du Puy Lannaud,53,,ER0210,1566210.08980000,5182297.98420000,1.27792362,45.82770959
87085_4385_00055,rue du Puy Lannaud,55,,ER0209,1566222.62510000,5182287.51430000,1.27808783,45.82761785
87085_4390_00002,rue du Puy Las Rodas,2,,IW0471,1563188.02290000,5182315.06890000,1.23903277,45.82726877
87085_4390_00003,rue du Puy Las Rodas,3,,IW0239,1563156.13640000,5182310.49380000,1.23862378,45.82722127
87085_4390_00005,rue du Puy Las Rodas,5,,IW0243,1563146.19700000,5182312.94450000,1.23849519,45.82724134
87085_4390_00007,rue du Puy Las Rodas,7,,IW0244,1563135.89810000,5182315.26320000,1.23836201,45.82726015
87085_4390_00008,rue du Puy Las Rodas,8,,IW0469,1563152.87190000,5182324.30580000,1.23857784,45.82734487
87085_4390_00009,rue du Puy Las Rodas,9,,IW0539,1563125.13510000,5182318.32490000,1.23822265,45.82728555
87085_4390_00009_bis,rue du Puy Las Rodas,9,bis,IW0551,1563116.62090000,5182320.33680000,1.23811252,45.82730195
87085_4390_00010,rue du Puy Las Rodas,10,,IW0232,1563140.97390000,5182327.04340000,1.23842397,45.82736713
87085_4390_00011,rue du Puy Las Rodas,11,,IW0550,1563108.81180000,5182322.09060000,1.23801154,45.82731618
87085_4390_00013,rue du Puy Las Rodas,13,,IW0254,1563101.55220000,5182324.25740000,1.23791751,45.82733422
87085_4390_00014,rue du Puy Las Rodas,14,,IW0231,1563121.92480000,5182332.16900000,1.23817740,45.82740945
87085_4390_00015,rue du Puy Las Rodas,15,,IW0380,1563093.22380000,5182326.31620000,1.23780976,45.82735109
87085_4390_00017,rue du Puy Las Rodas,17,,IW0255,1563081.44930000,5182329.19770000,1.23765744,45.82737466
87085_4390_00018,rue du Puy Las Rodas,18,,IW0225,1563093.91290000,5182339.65570000,1.23781483,45.82747122
87085_4390_00019,rue du Puy Las Rodas,19,,IW0483,1563073.52750000,5182331.38190000,1.23755488,45.82739273
87085_4390_00021,rue du Puy Las Rodas,21,,IW0259,1563063.73430000,5182333.86700000,1.23742816,45.82741314
87085_4390_00023,rue du Puy Las Rodas,23,,IW0266,1563050.91620000,5182337.12020000,1.23726230,45.82743985
87085_4390_00024,rue du Puy Las Rodas,24,,IW0225,1563030.90200000,5182351.23300000,1.23700076,45.82756282
87085_4390_00025,rue du Puy Las Rodas,25,,IW0267,1563040.65080000,5182339.68620000,1.23712948,45.82746089
87085_4390_00027,rue du Puy Las Rodas,27,,IW0268,1563031.30760000,5182341.85210000,1.23700865,45.82747851
87085_4390_00029_a,rue du Puy Las Rodas,29,a,IW0415,1563017.76840000,5182324.96680000,1.23683924,45.82732392
87085_4390_00029_b,rue du Puy Las Rodas,29,b,IW0414,1563015.97730000,5182311.73520000,1.23681997,45.82720454
87085_4390_00029_c,rue du Puy Las Rodas,29,c,IW0413,1563012.78030000,5182298.68030000,1.23678255,45.82708647
87085_4390_00029_d,rue du Puy Las Rodas,29,d,IW0412,1563009.84320000,5182283.30050000,1.23674914,45.82694753
87085_4390_00029_e,rue du Puy Las Rodas,29,e,IW0411,1563014.14720000,5182286.25610000,1.23680368,45.82697498
87085_4390_00029_f,rue du Puy Las Rodas,29,f,IW0410,1563019.15090000,5182289.49180000,1.23686714,45.82700508
87085_4390_00033,rue du Puy Las Rodas,33,,IW0416,1563005.82060000,5182348.49180000,1.23667881,45.82753316
87085_4390_00041,rue du Puy Las Rodas,41,,IW0183,1562898.72780000,5182375.36130000,1.23529315,45.82775353
87085_4390_00043,rue du Puy Las Rodas,43,,IW0182,1562888.70260000,5182377.83620000,1.23516345,45.82777379
87085_4390_00045,rue du Puy Las Rodas,45,,IW0181,1562880.19620000,5182380.03000000,1.23505337,45.82779183
87085_4390_00047,rue du Puy Las Rodas,47,,IW0180,1562867.57370000,5182383.30240000,1.23489001,45.82781875
87085_4390_00049,rue du Puy Las Rodas,49,,IW0179,1562855.99660000,5182386.02630000,1.23474027,45.82784095
87085_4390_00050,rue du Puy Las Rodas,50,,IX0758,1562866.17560000,5182392.49260000,1.23486940,45.82790114
87085_4390_00051,rue du Puy Las Rodas,51,,IW0177,1562845.85230000,5182388.50470000,1.23460903,45.82786122
87085_4390_00053,rue du Puy Las Rodas,53,,IW0176,1562836.42920000,5182391.10510000,1.23448704,45.82788273
87085_4390_00056,rue du Puy Las Rodas,56,,IX0935,1562844.05220000,5182398.19800000,1.23458311,45.82794806
87085_4390_00061,rue du Puy Las Rodas,61,,IW0601,1562754.37590000,5182357.48760000,1.23344083,45.82756396
87085_4390_00068,rue du Puy Las Rodas,68,,IX0355,1562753.12530000,5182418.82420000,1.23340723,45.82811546
87085_4390_00069,rue du Puy Las Rodas,69,,IW0605,1562740.27390000,5182411.92130000,1.23324383,45.82805080
87085_4390_00070,rue du Puy Las Rodas,70,,IX0655,1562737.12020000,5182424.64060000,1.23319962,45.82816459
87085_4390_00071,rue du Puy Las Rodas,71,,IW0605,1562732.12030000,5182413.75380000,1.23313839,45.82806566
87085_4390_00077,rue du Puy Las Rodas,77,,IW0605,1562703.19300000,5182420.66000000,1.23276420,45.82812201
87085_4390_00078,rue du Puy Las Rodas,78,,IX0358,1562708.01440000,5182428.92210000,1.23282388,45.82819729
87085_4390_00083,rue du Puy Las Rodas,83,,IW0570,1562623.43940000,5182437.00380000,1.23173331,45.82825311
87085_4390_00085,rue du Puy Las Rodas,85,,IW0569,1562604.12220000,5182441.96460000,1.23148333,45.82829387
87085_4390_00087,rue du Puy Las Rodas,87,,IW0431,1562594.77750000,5182443.89060000,1.23136254,45.82830933
87085_4390_00091,rue du Puy Las Rodas,91,,IW0619,1562574.62560000,5182453.14280000,1.23110059,45.82838853
87085_4390_00095,rue du Puy Las Rodas,95,,IW0543,1562539.34570000,5182462.09380000,1.23064407,45.82846200
87085_4390_00096,rue du Puy Las Rodas,96,,IX0749,1562541.71820000,5182470.87190000,1.23067209,45.82854144
87085_4390_00097,rue du Puy Las Rodas,97,,IW0556,1562521.05430000,5182466.68220000,1.23040739,45.82849962
87085_4390_00102,rue du Puy Las Rodas,102,,IX0419,1562525.60020000,5182474.85060000,1.23046355,45.82857401
87085_4390_00103,rue du Puy Las Rodas,103,,IW0072,1562496.97650000,5182473.11600000,1.23009573,45.82855268
87085_4390_00104,rue du Puy Las Rodas,104,,IX0421,1562515.76560000,5182477.28440000,1.23033631,45.82859393
87085_4390_00106,rue du Puy Las Rodas,106,,IX0422,1562484.30630000,5182485.63700000,1.22992911,45.82866278
87085_4390_00108,rue du Puy Las Rodas,108,,IX0423,1562468.64510000,5182489.41710000,1.22972651,45.82869365
87085_4390_00110,rue du Puy Las Rodas,110,,IX0427,1562458.50250000,5182492.36400000,1.22959516,45.82871813
87085_4390_00112,rue du Puy Las Rodas,112,,IX0428,1562449.39490000,5182494.51180000,1.22947735,45.82873563
87085_4390_00113,rue du Puy Las Rodas,113,,IW0002,1562414.52640000,5182493.73370000,1.22902890,45.82872166
87085_4390_00114,rue du Puy Las Rodas,114,,IX0429,1562434.05990000,5182498.68620000,1.22927883,45.82877012
87085_4390_00116,rue du Puy Las Rodas,116,,IX0974,1562419.23240000,5182502.35330000,1.22908699,45.82880014
87085_4390_00117,rue du Puy Las Rodas,117,,IW0001,1562398.40920000,5182497.63320000,1.22882040,45.82875351
87085_4390_00118,rue du Puy Las Rodas,118,,IX0973,1562408.34060000,5182505.22860000,1.22894602,45.82882382
87085_4390_00120,rue du Puy Las Rodas,120,,IX0431,1562402.15410000,5182506.84640000,1.22886595,45.82883714
87085_4390_00122,rue du Puy Las Rodas,122,,IX0432,1562390.91160000,5182509.83720000,1.22872043,45.82886179
87085_4390_00124,rue du Puy Las Rodas,124,,IX0433,1562382.53580000,5182511.82320000,1.22861208,45.82887798
87085_4390_00126,rue du Puy Las Rodas,126,,IX0434,1562372.75880000,5182514.56250000,1.22848549,45.82890067
87085_4390_00128,rue du Puy Las Rodas,128,,IX0435,1562363.25250000,5182516.93780000,1.22836249,45.82892013
87085_4390_00130,rue du Puy Las Rodas,130,,IX0436,1562353.68430000,5182519.60140000,1.22823861,45.82894218
87085_4390_00132,rue du Puy Las Rodas,132,,IX0437,1562344.38810000,5182521.84450000,1.22811835,45.82896050
87085_4390_00134,rue du Puy Las Rodas,134,,IX0438,1562331.69960000,5182525.52120000,1.22795402,45.82899103
87085_4390_00136,rue du Puy Las Rodas,136,,IX0439,1562317.48030000,5182529.03030000,1.22777005,45.82901975
87085_4390_00138,rue du Puy Las Rodas,138,,IX0440,1562306.58380000,5182531.81870000,1.22762904,45.82904265
87085_4406_00007,rue du Puy Ponchet,7,,ST0125,1566854.83400000,5185327.78820000,1.28538047,45.85508975
87085_4406_00011,rue du Puy Ponchet,11,,ST0109,1566924.51390000,5185336.96580000,1.28627498,45.85518580
87085_4404_00002,rue du Puy Réjaud,2,,PX0059,1561872.68310000,5184019.83840000,1.22161819,45.84234112
87085_4404_00003,rue du Puy Réjaud,3,,PZ0076,1561885.34580000,5184045.46980000,1.22177380,45.84257423
87085_4404_00004,rue du Puy Réjaud,4,,PX0006,1561883.88260000,5184031.42070000,1.22175901,45.84244755
87085_4404_00007,rue du Puy Réjaud,7,,PZ0070,1561911.28530000,5184068.97290000,1.22210091,45.84279086
87085_4404_00011,rue du Puy Réjaud,11,,PZ0069,1561940.70250000,5184095.87230000,1.22247180,45.84303874
87085_4404_00014,rue du Puy Réjaud,14,,PX0002,1561963.57070000,5184103.36410000,1.22276398,45.84311072
87085_4404_00027,rue du Puy Réjaud,27,,PY0001,1562058.72840000,5184213.66010000,1.22395708,45.84412199
87085_4404_00033,rue du Puy Réjaud,33,,PY0002,1562119.67200000,5184269.79910000,1.22472539,45.84463921
87085_4404_00037,rue du Puy Réjaud,37,,PY0004,1562114.99490000,5184315.24660000,1.22465215,45.84504709
87085_4404_00049,rue du Puy Réjaud,49,,PY0008,1562089.20910000,5184434.70520000,1.22428596,45.84611651
87085_4404_00055,rue du Puy Réjaud,55,,PY0010,1562176.65160000,5184455.42550000,1.22540554,45.84632043
87085_4404_00060,rue du Puy Réjaud,60,,OR0043,1562296.83380000,5184563.42640000,1.22692153,45.84731603
87085_4404_00062,rue du Puy Réjaud,62,,OR0246,1562331.29370000,5184581.80800000,1.22735982,45.84748829
87085_4404_00062_bis,rue du Puy Réjaud,62,bis,OR0245,1562344.58620000,5184588.10740000,1.22752912,45.84754761
87085_4404_00064_b,rue du Puy Réjaud,64,b,OR0183,1562361.55220000,5184595.43490000,1.22774540,45.84761690
87085_4404_00065,rue du Puy Réjaud,65,,OR0003,1562291.23930000,5184571.16630000,1.22684730,45.84738454
87085_4404_00066,rue du Puy Réjaud,66,,OR0182,1562378.26650000,5184603.24600000,1.22795831,45.84769054
87085_4404_00067,rue du Puy Réjaud,67,,OR0223,1562308.91690000,5184581.60610000,1.22707185,45.84748199
87085_4404_00070,rue du Puy Réjaud,70,,OR0040,1562416.87730000,5184621.01840000,1.22845022,45.84785813
87085_4404_00075,rue du Puy Réjaud,75,,OR0222,1562354.29290000,5184602.58360000,1.22764992,45.84767978
87085_4404_00077,rue du Puy Réjaud,77,,OR0238,1562375.10010000,5184612.37080000,1.22791494,45.84777198
87085_4404_00078,rue du Puy Réjaud,78,,OR0164,1562380.65030000,5184714.87890000,1.22795702,45.84869521
87085_4404_00080,rue du Puy Réjaud,80,,OR0163,1562370.32620000,5184737.29800000,1.22781771,45.84889481
87085_4404_00083,rue du Puy Réjaud,83,,OR0243,1562381.96410000,5184681.17060000,1.22798359,45.84839225
87085_1615_00001,rue Dupuytren,1,,DY0442,1564676.17180000,5182300.57430000,1.25818533,45.82743280
87085_1615_00003,rue Dupuytren,3,,DY0443,1564674.20080000,5182286.96800000,1.25816380,45.82731001
87085_1615_00004,rue Dupuytren,4,,HT0046,1564659.59310000,5182310.97400000,1.25796908,45.82752309
87085_1615_00005,rue Dupuytren,5,,DY0444,1564671.41910000,5182268.39200000,1.25813323,45.82714236
87085_1615_00007,rue Dupuytren,7,,DY0445,1564668.55020000,5182248.04020000,1.25810204,45.82695872
87085_1615_00008,rue Dupuytren,8,,HT0047,1564652.34890000,5182288.51270000,1.25788219,45.82731961
87085_1615_00009,rue Dupuytren,9,,DY0449,1564667.10090000,5182238.41270000,1.25808611,45.82687183
87085_1615_00010,rue Dupuytren,10,,HT0156,1564650.17770000,5182282.54670000,1.25785593,45.82726551
87085_1615_00011,rue Dupuytren,11,,DY0450,1564665.48130000,5182227.81650000,1.25806825,45.82677619
87085_1615_00012,rue Dupuytren,12,,HT0156,1564649.04190000,5182279.05090000,1.25784230,45.82723384
87085_1615_00014,rue Dupuytren,14,,HT0048,1564644.29810000,5182264.94090000,1.25778523,45.82710598
87085_1615_00016,rue Dupuytren,16,,HT0049,1564636.20770000,5182240.46810000,1.25768802,45.82688424
87085_1615_00020,rue Dupuytren,20,,HT0050,1564632.37220000,5182229.40120000,1.25764178,45.82678393
87085_1615_00022,rue Dupuytren,22,,HT0051,1564628.41220000,5182217.64650000,1.25759414,45.82667741
87085_4410_00004,rue du Puy Vincent,4,,EX0387,1565987.05970000,5181097.09420000,1.27538843,45.81686340
87085_4410_00006,rue du Puy Vincent,6,,EX0387,1565981.69340000,5181086.24840000,1.27532241,45.81676479
87085_4410_00028,rue du Puy Vincent,28,,EX0510,1565951.34840000,5181002.39560000,1.27495539,45.81600456
87085_4410_00037,rue du Puy Vincent,37,,EX0466,1565893.24020000,5180880.72130000,1.27424176,45.81489870
87085_4410_00038,rue du Puy Vincent,38,,EX0510,1565908.27420000,5180919.55560000,1.27442434,45.81525097
87085_4410_00039,rue du Puy Vincent,39,,EX0467,1565886.31820000,5180876.85940000,1.27415379,45.81486261
87085_4410_00041,rue du Puy Vincent,41,,EX0468,1565877.79050000,5180871.91750000,1.27404547,45.81481649
87085_4410_00043,rue du Puy Vincent,43,,EX0469,1565871.68350000,5180868.58950000,1.27396783,45.81478536
87085_4410_00052,rue du Puy Vincent,52,,EX0509,1565840.35310000,5180865.39650000,1.27356567,45.81475053
87085_4410_00053,rue du Puy Vincent,53,,EX0501,1565839.16530000,5180851.77970000,1.27355419,45.81462781
87085_4410_00055,rue du Puy Vincent,55,,EX0291,1565825.42560000,5180842.13930000,1.27338012,45.81453841
87085_4410_00057,rue du Puy Vincent,57,,EX0292,1565812.50960000,5180831.91520000,1.27321682,45.81444391
87085_4410_00058,rue du Puy Vincent,58,,EX0200,1565820.41910000,5180851.83020000,1.27331302,45.81462461
87085_4410_00059,rue du Puy Vincent,59,,EX0293,1565798.58560000,5180820.62250000,1.27304085,45.81433961
87085_4410_00060,rue du Puy Vincent,60,,EX0236,1565807.77900000,5180841.97340000,1.27315316,45.81453347
87085_4410_00065,rue du Puy Vincent,65,,EX0300,1565745.52650000,5180780.71160000,1.27236941,45.81397024
87085_4410_00067,rue du Puy Vincent,67,,EX0301,1565731.37740000,5180768.63260000,1.27219076,45.81385882
87085_4410_00071,rue du Puy Vincent,71,,EX0302,1565716.41120000,5180753.54470000,1.27200245,45.81372017
87085_4410_00073,rue du Puy Vincent,73,,EX0303,1565704.02000000,5180728.95720000,1.27184991,45.81349657
87085_4410_00076,rue du Puy Vincent,76,,EX0508,1565729.51120000,5180779.12710000,1.27216383,45.81395286
87085_4415_00027,rue du Quai Militaire,27,,CN0162,1566328.03190000,5184122.31440000,1.27893391,45.84414353
87085_4415_00031,rue du Quai Militaire,31,,CN0160,1566352.57960000,5184136.14310000,1.27924603,45.84427270
87085_4415_00037,rue du Quai Militaire,37,,CN0671,1566424.50990000,5184155.43950000,1.28016650,45.84446026
87085_4415_00039,rue du Quai Militaire,39,,CN0432,1566438.92770000,5184167.40620000,1.28034875,45.84457071
87085_4415_00041,rue du Quai Militaire,41,,CN0121,1566446.65770000,5184173.45730000,1.28044657,45.84462665
87085_4415_00043,rue du Quai Militaire,43,,CN0476,1566452.49920000,5184177.99500000,1.28052049,45.84466860
87085_4415_00044,rue du Quai Militaire,44,,EK0034,1566507.16500000,5184206.20750000,1.28121628,45.84493301
87085_4415_00045,rue du Quai Militaire,45,,CN0473,1566473.83340000,5184194.39150000,1.28079054,45.84482024
87085_4415_00046,rue du Quai Militaire,46,,EK0069,1566524.25740000,5184220.51280000,1.28143231,45.84506501
87085_4415_00047,rue du Quai Militaire,47,,CN0119,1566484.64670000,5184202.76450000,1.28092739,45.84489766
87085_4415_00048,rue du Quai Militaire,48,,VA0145,1566534.90410000,5184245.43610000,1.28156243,45.84529128
87085_4415_00050,rue du Quai Militaire,50,,VA0144,1566537.76880000,5184259.51390000,1.28159539,45.84541847
87085_4415_00051,rue du Quai Militaire,51,,CN0118,1566501.13120000,5184214.62870000,1.28113628,45.84500759
87085_4415_00053,rue du Quai Militaire,53,,CN0117,1566510.18610000,5184221.55010000,1.28125091,45.84507161
87085_4415_00054,rue du Quai Militaire,54,,VA0142,1566546.65900000,5184303.26420000,1.28169767,45.84581376
87085_4415_00056,rue du Quai Militaire,56,,VA0141,1566549.07260000,5184316.02890000,1.28172519,45.84592905
87085_4415_00057,rue du Quai Militaire,57,,CN0813,1566526.78790000,5184262.16150000,1.28145332,45.84544016
87085_4415_00058,rue du Quai Militaire,58,,VA0140,1566557.82180000,5184340.37660000,1.28183105,45.84614978
87085_4415_00059,rue du Quai Militaire,59,,CN0810,1566529.07560000,5184273.62490000,1.28147958,45.84554372
87085_4415_00060,rue du Quai Militaire,60,,VA0139,1566568.48700000,5184346.13440000,1.28196673,45.84620364
87085_4415_00061,rue du Quai Militaire,61,,CN0808,1566531.66710000,5184287.84290000,1.28150899,45.84567213
87085_4415_00062,rue du Quai Militaire,62,,VA0138,1566576.97990000,5184350.84420000,1.28207474,45.84624766
87085_4415_00063,rue du Quai Militaire,63,,CN0114,1566533.04290000,5184305.75540000,1.28152172,45.84583353
87085_4415_00064,rue du Quai Militaire,64,,VA0137,1566585.47690000,5184355.60860000,1.28218279,45.84629216
87085_4415_00066,rue du Quai Militaire,66,,VA0135,1566596.04830000,5184361.50900000,1.28231723,45.84634729
87085_4415_00067,rue du Quai Militaire,67,,VA0008,1566538.20120000,5184332.36240000,1.28158072,45.84607387
87085_4415_00068,rue du Quai Militaire,68,,VA0134,1566607.74250000,5184367.84960000,1.28246599,45.84640660
87085_4415_00070,rue du Quai Militaire,70,,VA0129,1566625.18990000,5184377.55070000,1.28268788,45.84649725
87085_4415_00071,rue du Quai Militaire,71,,VA0009,1566563.17380000,5184357.94250000,1.28189506,45.84630883
87085_4415_00072,rue du Quai Militaire,72,,VA0128,1566637.45630000,5184384.45210000,1.28284385,45.84656171
87085_4415_00073,rue du Quai Militaire,73,,VA0010,1566585.89830000,5184370.38750000,1.28218411,45.84642519
87085_4415_00074,rue du Quai Militaire,74,,VA0170,1566648.74180000,5184390.69120000,1.28298739,45.84662003
87085_4415_00075,rue du Quai Militaire,75,,VA0011,1566597.67580000,5184377.00330000,1.28233387,45.84648699
87085_4415_00076,rue du Quai Militaire,76,,VA0119,1566660.67610000,5184397.19780000,1.28313920,45.84668087
87085_4415_00077,rue du Quai Militaire,77,,VA0012,1566607.13170000,5184382.03460000,1.28245419,45.84653408
87085_4415_00079,rue du Quai Militaire,79,,VA0013,1566619.08700000,5184388.58870000,1.28260626,45.84659536
87085_4415_00081,rue du Quai Militaire,81,,VA0014,1566636.81050000,5184398.35840000,1.28283168,45.84668668
87085_4415_00083,rue du Quai Militaire,83,,VA0077,1566677.65870000,5184421.11510000,1.28335116,45.84689932
87085_4415_00085,rue du Quai Militaire,85,,VA0078,1566692.93130000,5184429.47580000,1.28354543,45.84697749
87085_4415_00087,rue du Quai Militaire,87,,VA0079,1566706.38770000,5184436.75230000,1.28371662,45.84704555
87085_4415_00089,rue du Quai Militaire,89,,VA0081,1566717.01170000,5184442.39080000,1.28385181,45.84709834
87085_4415_00091,rue du Quai Militaire,91,,VA0146,1566747.73670000,5184459.51540000,1.28424255,45.84725834
87085_4415_00093,rue du Quai Militaire,93,,VA0083,1566764.44070000,5184468.69820000,1.28445502,45.84734418
87085_4415_00095,rue du Quai Militaire,95,,VA0084,1566775.31340000,5184473.68690000,1.28459359,45.84739116
87085_4415_00097,rue du Quai Militaire,97,,VA0084,1566798.09810000,5184480.21080000,1.28488507,45.84745426
87085_4415_00097_b,rue du Quai Militaire,97,b,VA0154,1566802.22560000,5184491.00580000,1.28493520,45.84755217
87085_4415_00099,rue du Quai Militaire,99,,ST0131,1566807.07840000,5184454.47370000,1.28500780,45.84722448
87085_4415_00099_bis,rue du Quai Militaire,99,bis,ST0056,1566806.48550000,5184476.90050000,1.28499395,45.84742611
87085_1617_00001,rue Duquesne,1,,PR0007,1559965.18380000,5184292.40390000,1.19698815,45.84440713
87085_1617_00002,rue Duquesne,2,,PR0020,1559969.41730000,5184272.61880000,1.19704840,45.84423001
87085_1617_00003,rue Duquesne,3,,PR0008,1559960.51450000,5184296.52100000,1.19692685,45.84444321
87085_1617_00004,rue Duquesne,4,,PR0019,1559983.85330000,5184276.48750000,1.19723308,45.84426775
87085_1617_00005,rue Duquesne,5,,PR0009,1559964.55690000,5184304.48290000,1.19697656,45.84451565
87085_1617_00006,rue Duquesne,6,,PR0018,1559997.98410000,5184281.28880000,1.19741356,45.84431382
87085_1617_00007,rue Duquesne,7,,PR0010,1559974.05940000,5184308.24350000,1.19709777,45.84455142
87085_1617_00008,rue Duquesne,8,,PR0017,1560016.98360000,5184286.59150000,1.19765656,45.84436539
87085_1617_00009,rue Duquesne,9,,PR0011,1560002.19290000,5184292.77850000,1.19746438,45.84441803
87085_1617_00010,rue Duquesne,10,,PR0016,1560025.09880000,5184289.33400000,1.19776021,45.84439171
87085_1617_00011,rue Duquesne,11,,PR0012,1560012.43580000,5184303.06470000,1.19759322,45.84451265
87085_1617_00012,rue Duquesne,12,,PR0015,1560029.53510000,5184293.33370000,1.19781614,45.84442859
87085_1617_00015,rue Duquesne,15,,PR0013,1560023.19120000,5184305.12020000,1.19773106,45.84453333
87085_1617_00017,rue Duquesne,17,,PR0014,1560026.74610000,5184299.23630000,1.19777853,45.84448112
87085_4450_00004,rue du Rajat,4,,EO0151,1565544.69840000,5182468.83800000,1.26931395,45.82911677
87085_4450_00007,rue du Rajat,7,,EO0272,1565535.19780000,5182458.94790000,1.26919446,45.82902595
87085_4450_00008,rue du Rajat,8,,EO0149,1565538.04450000,5182471.03870000,1.26922771,45.82913527
87085_4450_00010,rue du Rajat,10,,EO0148,1565534.22800000,5182472.99940000,1.26917805,45.82915216
87085_4450_00011,rue du Rajat,11,,EO0157,1565522.40830000,5182460.98180000,1.26902932,45.82904174
87085_4450_00011_bis,rue du Rajat,11,bis,EO0339,1565520.52380000,5182461.48450000,1.26900493,45.82904590
87085_4450_00012,rue du Rajat,12,,EO0141,1565517.11560000,5182489.86270000,1.26895314,45.82930051
87085_4450_00013,rue du Rajat,13,,EO0340,1565522.54430000,5182466.11800000,1.26902963,45.82908797
87085_4450_00015,rue du Rajat,15,,EO0144,1565524.69930000,5182471.35260000,1.26905590,45.82913548
87085_4450_00015_bis,rue du Rajat,15,bis,EO0143,1565527.82520000,5182477.13900000,1.26909450,45.82918814
87085_4450_00019,rue du Rajat,19,,EO0142,1565507.31190000,5182484.22900000,1.26882856,45.82924791
87085_4478_00003,rue du Raudoux,3,,LO0089,1568412.14200000,5187936.45440000,1.30471419,45.87885629
87085_4478_00004,rue du Raudoux,4,,LO0080,1568416.60850000,5187928.72320000,1.30477383,45.87878759
87085_4478_00005,rue du Raudoux,5,,LO0090,1568422.63960000,5187943.43230000,1.30484748,45.87892107
87085_4478_00006,rue du Raudoux,6,,LO0079,1568425.94310000,5187934.94740000,1.30489235,45.87884537
87085_4478_00007,rue du Raudoux,7,,LO0092,1568430.72300000,5187948.80740000,1.30495012,45.87897097
87085_4478_00008,rue du Raudoux,8,,LO0078,1568433.02640000,5187939.70320000,1.30498228,45.87888951
87085_4478_00009,rue du Raudoux,9,,LO0093,1568437.78840000,5187958.48090000,1.30503846,45.87905934
87085_4478_00010,rue du Raudoux,10,,LO0077,1568443.14060000,5187948.94300000,1.30511001,45.87897456
87085_4478_00011,rue du Raudoux,11,,LO0096,1568444.08350000,5187970.34320000,1.30511629,45.87916725
87085_4478_00012,rue du Raudoux,12,,LO0076,1568448.56160000,5187959.11730000,1.30517704,45.87906713
87085_4478_00014,rue du Raudoux,14,,LO0075,1568454.77160000,5187971.28910000,1.30525369,45.87917781
87085_4478_00016,rue du Raudoux,16,,LO0074,1568459.94460000,5187981.20210000,1.30531759,45.87926797
87085_4478_00017,rue du Raudoux,17,,LO0098,1568419.94970000,5188036.35520000,1.30478736,45.87975645
87085_4478_00018,rue du Raudoux,18,,LO0073,1568464.12880000,5187989.34310000,1.30536925,45.87934201
87085_4478_00019,rue du Raudoux,19,,LO0099,1568413.43170000,5188044.32680000,1.30470122,45.87982691
87085_4478_00020,rue du Raudoux,20,,LO0072,1568467.89260000,5187996.86780000,1.30541567,45.87941042
87085_4478_00021,rue du Raudoux,21,,LO0100,1568407.02560000,5188051.89790000,1.30461664,45.87989379
87085_4478_00022,rue du Raudoux,22,,LO0071,1568469.58250000,5188005.12460000,1.30543517,45.87948502
87085_4478_00023,rue du Raudoux,23,,LO0101,1568400.85130000,5188059.25630000,1.30453510,45.87995881
87085_4478_00024,rue du Raudoux,24,,LO0070,1568464.28660000,5188011.49500000,1.30536521,45.87954131
87085_4478_00025,rue du Raudoux,25,,LO0102,1568394.80130000,5188066.72450000,1.30445513,45.88002483
87085_4478_00026,rue du Raudoux,26,,LO0069,1568458.33500000,5188018.77230000,1.30528657,45.87960563
87085_4478_00027,rue du Raudoux,27,,LO0103,1568386.38150000,5188076.90310000,1.30434389,45.88011478
87085_4478_00028,rue du Raudoux,28,,LO0068,1568450.14730000,5188028.74960000,1.30517838,45.87969382
87085_4478_00030,rue du Raudoux,30,,LO0067,1568435.60020000,5188032.10830000,1.30499010,45.87972125
87085_4478_00032,rue du Raudoux,32,,LO0066,1568428.43930000,5188040.63000000,1.30489553,45.87979653
87085_4478_00033,rue du Raudoux,33,,LO0041,1568328.99170000,5188137.09720000,1.30358822,45.88064527
87085_4478_00034,rue du Raudoux,34,,LO0065,1568419.63820000,5188051.21530000,1.30477927,45.87989007
87085_4478_00035,rue du Raudoux,35,,LO0042,1568324.53110000,5188143.58870000,1.30352898,45.88070281
87085_4478_00036,rue du Raudoux,36,,LO0064,1568412.02390000,5188060.33130000,1.30467870,45.87997062
87085_4478_00037,rue du Raudoux,37,,LO0043,1568320.68250000,5188149.34220000,1.30347783,45.88075383
87085_4478_00038,rue du Raudoux,38,,LO0063,1568406.64840000,5188066.78360000,1.30460770,45.88002763
87085_4478_00039,rue du Raudoux,39,,LO0047,1568325.04590000,5188155.51040000,1.30353234,45.88081015
87085_4478_00040,rue du Raudoux,40,,LO0062,1568399.28870000,5188075.61960000,1.30451049,45.88010571
87085_4478_00042,rue du Raudoux,42,,LO0061,1568391.81560000,5188084.66160000,1.30441176,45.88018561
87085_4478_00044,rue du Raudoux,44,,LO0060,1568386.12060000,5188091.38200000,1.30433656,45.88024498
87085_4478_00046,rue du Raudoux,46,,LO0059,1568380.01660000,5188098.79920000,1.30425591,45.88031053
87085_4478_00048,rue du Raudoux,48,,LO0058,1568373.16560000,5188106.98850000,1.30416543,45.88038288
87085_4478_00050,rue du Raudoux,50,,LO0057,1568365.59080000,5188116.25390000,1.30406532,45.88046478
87085_4478_00052,rue du Raudoux,52,,LO0056,1568359.34530000,5188123.66360000,1.30398285,45.88053024
87085_4478_00054,rue du Raudoux,54,,LO0055,1568353.73630000,5188130.34490000,1.30390877,45.88058927
87085_4478_00056,rue du Raudoux,56,,LO0054,1568347.94050000,5188137.27140000,1.30383222,45.88065047
87085_4478_00058,rue du Raudoux,58,,LO0053,1568343.84640000,5188146.52570000,1.30377695,45.88073293
87085_4478_00060,rue du Raudoux,60,,LO0052,1568337.32070000,5188156.26590000,1.30369023,45.88081930
87085_4478_00062,rue du Raudoux,62,,LO0051,1568332.82510000,5188163.08000000,1.30363046,45.88087974
87085_1620_00001,rue Durieux,1,,BC0223,1563797.64630000,5183184.51490000,1.24663064,45.83521092
87085_1620_00003,rue Durieux,3,,BC0224,1563791.17040000,5183179.36310000,1.24654876,45.83516330
87085_1620_00004,rue Durieux,4,,BC0162,1563788.09930000,5183192.61090000,1.24650549,45.83528186
87085_1620_00005,rue Durieux,5,,BC0225,1563785.12370000,5183175.31660000,1.24647209,45.83512570
87085_1620_00006,rue Durieux,6,,BC0161,1563779.85350000,5183186.70650000,1.24640104,45.83522711
87085_1620_00007,rue Durieux,7,,BC0226,1563779.80290000,5183171.48020000,1.24640471,45.83509013
87085_1620_00008,rue Durieux,8,,BC0160,1563773.80780000,5183182.26600000,1.24632450,45.83518597
87085_1620_00009,rue Durieux,9,,BC0227,1563773.40180000,5183166.60460000,1.24632371,45.83504501
87085_1620_00010,rue Durieux,10,,BC0159,1563767.22290000,5183177.27500000,1.24624117,45.83513977
87085_1620_00011,rue Durieux,11,,BC0228,1563764.98810000,5183160.47850000,1.24621717,45.83498823
87085_1620_00012,rue Durieux,12,,BC0158,1563758.70870000,5183171.42220000,1.24613326,45.83508543
87085_1620_00013,rue Durieux,13,,BC0228,1563757.76240000,5183154.83080000,1.24612578,45.83493600
87085_1620_00014,rue Durieux,14,,BC0156,1563751.28140000,5183165.89270000,1.24603925,45.83503422
87085_1620_00015,rue Durieux,15,,BC0229,1563752.06140000,5183150.96750000,1.24605351,45.83490011
87085_1620_00016,rue Durieux,16,,BC0155,1563744.82110000,5183160.88560000,1.24595753,45.83498790
87085_1620_00017,rue Durieux,17,,BC0230,1563745.46440000,5183145.89340000,1.24597005,45.83485316
87085_1620_00018,rue Durieux,18,,BC0154,1563738.07900000,5183155.92050000,1.24587217,45.83494190
87085_1620_00019,rue Durieux,19,,BC0257,1563739.41910000,5183141.49290000,1.24589350,45.83481238
87085_1620_00020,rue Durieux,20,,BC0253,1563729.56160000,5183149.67360000,1.24576433,45.83488402
87085_5000_00002,rue du Taurion,2,,OO0167,1561507.30280000,5181985.37180000,1.21750162,45.82396661
87085_5000_00003,rue du Taurion,3,,OO0169,1561503.53980000,5181975.57590000,1.21745602,45.82387773
87085_5000_00004,rue du Taurion,4,,OO0165,1561496.06440000,5181979.51470000,1.21735870,45.82391166
87085_5000_00005,rue du Taurion,5,,OO0170,1561492.88800000,5181969.98890000,1.21732058,45.82382533
87085_5000_00006,rue du Taurion,6,,OO0164,1561485.75570000,5181974.01580000,1.21722765,45.82386012
87085_5000_00007,rue du Taurion,7,,OO0171,1561482.60070000,5181964.68590000,1.21718975,45.82377555
87085_5000_00008,rue du Taurion,8,,OO0163,1561474.94280000,5181968.56380000,1.21709010,45.82380890
87085_5000_00009,rue du Taurion,9,,OO0172,1561473.78570000,5181959.92650000,1.21707770,45.82373097
87085_5000_00010,rue du Taurion,10,,OO0162,1561464.19990000,5181962.98500000,1.21695349,45.82375655
87085_5000_00011,rue du Taurion,11,,OO0173,1561462.32220000,5181954.18880000,1.21693186,45.82367704
87085_5000_00012,rue du Taurion,12,,OO0161,1561454.20260000,5181957.50760000,1.21682643,45.82370526
87085_5000_00013,rue du Taurion,13,,OO0174,1561452.95430000,5181949.19280000,1.21681277,45.82363021
87085_5000_00014,rue du Taurion,14,,OO0160,1561442.66110000,5181951.71510000,1.21667961,45.82365083
87085_5000_00015,rue du Taurion,15,,OO0175,1561441.37280000,5181943.41060000,1.21666542,45.82357587
87085_5000_00016,rue du Taurion,16,,OO0159,1561431.50920000,5181945.70470000,1.21653785,45.82359452
87085_5000_00017,rue du Taurion,17,,OO0176,1561430.41690000,5181937.64140000,1.21652612,45.82352176
87085_5000_00018,rue du Taurion,18,,OO0158,1561420.79090000,5181940.02420000,1.21640159,45.82354126
87085_5015_00003,rue du Temple,3,,DX0119,1564765.30150000,5182652.19360000,1.25923329,45.83061335
87085_5015_00004,rue du Temple,4,,DX0072,1564760.53270000,5182661.25900000,1.25916938,45.83069396
87085_5015_00005,rue du Temple,5,,DX0513,1564754.27310000,5182646.12060000,1.25909309,45.83055655
87085_5015_00007,rue du Temple,7,,DX0513,1564741.38690000,5182638.77790000,1.25892933,45.83048797
87085_5015_00008,rue du Temple,8,,DX0074,1564755.19840000,5182658.45520000,1.25910152,45.83066769
87085_5015_00009,rue du Temple,9,,DX0449,1564730.84750000,5182632.69740000,1.25879542,45.83043120
87085_5015_00010,rue du Temple,10,,DX0077,1564750.99370000,5182656.22780000,1.25904800,45.83064700
87085_5015_00011,rue du Temple,11,,DX0409,1564725.69510000,5182630.00850000,1.25872988,45.83040599
87085_5015_00012,rue du Temple,12,,DX0078,1564745.75340000,5182653.63870000,1.25898134,45.83062251
87085_5015_00013,rue du Temple,13,,DX0517,1564718.02080000,5182630.21450000,1.25863106,45.83040634
87085_5015_00014,rue du Temple,14,,DX0083,1564740.09820000,5182649.67010000,1.25890968,45.83058569
87085_5015_00015,rue du Temple,15,,DX0517,1564712.41340000,5182625.57040000,1.25856021,45.83036346
87085_5015_00016,rue du Temple,16,,DX0084,1564734.37330000,5182647.08170000,1.25883674,45.83056128
87085_5015_00017,rue du Temple,17,,DX0517,1564705.89530000,5182620.83380000,1.25847767,45.83031957
87085_5015_00019,rue du Temple,19,,DX0111,1564701.39810000,5182617.55420000,1.25842073,45.83028918
87085_5015_00021,rue du Temple,21,,DX0110,1564693.49990000,5182611.56020000,1.25832078,45.83023371
87085_5015_00023,rue du Temple,23,,DX0109,1564686.52770000,5182606.59300000,1.25823246,45.83018765
87085_5015_00024,rue du Temple,24,,DX0374,1564708.37560000,5182630.85960000,1.25850677,45.83041024
87085_5015_00025,rue du Temple,25,,DX0109,1564682.89240000,5182604.11550000,1.25818638,45.83016465
87085_5015_00026,rue du Temple,26,,DX0094,1564702.66250000,5182626.63600000,1.25843444,45.83037113
87085_5015_00027,rue du Temple,27,,DX0359,1564677.66060000,5182602.23190000,1.25811958,45.83014668
87085_5015_00028,rue du Temple,28,,DX0099,1564693.07230000,5182619.19310000,1.25831313,45.83030229
87085_5015_00029,rue du Temple,29,,DX0105,1564670.11260000,5182597.28640000,1.25802385,45.83010070
87085_5015_00030,rue du Temple,30,,DX0568,1564672.12460000,5182603.78780000,1.25804791,45.83015958
87085_5015_00031,rue du Temple,31,,DX0106,1564660.17760000,5182590.02500000,1.25789805,45.83003343
87085_5015_00032,rue du Temple,32,,DX0570,1564667.37720000,5182600.27050000,1.25798781,45.83012701
87085_5015_00034,rue du Temple,34,,DX0104,1564663.65560000,5182597.59530000,1.25794067,45.83010221
87085_5070_00002,rue du Transvaal,2,,BS0135,1564801.17260000,5184961.50140000,1.25904524,45.85139397
87085_5070_00003,rue du Transvaal,3,,BS0013,1564820.93580000,5184970.36910000,1.25929715,45.85147762
87085_5070_00003_bis,rue du Transvaal,3,bis,BS0014,1564828.36020000,5184970.14270000,1.25939279,45.85147705
87085_5070_00004,rue du Transvaal,4,,BS0134,1564819.22930000,5184959.99460000,1.25927810,45.85138396
87085_5070_00005,rue du Transvaal,5,,BS0758,1564837.94440000,5184969.39800000,1.25951638,45.85147223
87085_5070_00005_bis,rue du Transvaal,5,bis,BS0759,1564845.34540000,5184968.63550000,1.25961186,45.85146683
87085_5070_00006,rue du Transvaal,6,,BS0133,1564837.42530000,5184958.14440000,1.25951286,45.85137090
87085_5070_00007,rue du Transvaal,7,,BS0016,1564852.59770000,5184968.69100000,1.25970521,45.85146875
87085_5070_00009,rue du Transvaal,9,,BS0017,1564863.65000000,5184967.54580000,1.25984780,45.85146062
87085_5070_00010,rue du Transvaal,10,,BS0132,1564857.93420000,5184956.47810000,1.25977734,45.85135994
87085_5070_00011,rue du Transvaal,11,,BS0018,1564872.93180000,5184966.83050000,1.25996749,45.85145601
87085_5070_00013,rue du Transvaal,13,,BS0019,1564885.10750000,5184965.87100000,1.26012450,45.85144978
87085_5070_00014,rue du Transvaal,14,,BS0673,1564879.87960000,5184954.54900000,1.26006038,45.85134690
87085_5070_00015,rue du Transvaal,15,,BS0020,1564897.12110000,5184964.69950000,1.26027947,45.85144160
87085_5070_00017,rue du Transvaal,17,,BS0021,1564907.78350000,5184963.85280000,1.26041697,45.85143608
87085_5070_00019,rue du Transvaal,19,,BS0022,1564919.05010000,5184963.52340000,1.26056210,45.85143533
87085_5070_00021,rue du Transvaal,21,,BS0028,1564930.32210000,5184962.63180000,1.26070745,45.85142952
87085_5070_00023,rue du Transvaal,23,,BS0029,1564942.14010000,5184961.48520000,1.26085990,45.85142153
87085_5070_00025,rue du Transvaal,25,,BS0030,1564954.64690000,5184960.63260000,1.26102114,45.85141632
87085_5070_00029,rue du Transvaal,29,,BS0031,1564974.00910000,5184959.16060000,1.26127080,45.85140688
87085_5070_00031,rue du Transvaal,31,,BS0032,1564987.64190000,5184958.15350000,1.26144658,45.85140050
87085_5070_00033,rue du Transvaal,33,,BS0829,1565002.62480000,5184957.07580000,1.26163976,45.85139374
87085_5180_00001,rue du Vélodrome,1,,CV0078,1565141.25130000,5184275.61400000,1.26361556,45.84529081
87085_5180_00002,rue du Vélodrome,2,,CV0119,1565144.95340000,5184255.15040000,1.26366895,45.84510745
87085_5180_00004,rue du Vélodrome,4,,CV0118,1565152.99150000,5184270.96340000,1.26376798,45.84525127
87085_5180_00005,rue du Vélodrome,5,,CV0080,1565150.13110000,5184292.54300000,1.26372510,45.84544483
87085_5180_00006,rue du Vélodrome,6,,CV0872,1565158.79220000,5184282.02690000,1.26383954,45.84535193
87085_5180_00008,rue du Vélodrome,8,,CV0114,1565162.57500000,5184289.77560000,1.26388605,45.84542238
87085_5180_00009,rue du Vélodrome,9,,CV0083,1565158.03570000,5184308.65610000,1.26382233,45.84559133
87085_5180_00010,rue du Vélodrome,10,,CV0113,1565168.68910000,5184301.82250000,1.26396137,45.84553195
87085_5180_00011,rue du Vélodrome,11,,CV0085,1565162.68340000,5184317.65640000,1.26387962,45.84567321
87085_5180_00012,rue du Vélodrome,12,,CV0112,1565170.94300000,5184306.50540000,1.26398907,45.84557452
87085_5180_00013,rue du Vélodrome,13,,CV0086,1565169.01220000,5184330.17870000,1.26395757,45.84578709
87085_5180_00014,rue du Vélodrome,14,,CV0111,1565176.11880000,5184316.56400000,1.26405287,45.84566601
87085_5180_00018,rue du Vélodrome,18,,CV0163,1565192.51950000,5184349.04330000,1.26425486,45.84596140
87085_5180_00019,rue du Vélodrome,19,,CV0100,1565189.33980000,5184370.65570000,1.26420787,45.84615519
87085_5180_00025,rue du Vélodrome,25,,BS0891,1565222.75500000,5184436.40979999,1.26461953,45.84675324
87085_5180_00026,rue du Vélodrome,26,,CV0165,1565224.74490000,5184412.76640000,1.26465178,45.84654094
87085_5180_00027,rue du Vélodrome,27,,BS0892,1565227.43810000,5184445.69670000,1.26467721,45.84683770
87085_5180_00028,rue du Vélodrome,28,,CV0764,1565229.58960000,5184421.98630000,1.26471155,45.84662483
87085_5180_00029,rue du Vélodrome,29,,BS0644,1565231.77390000,5184454.65130000,1.26473051,45.84691910
87085_5180_00031,rue du Vélodrome,31,,BS0641,1565237.05040000,5184465.24620000,1.26479545,45.84701544
87085_5180_00032,rue du Vélodrome,32,,CV0168,1565237.45290000,5184437.84120000,1.26480832,45.84676900
87085_5180_00033,rue du Vélodrome,33,,BS0690,1565241.71660000,5184473.83300000,1.26485311,45.84709360
87085_5180_00034,rue du Vélodrome,34,,CV0197,1565246.37910000,5184455.23560000,1.26491834,45.84692722
87085_5180_00036,rue du Vélodrome,36,,CV0196,1565252.12970000,5184466.84620000,1.26498910,45.84703279
87085_5180_00037,rue du Vélodrome,37,,BS0689,1565246.73590000,5184484.42490000,1.26491474,45.84718986
87085_5180_00038,rue du Vélodrome,38,,CV0198,1565256.92920000,5184476.03170000,1.26504831,45.84711636
87085_5180_00039,rue du Vélodrome,39,,BS0512,1565259.53640000,5184509.64910000,1.26507244,45.84741928
87085_5180_00041,rue du Vélodrome,41,,BS0739,1565265.89080000,5184521.85960000,1.26515081,45.84753037
87085_5180_00042,rue du Vélodrome,42,,BS0511,1565270.66690000,5184504.06690000,1.26521728,45.84737125
87085_5180_00043,rue du Vélodrome,43,,BS0516,1565269.59610000,5184529.56980000,1.26519634,45.84760045
87085_5180_00044,rue du Vélodrome,44,,BS0510,1565275.77840000,5184513.98470000,1.26528029,45.84746146
87085_5180_00046,rue du Vélodrome,46,,BS0480,1565281.08730000,5184524.06080000,1.26534580,45.84755314
87085_5180_00047,rue du Vélodrome,47,,BS0517,1565275.70040000,5184541.12860000,1.26527167,45.84770562
87085_5180_00048,rue du Vélodrome,48,,BS0479,1565286.40310000,5184534.64260000,1.26541126,45.84764938
87085_5180_00051,rue du Vélodrome,51,,BS0730,1565297.16030000,5184583.94740000,1.26553590,45.84809501
87085_5180_00052,rue du Vélodrome,52,,BS0477,1565305.13050000,5184570.99030000,1.26564213,45.84798001
87085_5180_00053,rue du Vélodrome,53,,BS0285,1565300.41620000,5184590.09210000,1.26557609,45.84815092
87085_5180_00054,rue du Vélodrome,54,,BS0477,1565317.76120000,5184596.40060000,1.26579759,45.84821107
87085_5180_00055,rue du Vélodrome,55,,BS0286,1565304.42210000,5184598.20000000,1.26562538,45.84822464
87085_5180_00057,rue du Vélodrome,57,,BS0287,1565308.45570000,5184606.14020000,1.26567508,45.84829686
87085_5180_00060,rue du Vélodrome,60,,BS0450,1565355.49520000,5184701.27120000,1.26625392,45.84916183
87085_5180_00062,rue du Vélodrome,62,,BS0449,1565373.06450000,5184748.60010000,1.26646682,45.84959102
87085_1625_00007,rue Duverger,7,,BE0184,1564243.12140000,5183981.86220000,1.25213830,45.84247160
87085_1625_00009,rue Duverger,9,,BE0467,1564232.09000000,5183995.75020000,1.25199240,45.84259435
87085_1625_00011,rue Duverger,11,,BE0178,1564221.81430000,5184009.19180000,1.25185634,45.84271324
87085_1625_00013,rue Duverger,13,,BE0179,1564217.18280000,5184015.28790000,1.25179501,45.84276716
87085_1625_00015,rue Duverger,15,,BE0180,1564211.76200000,5184022.33860000,1.25172325,45.84282951
87085_1625_00017,rue Duverger,17,,BE0176,1564199.46040000,5184037.85970000,1.25156053,45.84296671
87085_1625_00018,rue Duverger,18,,BE0532,1564253.12620000,5183996.02170000,1.25226307,45.84260095
87085_1625_00019,rue Duverger,19,,BE0175,1564195.50250000,5184042.82730000,1.25150818,45.84301061
87085_1625_00021,rue Duverger,21,,BE0165,1564187.93280000,5184052.47560000,1.25140803,45.84309591
87085_1625_00021_bis,rue Duverger,21,bis,BE0164,1564183.14470000,5184058.90830000,1.25134458,45.84315283
87085_1625_00023,rue Duverger,23,,BE0163,1564179.55550000,5184063.50840000,1.25129708,45.84319350
87085_1625_00027,rue Duverger,27,,BE0160,1564168.62260000,5184078.75180000,1.25115206,45.84332846
87085_1625_00029,rue Duverger,29,,BE0156,1564164.16060000,5184087.26320000,1.25109222,45.84340414
87085_1625_00031,rue Duverger,31,,BE0155,1564160.53410000,5184095.08130000,1.25104333,45.84347376
87085_1625_00033,rue Duverger,33,,BE0152,1564158.09920000,5184101.72150000,1.25101012,45.84353301
87085_1625_00035,rue Duverger,35,,BE0151,1564154.98980000,5184110.79620000,1.25096753,45.84361403
87085_1625_00037,rue Duverger,37,,BE0150,1564151.71240000,5184121.11130000,1.25092243,45.84370617
87085_1625_00039,rue Duverger,39,,BE0146,1564150.01630000,5184129.35780000,1.25089827,45.84378001
87085_1625_00041,rue Duverger,41,,BE0552,1564148.65220000,5184136.66010000,1.25087865,45.84384543
87085_1625_00043,rue Duverger,43,,BE0553,1564146.55210000,5184145.75070000,1.25084905,45.84392679
87085_1625_00045,rue Duverger,45,,BE0139,1564145.39400000,5184152.81240000,1.25083214,45.84399009
87085_1625_00047,rue Duverger,47,,BE0139,1564143.55880000,5184163.63310000,1.25080546,45.84408706
87085_1625_00049,rue Duverger,49,,BE0138,1564142.09020000,5184176.07870000,1.25078304,45.84419873
87085_5311_00004,rue du Village de la Forêt,4,,RI0036,1558829.05190000,5184932.79020000,1.18217684,45.84993531
87085_5311_00008,rue du Village de la Forêt,8,,RI0031,1558728.56520000,5184938.93800000,1.18088154,45.84996997
87085_5311_00009,rue du Village de la Forêt,9,,PM0018,1558768.81030000,5184925.74170000,1.18140346,45.84985954
87085_5311_00010,rue du Village de la Forêt,10,,RI0021,1558714.84990000,5184943.12880000,1.18070376,45.85000485
87085_5311_00012,rue du Village de la Forêt,12,,RI0020,1558679.28670000,5184947.83250000,1.18024460,45.85003986
87085_5311_00014,rue du Village de la Forêt,14,,RI0022,1558681.17920000,5184976.02370000,1.18026066,45.85029384
87085_5311_00016,rue du Village de la Forêt,16,,RI0021,1558685.68420000,5184979.12900000,1.18031774,45.85032270
87085_5311_00017,rue du Village de la Forêt,17,,RI0019,1558659.70900000,5184958.75800000,1.17998937,45.85013411
87085_5311_00018,rue du Village de la Forêt,18,,RI0022,1558680.36890000,5184983.71040000,1.18024797,45.85036281
87085_5311_00020,rue du Village de la Forêt,20,,RI0024,1558668.96950000,5184984.50130000,1.18010100,45.85036759
87085_5311_00021,rue du Village de la Forêt,21,,RI0011,1558644.48610000,5185000.88360000,1.17978102,45.85050992
87085_5311_00022,rue du Village de la Forêt,22,,RI0025,1558667.64740000,5184991.79820000,1.18008184,45.85043295
87085_5311_00024,rue du Village de la Forêt,24,,RI0049,1558658.38510000,5184998.41160000,1.17996066,45.85049054
87085_5311_00024_bis,rue du Village de la Forêt,24,bis,RI0043,1558639.53350000,5185015.01420000,1.17971311,45.85063601
87085_5311_00026,rue du Village de la Forêt,26,,RI0045,1558631.95950000,5185024.99850000,1.17961268,45.85072426
87085_5311_00033,rue du Village de la Forêt,33,,RI0014,1558579.66280000,5185111.96590000,1.17891389,45.85149581
87085_5325_00004,rue du Vincou,4,,ON0079,1561501.59800000,5182248.35830000,1.21735247,45.82633115
87085_5325_00006,rue du Vincou,6,,ON0080,1561509.97800000,5182257.33180000,1.21745771,45.82641356
87085_5325_00008,rue du Vincou,8,,ON0081,1561518.89660000,5182266.60370000,1.21756980,45.82649876
87085_5325_00010,rue du Vincou,10,,ON0082,1561527.25650000,5182275.23550000,1.21767488,45.82657809
87085_5325_00012,rue du Vincou,12,,ON0083,1561533.83190000,5182282.07890000,1.21775751,45.82664098
87085_1650_00002,rue Edgar Quinet,2,,IN0207,1563270.93220000,5181859.57420000,1.24022910,45.82318784
87085_1650_00004,rue Edgar Quinet,4,,IN0209,1563267.11640000,5181850.67420000,1.24018253,45.82310702
87085_1650_00006,rue Edgar Quinet,6,,IN0210,1563263.59880000,5181842.03390000,1.24013973,45.82302859
87085_1650_00008,rue Edgar Quinet,8,,IN0211,1563260.21030000,5181833.88210000,1.24009845,45.82295459
87085_1650_00014,rue Edgar Quinet,14,,IN0213,1563248.80800000,5181806.75490000,1.23995946,45.82270830
87085_1650_00016,rue Edgar Quinet,16,,IV0724,1563221.02420000,5181763.66310000,1.23961425,45.82231514
87085_1650_00026,rue Edgar Quinet,26,,IV0408,1563177.41380000,5181723.81100000,1.23906449,45.82194797
87085_1650_00028,rue Edgar Quinet,28,,IV0408,1563165.85000000,5181713.40580000,1.23891867,45.82185207
87085_1650_00029,rue Edgar Quinet,29,,IV0559,1563046.06640000,5181616.51400000,1.23740513,45.82095664
87085_1650_00030,rue Edgar Quinet,30,,IV0163,1563140.03120000,5181689.71230000,1.23859323,45.82163380
87085_1650_00031,rue Edgar Quinet,31,,IV0558,1563027.04280000,5181628.56130000,1.23715694,45.82106122
87085_1650_00032,rue Edgar Quinet,32,,IV0164,1563133.45370000,5181683.76460000,1.23851029,45.82157899
87085_1650_00033,rue Edgar Quinet,33,,IV0557,1563007.80720000,5181641.16080000,1.23690587,45.82117073
87085_1650_00034,rue Edgar Quinet,34,,IV0165,1563126.48850000,5181677.28920000,1.23842252,45.82151935
87085_1650_00042,rue Edgar Quinet,42,,IV0234,1563065.63220000,5181622.89470000,1.23765504,45.82101793
87085_1650_00044,rue Edgar Quinet,44,,IV0235,1563041.54710000,5181636.24300000,1.23734136,45.82113321
87085_1650_00046,rue Edgar Quinet,46,,IV0236,1563027.79620000,5181645.07160000,1.23716193,45.82120989
87085_1650_00048,rue Edgar Quinet,48,,IV0237,1563014.80920000,5181653.61840000,1.23699241,45.82128419
87085_1650_00050,rue Edgar Quinet,50,,IV0238,1563002.14490000,5181662.75660000,1.23682687,45.82136387
87085_1650_00052,rue Edgar Quinet,52,,IV0239,1562989.82830000,5181672.32660000,1.23666568,45.82144751
87085_1650_00054,rue Edgar Quinet,54,,IV0711,1562977.25560000,5181682.02380000,1.23650116,45.82153223
87085_1655_00018,rue Edison,18,,HR0475,1565329.80560000,5181110.54960000,1.26692912,45.81685608
87085_1655_00020,rue Edison,20,,HR0474,1565328.12750000,5181103.65990000,1.26690946,45.81679378
87085_1655_00022,rue Edison,22,,HR0124,1565325.65880000,5181088.20370000,1.26688203,45.81665425
87085_1655_00022_bis,rue Edison,22,bis,HR0425,1565327.37600000,5181098.24070000,1.26690131,45.81674488
87085_1655_00024,rue Edison,24,,HR0536,1565322.38220000,5181071.75340000,1.26684448,45.81650563
87085_1655_00036,rue Edison,36,,HR0390,1565313.23310000,5180954.12150000,1.26675972,45.81544567
87085_1655_00038,rue Edison,38,,HR0389,1565313.05140000,5180942.50540000,1.26676063,45.81534114
87085_1655_00040,rue Edison,40,,HR0388,1565312.87180000,5180931.15350000,1.26676150,45.81523899
87085_1655_00042,rue Edison,42,,HR0387,1565312.87520000,5180920.85610000,1.26676443,45.81514636
87085_1655_00043,rue Edison,43,,HR0356,1565349.00310000,5180959.32350000,1.26721843,45.81549947
87085_1655_00044,rue Edison,44,,HR0386,1565312.42410000,5180911.48670000,1.26676125,45.81506198
87085_1655_00045,rue Edison,45,,HR0356,1565352.98320000,5181010.97720000,1.26725517,45.81596490
87085_1655_00046,rue Edison,46,,HR0385,1565312.09350000,5180903.30430000,1.26675929,45.81498831
87085_1655_00048,rue Edison,48,,HR0384,1565312.02910000,5180895.38390000,1.26676068,45.81491705
87085_1655_00050,rue Edison,50,,HR0383,1565311.95600000,5180886.40740000,1.26676225,45.81483629
87085_1656_00001,rue Edith Piaf,1,,MB0051,1566844.22440000,5187526.35230000,1.28463422,45.87486513
87085_1656_00002,rue Edith Piaf,2,,LY0083,1566845.40600000,5187544.89980000,1.28464429,45.87503221
87085_1656_00003,rue Edith Piaf,3,,MB0050,1566824.97870000,5187539.95620000,1.28438259,45.87498378
87085_1656_00004,rue Edith Piaf,4,,LY0082,1566820.10200000,5187562.65470000,1.28431349,45.87518702
87085_1656_00005,rue Edith Piaf,5,,MB0048,1566810.26170000,5187550.42850000,1.28419015,45.87507513
87085_1656_00006,rue Edith Piaf,6,,LY0081,1566803.06790000,5187574.30260000,1.28409088,45.87528850
87085_1656_00007,rue Edith Piaf,7,,MB0046,1566793.95770000,5187562.11060000,1.28397694,45.87517706
87085_1656_00008,rue Edith Piaf,8,,LY0080,1566786.56300000,5187594.78500000,1.28387264,45.87546955
87085_1656_00009,rue Edith Piaf,9,,MB0042,1566778.96070000,5187576.53810000,1.28377980,45.87530393
87085_1660_00003,rue Edmond About,3,,ER0497,1565988.29640000,5182387.77180000,1.27504467,45.82847411
87085_1660_00005,rue Edmond About,5,,ER0499,1565995.55530000,5182392.76890000,1.27513668,45.82852048
87085_1660_00006,rue Edmond About,6,,ER0571,1566017.95700000,5182393.31569999,1.27542479,45.82852976
87085_1660_00007,rue Edmond About,7,,ER0501,1566005.39740000,5182398.37770000,1.27526177,45.82857285
87085_1660_00007_b,rue Edmond About,7,b,ER0636,1566010.00120000,5182401.23520000,1.27532020,45.82859940
87085_1660_00008,rue Edmond About,8,,ER0569,1566027.91280000,5182400.10880001,1.27555101,45.82859281
87085_1660_00009,rue Edmond About,9,,ER0636,1566013.17830000,5182402.68910000,1.27536069,45.82861315
87085_1660_00010,rue Edmond About,10,,ER0567,1566040.05790000,5182408.34360000,1.27570499,45.82866925
87085_1660_00011,rue Edmond About,11,,ER0505,1566022.44490000,5182409.03830000,1.27547816,45.82867207
87085_1660_00012,rue Edmond About,12,,ER0565,1566052.26310000,5182416.58730000,1.27585975,45.82874578
87085_1660_00013,rue Edmond About,13,,ER0480,1566028.96280000,5182413.41220000,1.27556081,45.82871268
87085_1660_00014,rue Edmond About,14,,ER0563,1566065.23580000,5182424.89780000,1.27602436,45.82882307
87085_1660_00015,rue Edmond About,15,,ER0456,1566039.16710000,5182422.96760000,1.27568945,45.82880063
87085_1660_00017,rue Edmond About,17,,ER0482,1566044.94140000,5182426.92480000,1.27576265,45.82883735
87085_1660_00019,rue Edmond About,19,,ER0509,1566054.00450000,5182433.12100000,1.27587755,45.82889485
87085_1660_00020,rue Edmond About,20,,ER0559,1566101.35530000,5182413.36690000,1.27649235,45.82872637
87085_1660_00021,rue Edmond About,21,,ER0511,1566064.11560000,5182439.46960000,1.27600589,45.82895393
87085_1660_00022,rue Edmond About,22,,ER0557,1566114.52930000,5182407.31360000,1.27666355,45.82867448
87085_1660_00023,rue Edmond About,23,,ER0513,1566074.59160000,5182438.80820000,1.27614087,45.82895002
87085_1660_00024,rue Edmond About,24,,ER0555,1566124.48030000,5182402.70540000,1.27679288,45.82863497
87085_1660_00025,rue Edmond About,25,,ER0515,1566085.24600000,5182433.97990000,1.27627932,45.82890866
87085_1660_00026,rue Edmond About,26,,ER0553,1566135.08210000,5182397.85170000,1.27693065,45.82859337
87085_1660_00027,rue Edmond About,27,,ER0517,1566096.04730000,5182429.10090001,1.27641966,45.82886688
87085_1660_00028,rue Edmond About,28,,ER0551,1566144.01760000,5182393.68930000,1.27704679,45.82855767
87085_1660_00029,rue Edmond About,29,,ER0519,1566108.06880000,5182423.52499999,1.27657591,45.82881906
87085_1660_00030,rue Edmond About,30,,ER0549,1566153.54980000,5182389.23350000,1.27717069,45.82851944
87085_1660_00031,rue Edmond About,31,,ER0458,1566121.95860000,5182417.24670000,1.27675639,45.82876529
87085_1660_00033,rue Edmond About,33,,ER0521,1566131.30380000,5182412.90380000,1.27687785,45.82872804
87085_1660_00035,rue Edmond About,35,,ER0523,1566140.53910000,5182408.71870000,1.27699785,45.82869219
87085_1660_00038,rue Edmond About,38,,ER0450,1566200.35340000,5182367.22800000,1.27777907,45.82833059
87085_1660_00039,rue Edmond About,39,,ER0527,1566158.00670000,5182400.62240000,1.27722487,45.82862276
87085_1660_00040,rue Edmond About,40,,ER0545,1566220.22760000,5182357.92990000,1.27803739,45.82825081
87085_1660_00041,rue Edmond About,41,,ER0529,1566168.08260000,5182395.85020000,1.27735585,45.82858179
87085_1660_00043,rue Edmond About,43,,ER0531,1566177.09920000,5182391.77870000,1.27747301,45.82854692
87085_1660_00045,rue Edmond About,45,,ER0533,1566206.12840000,5182377.82170000,1.27785043,45.82842701
87085_1660_00046,rue Edmond About,46,,ER0624,1566245.41170000,5182345.87400000,1.27836480,45.82814726
87085_1660_00048,rue Edmond About,48,,ER0484,1566255.39870000,5182340.73670000,1.27849474,45.82810299
87085_1660_00049,rue Edmond About,49,,ER0478,1566219.72270000,5182371.67640000,1.27802707,45.82837437
87085_1660_00050,rue Edmond About,50,,ER0541,1566263.01190000,5182332.15590000,1.27859509,45.82802728
87085_1660_00051,rue Edmond About,51,,ER0575,1566229.79980000,5182367.05890000,1.27815802,45.82833480
87085_1660_00052,rue Edmond About,52,,ER0539,1566266.53230000,5182320.59240000,1.27864360,45.82792394
87085_1660_00053,rue Edmond About,53,,ER0535,1566240.24480000,5182362.18480000,1.27829378,45.82829298
87085_1660_00054,rue Edmond About,54,,ER0621,1566269.46920000,5182309.95610000,1.27868435,45.82782884
87085_1660_00057,rue Edmond About,57,,ER0493,1566255.96910000,5182354.88740000,1.27849814,45.82823040
87085_1660_00061,rue Edmond About,61,,ES0306,1566277.09800000,5182328.95990000,1.27877723,45.82800127
87085_1660_00063,rue Edmond About,63,,ES0318,1566279.87700000,5182319.51400000,1.27881562,45.82791684
87085_1660_00065,rue Edmond About,65,,ES0316,1566282.95360000,5182308.90040000,1.27885816,45.82782196
87085_1665_00002,rue Edmond Rostand,2,,CT0191,1565719.57360000,5184318.50650000,1.27104746,45.84578984
87085_1665_00003,rue Edmond Rostand,3,,CT0146,1565701.63520000,5184316.18650000,1.27081721,45.84576547
87085_1665_00004,rue Edmond Rostand,4,,CT0190,1565711.56450000,5184324.69130000,1.27094264,45.84584391
87085_1665_00005,rue Edmond Rostand,5,,CT0147,1565695.56050000,5184320.46960000,1.27073783,45.84580281
87085_1665_00006,rue Edmond Rostand,6,,CT0187,1565703.43920000,5184331.14920000,1.27083625,45.84590042
87085_1665_00007,rue Edmond Rostand,7,,CT0148,1565686.88740000,5184327.38960000,1.27062425,45.84586336
87085_1665_00008,rue Edmond Rostand,8,,CT0186,1565689.23380000,5184342.09180000,1.27065035,45.84599608
87085_1665_00009,rue Edmond Rostand,9,,CT0149,1565680.76700000,5184332.20520000,1.27054413,45.84590549
87085_1665_00010,rue Edmond Rostand,10,,CT0185,1565680.40770000,5184348.85050000,1.27053485,45.84605515
87085_1665_00011,rue Edmond Rostand,11,,CT0150,1565672.88040000,5184338.01390000,1.27044099,45.84595620
87085_1665_00012,rue Edmond Rostand,12,,CT0184,1565671.00280000,5184356.33670000,1.27041170,45.84612066
87085_1665_00013,rue Edmond Rostand,13,,CT0151,1565667.41860000,5184342.44300000,1.27036945,45.84599498
87085_1665_00014,rue Edmond Rostand,14,,CT0161,1565663.97670000,5184361.67350000,1.27031977,45.84616729
87085_1665_00015,rue Edmond Rostand,15,,CT0152,1565659.49890000,5184348.56710000,1.27026580,45.84604852
87085_1665_00016,rue Edmond Rostand,16,,CT0160,1565657.39580000,5184366.79130000,1.27023363,45.84621204
87085_1665_00017,rue Edmond Rostand,17,,CT0153,1565653.16780000,5184353.28820000,1.27018299,45.84608975
87085_1665_00018,rue Edmond Rostand,18,,CT0159,1565649.93120000,5184372.49930000,1.27013595,45.84626193
87085_1665_00019,rue Edmond Rostand,19,,CT0154,1565645.25890000,5184359.50220000,1.27007945,45.84614410
87085_1665_00021,rue Edmond Rostand,21,,CT0155,1565637.41970000,5184365.69550000,1.26997681,45.84619828
87085_1665_00024,rue Edmond Rostand,24,,CT0069,1565617.57460000,5184413.82810000,1.26970791,45.84662739
87085_1665_00025,rue Edmond Rostand,25,,CT0104,1565611.43700000,5184395.82240000,1.26963394,45.84646422
87085_1665_00026,rue Edmond Rostand,26,,CT0070,1565612.32280000,5184426.79760000,1.26963668,45.84674303
87085_1665_00027,rue Edmond Rostand,27,,CT0103,1565606.46680000,5184406.82200000,1.26956689,45.84656219
87085_1665_00028,rue Edmond Rostand,28,,CT0071,1565609.11740000,5184434.70310000,1.26959321,45.84681352
87085_1665_00029,rue Edmond Rostand,29,,CT0102,1565603.47660000,5184414.32740000,1.26952630,45.84662912
87085_1665_00030,rue Edmond Rostand,30,,CT0072,1565604.80700000,5184444.62260000,1.26953495,45.84690191
87085_1665_00031,rue Edmond Rostand,31,,CT0101,1565600.53250000,5184421.50870000,1.26948640,45.84669315
87085_1665_00032,rue Edmond Rostand,32,,CT0073,1565601.24990000,5184452.62900000,1.26948693,45.84697323
87085_1665_00033,rue Edmond Rostand,33,,CT0100,1565596.81390000,5184429.92060000,1.26943618,45.84676809
87085_1665_00034,rue Edmond Rostand,34,,CT0892,1565597.74470000,5184460.56700000,1.26943959,45.84704395
87085_1665_00035,rue Edmond Rostand,35,,CT1114,1565593.59290000,5184437.42630000,1.26939262,45.84683498
87085_1665_00037,rue Edmond Rostand,37,,CT1113,1565589.39320000,5184447.72660000,1.26933568,45.84692682
87085_1665_00039,rue Edmond Rostand,39,,CT1111,1565584.80540000,5184457.59330000,1.26927387,45.84701468
87085_1670_00003,rue Edouard Branly,3,,HR0131,1565123.25390000,5181027.24620000,1.26429521,45.81606625
87085_1670_00004,rue Edouard Branly,4,,HR0167,1565123.20460000,5181016.20060000,1.26429767,45.81596688
87085_1670_00006,rue Edouard Branly,6,,HR0166,1565140.59310000,5181012.48260000,1.26452241,45.81593684
87085_1670_00007,rue Edouard Branly,7,,HR0132,1565150.31720000,5181021.52280000,1.26464498,45.81602007
87085_1670_00008,rue Edouard Branly,8,,HR0165,1565153.61900000,5181009.64060000,1.26469078,45.81591383
87085_1670_00010,rue Edouard Branly,10,,HR0164,1565169.54560000,5181003.64940000,1.26489735,45.81586306
87085_1670_00011,rue Edouard Branly,11,,HR0134,1565182.15300000,5181020.27070000,1.26505489,45.81601505
87085_1670_00012,rue Edouard Branly,12,,HR0163,1565186.21480000,5180996.73070000,1.26511374,45.81580408
87085_1670_00013,rue Edouard Branly,13,,HR0135,1565199.23800000,5181016.84260000,1.26527564,45.81598756
87085_1670_00014,rue Edouard Branly,14,,HR0162,1565201.93050000,5180993.55670000,1.26531680,45.81577861
87085_1670_00015,rue Edouard Branly,15,,HR0136,1565211.59650000,5181014.31220000,1.26543534,45.81596721
87085_1670_00016,rue Edouard Branly,16,,HR0161,1565224.50200000,5180994.51350000,1.26560691,45.81579164
87085_1670_00017,rue Edouard Branly,17,,HR0137,1565228.03270000,5181005.29820000,1.26564931,45.81588935
87085_1670_00019,rue Edouard Branly,19,,HR0138,1565239.24720000,5181002.68460000,1.26579431,45.81586803
87085_1670_00020,rue Edouard Branly,20,,HR0147,1565247.72070000,5180989.51120000,1.26590701,45.81575119
87085_1670_00021,rue Edouard Branly,21,,HR0139,1565247.94800000,5181001.13310000,1.26590668,45.81585578
87085_1670_00024,rue Edouard Branly,24,,HR0146,1565275.39230000,5180983.54000000,1.26626467,45.81570290
87085_1670_00025,rue Edouard Branly,25,,HR0141,1565271.98370000,5180996.12230000,1.26621730,45.81581541
87085_1670_00026,rue Edouard Branly,26,,HR0145,1565287.84010000,5180981.17940000,1.26642547,45.81568410
87085_1670_00027,rue Edouard Branly,27,,HR0142,1565285.03210000,5180993.44130000,1.26638591,45.81579385
87085_1670_00028,rue Edouard Branly,28,,HR0391,1565298.99030000,5180978.85520000,1.26656957,45.81566538
87085_1675_00001,rue Edouard Cholet,1,,HS0292,1564938.77530000,5181824.87980000,1.26169795,45.82320526
87085_1675_00003_bis,rue Edouard Cholet,3,bis,HS0315,1564974.76340000,5181861.34410000,1.26215075,45.82354034
87085_1675_00004,rue Edouard Cholet,4,,HS0316,1564958.00590000,5181825.90780000,1.26194509,45.82321828
87085_1675_00006,rue Edouard Cholet,6,,HS0316,1564988.60780000,5181857.43390000,1.26232998,45.82350788
87085_1550_00008,rue Edouard Detaille,8,,SP0180,1565887.98440000,5185034.21950000,1.27301541,45.85226098
87085_1550_00013,rue Edouard Detaille,13,,SP0179,1565896.25260000,5185133.43840000,1.27309415,45.85315513
87085_1550_00017,rue Edouard Detaille,17,,SP0179,1565904.19010000,5185192.63900000,1.27317980,45.85368922
87085_1676_00001,rue Edouard Goursat,1,,MN0049,1566453.21130000,5188962.80760000,1.27919886,45.88771100
87085_1676_00002,rue Edouard Goursat,2,,MN0126,1566457.99900000,5188980.42860000,1.27925562,45.88787045
87085_1676_00003,rue Edouard Goursat,3,,MN0049,1566425.85990000,5188981.53220000,1.27884132,45.88787413
87085_1676_00006,rue Edouard Goursat,6,,MN0114,1566373.10690000,5189038.51990000,1.27814592,45.88837650
87085_1676_00010,rue Edouard Goursat,10,,MN0094,1566309.18720000,5189053.78850000,1.27731828,45.88850142
87085_1676_00019,rue Edouard Goursat,19,,MN0122,1566213.76250000,5188990.67230000,1.27610666,45.88791508
87085_1677_00002,rue Edouard Herriot,2,,HS0317,1564962.62840000,5181761.97390000,1.26202252,45.82264406
87085_1677_00004,rue Edouard Herriot,4,,HS0316,1564954.80040000,5181776.04830001,1.26191785,45.82276913
87085_1677_00005,rue Edouard Herriot,5,,HS0262,1564930.33900000,5181804.51850000,1.26159513,45.82302044
87085_1677_00009,rue Edouard Herriot,9,,HS0267,1564911.13020000,5181842.30110000,1.26133737,45.82335654
87085_1677_00011,rue Edouard Herriot,11,,HS0270,1564902.92360000,5181857.57990000,1.26122748,45.82349237
87085_1680_00001,rue Edouard Michaud,1,,BH0080,1563519.78690000,5184004.44500000,1.24282201,45.84253155
87085_1680_00002,rue Edouard Michaud,2,,BM0213,1563538.67820000,5184018.09750000,1.24306128,45.84265811
87085_1680_00003,rue Edouard Michaud,3,,BH0079,1563510.99470000,5184017.58120000,1.24270512,45.84264797
87085_1680_00005,rue Edouard Michaud,5,,BH0078,1563506.67690000,5184024.43780000,1.24264760,45.84270879
87085_1680_00007,rue Edouard Michaud,7,,BH0077,1563497.58060000,5184036.86650000,1.24252699,45.84281879
87085_1680_00015,rue Edouard Michaud,15,,BH0074,1563479.94380000,5184058.50950000,1.24229384,45.84300998
87085_1680_00017,rue Edouard Michaud,17,,BH0074,1563457.75550000,5184089.47690000,1.24199946,45.84328414
87085_1680_00025,rue Edouard Michaud,25,,BH0826,1563410.95770000,5184138.49100000,1.24138320,45.84371575
87085_1685_00001,rue Edouard Vaillant,1,,EH0159,1564953.11250000,5182579.62610000,1.26167045,45.82999747
87085_1685_00003,rue Edouard Vaillant,3,,EH0160,1564946.01560000,5182572.81740000,1.26158104,45.82993483
87085_1685_00005,rue Edouard Vaillant,5,,EH0160,1564927.35590000,5182555.43420000,1.26134581,45.82977479
87085_1685_00007,rue Edouard Vaillant,7,,EH0151,1564920.55480000,5182549.38990000,1.26125999,45.82971908
87085_1685_00008,rue Edouard Vaillant,8,,EH0161,1564922.67480000,5182571.40640000,1.26128108,45.82991755
87085_1685_00008_a,rue Edouard Vaillant,8,a,EH0161,1564910.39950000,5182573.26200000,1.26112261,45.82993183
87085_1685_00008_b,rue Edouard Vaillant,8,b,EH0161,1564921.12310000,5182584.48970000,1.26125744,45.83003494
87085_1685_00009,rue Edouard Vaillant,9,,EH0150,1564908.10730000,5182537.84200000,1.26110306,45.82961276
87085_1685_00010,rue Edouard Vaillant,10,,EH0162,1564895.04830000,5182545.61530000,1.26093284,45.82968012
87085_0085_00005,rue Einstein,5,,HR0148,1565237.94960000,5180965.09190000,1.26578815,45.81552961
87085_0085_00006,rue Einstein,6,,HR0160,1565226.24110000,5180966.75130000,1.26563706,45.81554224
87085_0085_00007,rue Einstein,7,,HR0149,1565235.36670000,5180953.64380000,1.26575813,45.81542612
87085_0085_00008,rue Einstein,8,,HR0159,1565224.05490000,5180955.54540000,1.26561208,45.81544101
87085_0085_00009,rue Einstein,9,,HR0150,1565233.61030000,5180945.09550000,1.26573793,45.81534888
87085_0085_00010,rue Einstein,10,,HR0158,1565222.39140000,5180947.56620000,1.26559291,45.81536891
87085_0085_00011,rue Einstein,11,,HR0151,1565231.60960000,5180935.89440000,1.26571477,45.81526572
87085_0085_00012,rue Einstein,12,,HR0157,1565220.05730000,5180935.75600000,1.26556619,45.81526221
87085_0085_00013,rue Einstein,13,,HR0152,1565228.46290000,5180920.65570000,1.26567856,45.81512802
87085_0085_00014,rue Einstein,14,,HR0223,1565216.73350000,5180920.18520000,1.26552780,45.81512149
87085_0085_00015,rue Einstein,15,,HR0153,1565226.38950000,5180911.99320000,1.26565431,45.81504969
87085_0085_00017,rue Einstein,17,,HR0154,1565224.69130000,5180904.06080000,1.26563469,45.81497800
87085_0085_00018,rue Einstein,18,,HR0181,1565196.51060000,5180903.34720000,1.26527236,45.81496606
87085_0085_00019,rue Einstein,19,,HR0155,1565222.48780000,5180894.55270000,1.26560901,45.81489204
87085_0085_00020,rue Einstein,20,,HR0180,1565184.04650000,5180903.91110000,1.26511186,45.81496869
87085_0085_00021,rue Einstein,21,,HR0156,1565224.94170000,5180881.47180000,1.26564424,45.81477485
87085_0085_00022,rue Einstein,22,,HR0179,1565171.58130000,5180904.33230000,1.26495138,45.81497004
87085_0085_00024,rue Einstein,24,,HR0178,1565159.53610000,5180904.57310000,1.26479636,45.81496984
87085_0085_00025,rue Einstein,25,,HR0182,1565198.67230000,5180893.48610000,1.26530293,45.81487778
87085_0085_00026,rue Einstein,26,,HR0177,1565139.01580000,5180908.69420000,1.26453122,45.81500289
87085_0085_00027,rue Einstein,27,,HR0183,1565185.91120000,5180893.94360000,1.26513864,45.81487939
87085_0085_00028,rue Einstein,28,,HR0176,1565129.11010000,5180914.05440000,1.26440228,45.81504917
87085_0085_00029,rue Einstein,29,,HR0184,1565172.19550000,5180894.35520000,1.26496208,45.81488041
87085_0085_00030,rue Einstein,30,,HR0175,1565118.47040000,5180919.18900000,1.26426397,45.81509327
87085_0085_00031,rue Einstein,31,,HR0185,1565159.65640000,5180894.94440000,1.26480060,45.81488325
87085_0085_00032,rue Einstein,32,,HR0174,1565104.76040000,5180926.21470000,1.26408563,45.81515378
87085_0085_00033,rue Einstein,33,,HR0186,1565147.45250000,5180895.04950000,1.26464358,45.81488180
87085_0085_00034,rue Einstein,34,,HR0173,1565088.08480000,5180935.20660000,1.26386858,45.81523140
87085_0085_00035,rue Einstein,35,,HR0187,1565138.03820000,5180895.60300000,1.26452231,45.81488494
87085_0085_00037,rue Einstein,37,,HR0188,1565126.57230000,5180895.99630000,1.26437470,45.81488623
87085_1695_00006,rue Elie Berthet,6,,DY0210,1564825.19120000,5182547.77090000,1.26003332,45.82968578
87085_1695_00008,rue Elie Berthet,8,,DY0209,1564822.13190000,5182541.69620000,1.25999566,45.82963053
87085_1695_00009,rue Elie Berthet,9,,DY0239,1564834.51210000,5182551.70090000,1.26015215,45.82972297
87085_1695_00010,rue Elie Berthet,10,,DY0208,1564818.67710000,5182535.45270000,1.25995296,45.82957369
87085_1695_00011,rue Elie Berthet,11,,DY0239,1564830.99110000,5182544.04570000,1.26010900,45.82965341
87085_1695_00012,rue Elie Berthet,12,,DY0207,1564815.56450000,5182529.11000000,1.25991469,45.82951602
87085_1695_00013,rue Elie Berthet,13,,DY0241,1564829.17800000,5182539.16630000,1.26008704,45.82960916
87085_1695_00014,rue Elie Berthet,14,,DY0206,1564813.12430000,5182523.86740000,1.25988476,45.82946838
87085_1695_00015,rue Elie Berthet,15,,DY0242,1564825.42310000,5182530.68850000,1.26004110,45.82953216
87085_1695_00016,rue Elie Berthet,16,,DY0205,1564811.04240000,5182518.57470000,1.25985946,45.82942036
87085_1695_00017,rue Elie Berthet,17,,DY0243,1564821.39780000,5182521.42020000,1.25999191,45.82944800
87085_1695_00018,rue Elie Berthet,18,,DY0204,1564807.61880000,5182510.45200000,1.25981769,45.82934662
87085_1695_00020,rue Elie Berthet,20,,DY0204,1564802.37390000,5182502.40670000,1.25975246,45.82927322
87085_1695_00021,rue Elie Berthet,21,,DY0346,1564807.47260000,5182492.75070000,1.25982079,45.82918736
87085_1695_00022,rue Elie Berthet,22,,DY0203,1564797.32590000,5182500.25960000,1.25968811,45.82925291
87085_1695_00023,rue Elie Berthet,23,,DY0347,1564794.82830000,5182491.50260000,1.25965843,45.82917365
87085_1695_00024,rue Elie Berthet,24,,DY0193,1564777.82010000,5182512.31600000,1.25943372,45.82935753
87085_1695_00025,rue Elie Berthet,25,,DY0352,1564785.47560000,5182489.85880000,1.25953855,45.82915702
87085_1695_00026,rue Elie Berthet,26,,DY0189,1564780.86340000,5182496.94370000,1.25947721,45.82921985
87085_1695_00027,rue Elie Berthet,27,,DY0353,1564778.00310000,5182487.92600000,1.25944294,45.82913816
87085_1695_00028,rue Elie Berthet,28,,DY0188,1564775.42340000,5182495.72620000,1.25940755,45.82920782
87085_1695_00029,rue Elie Berthet,29,,DY0354,1564770.36670000,5182486.17540000,1.25934517,45.82912092
87085_1695_00031,rue Elie Berthet,31,,DY0357,1564762.84110000,5182484.63010000,1.25924876,45.82910553
87085_1695_00032,rue Elie Berthet,32,,DY0576,1564763.62250000,5182493.38230000,1.25925636,45.82918442
87085_1695_00033,rue Elie Berthet,33,,DY0358,1564753.02450000,5182481.14600000,1.25912343,45.82907226
87085_1695_00035,rue Elie Berthet,35,,DY0359,1564748.46420000,5182477.38330000,1.25906580,45.82903752
87085_1695_00038,rue Elie Berthet,38,,DY0183,1564742.45410000,5182492.10760000,1.25898433,45.82916879
87085_1695_00040,rue Elie Berthet,40,,DY0471,1564728.04870000,5182489.07620000,1.25879981,45.82913869
87085_1700_00001,rue Elisée Reclus,1,,EL0242,1566095.60160000,5183286.50230000,1.27617511,45.83657966
87085_1700_00003,rue Elisée Reclus,3,,EL0243,1566089.80780000,5183294.01140000,1.27609845,45.83664608
87085_1700_00005,rue Elisée Reclus,5,,EL0244,1566084.52840000,5183300.67010000,1.27602865,45.83670495
87085_1700_00006,rue Elisée Reclus,6,,EL0581,1566095.92370000,5183305.98920000,1.27617383,45.83675502
87085_1700_00007,rue Elisée Reclus,7,,EL0585,1566076.48960000,5183311.24090000,1.27592225,45.83679847
87085_1700_00009,rue Elisée Reclus,9,,EL0246,1566053.44240000,5183340.56110000,1.27561747,45.83705774
87085_1700_00010,rue Elisée Reclus,10,,EL0254,1566080.33640000,5183326.03920000,1.27596764,45.83693234
87085_1700_00014,rue Elisée Reclus,14,,EL0253,1566067.10080000,5183343.12730000,1.27579254,45.83708348
87085_1700_00017,rue Elisée Reclus,17,,EL0307,1566007.28390000,5183398.94340000,1.27500716,45.83757393
87085_1700_00018,rue Elisée Reclus,18,,EL0252,1566054.03020000,5183360.21740000,1.27561956,45.83723467
87085_1700_00020,rue Elisée Reclus,20,,EL0251,1566048.09050000,5183367.35830000,1.27554113,45.83729775
87085_1700_00021,rue Elisée Reclus,21,,EL0308,1565996.87990000,5183412.51800000,1.27486948,45.83769402
87085_1700_00022,rue Elisée Reclus,22,,EL0250,1566041.13850000,5183376.18700000,1.27544920,45.83737582
87085_1700_00023,rue Elisée Reclus,23,,EL0314,1565990.87660000,5183420.29880000,1.27479004,45.83776284
87085_1700_00024,rue Elisée Reclus,24,,EL0249,1566034.75470000,5183384.43760000,1.27536474,45.83744880
87085_1700_00025,rue Elisée Reclus,25,,EL0315,1565984.58200000,5183428.45870000,1.27470676,45.83783502
87085_1700_00026,rue Elisée Reclus,26,,EL0306,1566025.21340000,5183396.67890000,1.27523854,45.83755705
87085_1700_00027,rue Elisée Reclus,27,,EL0316,1565978.05290000,5183436.83880000,1.27462039,45.83790913
87085_1700_00028,rue Elisée Reclus,28,,EL0305,1566018.49810000,5183405.74650000,1.27514958,45.83763732
87085_1700_00029,rue Elisée Reclus,29,,EL0317,1565972.80170000,5183443.35880000,1.27455099,45.83796676
87085_1700_00030,rue Elisée Reclus,30,,EL0304,1566013.57300000,5183411.92040000,1.27508448,45.83769189
87085_1700_00031,rue Elisée Reclus,31,,EL0319,1565967.90690000,5183449.64270000,1.27448625,45.83802233
87085_1700_00031_b,rue Elisée Reclus,31,b,EL0320,1565963.80590000,5183455.06670000,1.27443195,45.83807032
87085_1700_00032,rue Elisée Reclus,32,,EL0816,1566009.86880000,5183417.21210000,1.27503533,45.83773877
87085_1700_00033,rue Elisée Reclus,33,,EL0322,1565958.24970000,5183462.21720000,1.27435845,45.83813356
87085_1700_00034,rue Elisée Reclus,34,,EL0813,1566004.97400000,5183423.16520000,1.27497068,45.83779137
87085_1700_00035,rue Elisée Reclus,35,,EL0323,1565952.82060000,5183469.26860000,1.27428661,45.83819594
87085_1700_00036,rue Elisée Reclus,36,,EL0301,1565999.47920000,5183429.71640000,1.27489813,45.83784923
87085_1700_00039,rue Elisée Reclus,39,,EL0324,1565946.79930000,5183476.87110000,1.27420700,45.83826315
87085_1700_00040,rue Elisée Reclus,40,,EL0300,1565988.38330000,5183443.85180000,1.27475139,45.83797423
87085_1700_00041,rue Elisée Reclus,41,,EL0325,1565940.81930000,5183484.53570000,1.27412790,45.83833093
87085_1700_00044,rue Elisée Reclus,44,,EL0299,1565976.59910000,5183459.00210000,1.27459550,45.83810822
87085_1700_00046,rue Elisée Reclus,46,,EL0695,1565972.24880000,5183464.54930000,1.27453797,45.83815727
87085_1700_00046_bis,rue Elisée Reclus,46,bis,EL0696,1565970.14390000,5183467.29870000,1.27451011,45.83818159
87085_1700_00048,rue Elisée Reclus,48,,EL0297,1565962.44700000,5183477.14600000,1.27440831,45.83826867
87085_1700_00050,rue Elisée Reclus,50,,EL0296,1565956.36690000,5183484.98270000,1.27432787,45.83833799
87085_1700_00052,rue Elisée Reclus,52,,EL0295,1565950.74430000,5183492.00290000,1.27425355,45.83840004
87085_1700_00056,rue Elisée Reclus,56,,EL0294,1565939.51140000,5183506.28210000,1.27410500,45.83852630
87085_1702_00002,rue Ellen Constans,2,,TY0095,1561652.23950000,5182475.13600000,1.21922552,45.82840145
87085_1702_00003,rue Ellen Constans,3,,TY0093,1561733.67960000,5182485.15550000,1.22027056,45.82850796
87085_1702_00004,rue Ellen Constans,4,,TY0095,1561647.56660000,5182474.15990000,1.21916567,45.82839173
87085_1702_00005,rue Ellen Constans,5,,TY0093,1561730.85380000,5182446.13380000,1.22024542,45.82815637
87085_1702_00006,rue Ellen Constans,6,,TY0095,1561646.31850000,5182470.31630000,1.21915072,45.82835690
87085_1702_00007,rue Ellen Constans,7,,TY0093,1561720.24620000,5182491.10060000,1.22009600,45.82855873
87085_1702_00008,rue Ellen Constans,8,,TY0095,1561649.11990000,5182465.62860000,1.21918811,45.82831530
87085_1702_00010,rue Ellen Constans,10,,TY0095,1561617.54230000,5182448.44250000,1.21878674,45.82815435
87085_1702_00011,rue Ellen Constans,11,,TY0095,1561673.19670000,5182483.28150000,1.21949284,45.82847894
87085_1702_00011_bis,rue Ellen Constans,11,bis,TY0095,1561676.94640000,5182477.98590000,1.21954261,45.82843205
87085_1702_00012,rue Ellen Constans,12,,TY0095,1561616.57600000,5182454.33220000,1.21877261,45.82820713
87085_1702_00014,rue Ellen Constans,14,,TY0095,1561612.33350000,5182456.39490000,1.21871742,45.82822483
87085_1702_00015,rue Ellen Constans,15,,TY0095,1561674.29320000,5182474.44560000,1.21950949,45.82839967
87085_1702_00016,rue Ellen Constans,16,,TY0095,1561607.86020000,5182455.01150000,1.21866026,45.82821149
87085_1702_00017,rue Ellen Constans,17,,TY0095,1561668.06270000,5182474.49630000,1.21942931,45.82839888
87085_1702_00018,rue Ellen Constans,18,,TY0095,1561606.81470000,5182451.16640000,1.21864792,45.82817669
87085_1702_00019,rue Ellen Constans,19,,TY0095,1561679.51780000,5182446.49460000,1.21958476,45.82814929
87085_1702_00020,rue Ellen Constans,20,,TY0095,1561610.43080000,5182446.87760000,1.21869568,45.82813884
87085_1702_00021,rue Ellen Constans,21,,TY0095,1561685.60680000,5182445.01720000,1.21966353,45.82813723
87085_1702_00022,rue Ellen Constans,22,,TY0095,1561576.52490000,5182442.69110000,1.21826061,45.82809436
87085_1702_00023,rue Ellen Constans,23,,TY0095,1561686.74430000,5182441.24360000,1.21967926,45.82810351
87085_1702_00024,rue Ellen Constans,24,,TY0095,1561571.88000000,5182445.16280000,1.21820013,45.82811566
87085_1702_00025,rue Ellen Constans,25,,TY0095,1561685.15720000,5182437.62180000,1.21965988,45.82807061
87085_1702_00026,rue Ellen Constans,26,,TY0095,1561567.81560000,5182444.18170000,1.21814811,45.82810601
87085_1702_00027,rue Ellen Constans,27,,TY0095,1561681.12180000,5182436.22670000,1.21960835,45.82805725
87085_1702_00028,rue Ellen Constans,28,,TY0095,1561565.33890000,5182438.92830000,1.21811776,45.82805826
87085_1702_00029,rue Ellen Constans,29,,TY0095,1561676.72450000,5182438.20960000,1.21955120,45.82807420
87085_1702_00030,rue Ellen Constans,30,,TY0095,1561567.73640000,5182434.44670000,1.21814990,45.82801842
87085_1702_00032,rue Ellen Constans,32,,TY0095,1561572.59570000,5182433.39310000,1.21821272,45.82800992
87085_1702_00034,rue Ellen Constans,34,,TY0095,1561579.30170000,5182434.96120000,1.21829856,45.82802538
87085_1702_00036,rue Ellen Constans,36,,TY0096,1561553.83650000,5182396.22590000,1.21798205,45.82767181
87085_1702_00038,rue Ellen Constans,38,,TY0096,1561525.87490000,5182374.75100000,1.21762844,45.82747301
87085_1702_00039,rue Ellen Constans,39,,TY0095,1561639.99870000,5182439.41680000,1.21907829,45.82807767
87085_1703_00004,rue Elsa Triolet,4,,PB0091,1560617.50480000,5182079.38410000,1.20602590,45.82463256
87085_1703_00006,rue Elsa Triolet,6,,PB0090,1560632.91130000,5182064.59440000,1.20622842,45.82450264
87085_1703_00008,rue Elsa Triolet,8,,PB0089,1560649.07870000,5182049.03400000,1.20644094,45.82436594
87085_1703_00010,rue Elsa Triolet,10,,PB0088,1560663.16820000,5182035.46240000,1.20662616,45.82424671
87085_1712_00001,rue Emile Baudot,1,,ME0009,1565310.44160000,5188155.13820000,1.26470518,45.88022250
87085_1712_00002,rue Emile Baudot,2,,MD0172,1565315.34550000,5188146.37310000,1.26477080,45.88014461
87085_1712_00004,rue Emile Baudot,4,,MD0171,1565333.76130000,5188155.92490000,1.26500531,45.88023415
87085_1712_00006,rue Emile Baudot,6,,MD0170,1565358.66170000,5188168.95140000,1.26532236,45.88035621
87085_1712_00009,rue Emile Baudot,9,,ME0030,1565383.22080000,5188189.06900000,1.26563303,45.88054199
87085_1712_00010,rue Emile Baudot,10,,MD0193,1565456.18290000,5188148.17310000,1.26658422,45.88018840
87085_1712_00012,rue Emile Baudot,12,,MD0194,1565471.34510000,5188135.92750000,1.26678294,45.88008121
87085_1712_00014,rue Emile Baudot,14,,MD0195,1565487.58140000,5188122.34180000,1.26699586,45.87996218
87085_1712_00015,rue Emile Baudot,15,,ME0011,1565434.13570000,5188178.33200000,1.26629181,45.88045538
87085_1712_00016,rue Emile Baudot,16,,MD0207,1565506.02540000,5188107.53980000,1.26723756,45.87983264
87085_1712_00017,rue Emile Baudot,17,,ME0014,1565477.01430000,5188144.41540000,1.26685357,45.88015867
87085_1712_00018,rue Emile Baudot,18,,MD0207,1565517.13390000,5188098.64590000,1.26738312,45.87975480
87085_1712_00018_bis,rue Emile Baudot,18,bis,MD0208,1565530.80960000,5188084.42250000,1.26756324,45.87962953
87085_1712_00019,rue Emile Baudot,19,,ME0015,1565527.78360000,5188108.63660000,1.26751749,45.87984676
87085_1712_00020,rue Emile Baudot,20,,MD0319,1565517.38810000,5188046.70320000,1.26740095,45.87928760
87085_1712_00020_bis,rue Emile Baudot,20,bis,MD0320,1565509.91100000,5188049.68140000,1.26730382,45.87931293
87085_1712_00020_c,rue Emile Baudot,20,c,MD0317,1565502.60850000,5188042.90810000,1.26721166,45.87925057
87085_1712_00022,rue Emile Baudot,22,,MD0318,1565565.96570000,5188062.26070000,1.26802224,45.87943705
87085_1712_00022_b,rue Emile Baudot,22,b,MD0318,1565529.85000000,5188051.54510000,1.26756010,45.87933359
87085_1712_00023,rue Emile Baudot,23,,MD0042,1565588.43930000,5188054.99590000,1.26831373,45.87937610
87085_1712_00025,rue Emile Baudot,25,,MD0188,1565661.08420000,5188027.55390000,1.26925703,45.87914345
87085_1712_00026,rue Emile Baudot,26,,MD0045,1565626.45050000,5188016.15860000,1.26881416,45.87903417
87085_1715_00001,rue Emile de Girardin,1,,CS0278,1566049.05100000,5183816.57360000,1.27542829,45.84133891
87085_1715_00003,rue Emile de Girardin,3,,CS0146,1566040.59400000,5183809.24610000,1.27532149,45.84127135
87085_1715_00004,rue Emile de Girardin,4,,CS0152,1566036.61250000,5183814.73730000,1.27526871,45.84131997
87085_1715_00005,rue Emile de Girardin,5,,CS0124,1566026.39790000,5183796.98450000,1.27514220,45.84115828
87085_1715_00006,rue Emile de Girardin,6,,CS0152,1566013.29940000,5183794.39790000,1.27497433,45.84113246
87085_1715_00009,rue Emile de Girardin,9,,CS0123,1566010.14290000,5183782.96150000,1.27493689,45.84102897
87085_1715_00013,rue Emile de Girardin,13,,CS0122,1565989.97790000,5183765.44060000,1.27468224,45.84086743
87085_1715_00014,rue Emile de Girardin,14,,CS0129,1565994.77270000,5183775.93800000,1.27474103,45.84096279
87085_1715_00016,rue Emile de Girardin,16,,CS0130,1565987.64090000,5183769.77090000,1.27465096,45.84090593
87085_1715_00017,rue Emile de Girardin,17,,CS0121,1565977.60710000,5183754.80570000,1.27452599,45.84076935
87085_1715_00018,rue Emile de Girardin,18,,CS0133,1565978.75840000,5183762.19570000,1.27453875,45.84083605
87085_1715_00020,rue Emile de Girardin,20,,CS0134,1565964.94250000,5183750.09090000,1.27436431,45.84072447
87085_1715_00021,rue Emile de Girardin,21,,CS0120,1565964.90930000,5183743.87580000,1.27436561,45.84066855
87085_1715_00022,rue Emile de Girardin,22,,CS0267,1565938.64640000,5183760.19740000,1.27402304,45.84081026
87085_1715_00023,rue Emile de Girardin,23,,CS0302,1565956.20390000,5183740.62030000,1.27425448,45.84063757
87085_1715_00025,rue Emile de Girardin,25,,CS0303,1565939.06220000,5183750.55170000,1.27403109,45.84072357
87085_1716_00001,rue Emile Durkheim,1,,OS0013,1562301.39390000,5183751.76160000,1.22721280,45.84001562
87085_1716_00002,rue Emile Durkheim,2,,OS0011,1562313.08490000,5183718.63810000,1.22737276,45.83972000
87085_1716_00003,rue Emile Durkheim,3,,OS0013,1562309.08710000,5183742.10860000,1.22731458,45.83993033
87085_1716_00004,rue Emile Durkheim,4,,OS0011,1562322.92680000,5183707.27900000,1.22750268,45.83961979
87085_1716_00005,rue Emile Durkheim,5,,OS0013,1562319.53310000,5183730.24950000,1.22745242,45.83982574
87085_1716_00006,rue Emile Durkheim,6,,OS0011,1562333.77230000,5183694.69610000,1.22764586,45.83950877
87085_1716_00007,rue Emile Durkheim,7,,OS0013,1562328.23820000,5183720.38540000,1.22756728,45.83973875
87085_1716_00008,rue Emile Durkheim,8,,OS0011,1562343.63230000,5183685.56560000,1.22777538,45.83942861
87085_1716_00009,rue Emile Durkheim,9,,OS0013,1562339.66780000,5183707.52640000,1.22771806,45.83962536
87085_1716_00010,rue Emile Durkheim,10,,OS0011,1562353.51160000,5183681.54520000,1.22790368,45.83939442
87085_1716_00011,rue Emile Durkheim,11,,OS0013,1562350.81420000,5183696.02340000,1.22786481,45.83952412
87085_1716_00012,rue Emile Durkheim,12,,OS0011,1562368.24460000,5183681.62800000,1.22809327,45.83939812
87085_1716_00013,rue Emile Durkheim,13,,OS0013,1562372.91930000,5183694.13280000,1.22814985,45.83951154
87085_1716_00015,rue Emile Durkheim,15,,OS0013,1562391.10300000,5183694.72800000,1.22838370,45.83952053
87085_1716_00019,rue Emile Durkheim,19,,OS0014,1562400.13410000,5183688.62720000,1.22850168,45.83946746
87085_3110_00001_bis,rue Emile Littré,1,bis,OH0156,1563238.93810000,5184236.80339999,1.23914115,45.84456593
87085_3110_00003,rue Emile Littré,3,,OH0156,1563251.30860000,5184249.14390000,1.23929686,45.84467940
87085_3110_00006,rue Emile Littré,6,,OH0140,1563268.42190000,5184283.87370000,1.23950725,45.84499522
87085_3110_00008,rue Emile Littré,8,,OH0115,1563259.50390000,5184275.40270000,1.23939487,45.84491724
87085_3110_00012,rue Emile Littré,12,,OH0113,1563234.06980000,5184249.53740000,1.23907486,45.84467951
87085_3110_00016,rue Emile Littré,16,,OH0112,1563222.74870000,5184238.63830000,1.23893225,45.84457922
87085_3110_00020,rue Emile Littré,20,,OH0176,1563206.26910000,5184222.42740000,1.23872475,45.84443011
87085_1725_00003,rue Emile Montégut,3,,IN0100,1563488.20250000,5182202.49020000,1.24292722,45.82631571
87085_1725_00005,rue Emile Montégut,5,,IN0406,1563472.73530000,5182177.51780000,1.24273529,45.82608800
87085_1725_00008,rue Emile Montégut,8,,IN0097,1563456.81010000,5182175.85270000,1.24253086,45.82606986
87085_1725_00010,rue Emile Montégut,10,,IN0330,1563451.51800000,5182167.26700000,1.24246520,45.82599158
87085_1725_00013,rue Emile Montégut,13,,IN0105,1563453.43890000,5182146.46010000,1.24249583,45.82580479
87085_1725_00015,rue Emile Montégut,15,,IN0106,1563447.37140000,5182136.58020000,1.24242056,45.82571471
87085_1725_00017,rue Emile Montégut,17,,IN0107,1563440.61330000,5182125.41590000,1.24233678,45.82561294
87085_1725_00019,rue Emile Montégut,19,,IN0108,1563435.18610000,5182116.64070000,1.24226944,45.82553292
87085_1725_00021,rue Emile Montégut,21,,IN0109,1563427.65180000,5182103.75300000,1.24217615,45.82541549
87085_1725_00022,rue Emile Montégut,22,,IN0415,1563420.38200000,5182116.85380000,1.24207889,45.82553190
87085_1725_00025,rue Emile Montégut,25,,IN0387,1563409.39930000,5182075.11480000,1.24194944,45.82515425
87085_1725_00028,rue Emile Montégut,28,,IN0252,1563393.98270000,5182073.99880000,1.24175139,45.82514115
87085_1725_00029,rue Emile Montégut,29,,IN0245,1563400.77880000,5182061.21170000,1.24184247,45.82502748
87085_1725_00031,rue Emile Montégut,31,,IN0246,1563393.88060000,5182049.72160000,1.24175698,45.82492275
87085_1725_00032,rue Emile Montégut,32,,IN0251,1563378.95190000,5182049.33210000,1.24156500,45.82491628
87085_1725_00033,rue Emile Montégut,33,,IN0247,1563389.27520000,5182041.97120000,1.24169992,45.82485211
87085_1725_00034,rue Emile Montégut,34,,IN0250,1563371.23690000,5182037.79630000,1.24146901,45.82481097
87085_1725_00035,rue Emile Montégut,35,,IN0248,1563384.80180000,5182035.21510000,1.24164428,45.82479045
87085_1725_00036,rue Emile Montégut,36,,IN0303,1563360.17850000,5182019.89390000,1.24133182,45.82464773
87085_1725_00037,rue Emile Montégut,37,,IN0249,1563379.39290000,5182026.33270000,1.24157721,45.82470947
87085_1725_00039,rue Emile Montégut,39,,IN0366,1563362.76660000,5181999.04300000,1.24137104,45.82446068
87085_1725_00044,rue Emile Montégut,44,,IN0443,1563308.80500000,5181936.65400000,1.24069447,45.82388874
87085_1725_00057,rue Emile Montégut,57,,IN0365,1563328.49140000,5181943.23050000,1.24094590,45.82395181
87085_1730_00003,rue Emile Zola,3,,CV0155,1565315.73620000,5184261.46160000,1.26586541,45.84519770
87085_1730_00005,rue Emile Zola,5,,CV0149,1565303.82620000,5184267.43090000,1.26571044,45.84524906
87085_1730_00007,rue Emile Zola,7,,CV0148,1565292.08650000,5184273.72950000,1.26555756,45.84530342
87085_1730_00008,rue Emile Zola,8,,CV0940,1565301.00850000,5184283.38740000,1.26566970,45.84539205
87085_1730_00009,rue Emile Zola,9,,CV0147,1565277.45710000,5184281.10880000,1.26536719,45.84536694
87085_1730_00012,rue Emile Zola,12,,CV0923,1565256.45160000,5184306.35200000,1.26508974,45.84558990
87085_1730_00013,rue Emile Zola,13,,CV0105,1565235.57140000,5184302.61260000,1.26482203,45.84555217
87085_1730_00014,rue Emile Zola,14,,CV0159,1565245.41750000,5184311.90550000,1.26494616,45.84563769
87085_1730_00015,rue Emile Zola,15,,CV0104,1565224.78510000,5184308.11360000,1.26468165,45.84559954
87085_1730_00016,rue Emile Zola,16,,CV0160,1565237.19140000,5184316.00210000,1.26483912,45.84567293
87085_1730_00017,rue Emile Zola,17,,CV0103,1565213.61760000,5184313.98410000,1.26453626,45.84565016
87085_1730_00018,rue Emile Zola,18,,CV0161,1565227.38570000,5184321.10230000,1.26471148,45.84571689
87085_1730_00022,rue Emile Zola,22,,CV0162,1565213.14640000,5184328.37850000,1.26452616,45.84577955
87085_1730_00023,rue Emile Zola,23,,CV0102,1565195.32850000,5184323.23910000,1.26429825,45.84572983
87085_1730_00028,rue Emile Zola,28,,CV0900,1565170.12550000,5184350.36360000,1.26396624,45.84596889
87085_1730_00029,rue Emile Zola,29,,CV0087,1565141.91820000,5184351.54580000,1.26360283,45.84597399
87085_1730_00030,rue Emile Zola,30,,CV0848,1565161.43070000,5184354.82930000,1.26385307,45.84600735
87085_1730_00032,rue Emile Zola,32,,CV0847,1565154.94780000,5184358.14870000,1.26376869,45.84603594
87085_1730_00034,rue Emile Zola,34,,CV0094,1565149.59030000,5184360.87210000,1.26369897,45.84605939
87085_1730_00036,rue Emile Zola,36,,CV0093,1565143.21880000,5184364.18310000,1.26361603,45.84608792
87085_1730_00037,rue Emile Zola,37,,CV0016,1565101.50850000,5184371.69610000,1.26307704,45.84614732
87085_1730_00037_bis,rue Emile Zola,37,bis,CV0017,1565097.20130000,5184373.25570000,1.26302116,45.84616051
87085_1730_00038,rue Emile Zola,38,,CV0843,1565135.64200000,5184368.20400000,1.26351737,45.84612261
87085_1730_00039,rue Emile Zola,39,,CV0018,1565089.07970000,5184376.14580000,1.26291581,45.84618491
87085_1730_00041,rue Emile Zola,41,,CV0019,1565083.56910000,5184377.93540000,1.26284437,45.84619993
87085_1730_00042,rue Emile Zola,42,,CV0089,1565121.56070000,5184375.29810000,1.26333413,45.84618366
87085_1730_00043,rue Emile Zola,43,,CV0021,1565074.03770000,5184381.65550000,1.26272064,45.84623152
87085_1730_00045,rue Emile Zola,45,,CV0022,1565068.21590000,5184383.84270000,1.26264509,45.84625006
87085_1730_00046,rue Emile Zola,46,,CV0013,1565084.95230000,5184390.78850000,1.26285857,45.84631582
87085_1730_00047,rue Emile Zola,47,,CV0023,1565058.61350000,5184387.16110000,1.26252056,45.84627802
87085_1730_00048,rue Emile Zola,48,,CV0012,1565073.57880000,5184395.18080000,1.26271094,45.84635310
87085_1730_00049,rue Emile Zola,49,,CV0024,1565038.86270000,5184394.77560000,1.26226420,45.84634264
87085_1730_00050,rue Emile Zola,50,,CV0011,1565061.89820000,5184399.09510000,1.26255949,45.84638602
87085_1730_00051,rue Emile Zola,51,,CV0025,1565021.04790000,5184401.23120000,1.26203307,45.84639722
87085_1730_00052,rue Emile Zola,52,,CV0010,1565052.91190000,5184402.37170000,1.26244290,45.84641373
87085_1730_00053,rue Emile Zola,53,,CV0026,1565011.96390000,5184404.55760000,1.26191521,45.84642536
87085_1730_00054,rue Emile Zola,54,,CV0009,1565046.98930000,5184404.54160000,1.26236606,45.84643209
87085_1730_00055,rue Emile Zola,55,,CV0027,1565001.39560000,5184408.39760000,1.26177810,45.84645783
87085_1730_00056,rue Emile Zola,56,,CV0008,1565033.58080000,5184409.46350000,1.26219208,45.84647373
87085_1730_00057,rue Emile Zola,57,,CV0028,1564995.15850000,5184410.70440000,1.26169717,45.84647735
87085_1730_00059,rue Emile Zola,59,,CV0029,1564989.01330000,5184412.92230000,1.26161745,45.84649610
87085_1730_00061,rue Emile Zola,61,,CV0030,1564979.18390000,5184416.34260000,1.26148997,45.84652493
87085_1730_00063,rue Emile Zola,63,,CV0031,1564970.37220000,5184419.51600000,1.26137565,45.84655175
87085_1730_00064,rue Emile Zola,64,,CV0006,1564988.78190000,5184425.81120000,1.26161085,45.84661199
87085_1730_00065,rue Emile Zola,65,,CV0032,1564962.75690000,5184422.49780000,1.26127679,45.84657708
87085_1730_00066,rue Emile Zola,66,,CV0004,1564975.65510000,5184431.07680000,1.26144040,45.84665678
87085_1730_00067,rue Emile Zola,67,,CV0033,1564956.86430000,5184424.58560000,1.26120036,45.84659470
87085_1730_00068,rue Emile Zola,68,,CV0003,1564966.52530000,5184434.72090000,1.26132186,45.84668777
87085_1730_00070,rue Emile Zola,70,,CV0002,1564957.75610000,5184437.93100000,1.26120808,45.84671493
87085_1735_00001,rue Encombe Vineuse,1,,CZ0126,1564569.45170000,5183505.06000000,1.25647280,45.83824684
87085_1735_00003,rue Encombe Vineuse,3,,CZ0125,1564549.29940000,5183515.48770000,1.25621051,45.83833668
87085_1735_00010,rue Encombe Vineuse,10,,CZ0267,1564546.86890000,5183526.97450000,1.25617599,45.83843953
87085_1735_00015,rue Encombe Vineuse,15,,CZ0215,1564508.57160000,5183542.88410000,1.25567862,45.83857510
87085_1735_00016,rue Encombe Vineuse,16,,CZ0222,1564523.04340000,5183540.58210000,1.25586552,45.83855724
87085_1735_00020,rue Encombe Vineuse,20,,CZ0273,1564513.39870000,5183553.76280000,1.25573768,45.83867391
87085_1735_00022,rue Encombe Vineuse,22,,CZ0239,1564506.47240000,5183563.62520000,1.25564576,45.83876126
87085_1735_00024,rue Encombe Vineuse,24,,CZ0139,1564501.45550000,5183570.06990000,1.25557937,45.83881825
87085_1735_00025,rue Encombe Vineuse,25,,CZ0260,1564455.00490000,5183616.22190000,1.25496854,45.83922426
87085_1735_00035,rue Encombe Vineuse,35,,CZ0257,1564442.63720000,5183650.57450000,1.25479968,45.83953084
87085_1735_00038,rue Encombe Vineuse,38,,CY0091,1564453.95760000,5183650.92750000,1.25494527,45.83953625
87085_1735_00048,rue Encombe Vineuse,48,,CY0092,1564450.69900000,5183659.01340000,1.25490105,45.83960834
87085_1735_00050,rue Encombe Vineuse,50,,CY0092,1564446.18860000,5183672.73350000,1.25483914,45.83973087
87085_1735_00050_bis,rue Encombe Vineuse,50,bis,CY0092,1564440.20820000,5183689.02760000,1.25475757,45.83987627
87085_1735_00052,rue Encombe Vineuse,52,,CY0143,1564434.15840000,5183704.13330000,1.25467545,45.84001096
87085_1735_00054,rue Encombe Vineuse,54,,CY0098,1564431.90260000,5183711.10800000,1.25464445,45.84007326
87085_1735_00055,rue Encombe Vineuse,55,,CZ0258,1564412.85090000,5183731.03640000,1.25439362,45.84024877
87085_1735_00056,rue Encombe Vineuse,56,,CY0099,1564429.30080000,5183718.23490000,1.25460895,45.84013685
87085_1735_00062,rue Encombe Vineuse,62,,CY0103,1564419.51020000,5183744.66030000,1.25447549,45.84037264
87085_1735_00064,rue Encombe Vineuse,64,,CY0138,1564415.96020000,5183764.65680000,1.25442416,45.84055182
87085_1735_00066,rue Encombe Vineuse,66,,CY0138,1564413.71720000,5183771.24230000,1.25439343,45.84061061
87085_1735_00068,rue Encombe Vineuse,68,,CY0138,1564408.68830000,5183786.94550000,1.25432428,45.84075088
87085_1735_00074,rue Encombe Vineuse,74,,CY0120,1564387.31060000,5183789.45490000,1.25404843,45.84076924
87085_1735_00076,rue Encombe Vineuse,76,,CY0121,1564374.86020000,5183790.53610000,1.25388788,45.84077651
87085_1741_00003,rue Enzo Ferrari,3,,MW0128,1566442.74760000,5190138.47660000,1.27873674,45.89828478
87085_1739_00001,rue Eric Tabarly,1,,PR0097,1560345.37900000,5183994.09930000,1.20196836,45.84180107
87085_1739_00003,rue Eric Tabarly,3,,PR0098,1560325.18130000,5184003.64910000,1.20170563,45.84188288
87085_1739_00004,rue Eric Tabarly,4,,PR0171,1560301.08290000,5184027.54900000,1.20138852,45.84209297
87085_1739_00005,rue Eric Tabarly,5,,PR0099,1560282.12630000,5184022.67600000,1.20114596,45.84204528
87085_1739_00006,rue Eric Tabarly,6,,PR0126,1560278.55710000,5184041.16410000,1.20109464,45.84221087
87085_1739_00007,rue Eric Tabarly,7,,PR0106,1560259.74630000,5184042.59550000,1.20085212,45.84221992
87085_1739_00008,rue Eric Tabarly,8,,PR0125,1560260.93600000,5184060.26040000,1.20086230,45.84237907
87085_1739_00009,rue Eric Tabarly,9,,PR0107,1560242.93580000,5184061.32200000,1.20063032,45.84238496
87085_1739_00010,rue Eric Tabarly,10,,PR0124,1560247.58200000,5184110.10190000,1.20067593,45.84282470
87085_1739_00011,rue Eric Tabarly,11,,PR0123,1560231.65870000,5184091.40160000,1.20047642,45.84265324
87085_1739_00012,rue Eric Tabarly,12,,PR0165,1560268.49730000,5184133.43990000,1.20093834,45.84303888
87085_1739_00014,rue Eric Tabarly,14,,PR0164,1560279.77480000,5184146.30100000,1.20107975,45.84315687
87085_1739_00015,rue Eric Tabarly,15,,PR0142,1560234.56930000,5184111.65320000,1.20050800,45.84283601
87085_1739_00016,rue Eric Tabarly,16,,PR0163,1560290.24290000,5184165.06730000,1.20120903,45.84332781
87085_1739_00017,rue Eric Tabarly,17,,PR0143,1560244.93340000,5184128.34280000,1.20063654,45.84298824
87085_1739_00018,rue Eric Tabarly,18,,PR0162,1560295.72860000,5184183.06790000,1.20127440,45.84349084
87085_1739_00019,rue Eric Tabarly,19,,PR0144,1560257.95430000,5184141.21140000,1.20080038,45.84310665
87085_1739_00020,rue Eric Tabarly,20,,PR0160,1560296.45830000,5184205.81440000,1.20127718,45.84369561
87085_1739_00021,rue Eric Tabarly,21,,PR0145,1560275.22070000,5184160.69270000,1.20101695,45.84328540
87085_1739_00023,rue Eric Tabarly,23,,PR0150,1560283.95000000,5184202.38550000,1.20111718,45.84366222
87085_1739_00025,rue Eric Tabarly,25,,PR0151,1560284.36500000,5184223.95770000,1.20111625,45.84385636
87085_1739_00026,rue Eric Tabarly,26,,PP0083,1560299.74880000,5184288.96579999,1.20129536,45.84444426
87085_1739_00027,rue Eric Tabarly,27,,PR0152,1560284.54030000,5184245.53200000,1.20111223,45.84405046
87085_1739_00028,rue Eric Tabarly,28,,PP0084,1560300.31330000,5184308.83790000,1.20129684,45.84462313
87085_1739_00029,rue Eric Tabarly,29,,PR0153,1560284.80380000,5184266.32090000,1.20110958,45.84423752
87085_1739_00030,rue Eric Tabarly,30,,PP0085,1560299.49950000,5184328.53770000,1.20128064,45.84480017
87085_1739_00031,rue Eric Tabarly,31,,PP0090,1560284.35590000,5184288.87130000,1.20109726,45.84444028
87085_1739_00032,rue Eric Tabarly,32,,PP0086,1560298.22950000,5184349.38690000,1.20125823,45.84498746
87085_1739_00033,rue Eric Tabarly,33,,PP0089,1560284.78890000,5184308.96410000,1.20109699,45.84462111
87085_1739_00035,rue Eric Tabarly,35,,PP0088,1560285.34430000,5184328.14080000,1.20109856,45.84479373
87085_1739_00037,rue Eric Tabarly,37,,PP0087,1560284.39180000,5184347.50830000,1.20108067,45.84496775
87085_1739_00068,rue Eric Tabarly,68,,PP0182,1560143.13650000,5184732.48960000,1.19915049,45.84840210
87085_1739_00070,rue Eric Tabarly,70,,PP0015,1560108.04630000,5184721.80940000,1.19870192,45.84829889
87085_1745_00006,rue Ernest et Robert Blancher,6,,ON0047,1561719.33940000,5182087.49790000,1.22020040,45.82492794
87085_1745_00008,rue Ernest et Robert Blancher,8,,ON0046,1561705.47110000,5182088.30240000,1.22002173,45.82493239
87085_1745_00008_bis,rue Ernest et Robert Blancher,8,bis,ON0045,1561689.80060000,5182089.11300000,1.21981987,45.82493653
87085_1745_00010,rue Ernest et Robert Blancher,10,,ON0044,1561678.12710000,5182089.91780000,1.21966944,45.82494143
87085_1745_00012,rue Ernest et Robert Blancher,12,,ON0043,1561669.38420000,5182090.33880000,1.21955683,45.82494345
87085_1745_00013,rue Ernest et Robert Blancher,13,,ON0421,1561681.37330000,5182079.51450000,1.21971420,45.82484850
87085_1745_00014,rue Ernest et Robert Blancher,14,,ON0042,1561659.25580000,5182091.05460000,1.21942630,45.82494786
87085_1745_00015,rue Ernest et Robert Blancher,15,,ON0422,1561670.09690000,5182080.36380000,1.21956887,45.82485387
87085_1745_00016,rue Ernest et Robert Blancher,16,,ON0041,1561645.85690000,5182091.82350000,1.21925368,45.82495208
87085_1745_00017,rue Ernest et Robert Blancher,17,,ON0423,1561657.67660000,5182081.04560000,1.21940886,45.82485750
87085_1745_00018,rue Ernest et Robert Blancher,18,,ON0040,1561630.14600000,5182094.11290000,1.21905088,45.82496951
87085_1745_00019,rue Ernest et Robert Blancher,19,,ON0424,1561642.91110000,5182082.18000000,1.21921855,45.82486474
87085_1745_00020,rue Ernest et Robert Blancher,20,,ON0039,1561620.38010000,5182097.55060000,1.21892423,45.82499847
87085_1750_00001,rue Ernest Lavisse,1,,IX0460,1562519.72360000,5182623.39990000,1.23034546,45.82990911
87085_1750_00003,rue Ernest Lavisse,3,,IX0459,1562507.63450000,5182619.32560000,1.23019106,45.82987004
87085_1750_00004,rue Ernest Lavisse,4,,IX0462,1562510.91280000,5182630.21740000,1.23023013,45.82996868
87085_1750_00005,rue Ernest Lavisse,5,,IX0458,1562496.46070000,5182615.15290000,1.23004847,45.82983027
87085_1750_00006,rue Ernest Lavisse,6,,IX0463,1562499.26060000,5182626.15240000,1.23008135,45.82992978
87085_1750_00007,rue Ernest Lavisse,7,,IX0637,1562485.89420000,5182611.49290000,1.22991355,45.82979524
87085_1750_00008,rue Ernest Lavisse,8,,IX0464,1562489.58660000,5182622.42770000,1.22995794,45.82989434
87085_1750_00010,rue Ernest Lavisse,10,,IX0465,1562481.14030000,5182619.40350000,1.22985012,45.82986545
87085_1750_00011,rue Ernest Lavisse,11,,IX0453,1562468.54850000,5182605.28240000,1.22969213,45.82973590
87085_1750_00012,rue Ernest Lavisse,12,,IX0466,1562469.81230000,5182615.06060000,1.22970559,45.82982412
87085_1750_00013,rue Ernest Lavisse,13,,IX0452,1562457.63000000,5182601.44120000,1.22955273,45.82969917
87085_1750_00014,rue Ernest Lavisse,14,,IX0467,1562459.06690000,5182611.22820000,1.22956842,45.82978749
87085_1750_00015,rue Ernest Lavisse,15,,IX0451,1562445.96550000,5182597.11080000,1.22940387,45.82965788
87085_1750_00016,rue Ernest Lavisse,16,,IX0468,1562449.05610000,5182607.82610000,1.22944057,45.82975489
87085_1750_00017,rue Ernest Lavisse,17,,IX0450,1562436.46390000,5182593.88480000,1.22928253,45.82962696
87085_1750_00018,rue Ernest Lavisse,18,,IX0469,1562437.06260000,5182603.51580000,1.22928748,45.82971371
87085_1750_00020,rue Ernest Lavisse,20,,IX0470,1562427.93930000,5182600.46110000,1.22917095,45.82968441
87085_1750_00021,rue Ernest Lavisse,21,,IX0449,1562414.40930000,5182586.00810000,1.22900099,45.82955169
87085_1750_00022,rue Ernest Lavisse,22,,IX0471,1562418.45740000,5182596.95740000,1.22904995,45.82965100
87085_1750_00023,rue Ernest Lavisse,23,,IX0448,1562402.34420000,5182581.36460000,1.22884707,45.82950751
87085_1750_00024,rue Ernest Lavisse,24,,IX0472,1562409.89000000,5182593.90160000,1.22894058,45.82962179
87085_1750_00025,rue Ernest Lavisse,25,,IX0447,1562387.03400000,5182576.13880000,1.22865156,45.82945744
87085_1750_00026,rue Ernest Lavisse,26,,IX0473,1562401.32360000,5182590.58160000,1.22883130,45.82959022
87085_1750_00027,rue Ernest Lavisse,27,,IX0446,1562376.50640000,5182572.65470000,1.22851709,45.82942399
87085_1750_00028,rue Ernest Lavisse,28,,IX0804,1562391.83190000,5182587.36890000,1.22871008,45.82955942
87085_1750_00029,rue Ernest Lavisse,29,,IX0445,1562362.42280000,5182567.33150000,1.22833739,45.82937328
87085_1750_00030,rue Ernest Lavisse,30,,IX0474,1562382.88940000,5182584.02860000,1.22859597,45.82952758
87085_1750_00031,rue Ernest Lavisse,31,,IX0444,1562351.81030000,5182563.53430000,1.22820192,45.82933700
87085_1750_00032,rue Ernest Lavisse,32,,IX0475,1562374.51220000,5182581.25840000,1.22848896,45.82950098
87085_1750_00033,rue Ernest Lavisse,33,,IX0443,1562340.84040000,5182559.54190000,1.22806190,45.82929889
87085_1750_00034,rue Ernest Lavisse,34,,IX0476,1562366.09720000,5182578.10700000,1.22838158,45.82947095
87085_1750_00035,rue Ernest Lavisse,35,,IX0442,1562332.85610000,5182556.86260000,1.22795993,45.82927319
87085_1750_00036,rue Ernest Lavisse,36,,IX0477,1562352.05500000,5182573.25900000,1.22820228,45.82942453
87085_1750_00037,rue Ernest Lavisse,37,,IX0441,1562322.59850000,5182553.37630000,1.22782894,45.82923978
87085_1750_00038,rue Ernest Lavisse,38,,IX0478,1562342.30750000,5182569.79850000,1.22807784,45.82939145
87085_1750_00040,rue Ernest Lavisse,40,,IX0479,1562329.31230000,5182564.92420000,1.22791202,45.82934500
87085_1750_00042,rue Ernest Lavisse,42,,IX0480,1562317.86820000,5182561.14230000,1.22776585,45.82930869
87085_1750_00044,rue Ernest Lavisse,44,,IX0481,1562307.16580000,5182557.05950000,1.22762930,45.82926982
87085_1750_00048,rue Ernest Lavisse,48,,IX0482,1562290.19800000,5182551.26600000,1.22741262,45.82921431
87085_1752_00001,rue Ernest Mallard,1,,EX0365,1566332.66140000,5180679.04350000,1.27995075,45.81317000
87085_1752_00007,rue Ernest Mallard,7,,EX0413,1566300.63040000,5180640.36700000,1.27954945,45.81281585
87085_1752_00010,rue Ernest Mallard,10,,EX0548,1566270.59990000,5180649.21780000,1.27916067,45.81288963
87085_1752_00011,rue Ernest Mallard,11,,EX0206,1566313.93410000,5180627.08210000,1.27972428,45.81269893
87085_1752_00012,rue Ernest Mallard,12,,EX0531,1566292.79440000,5180632.26270000,1.27945090,45.81274142
87085_1752_00013,rue Ernest Mallard,13,,EX0207,1566325.28110000,5180615.32390000,1.27987352,45.81259536
87085_1752_00014,rue Ernest Mallard,14,,EX0442,1566300.58320000,5180624.21190000,1.27955333,45.81267052
87085_1752_00015,rue Ernest Mallard,15,,EX0261,1566338.73420000,5180602.59860000,1.28005011,45.81248350
87085_1752_00022,rue Ernest Mallard,22,,EX0442,1566338.52240000,5180585.76120000,1.28005206,45.81233200
87085_3480_00003,rue Ernest Meissonier,3,,AZ0331,1563514.41930000,5183010.44000000,1.24303519,45.83358887
87085_3480_00004,rue Ernest Meissonier,4,,AZ0332,1563533.85920000,5183023.73490000,1.24328158,45.83371232
87085_3480_00005,rue Ernest Meissonier,5,,AZ0330,1563505.94750000,5183010.13900000,1.24292625,45.83358448
87085_3480_00006,rue Ernest Meissonier,6,,AZ0333,1563520.40880000,5183023.28300000,1.24310862,45.83370559
87085_3480_00007,rue Ernest Meissonier,7,,AZ0329,1563494.95550000,5183009.78290000,1.24278490,45.83357910
87085_3480_00008,rue Ernest Meissonier,8,,AZ0334,1563509.43700000,5183022.95230000,1.24296752,45.83370044
87085_3480_00009,rue Ernest Meissonier,9,,AZ0328,1563486.09410000,5183009.52500000,1.24267094,45.83357502
87085_3480_00010,rue Ernest Meissonier,10,,AZ0335,1563497.54060000,5183022.47560000,1.24281457,45.83369379
87085_3480_00011,rue Ernest Meissonier,11,,AZ0327,1563473.57360000,5183009.08390000,1.24250994,45.83356856
87085_3480_00012,rue Ernest Meissonier,12,,AZ0336,1563487.60790000,5183022.20040000,1.24268682,45.83368934
87085_3480_00013,rue Ernest Meissonier,13,,AZ0326,1563462.16970000,5183008.77480000,1.24236328,45.83356352
87085_3480_00014,rue Ernest Meissonier,14,,AZ0337,1563477.59720000,5183021.88740000,1.24255809,45.83368454
87085_3480_00015,rue Ernest Meissonier,15,,AZ0324,1563452.95680000,5183008.44610000,1.24224481,45.83355873
87085_3480_00016,rue Ernest Meissonier,16,,AZ0338,1563467.83620000,5183021.67770000,1.24243253,45.83368071
87085_3480_00017,rue Ernest Meissonier,17,,AZ0323,1563442.00500000,5183007.98970000,1.24210401,45.83355245
87085_3480_00018,rue Ernest Meissonier,18,,AZ0339,1563457.76870000,5183021.33410000,1.24230308,45.83367562
87085_3480_00019,rue Ernest Meissonier,19,,AZ0321,1563432.28230000,5183007.79880000,1.24197894,45.83354880
87085_3480_00020,rue Ernest Meissonier,20,,AZ0340,1563444.65770000,5183020.86930000,1.24213449,45.83366884
87085_3480_00021,rue Ernest Meissonier,21,,AZ0315,1563423.67100000,5183007.48800000,1.24186822,45.83354430
87085_3480_00022,rue Ernest Meissonier,22,,AZ0341,1563432.50880000,5183020.59210000,1.24197822,45.83366393
87085_3480_00023,rue Ernest Meissonier,23,,AZ0314,1563417.55890000,5183007.29120000,1.24178962,45.83354131
87085_3480_00024,rue Ernest Meissonier,24,,AZ0709,1563423.69510000,5183020.23190000,1.24186490,45.83365894
87085_3480_00024_bis,rue Ernest Meissonier,24,bis,AZ0710,1563419.53470000,5183020.09150000,1.24181141,45.83365685
87085_3480_00025,rue Ernest Meissonier,25,,AZ0313,1563410.50570000,5183007.08390000,1.24169891,45.83353805
87085_3480_00027,rue Ernest Meissonier,27,,AZ0312,1563399.99900000,5183006.59850000,1.24156384,45.83353159
87085_3480_00028,rue Ernest Meissonier,28,,AZ0343,1563409.07740000,5183019.92730000,1.24167688,45.83365330
87085_3480_00029,rue Ernest Meissonier,29,,AZ0311,1563390.27640000,5183006.39040000,1.24143878,45.83352779
87085_3480_00030,rue Ernest Meissonier,30,,AZ0344,1563400.96560000,5183019.57920000,1.24157259,45.83364856
87085_3480_00031,rue Ernest Meissonier,31,,AZ0310,1563381.38660000,5183006.06470000,1.24132447,45.83352310
87085_3480_00032,rue Ernest Meissonier,32,,AZ0345,1563390.20810000,5183019.24380000,1.24143425,45.83364340
87085_3480_00033,rue Ernest Meissonier,33,,AZ0309,1563372.66510000,5183005.71370000,1.24121234,45.83351821
87085_3480_00034,rue Ernest Meissonier,34,,AZ0346,1563381.64640000,5183018.96340000,1.24132415,45.83363918
87085_3480_00035,rue Ernest Meissonier,35,,AZ0308,1563361.24090000,5183003.87670000,1.24106585,45.83349941
87085_3480_00036,rue Ernest Meissonier,36,,AZ0347,1563372.41070000,5183018.70860000,1.24120537,45.83363505
87085_3480_00037,rue Ernest Meissonier,37,,AZ0840,1563337.21380000,5182998.65410000,1.24075813,45.83344766
87085_3480_00038,rue Ernest Meissonier,38,,AZ0349,1563363.18910000,5183018.43350000,1.24108678,45.83363074
87085_3480_00041,rue Ernest Meissonier,41,,AZ0840,1563307.69180000,5182988.36520000,1.24038120,45.83334920
87085_3480_00042,rue Ernest Meissonier,42,,AZ0350,1563343.38410000,5183015.32770000,1.24083280,45.83359887
87085_3480_00044,rue Ernest Meissonier,44,,AZ0350,1563336.10740000,5183012.52560000,1.24073995,45.83357222
87085_3480_00046,rue Ernest Meissonier,46,,AZ0667,1563325.51670000,5183008.49200000,1.24060481,45.83353383
87085_3480_00048,rue Ernest Meissonier,48,,AZ0666,1563309.94200000,5183002.66200000,1.24040604,45.83347829
87085_3480_00049,rue Ernest Meissonier,49,,AZ0685,1563223.11440000,5182973.30360000,1.23929704,45.83319693
87085_3480_00050,rue Ernest Meissonier,50,,AZ0352,1563299.31520000,5182998.56820000,1.24027045,45.83343935
87085_3480_00056,rue Ernest Meissonier,56,,AZ0355,1563276.06000000,5182989.72390000,1.23997371,45.83335517
87085_3480_00057,rue Ernest Meissonier,57,,AZ0830,1563127.08490000,5183006.57810000,1.23805180,45.83347715
87085_3480_00058,rue Ernest Meissonier,58,,AZ0355,1563264.21870000,5182986.41510000,1.23982227,45.83332305
87085_3480_00060,rue Ernest Meissonier,60,,AZ0678,1563256.03650000,5182985.09040000,1.23971735,45.83330951
87085_3480_00061,rue Ernest Meissonier,61,,AZ0712,1563075.11700000,5183017.28010000,1.23737999,45.83356307
87085_3480_00062,rue Ernest Meissonier,62,,AZ0706,1563249.74310000,5182984.72270000,1.23963647,45.83330495
87085_3480_00063,rue Ernest Meissonier,63,,AZ1013,1563064.41340000,5183019.78160000,1.23724154,45.83358344
87085_3480_00064,rue Ernest Meissonier,64,,AZ0822,1563240.75370000,5182984.34200000,1.23952089,45.83329974
87085_3480_00065,rue Ernest Meissonier,65,,AZ1020,1563054.66620000,5183021.78170000,1.23711553,45.83359950
87085_3480_00067,rue Ernest Meissonier,67,,AZ1009,1563045.31110000,5183023.84490000,1.23699456,45.83361619
87085_3480_00068,rue Ernest Meissonier,68,,AZ0360,1563228.89390000,5182987.29670000,1.23936743,45.83332396
87085_3480_00069,rue Ernest Meissonier,69,,AZ0992,1563035.10680000,5183026.00600001,1.23686263,45.83363360
87085_3480_00070,rue Ernest Meissonier,70,,AZ0361,1563223.24760000,5182987.54260000,1.23929470,45.83332505
87085_3480_00071,rue Ernest Meissonier,71,,AZ0791,1563018.58010000,5183029.88920000,1.23664884,45.83366524
87085_3480_00073,rue Ernest Meissonier,73,,AZ0745,1563006.83000000,5183032.65190000,1.23649685,45.83368775
87085_3480_00074,rue Ernest Meissonier,74,,AZ0868,1563203.40220000,5182993.86360000,1.23903752,45.83337796
87085_3480_00075,rue Ernest Meissonier,75,,AZ1011,1562995.41280000,5183035.60170001,1.23634908,45.83371201
87085_3480_00076,rue Ernest Meissonier,76,,AZ0868,1563174.72040000,5183004.42710000,1.23866542,45.83346728
87085_3480_00077,rue Ernest Meissonier,77,,AZ1007,1562987.29840000,5183037.49910000,1.23624412,45.83372746
87085_3480_00078,rue Ernest Meissonier,78,,AZ0868,1563158.13770000,5183010.43520000,1.23845031,45.83351802
87085_3480_00079,rue Ernest Meissonier,79,,AZ1018,1562977.95270000,5183039.94020000,1.23612316,45.83374756
87085_3480_00081,rue Ernest Meissonier,81,,AZ0803,1562961.03440000,5183044.17520000,1.23590423,45.83378228
87085_3480_00081_bis,rue Ernest Meissonier,81,bis,AZ0802,1562966.10240000,5183042.82750000,1.23596983,45.83377117
87085_3480_00082,rue Ernest Meissonier,82,,AZ0363,1563146.34160000,5183013.81020000,1.23829755,45.83354604
87085_3480_00083,rue Ernest Meissonier,83,,AZ1016,1562949.21520000,5183046.82800000,1.23575138,45.83380379
87085_3480_00084,rue Ernest Meissonier,84,,AZ0364,1563137.51930000,5183015.92040000,1.23818342,45.83356326
87085_3480_00085,rue Ernest Meissonier,85,,AY0055,1562923.25980000,5183053.64400000,1.23541542,45.83385993
87085_3480_00086,rue Ernest Meissonier,86,,AZ0365,1563128.47610000,5183018.04950000,1.23806644,45.83358062
87085_3480_00090,rue Ernest Meissonier,90,,AY0264,1563125.10340000,5183067.57720000,1.23800893,45.83402547
87085_3480_00092,rue Ernest Meissonier,92,,AY0052,1563114.87290000,5183021.25530000,1.23789047,45.83360675
87085_3480_00094,rue Ernest Meissonier,94,,AY0051,1563105.73000000,5183023.30070000,1.23777223,45.83362333
87085_3480_00095,rue Ernest Meissonier,95,,AY0096,1562856.28300000,5183070.65800000,1.23454866,45.83399963
87085_3480_00096,rue Ernest Meissonier,96,,AY0050,1563098.48740000,5183025.22370000,1.23767848,45.83363918
87085_3480_00097,rue Ernest Meissonier,97,,AY0097,1562846.06250000,5183073.09540000,1.23441644,45.83401952
87085_3480_00098,rue Ernest Meissonier,98,,AY0049,1563085.96260000,5183028.21540000,1.23751645,45.83366360
87085_3480_00099,rue Ernest Meissonier,99,,AY0127,1562835.03730000,5183075.92330000,1.23427375,45.83404276
87085_3480_00100,rue Ernest Meissonier,100,,AY0048,1563069.49110000,5183031.34540000,1.23730359,45.83368848
87085_3480_00102,rue Ernest Meissonier,102,,AY0282,1563059.21730000,5183033.62130000,1.23717073,45.83370690
87085_3480_00102_a,rue Ernest Meissonier,102,a,AY0282,1563070.51980000,5183049.16950000,1.23731175,45.83384902
87085_3480_00104,rue Ernest Meissonier,104,,AY0046,1563052.67800000,5183035.16420000,1.23708614,45.83371948
87085_3480_00106,rue Ernest Meissonier,106,,AY0277,1563044.96930000,5183036.48680000,1.23698656,45.83372984
87085_3480_00107,rue Ernest Meissonier,107,,AY0222,1562746.48540000,5183096.12380000,1.23312843,45.83420680
87085_3480_00108,rue Ernest Meissonier,108,,AY0271,1563037.50950000,5183039.40720000,1.23688973,45.83375463
87085_3480_00108_bis,rue Ernest Meissonier,108,bis,AY0270,1563044.31880000,5183065.99330000,1.23696978,45.83399514
87085_3480_00109,rue Ernest Meissonier,109,,AY0192,1562734.21750000,5183097.63110000,1.23297012,45.83421791
87085_3480_00111,rue Ernest Meissonier,111,,AY0148,1562719.81900000,5183101.65460000,1.23278368,45.83425123
87085_3480_00112,rue Ernest Meissonier,112,,AY0042,1563021.16650000,5183042.28460000,1.23667860,45.83377726
87085_3480_00113,rue Ernest Meissonier,113,,AY0154,1562699.32050000,5183105.78430000,1.23251871,45.83428429
87085_3480_00114,rue Ernest Meissonier,114,,AY0041,1563009.12440000,5183045.43370000,1.23652273,45.83380319
87085_3480_00115,rue Ernest Meissonier,115,,AY0155,1562683.12350000,5183109.00860000,1.23230935,45.83431006
87085_3480_00116,rue Ernest Meissonier,116,,AY0262,1562994.21180000,5183049.18760000,1.23632975,45.83383398
87085_3480_00117,rue Ernest Meissonier,117,,AY0155,1562672.94270000,5183110.94260000,1.23217778,45.83432542
87085_3480_00117_a,rue Ernest Meissonier,117,a,AY0155,1562658.43830000,5183082.04820000,1.23199938,45.83406261
87085_3480_00117_b,rue Ernest Meissonier,117,b,AY0155,1562650.96940000,5183073.60640000,1.23190568,45.83398518
87085_3480_00117_c,rue Ernest Meissonier,117,c,AY0155,1562641.06340000,5183059.65690000,1.23178219,45.83385772
87085_3480_00117_d,rue Ernest Meissonier,117,d,AY0155,1562649.21420000,5183054.04610000,1.23188868,45.83380887
87085_3480_00118,rue Ernest Meissonier,118,,AY0037,1562979.68940000,5183052.82540000,1.23614183,45.83386382
87085_3480_00119,rue Ernest Meissonier,119,,AY0160,1562662.24870000,5183112.96620000,1.23203959,45.83434149
87085_3480_00120,rue Ernest Meissonier,120,,AY0036,1562964.23200000,5183056.48760000,1.23594187,45.83389368
87085_3480_00121,rue Ernest Meissonier,121,,AY0161,1562648.24080000,5183115.76310000,1.23185852,45.83436385
87085_3480_00122,rue Ernest Meissonier,122,,AY0035,1562949.22770000,5183060.35010000,1.23574768,45.83392543
87085_3480_00123,rue Ernest Meissonier,123,,AY0162,1562637.55490000,5183117.44710000,1.23172053,45.83437687
87085_3480_00124,rue Ernest Meissonier,124,,AY0032,1562934.37090000,5183064.13630000,1.23555541,45.83395653
87085_3480_00125,rue Ernest Meissonier,125,,AY0254,1562623.43710000,5183116.78120000,1.23153904,45.83436806
87085_3480_00126,rue Ernest Meissonier,126,,AY0031,1562921.79410000,5183067.23420000,1.23539268,45.83398189
87085_3480_00127,rue Ernest Meissonier,127,,AY0253,1562613.64890000,5183115.90010000,1.23141332,45.83435818
87085_3480_00128,rue Ernest Meissonier,128,,AY0030,1562911.23920000,5183069.88980000,1.23525600,45.83400400
87085_3480_00128_b,rue Ernest Meissonier,128,b,AY0030,1562917.06000000,5183108.65130000,1.23532000,45.83435400
87085_3480_00131,rue Ernest Meissonier,131,,AY0165,1562583.70710000,5183103.54450000,1.23103154,45.83424105
87085_3480_00132,rue Ernest Meissonier,132,,AY0029,1562885.99140000,5183076.40390000,1.23492933,45.83405724
87085_3480_00133,rue Ernest Meissonier,133,,AY0169,1562558.69620000,5183088.97660000,1.23071384,45.83410500
87085_3480_00135,rue Ernest Meissonier,135,,AY0169,1562542.66940000,5183078.32770000,1.23051064,45.83400601
87085_3480_00137,rue Ernest Meissonier,137,,AY0179,1562524.90600000,5183065.39130000,1.23028575,45.83388609
87085_3480_00140,rue Ernest Meissonier,140,,AY0028,1562832.40000000,5183089.52940000,1.23423593,45.83416462
87085_3480_00148,rue Ernest Meissonier,148,,AY0190,1562769.26950000,5183105.18250000,1.23341904,45.83429284
87085_3480_00150,rue Ernest Meissonier,150,,AY0189,1562758.15070000,5183107.12920000,1.23327540,45.83430813
87085_3480_00154,rue Ernest Meissonier,154,,AY0186,1562734.38350000,5183112.00710000,1.23296815,45.83434727
87085_3480_00154_a,rue Ernest Meissonier,154,a,AY0186,1562746.16440000,5183113.28870000,1.23311939,45.83436115
87085_3480_00154_b,rue Ernest Meissonier,154,b,AY0186,1562729.28860000,5183116.80670000,1.23290122,45.83438942
87085_3480_00154_c,rue Ernest Meissonier,154,c,AY0186,1562746.79970000,5183145.21400000,1.23311845,45.83464846
87085_3480_00158,rue Ernest Meissonier,158,,AY0025,1562712.29160000,5183116.35930000,1.23268261,45.83438201
87085_3480_00160,rue Ernest Meissonier,160,,AY0260,1562704.16360000,5183117.91010000,1.23257757,45.83439433
87085_3480_00162,rue Ernest Meissonier,162,,AY0260,1562693.68380000,5183119.77470000,1.23244218,45.83440901
87085_3480_00166,rue Ernest Meissonier,166,,AY0022,1562673.92260000,5183123.68940000,1.23218675,45.83444028
87085_3480_00170,rue Ernest Meissonier,170,,AY0021,1562649.18020000,5183128.44050000,1.23186699,45.83447808
87085_3480_00172,rue Ernest Meissonier,172,,AY0020,1562633.32240000,5183130.95860000,1.23166220,45.83449757
87085_3480_00174,rue Ernest Meissonier,174,,AY0019,1562612.86910000,5183128.78200000,1.23139961,45.83447390
87085_3480_00176,rue Ernest Meissonier,176,,AY0018,1562597.43630000,5183124.04890000,1.23120236,45.83442824
87085_3480_00178,rue Ernest Meissonier,178,,AY0017,1562587.69030000,5183119.53840000,1.23107823,45.83438572
87085_3480_00180,rue Ernest Meissonier,180,,AY0016,1562576.69040000,5183114.41860000,1.23093813,45.83433746
87085_3480_00182,rue Ernest Meissonier,182,,AY0015,1562565.02400000,5183108.33700000,1.23078974,45.83428043
87085_3480_00184,rue Ernest Meissonier,184,,AY0014,1562555.90180000,5183103.12380000,1.23067384,45.83423171
87085_3480_00186,rue Ernest Meissonier,186,,AY0013,1562547.39180000,5183098.13330000,1.23056575,45.83418511
87085_3480_00188,rue Ernest Meissonier,188,,AY0012,1562537.23090000,5183090.89600000,1.23043706,45.83411798
87085_3480_00190,rue Ernest Meissonier,190,,AY0012,1562525.37920000,5183082.11300000,1.23028706,45.83403660
87085_1755_00003,rue Ernest Renan,3,,BP0299,1564294.97090000,5184778.60010000,1.25258063,45.84964894
87085_1755_00005,rue Ernest Renan,5,,BP0298,1564289.65380000,5184793.53230000,1.25250797,45.84978221
87085_1755_00007,rue Ernest Renan,7,,BP0297,1564285.74300000,5184803.92010000,1.25245469,45.84987488
87085_1755_00008,rue Ernest Renan,8,,BT0276,1564300.83010000,5184794.16140000,1.25265166,45.84979007
87085_1755_00009,rue Ernest Renan,9,,BP0438,1564282.16530000,5184814.00850000,1.25240579,45.84996493
87085_1755_00010,rue Ernest Renan,10,,BT0277,1564296.64300000,5184805.73030000,1.25259449,45.84989332
87085_1755_00011,rue Ernest Renan,11,,BP0438,1564278.92850000,5184822.51090000,1.25236172,45.85004077
87085_1755_00012,rue Ernest Renan,12,,BT0280,1564291.86210000,5184818.27160000,1.25252941,45.85000519
87085_1755_00013,rue Ernest Renan,13,,BP0490,1564274.83620000,5184833.73790000,1.25230587,45.85014096
87085_1755_00014,rue Ernest Renan,14,,BT0281,1564285.80710000,5184834.67430000,1.25244683,45.85015154
87085_1755_00015,rue Ernest Renan,15,,BP0290,1564271.21840000,5184844.21860000,1.25225634,45.85023452
87085_1755_00016,rue Ernest Renan,16,,BT0284,1564282.08620000,5184845.53040000,1.25239587,45.85024847
87085_1755_00017,rue Ernest Renan,17,,BP0289,1564267.26170000,5184854.97880000,1.25220237,45.85033053
87085_1755_00021,rue Ernest Renan,21,,BP0584,1564258.12820000,5184884.34170000,1.25207650,45.85059287
87085_1761_00001,rue Espéranto,1,,NH0104,1561587.43280000,5181654.50680000,1.21862783,45.82100644
87085_1761_00003,rue Espéranto,3,,NH0103,1561559.19690000,5181647.89550000,1.21826646,45.82094129
87085_1761_00005,rue Espéranto,5,,NH0102,1561548.18560000,5181641.48550000,1.21812663,45.82088141
87085_1761_00006,rue Espéranto,6,,NH0092,1561564.36160000,5181662.33220000,1.21832875,45.82107219
87085_1761_00007,rue Espéranto,7,,NH0101,1561537.88270000,5181638.24650001,1.21799501,45.82085020
87085_1761_00008,rue Espéranto,8,,NH0093,1561545.27890000,5181679.87370000,1.21807818,45.82122615
87085_1761_00009,rue Espéranto,9,,NH0100,1561531.66680000,5181645.53340000,1.21791294,45.82091450
87085_1761_00011,rue Espéranto,11,,NH0098,1561525.29360000,5181656.00280000,1.21782793,45.82100739
87085_1761_00012,rue Espéranto,12,,NH0405,1561528.26160000,5181710.95610000,1.21785029,45.82150232
87085_1761_00015,rue Espéranto,15,,NH0097,1561516.03600000,5181672.08830000,1.21770419,45.82115023
87085_1761_00017,rue Espéranto,17,,NH0096,1561512.40770000,5181681.48990000,1.21765481,45.82123407
87085_1761_00019,rue Espéranto,19,,NH0095,1561520.84420000,5181687.16990000,1.21776171,45.82128686
87085_1775_00002,rue Etienne Baignol,2,,DT0056,1565016.44990000,5183550.70650000,1.26221279,45.83874535
87085_1775_00003,rue Etienne Baignol,3,,DT0295,1564997.67280000,5183569.39360000,1.26196588,45.83890976
87085_1775_00004,rue Etienne Baignol,4,,DT0055,1565014.59100000,5183556.97120000,1.26218711,45.83880134
87085_1775_00006,rue Etienne Baignol,6,,DT0054,1565012.27530000,5183564.39380000,1.26215522,45.83886765
87085_1775_00008,rue Etienne Baignol,8,,DT0053,1565010.34070000,5183571.06910000,1.26212844,45.83892732
87085_1775_00010,rue Etienne Baignol,10,,DT0052,1565008.01890000,5183578.49340000,1.26209648,45.83899365
87085_1775_00012,rue Etienne Baignol,12,,DT0051,1565005.34460000,5183587.14990000,1.26205963,45.83907100
87085_1775_00014,rue Etienne Baignol,14,,DT0050,1565001.80090000,5183598.48420000,1.26201084,45.83917226
87085_1790_00003,rue Etienne Dolet,3,,IN0231,1563574.62850000,5182064.70150000,1.24407836,45.82509337
87085_1790_00005,rue Etienne Dolet,5,,IN0232,1563565.57260000,5182066.02260000,1.24396146,45.82510346
87085_1790_00006,rue Etienne Dolet,6,,IN0115,1563543.03700000,5182081.02770000,1.24366725,45.82523397
87085_1790_00007,rue Etienne Dolet,7,,IN0233,1563554.60460000,5182067.41170000,1.24381995,45.82511378
87085_1790_00009,rue Etienne Dolet,9,,IN0234,1563543.38140000,5182068.65290000,1.24367519,45.82512272
87085_1790_00010,rue Etienne Dolet,10,,IN0114,1563520.35910000,5182083.59150000,1.24337473,45.82525253
87085_1790_00011,rue Etienne Dolet,11,,IN0235,1563529.50610000,5182070.42140000,1.24349616,45.82513588
87085_1790_00013,rue Etienne Dolet,13,,IN0236,1563518.40040000,5182071.91960000,1.24335284,45.82514715
87085_1790_00013_bis,rue Etienne Dolet,13,bis,IN0363,1563513.84960000,5182072.44880000,1.24329413,45.82515101
87085_1790_00014,rue Etienne Dolet,14,,IN0113,1563504.81180000,5182085.31810000,1.24317419,45.82526498
87085_1790_00015,rue Etienne Dolet,15,,IN0238,1563509.56870000,5182072.65730000,1.24323899,45.82515203
87085_1790_00016,rue Etienne Dolet,16,,IN0295,1563493.13490000,5182086.83300000,1.24302352,45.82527629
87085_1790_00017,rue Etienne Dolet,17,,IN0239,1563503.92580000,5182073.48310000,1.24316615,45.82515834
87085_1790_00018,rue Etienne Dolet,18,,IN0111,1563477.99070000,5182088.64200000,1.24282815,45.82528956
87085_1790_00019,rue Etienne Dolet,19,,IN0240,1563495.20390000,5182074.39810000,1.24305367,45.82516484
87085_1790_00020,rue Etienne Dolet,20,,IN0110,1563464.46480000,5182090.34380000,1.24265363,45.82530218
87085_1790_00021,rue Etienne Dolet,21,,IN0241,1563482.34660000,5182075.85460000,1.24288782,45.82517539
87085_1790_00023,rue Etienne Dolet,23,,IN0242,1563467.73900000,5182077.41310000,1.24269943,45.82518651
87085_1790_00025,rue Etienne Dolet,25,,IN0243,1563454.69160000,5182078.84910000,1.24253114,45.82519684
87085_1790_00027,rue Etienne Dolet,27,,IN0388,1563438.97280000,5182080.56060000,1.24232841,45.82520911
87085_1792_00016,rue Etienne Jodelle,16,,EW0196,1565919.16070000,5181460.04980000,1.27441373,45.82011518
87085_1792_00018,rue Etienne Jodelle,18,,EW0195,1565913.32190000,5181434.21570000,1.27434581,45.81988165
87085_1807_00014,rue Ettore Bugatti,14,,MV0166,1566271.14300000,5189567.36800000,1.27668505,45.89311395
87085_1807_00016,rue Ettore Bugatti,16,,MV0176,1566268.14240000,5189619.61330000,1.27663183,45.89358334
87085_1807_00017,rue Ettore Bugatti,17,,MV0001,1566249.66330000,5189548.73620000,1.27641353,45.89294217
87085_1807_00018,rue Ettore Bugatti,18,,MT0174,1566272.78650000,5189644.06340000,1.27668484,45.89380419
87085_1807_00020,rue Ettore Bugatti,20,,MT0166,1566286.37160000,5189714.32390000,1.27684027,45.89443887
87085_1807_00021,rue Ettore Bugatti,21,,MT0081,1566249.54190000,5189631.58310000,1.27638886,45.89368740
87085_1807_00022,rue Ettore Bugatti,22,,MT0178,1566301.37000000,5189777.61560000,1.27701585,45.89501113
87085_1807_00022_bis,rue Ettore Bugatti,22,bis,MT0178,1566353.62530000,5189803.08180000,1.27768200,45.89525000
87085_1807_00023,rue Ettore Bugatti,23,,MT0147,1566257.02550000,5189687.58030000,1.27646966,45.89419258
87085_1807_00026,rue Ettore Bugatti,26,,MT0156,1566307.25530000,5189885.44740000,1.27706161,45.89598228
87085_1807_00029,rue Ettore Bugatti,29,,MT0056,1566284.44350000,5189815.95280000,1.27678710,45.89535270
87085_1807_00043,rue Ettore Bugatti,43,,MT0164,1566378.10020000,5190054.91410000,1.27792712,45.89752051
87085_1808_00001,rue Euclide,1,,HO0096,1564652.41400000,5180759.49870000,1.25831332,45.81356522
87085_1808_00002,rue Euclide,2,,HO0084,1564657.60170000,5180770.51490000,1.25837695,45.81366534
87085_1808_00004,rue Euclide,4,,HO0085,1564641.38540000,5180776.08930000,1.25816677,45.81371229
87085_1808_00005,rue Euclide,5,,HO0092,1564597.60350000,5180775.77110000,1.25760365,45.81370082
87085_1808_00006,rue Euclide,6,,HO0086,1564621.42350000,5180783.04680000,1.25790802,45.81377095
87085_1808_00007,rue Euclide,7,,HO0091,1564581.68400000,5180773.23930000,1.25739957,45.81367491
87085_1808_00008,rue Euclide,8,,HO0087,1564603.45320000,5180789.16120000,1.25767513,45.81382242
87085_1808_00009,rue Euclide,9,,HO0090,1564564.05780000,5180770.19860000,1.25717368,45.81364408
87085_1808_00010,rue Euclide,10,,HO0088,1564581.58340000,5180796.48300000,1.25739173,45.81388398
87085_1808_00010_bis,rue Euclide,10,bis,HO0288,1564570.05150000,5180793.68090000,1.25724417,45.81385650
87085_1808_00012,rue Euclide,12,,HO0089,1564550.26050000,5180779.98270000,1.25699343,45.81372938
87085_1808_00014,rue Euclide,14,,HO0132,1564526.71270000,5180776.34450000,1.25669153,45.81369202
87085_1808_00016,rue Euclide,16,,HO0133,1564509.19390000,5180773.52160000,1.25646696,45.81366317
87085_1808_00017,rue Euclide,17,,HO0126,1564492.00610000,5180758.78300000,1.25625001,45.81352721
87085_1808_00018,rue Euclide,18,,HO0134,1564489.26810000,5180770.16670000,1.25621158,45.81362907
87085_1808_00020,rue Euclide,20,,HW0095,1564471.14210000,5180767.43810000,1.25597917,45.81360095
87085_1085_00001,rue Eugène Chevreul,1,,CV1235,1565004.50420000,5184449.97900000,1.26180643,45.84683249
87085_1813_00001,rue Eugène Jamot,1,,None,1564700.76060000,5183265.39590000,1.25823019,45.83611677
87085_1813_00011,rue Eugène Jamot,11,,None,1564688.15390000,5183206.14170000,1.25808463,45.83558127
87085_1813_00012,rue Eugène Jamot,12,,None,1564664.51050000,5183165.09590000,1.25779191,45.83520738
87085_1813_00019,rue Eugène Jamot,19,,None,1564677.45990000,5183164.72610000,1.25795867,45.83520660
87085_2845_00003,rue Eugène Labiche,3,,HV0325,1564212.50990000,5181650.93840000,1.25240268,45.82149756
87085_2845_00003_a,rue Eugène Labiche,3,a,HV0325,1564220.22550000,5181674.59160000,1.25249527,45.82171186
87085_2845_00003_b,rue Eugène Labiche,3,b,HV0325,1564236.53190000,5181677.26100000,1.25270431,45.82173909
87085_2845_00003_c,rue Eugène Labiche,3,c,HV0325,1564251.69510000,5181680.36770000,1.25289853,45.82177003
87085_2845_00005,rue Eugène Labiche,5,,HV0325,1564266.29660000,5181659.16720000,1.25309237,45.82158220
87085_2845_00006,rue Eugène Labiche,6,,HY0049,1564194.38700000,5181635.94980000,1.25217374,45.82135915
87085_2845_00007,rue Eugène Labiche,7,,HV0324,1564297.68230000,5181664.70360000,1.25349462,45.82163819
87085_2845_00012,rue Eugène Labiche,12,,HY0050,1564206.57400000,5181637.66880000,1.25233005,45.82137702
87085_2845_00014,rue Eugène Labiche,14,,HY0051,1564219.48620000,5181639.63360000,1.25249563,45.82139724
87085_2845_00016,rue Eugène Labiche,16,,HY0458,1564230.24290000,5181641.41600000,1.25263352,45.82141540
87085_2845_00018,rue Eugène Labiche,18,,HY0462,1564239.72530000,5181642.69900000,1.25275515,45.82142881
87085_2845_00018_bis,rue Eugène Labiche,18,bis,HY0462,1564248.91000000,5181644.11180000,1.25287293,45.82144334
87085_2845_00020,rue Eugène Labiche,20,,HY0054,1564258.93500000,5181645.89010000,1.25300141,45.82146131
87085_2845_00024,rue Eugène Labiche,24,,HY0055,1564300.16760000,5181652.10700000,1.25353015,45.82152537
87085_1815_00002,rue Eugène Le Roy,2,,OH0043,1563016.04470000,5184397.55559999,1.23622600,45.84596800
87085_1815_00003,rue Eugène Le Roy,3,,OH0070,1563008.41950000,5184387.21480000,1.23613121,45.84587307
87085_1815_00004,rue Eugène Le Roy,4,,OH0044,1563005.17030000,5184408.11250000,1.23608343,45.84606041
87085_1815_00005,rue Eugène Le Roy,5,,OH0069,1563000.51140000,5184395.04270000,1.23602718,45.84594191
87085_1815_00006,rue Eugène Le Roy,6,,OH0045,1562995.39510000,5184418.29010000,1.23595470,45.84615001
87085_1815_00007,rue Eugène Le Roy,7,,OH0068,1562991.14780000,5184404.48390000,1.23590397,45.84602497
87085_1815_00008,rue Eugène Le Roy,8,,OH0046,1562985.00970000,5184428.30090000,1.23581817,45.84623800
87085_1815_00009,rue Eugène Le Roy,9,,OH0067,1562966.55910000,5184420.87780000,1.23558280,45.84616755
87085_1815_00010,rue Eugène Le Roy,10,,OH0047,1562975.37730000,5184436.89310000,1.23569174,45.84631337
87085_1815_00011,rue Eugène Le Roy,11,,OH0066,1562958.63570000,5184413.02280000,1.23548305,45.84609531
87085_1815_00012,rue Eugène Le Roy,12,,OH0048,1562967.08940000,5184442.90160000,1.23558334,45.84636577
87085_1815_00013,rue Eugène Le Roy,13,,OH0065,1562951.19260000,5184405.42610000,1.23538941,45.84602549
87085_1815_00014,rue Eugène Le Roy,14,,OH0049,1562956.41670000,5184448.55250000,1.23544436,45.84641447
87085_1815_00015,rue Eugène Le Roy,15,,OH0064,1562941.50790000,5184395.84450000,1.23526749,45.84593736
87085_1815_00016,rue Eugène Le Roy,16,,OH0050,1562945.98870000,5184453.31930000,1.23530877,45.84645527
87085_1815_00017,rue Eugène Le Roy,17,,OH0063,1562933.86660000,5184388.04330000,1.23517136,45.84586567
87085_1815_00018,rue Eugène Le Roy,18,,OH0051,1562934.61720000,5184457.54050000,1.23516120,45.84649098
87085_1815_00020,rue Eugène Le Roy,20,,OH0052,1562923.55050000,5184461.22180000,1.23501770,45.84652189
87085_1815_00021,rue Eugène Le Roy,21,,OH0062,1562939.95570000,5184415.41320000,1.23524193,45.84611309
87085_1815_00022,rue Eugène Le Roy,22,,OH0053,1562913.55820000,5184465.08470000,1.23488798,45.84655464
87085_1815_00023,rue Eugène Le Roy,23,,OH0061,1562934.25890000,5184421.72360000,1.23516680,45.84616872
87085_1815_00024,rue Eugène Le Roy,24,,OH0054,1562905.46600000,5184467.86970000,1.23478302,45.84657808
87085_1815_00025,rue Eugène Le Roy,25,,OH0060,1562927.52080000,5184428.80220000,1.23507805,45.84623105
87085_1815_00027,rue Eugène Le Roy,27,,OH0059,1562920.44940000,5184436.58040000,1.23498481,45.84629961
87085_1815_00029,rue Eugène Le Roy,29,,OH1807,1562913.52340000,5184443.64530000,1.23489365,45.84636178
87085_1815_00031,rue Eugène Le Roy,31,,OH0057,1562898.05650000,5184447.98450000,1.23469333,45.84639773
87085_1815_00033,rue Eugène Le Roy,33,,OH0056,1562893.41430000,5184459.00980000,1.23463043,45.84649598
87085_1820_00003,rue Eugène Sue,3,,CT0957,1565619.84820000,5184515.71920000,1.26970868,45.84754440
87085_1820_00004,rue Eugène Sue,4,,CT0955,1565631.19950000,5184523.27110000,1.26985268,45.84761455
87085_1820_00005,rue Eugène Sue,5,,CT0959,1565605.91320000,5184529.68630000,1.26952540,45.84766732
87085_1820_00007,rue Eugène Sue,7,,CT0961,1565596.99630000,5184538.58050000,1.26940813,45.84774559
87085_1820_00008,rue Eugène Sue,8,,CT0760,1565619.64090000,5184534.88330000,1.26970065,45.84771675
87085_1820_00012,rue Eugène Sue,12,,CT0963,1565604.28100000,5184549.92810000,1.26949873,45.84784909
87085_1820_00013,rue Eugène Sue,13,,CT0965,1565583.39890000,5184552.58740000,1.26922919,45.84786893
87085_1820_00015,rue Eugène Sue,15,,CT0082,1565567.94400000,5184568.62750000,1.26902576,45.84801020
87085_1820_00016,rue Eugène Sue,16,,CT1146,1565592.16740000,5184561.90080000,1.26933945,45.84795442
87085_1825_00001,rue Eugène Varlin,1,,EP0105,1565777.60160000,5182059.19180000,1.27242525,45.82547724
87085_1825_00004,rue Eugène Varlin,4,,ER0005,1565798.19380000,5182066.37250000,1.27268820,45.82554585
87085_1825_00008,rue Eugène Varlin,8,,ER0005,1565813.56430000,5182083.59240000,1.27288117,45.82570375
87085_1825_00009,rue Eugène Varlin,9,,EP0279,1565811.88450000,5182097.70370000,1.27285562,45.82583037
87085_1825_00010,rue Eugène Varlin,10,,ER0006,1565824.98150000,5182096.08580000,1.27302459,45.82581837
87085_1825_00012,rue Eugène Varlin,12,,ER0309,1565835.47880000,5182107.87930000,1.27315637,45.82592651
87085_1825_00014,rue Eugène Varlin,14,,ER0033,1565870.69280000,5182138.03950000,1.27360105,45.82620468
87085_1825_00015,rue Eugène Varlin,15,,EP0346,1565839.56680000,5182134.33160000,1.27320159,45.82616526
87085_1825_00017,rue Eugène Varlin,17,,EP0348,1565855.15010000,5182150.28240000,1.27339765,45.82631179
87085_1825_00018,rue Eugène Varlin,18,,ER0613,1565894.14790000,5182146.91520000,1.27390038,45.82628910
87085_1825_00019,rue Eugène Varlin,19,,EP0097,1565866.58210000,5182153.08910000,1.27354396,45.82633926
87085_1825_00021,rue Eugène Varlin,21,,EP0096,1565879.27450000,5182156.28980000,1.27370639,45.82637053
87085_1825_00023,rue Eugène Varlin,23,,EP0095,1565890.25030000,5182159.13110000,1.27384682,45.82639823
87085_1825_00025,rue Eugène Varlin,25,,EP0094,1565900.02650000,5182161.73130000,1.27397189,45.82642353
87085_1825_00026,rue Eugène Varlin,26,,ER0034,1565958.14160000,5182163.61190000,1.27471914,45.82645177
87085_1825_00027,rue Eugène Varlin,27,,EP0273,1565910.90820000,5182164.49260000,1.27411113,45.82645049
87085_1825_00029,rue Eugène Varlin,29,,EP0093,1565927.45250000,5182168.86050000,1.27432280,45.82649300
87085_1825_00031,rue Eugène Varlin,31,,EP0092,1565939.39960000,5182171.84940000,1.27447569,45.82652222
87085_1825_00033,rue Eugène Varlin,33,,EP0091,1565949.83260000,5182174.51080000,1.27460919,45.82654820
87085_1825_00035,rue Eugène Varlin,35,,EP0090,1565961.48700000,5182177.60570000,1.27475829,45.82657831
87085_1825_00037,rue Eugène Varlin,37,,EP0089,1565970.95850000,5182180.16130000,1.27487945,45.82660314
87085_1825_00039,rue Eugène Varlin,39,,EP0425,1565979.64610000,5182182.40050000,1.27499061,45.82662498
87085_1825_00040,rue Eugène Varlin,40,,ER0035,1566040.63380000,5182187.97490000,1.27577380,45.82668700
87085_1825_00041,rue Eugène Varlin,41,,ER0039,1566009.81350000,5182190.60090000,1.27537649,45.82670462
87085_1825_00043,rue Eugène Varlin,43,,ER0038,1566018.09860000,5182193.00010000,1.27548243,45.82672782
87085_1825_00045,rue Eugène Varlin,45,,ER0037,1566028.43870000,5182196.95850000,1.27561438,45.82676544
87085_1825_00046,rue Eugène Varlin,46,,ER0347,1566073.48450000,5182201.49550000,1.27619273,45.82681503
87085_1825_00047,rue Eugène Varlin,47,,ER0036,1566042.65370000,5182202.61240000,1.27579571,45.82681907
87085_1825_00049,rue Eugène Varlin,49,,ER0054,1566074.33710000,5182215.94790000,1.27619967,45.82694520
87085_1825_00051,rue Eugène Varlin,51,,ER0055,1566082.32610000,5182219.10570000,1.27630159,45.82697516
87085_1825_00052,rue Eugène Varlin,52,,ER0346,1566094.10660000,5182210.05630000,1.27645569,45.82689605
87085_1825_00053,rue Eugène Varlin,53,,ER0056,1566091.75760000,5182223.00560000,1.27642186,45.82701208
87085_1825_00055,rue Eugène Varlin,55,,ER0057,1566105.01210000,5182228.59730000,1.27659086,45.82706496
87085_1825_00057,rue Eugène Varlin,57,,ER0219,1566143.18330000,5182244.52120000,1.27707758,45.82721564
87085_1825_00060,rue Eugène Varlin,60,,ER0357,1566133.80840000,5182227.09380000,1.27696181,45.82705705
87085_1825_00063,rue Eugène Varlin,63,,ER0218,1566161.03920000,5182251.90960000,1.27730529,45.82728558
87085_1825_00065,rue Eugène Varlin,65,,ER0220,1566173.72130000,5182257.18030000,1.27746700,45.82733546
87085_1825_00066,rue Eugène Varlin,66,,ER0223,1566194.08960000,5182252.22760000,1.27773047,45.82729487
87085_1825_00067,rue Eugène Varlin,67,,ER0221,1566183.15730000,5182261.15180000,1.27758732,45.82737302
87085_1825_00068,rue Eugène Varlin,68,,ER0314,1566205.92540000,5182257.02010000,1.27788143,45.82734028
87085_1825_00068_a,rue Eugène Varlin,68,a,ER0314,1566214.74960000,5182206.87000000,1.27800893,45.82689087
87085_1825_00068_b,rue Eugène Varlin,68,b,ER0314,1566221.91380000,5182193.38290000,1.27810487,45.82677094
87085_1825_00068_c,rue Eugène Varlin,68,c,ER0314,1566227.71560000,5182184.38310000,1.27818202,45.82669111
87085_1825_00068_d,rue Eugène Varlin,68,d,ER0314,1566235.17210000,5182172.43230000,1.27828129,45.82658505
87085_1825_00069,rue Eugène Varlin,69,,ER0222,1566194.06100000,5182265.91270000,1.27772629,45.82741797
87085_1825_00070,rue Eugène Varlin,70,,ER0438,1566220.66980000,5182260.94780000,1.27807006,45.82737848
87085_1825_00071,rue Eugène Varlin,71,,ER0348,1566207.03060000,5182271.18300000,1.27789171,45.82746790
87085_1825_00072,rue Eugène Varlin,72,,ER0226,1566237.48320000,5182263.24440000,1.27828577,45.82740241
87085_1825_00073,rue Eugène Varlin,73,,ER0634,1566232.84700000,5182278.79490000,1.27822179,45.82754140
87085_1825_00074,rue Eugène Varlin,74,,ER0227,1566247.15040000,5182264.57840000,1.27840979,45.82741629
87085_1825_00075,rue Eugène Varlin,75,,ER0207,1566248.69330000,5182277.35490000,1.27842609,45.82753153
87085_1825_00076,rue Eugène Varlin,76,,ER0228,1566256.42540000,5182265.79570000,1.27852880,45.82742905
87085_1825_00077,rue Eugène Varlin,77,,ER0620,1566265.34880000,5182279.39920000,1.27863983,45.82755316
87085_1825_00078,rue Eugène Varlin,78,,ER0229,1566265.96870000,5182267.17080000,1.27865121,45.82744327
87085_1825_00079,rue Eugène Varlin,79,,ES0320,1566294.04210000,5182283.45690000,1.27900791,45.82759524
87085_1825_00081,rue Eugène Varlin,81,,ES0113,1566306.68030000,5182285.45680000,1.27916998,45.82761568
87085_1825_00082,rue Eugène Varlin,82,,ES0056,1566308.93760000,5182272.76350000,1.27920255,45.82750194
87085_1825_00083,rue Eugène Varlin,83,,ES0112,1566317.58800000,5182287.00640000,1.27930990,45.82763174
87085_1825_00084,rue Eugène Varlin,84,,ES0057,1566321.97000000,5182274.59010000,1.27936974,45.82752090
87085_1825_00085,rue Eugène Varlin,85,,ES0111,1566328.17630000,5182288.64870000,1.27944569,45.82764857
87085_1825_00086,rue Eugène Varlin,86,,ES0058,1566339.99390000,5182277.25400000,1.27960092,45.82754837
87085_1825_00087,rue Eugène Varlin,87,,ES0110,1566337.54630000,5182289.96230000,1.27956589,45.82766221
87085_1825_00088,rue Eugène Varlin,88,,ES0058,1566349.65280000,5182278.53750000,1.27972485,45.82756179
87085_1825_00089,rue Eugène Varlin,89,,ES0109,1566346.70500000,5182291.33950000,1.27968336,45.82767638
87085_1825_00090,rue Eugène Varlin,90,,ES0059,1566358.80710000,5182280.46700000,1.27984211,45.82758093
87085_1825_00090_bis,rue Eugène Varlin,90,bis,ES0060,1566366.75850000,5182282.44210000,1.27994387,45.82760024
87085_1825_00091,rue Eugène Varlin,91,,ES0108,1566358.87140000,5182293.67090000,1.27983926,45.82769972
87085_1825_00092,rue Eugène Varlin,92,,ES0061,1566373.31970000,5182284.20190000,1.28002781,45.82761734
87085_1825_00093,rue Eugène Varlin,93,,ES0107,1566368.45820000,5182296.08060000,1.27996195,45.82772326
87085_1825_00094,rue Eugène Varlin,94,,ES0062,1566384.52770000,5182287.40050000,1.28017114,45.82764830
87085_1825_00095,rue Eugène Varlin,95,,ES0106,1566377.86950000,5182298.78380000,1.28008230,45.82774940
87085_1825_00096,rue Eugène Varlin,96,,ES0063,1566397.13090000,5182290.52910000,1.28033244,45.82767889
87085_1825_00097,rue Eugène Varlin,97,,ES0105,1566387.59130000,5182301.37170000,1.28020668,45.82777457
87085_1825_00098,rue Eugène Varlin,98,,ES0064,1566407.05320000,5182293.35810000,1.28045933,45.82770626
87085_1825_00100,rue Eugène Varlin,100,,ES0065,1566420.57990000,5182296.67570000,1.28063246,45.82773874
87085_1825_00100_ter,rue Eugène Varlin,100,ter,ES0241,1566448.84300000,5182304.45050000,1.28099398,45.82781416
87085_1825_00101,rue Eugène Varlin,101,,ES0291,1566402.95620000,5182305.40110000,1.28040327,45.82781380
87085_1825_00102,rue Eugène Varlin,102,,ES0242,1566456.20710000,5182306.25120000,1.28108824,45.82783179
87085_1825_00103,rue Eugène Varlin,103,,ES0089,1566423.13390000,5182311.01430000,1.28066134,45.82786822
87085_1825_00104,rue Eugène Varlin,104,,ES0067,1566465.07300000,5182308.80590000,1.28120161,45.82785649
87085_1825_00105,rue Eugène Varlin,105,,ES0289,1566445.46260000,5182316.90760000,1.28094702,45.82792557
87085_1825_00108,rue Eugène Varlin,108,,ES0141,1566485.42280000,5182314.22560000,1.28146196,45.82790920
87085_1825_00112,rue Eugène Varlin,112,,ES0068,1566508.84290000,5182320.62270000,1.28176154,45.82797129
87085_1828_00003,rue Eusèbe Bombal,3,,OH0157,1563232.21570000,5184193.65200000,1.23906690,45.84417643
87085_1828_00005,rue Eusèbe Bombal,5,,OH0157,1563206.58690000,5184194.23590000,1.23873686,45.84417658
87085_1828_00006,rue Eusèbe Bombal,6,,OH1810,1563269.61350000,5184209.42910000,1.23954377,45.84432579
87085_1828_00007,rue Eusèbe Bombal,7,,OH0157,1563191.48540000,5184194.33530000,1.23854246,45.84417447
87085_1828_00008,rue Eusèbe Bombal,8,,OH0153,1563256.23740000,5184209.83340000,1.23937148,45.84432676
87085_1828_00009,rue Eusèbe Bombal,9,,OH0157,1563177.93890000,5184194.44770000,1.23836807,45.84417279
87085_1828_00010,rue Eusèbe Bombal,10,,OH0154,1563246.92060000,5184209.82190000,1.23925157,45.84432481
87085_1828_00012,rue Eusèbe Bombal,12,,OH0155,1563239.05110000,5184209.97390000,1.23915024,45.84432461
87085_1828_00014,rue Eusèbe Bombal,14,,OH0156,1563224.50810000,5184210.21400000,1.23896298,45.84432388
87085_1828_00017,rue Eusèbe Bombal,17,,OH0175,1563141.63950000,5184195.30100000,1.23790061,45.84417324
87085_1828_00018,rue Eusèbe Bombal,18,,OH0177,1563160.76350000,5184211.25110000,1.23814222,45.84432052
87085_1828_00019,rue Eusèbe Bombal,19,,OH0175,1563116.81380000,5184195.76350000,1.23758094,45.84417246
87085_1828_00021,rue Eusèbe Bombal,21,,OH0175,1563097.64700000,5184196.14970000,1.23733414,45.84417211
87085_1828_00022,rue Eusèbe Bombal,22,,OH1802,1563139.20120000,5184211.66990000,1.23786457,45.84432000
87085_1828_00023,rue Eusèbe Bombal,23,,OH0175,1563084.83660000,5184196.24190000,1.23716923,45.84417039
87085_1828_00024,rue Eusèbe Bombal,24,,OH0179,1563124.10590000,5184212.04860000,1.23767016,45.84432040
87085_1828_00026,rue Eusèbe Bombal,26,,OH0180,1563109.06780000,5184212.12030000,1.23747659,45.84431805
87085_1828_00027,rue Eusèbe Bombal,27,,OH0162,1563053.94940000,5184196.38090000,1.23677163,45.84416549
87085_1828_00028,rue Eusèbe Bombal,28,,OH0181,1563098.44710000,5184212.48870000,1.23733978,45.84431925
87085_1828_00029,rue Eusèbe Bombal,29,,OH0162,1563045.84300000,5184196.44680000,1.23666727,45.84416447
87085_1828_00030,rue Eusèbe Bombal,30,,OH0183,1563087.87850000,5184212.57800000,1.23720372,45.84431795
87085_1828_00031,rue Eusèbe Bombal,31,,OH0174,1563035.87940000,5184196.43720000,1.23653903,45.84416240
87085_1828_00032,rue Eusèbe Bombal,32,,OH0184,1563076.77800000,5184212.77290000,1.23706079,45.84431749
87085_1828_00033,rue Eusèbe Bombal,33,,OH0173,1563024.33380000,5184196.33480000,1.23639046,45.84415918
87085_1828_00034,rue Eusèbe Bombal,34,,OH0185,1563065.18870000,5184212.70590000,1.23691164,45.84431458
87085_1828_00035,rue Eusèbe Bombal,35,,OH0172,1563013.90140000,5184196.55630000,1.23625612,45.84415909
87085_1828_00037,rue Eusèbe Bombal,37,,OH0171,1563000.35020000,5184196.43570000,1.23608173,45.84415531
87085_1828_00038,rue Eusèbe Bombal,38,,OH0186,1563049.48220000,5184212.81910000,1.23670945,45.84431247
87085_1828_00040,rue Eusèbe Bombal,40,,OH0187,1563030.85450000,5184213.19090000,1.23646958,45.84431211
87085_1828_00042,rue Eusèbe Bombal,42,,OH0188,1563020.68090000,5184213.54170000,1.23633854,45.84431323
87085_1828_00044,rue Eusèbe Bombal,44,,OH0189,1563012.39020000,5184213.39500000,1.23623187,45.84431026
87085_1828_00046,rue Eusèbe Bombal,46,,OH0190,1563000.57440000,5184213.18780000,1.23607984,45.84430605
87085_1837_00001,rue Faraday,1,,SK0003,1564929.87120000,5187069.41650000,1.26010911,45.87038114
87085_1837_00025,rue Faraday,25,,SK0006,1564919.61860000,5187061.80970000,1.25997923,45.87031070
87085_1837_00034,rue Faraday,34,,SK0036,1564934.50140000,5187049.57270000,1.26017432,45.87020355
87085_1862_00002,rue Félix Eboué,2,,HS0443,1564832.60300000,5182074.96530000,1.26026160,45.82543407
87085_1862_00005,rue Félix Eboué,5,,HS0451,1564801.96130000,5182041.82770000,1.25987666,45.82512995
87085_1865_00001,rue Fénelon,1,,IX0269,1562968.86450000,5182779.66020000,1.23608039,45.83140439
87085_1865_00003,rue Fénelon,3,,IX0268,1562967.83970000,5182767.81800000,1.23607058,45.83129766
87085_1865_00004,rue Fénelon,4,,IX0259,1562955.35760000,5182773.03420000,1.23590847,45.83134210
87085_1865_00006,rue Fénelon,6,,IX0260,1562954.10390000,5182759.49520000,1.23589620,45.83122006
87085_1865_00007,rue Fénelon,7,,IX0266,1562965.30060000,5182745.22030000,1.23604435,45.83109388
87085_1865_00008,rue Fénelon,8,,IX0261,1562952.20450000,5182744.79170000,1.23587595,45.83108741
87085_1865_00009,rue Fénelon,9,,IX0265,1562964.47130000,5182735.48780000,1.23603645,45.83100616
87085_1865_00010,rue Fénelon,10,,IX0262,1562951.02200000,5182734.45940000,1.23586368,45.83099423
87085_1865_00011,rue Fénelon,11,,IX0264,1562963.60090000,5182728.33390000,1.23602729,45.83094164
87085_1865_00011_bis,rue Fénelon,11,bis,IX0597,1562962.01930000,5182715.26110000,1.23601066,45.83082372
87085_1865_00012,rue Fénelon,12,,IX0263,1562950.06860000,5182724.98720000,1.23585411,45.83090883
87085_1865_00013,rue Fénelon,13,,IX0932,1562960.98830000,5182706.12520000,1.23600000,45.83074134
87085_1865_00014,rue Fénelon,14,,IX0246,1562944.04790000,5182709.08690000,1.23578117,45.83076460
87085_1865_00018,rue Fénelon,18,,IX0247,1562924.35600000,5182712.00300000,1.23552694,45.83078691
87085_1865_00020,rue Fénelon,20,,IX0248,1562914.46040000,5182713.67110000,1.23539913,45.83079994
87085_1865_00022,rue Fénelon,22,,IX0249,1562903.39870000,5182715.12400000,1.23525637,45.83081081
87085_1865_00023,rue Fénelon,23,,IX0188,1562922.88620000,5182699.09300000,1.23551171,45.83067048
87085_1865_00024,rue Fénelon,24,,IX0250,1562899.97430000,5182731.37470000,1.23520767,45.83095631
87085_1865_00025,rue Fénelon,25,,IX0187,1562915.98260000,5182699.81910000,1.23542266,45.83067564
87085_1865_00026,rue Fénelon,26,,IX0251,1562901.16670000,5182739.05950000,1.23522082,45.83102567
87085_1865_00027,rue Fénelon,27,,IX0186,1562906.38210000,5182701.43200000,1.23529867,45.83068824
87085_1865_00028,rue Fénelon,28,,IX0252,1562902.83140000,5182747.64030000,1.23523980,45.83110320
87085_1865_00029,rue Fénelon,29,,IX0185,1562896.75260000,5182702.63020000,1.23517441,45.83069709
87085_1865_00030,rue Fénelon,30,,IX0253,1562904.34840000,5182755.89670000,1.23525696,45.83117777
87085_1865_00031,rue Fénelon,31,,IX0731,1562886.13640000,5182704.18030000,1.23503736,45.83070892
87085_1865_00031_bis,rue Fénelon,31,bis,IX0182,1562885.90290000,5182724.84440000,1.23502846,45.83089476
87085_1865_00032,rue Fénelon,32,,IX0254,1562905.28650000,5182761.19410000,1.23526753,45.83122561
87085_1865_00033,rue Fénelon,33,,IX0181,1562888.26650000,5182739.30930000,1.23505475,45.83102535
87085_1865_00034,rue Fénelon,34,,IX0255,1562906.71230000,5182767.48200000,1.23528408,45.83128246
87085_1865_00035,rue Fénelon,35,,IX0180,1562889.92270000,5182746.90000000,1.23507390,45.83109396
87085_1865_00036,rue Fénelon,36,,IX0814,1562908.70860000,5182778.67680000,1.23530658,45.83138356
87085_1865_00037,rue Fénelon,37,,IX0179,1562891.03840000,5182753.73570000,1.23508631,45.83115568
87085_1865_00039,rue Fénelon,39,,IX0178,1562892.60440000,5182763.08230000,1.23510379,45.83124007
87085_1865_00043,rue Fénelon,43,,IX0784,1562894.34110000,5182773.26370000,1.23512324,45.83133200
87085_1865_00043_bis,rue Fénelon,43,bis,IX0176,1562895.85330000,5182779.96040000,1.23514079,45.83139254
87085_1865_00045,rue Fénelon,45,,IX0175,1562896.64230000,5182785.79330000,1.23514928,45.83144517
87085_1865_00047,rue Fénelon,47,,IX0174,1562897.87210000,5182792.35160000,1.23516323,45.83150441
87085_1870_00001,rue Ferdinand Buisson,1,,HV0001,1564613.20710000,5182113.73400000,1.25742775,45.82573967
87085_1870_00003,rue Ferdinand Buisson,3,,HV0002,1564603.85520000,5182106.14100000,1.25730955,45.82566952
87085_1870_00005,rue Ferdinand Buisson,5,,HV0004,1564592.78670000,5182097.98860000,1.25716943,45.82559401
87085_1870_00007,rue Ferdinand Buisson,7,,HV0005,1564582.53780000,5182089.90220000,1.25703984,45.82551925
87085_1870_00008,rue Ferdinand Buisson,8,,HT0063,1564593.12460000,5182124.84920000,1.25716622,45.82583570
87085_1870_00012,rue Ferdinand Buisson,12,,HT0144,1564577.79840000,5182108.72220000,1.25697356,45.82568761
87085_1870_00012_bis,rue Ferdinand Buisson,12,bis,HT0145,1564572.48060000,5182104.38470000,1.25690635,45.82564755
87085_1870_00014,rue Ferdinand Buisson,14,,HT0181,1564569.73960000,5182096.54090000,1.25687329,45.82557645
87085_1870_00015,rue Ferdinand Buisson,15,,HV0009,1564552.94970000,5182065.99470000,1.25666586,45.82529836
87085_1870_00016,rue Ferdinand Buisson,16,,HT0180,1564563.94190000,5182089.39860000,1.25680071,45.82551106
87085_1870_00017,rue Ferdinand Buisson,17,,HV0010,1564544.52710000,5182059.05900000,1.25655945,45.82523431
87085_1870_00018,rue Ferdinand Buisson,18,,HT0168,1564554.40070000,5182080.31550000,1.25668050,45.82542747
87085_1870_00021,rue Ferdinand Buisson,21,,HV0010,1564535.11760000,5182052.29830000,1.25644028,45.82517164
87085_1870_00022,rue Ferdinand Buisson,22,,HT0077,1564526.28670000,5182061.53790000,1.25632405,45.82525302
87085_1870_00023,rue Ferdinand Buisson,23,,HV0013,1564520.36830000,5182043.38230000,1.25625302,45.82508853
87085_1870_00024,rue Ferdinand Buisson,24,,HT0163,1564517.46830000,5182055.51010000,1.25621228,45.82519706
87085_1870_00025,rue Ferdinand Buisson,25,,HV0014,1564503.52020000,5182031.39040000,1.25603961,45.82497734
87085_1870_00026,rue Ferdinand Buisson,26,,HT0165,1564506.54440000,5182048.04360000,1.25607383,45.82512774
87085_1870_00026_bis,rue Ferdinand Buisson,26,bis,HT0186,1564498.99150000,5182043.95030000,1.25597780,45.82508943
87085_1870_00027,rue Ferdinand Buisson,27,,HV0014,1564494.88530000,5182025.63620000,1.25593013,45.82492387
87085_1870_00029,rue Ferdinand Buisson,29,,HV0014,1564483.59170000,5182017.90840000,1.25578700,45.82485213
87085_1870_00030,rue Ferdinand Buisson,30,,HT0185,1564486.99950000,5182035.33350000,1.25582593,45.82500955
87085_1870_00031,rue Ferdinand Buisson,31,,HV0040,1564470.36550000,5182014.59530000,1.25561775,45.82481972
87085_1870_00032,rue Ferdinand Buisson,32,,HT0118,1564469.05130000,5182029.64160000,1.25559660,45.82495481
87085_1870_00034,rue Ferdinand Buisson,34,,HT0118,1564454.19520000,5182019.39480000,1.25540834,45.82485971
87085_1870_00035,rue Ferdinand Buisson,35,,HV0504,1564448.77760000,5181996.13850000,1.25534519,45.82464944
87085_1870_00037,rue Ferdinand Buisson,37,,HV0504,1564438.71970000,5181989.40230000,1.25521768,45.82458686
87085_1870_00037_c,rue Ferdinand Buisson,37,c,HV0503,1564474.22070000,5181967.13050000,1.25568073,45.82439351
87085_1870_00037_d,rue Ferdinand Buisson,37,d,HV0503,1564469.65740000,5181959.73210000,1.25562410,45.82432606
87085_1870_00037_e,rue Ferdinand Buisson,37,e,HV0503,1564449.29170000,5181942.27950000,1.25536699,45.82416505
87085_1870_00037_f,rue Ferdinand Buisson,37,f,HV0503,1564498.56170000,5181957.36500000,1.25599667,45.82431046
87085_1870_00039,rue Ferdinand Buisson,39,,HV0504,1564427.70320000,5181981.89100000,1.25507805,45.82451712
87085_1870_00040,rue Ferdinand Buisson,40,,HT0089,1564437.98060000,5182008.52630000,1.25520278,45.82475875
87085_1870_00041,rue Ferdinand Buisson,41,,HV0496,1564410.59980000,5181967.24280000,1.25486211,45.82438198
87085_1870_00042,rue Ferdinand Buisson,42,,HT0125,1564425.81040000,5182000.43340000,1.25504847,45.82468355
87085_1870_00044,rue Ferdinand Buisson,44,,HT0119,1564418.67650000,5181995.24590000,1.25495814,45.82463548
87085_1870_00046,rue Ferdinand Buisson,46,,HT0121,1564412.42370000,5181991.15710000,1.25487884,45.82459746
87085_1875_00003,rue Ferdinand lassalle,3,,BE0543,1564079.50170000,5183422.50420000,1.25019058,45.83740754
87085_1875_00005,rue Ferdinand lassalle,5,,BE0428,1564074.11250000,5183433.71980000,1.25011805,45.83750736
87085_1875_00006,rue Ferdinand lassalle,6,,BE0419,1564050.83480000,5183436.46500000,1.24981770,45.83752745
87085_1875_00007,rue Ferdinand lassalle,7,,BE0427,1564060.43830000,5183430.01680000,1.24994311,45.83747135
87085_1875_00013,rue Ferdinand lassalle,13,,BE0426,1564040.65380000,5183422.29700000,1.24969068,45.83739799
87085_1875_00017,rue Ferdinand lassalle,17,,BE0423,1564024.45810000,5183416.08910000,1.24948400,45.83733895
87085_1875_00019,rue Ferdinand lassalle,19,,BE0423,1564008.82580000,5183409.99930000,1.24928454,45.83728107
87085_1887_00002,rue Fernandel,2,,NW0131,1561046.43960000,5183723.03170000,1.21106973,45.83950473
87085_1887_00003,rue Fernandel,3,,NW0128,1561016.66470000,5183702.71250000,1.21069241,45.83931593
87085_1887_00004,rue Fernandel,4,,NW0130,1561039.68870000,5183717.48210000,1.21098445,45.83945344
87085_1887_00005,rue Fernandel,5,,NW0127,1561004.57790000,5183712.47250000,1.21053403,45.83940128
87085_1887_00007,rue Fernandel,7,,NW0126,1560982.04880000,5183718.01770000,1.21024248,45.83944661
87085_1887_00008,rue Fernandel,8,,NW0129,1561003.87510000,5183727.41710000,1.21052066,45.83953557
87085_1887_00010,rue Fernandel,10,,NW0108,1560992.67010000,5183730.22550000,1.21037564,45.83955857
87085_1887_00011,rue Fernandel,11,,NW0125,1560957.33900000,5183710.86880000,1.20992653,45.83937731
87085_1887_00012,rue Fernandel,12,,NW0109,1560978.34450000,5183730.89850000,1.21019108,45.83956173
87085_1887_00014,rue Fernandel,14,,NW0110,1560952.53320000,5183722.84680000,1.20986121,45.83948408
87085_1887_00015,rue Fernandel,15,,NW0124,1560939.22890000,5183702.76240000,1.20969580,45.83930072
87085_1887_00016,rue Fernandel,16,,NW0111,1560934.27840000,5183714.91660000,1.20962857,45.83940905
87085_1887_00018,rue Fernandel,18,,NW0112,1560922.64200000,5183709.23220000,1.20948045,45.83935557
87085_1887_00020,rue Fernandel,20,,NW0113,1560912.43460000,5183703.76440000,1.20935067,45.83930432
87085_1887_00022,rue Fernandel,22,,NW0114,1560899.58870000,5183695.16450000,1.20918783,45.83922436
87085_1887_00024,rue Fernandel,24,,NW0115,1560885.86940000,5183684.04810000,1.20901448,45.83912159
87085_1887_00026,rue Fernandel,26,,NW0116,1560873.60310000,5183673.35860000,1.20885971,45.83902295
87085_1887_00027,rue Fernandel,27,,NW0213,1560832.27450000,5183630.98220000,1.20834009,45.83863339
87085_1887_00028,rue Fernandel,28,,NW0117,1560864.65010000,5183666.13670000,1.20874658,45.83895617
87085_1887_00029,rue Fernandel,29,,NW0214,1560817.83540000,5183624.82000000,1.20815605,45.83857504
87085_1887_00030,rue Fernandel,30,,NW0118,1560856.31630000,5183660.00970000,1.20864110,45.83889937
87085_1887_00031,rue Fernandel,31,,NW0215,1560803.19250000,5183619.80260000,1.20796905,45.83852694
87085_1887_00032,rue Fernandel,32,,NW0119,1560843.51890000,5183651.58010000,1.20847884,45.83882095
87085_1887_00033,rue Fernandel,33,,NW0216,1560789.03810000,5183616.06560000,1.20778797,45.83849046
87085_1887_00039,rue Fernandel,39,,NW0243,1560729.77440000,5183596.20080000,1.20703102,45.83829976
87085_1887_00040,rue Fernandel,40,,NW0083,1560746.08750000,5183617.25480000,1.20723486,45.83849246
87085_1887_00042,rue Fernandel,42,,NW0082,1560728.38410000,5183609.65060000,1.20700923,45.83842047
87085_1887_00046,rue Fernandel,46,,NW0027,1560663.95920000,5183591.72370000,1.20618529,45.83824616
87085_1887_00048,rue Fernandel,48,,NW0026,1560631.87510000,5183594.20700000,1.20577166,45.83826199
87085_1887_00050,rue Fernandel,50,,NW0025,1560608.76170000,5183602.22720000,1.20547187,45.83832945
87085_1887_00051,rue Fernandel,51,,NW0249,1560564.77400000,5183613.05630000,1.20490262,45.83841795
87085_1887_00052,rue Fernandel,52,,NW0024,1560594.47710000,5183610.30290000,1.20528569,45.83839920
87085_1887_00053,rue Fernandel,53,,NW0252,1560549.07290000,5183623.18330000,1.20469762,45.83850586
87085_1887_00054,rue Fernandel,54,,NW0023,1560576.98440000,5183621.56580000,1.20505730,45.83849697
87085_1887_00055,rue Fernandel,55,,NW0253,1560532.83850000,5183633.43940000,1.20448571,45.83859483
87085_1887_00056,rue Fernandel,56,,NW0022,1560558.17430000,5183633.69780000,1.20481170,45.83860229
87085_1887_00057,rue Fernandel,57,,NW0254,1560515.96450000,5183644.21610000,1.20426542,45.83868835
87085_1887_00058,rue Fernandel,58,,NW0021,1560538.65610000,5183646.22170000,1.20455687,45.83871099
87085_1887_00059,rue Fernandel,59,,NW0255,1560499.11210000,5183655.01340000,1.20404540,45.83878205
87085_1887_00060,rue Fernandel,60,,NW0020,1560521.82950000,5183656.65380000,1.20433729,45.83880142
87085_1887_00061,rue Fernandel,61,,NW0256,1560482.82650000,5183665.45230000,1.20383278,45.83887265
87085_1887_00063,rue Fernandel,63,,NW0276,1560458.44100000,5183681.65730000,1.20351423,45.83901348
87085_1887_00064,rue Fernandel,64,,NW0282,1560465.73770000,5183695.17720000,1.20360422,45.83913657
87085_1887_00065,rue Fernandel,65,,NW0277,1560449.16240000,5183694.29600000,1.20339115,45.83912528
87085_1887_00067,rue Fernandel,67,,NW0278,1560444.24830000,5183717.01050000,1.20332131,45.83932861
87085_1885_00007,rue Fernand Malinvaud,7,,TH0040,1565427.56230000,5180278.83730000,1.26841900,45.80939300
87085_1885_00009,rue Fernand Malinvaud,9,,TH0052,1565387.53460000,5180262.84580000,1.26790900,45.80924175
87085_1885_00010,rue Fernand Malinvaud,10,,HP0070,1565404.29240000,5180284.20000000,1.26811859,45.80943712
87085_1885_00013,rue Fernand Malinvaud,13,,TH0046,1565340.97250000,5180239.67890000,1.26731655,45.80902424
87085_1885_00015,rue Fernand Malinvaud,15,,TH0015,1565324.00900000,5180217.38200000,1.26710459,45.80882034
87085_1885_00016,rue Fernand Malinvaud,16,,HP0071,1565343.74600000,5180259.30120000,1.26734674,45.80920129
87085_1885_00017,rue Fernand Malinvaud,17,,TH0014,1565312.06460000,5180202.18090000,1.26695520,45.80868126
87085_1885_00019,rue Fernand Malinvaud,19,,TH0013,1565304.87170000,5180194.41800000,1.26686485,45.80861002
87085_1885_00020,rue Fernand Malinvaud,20,,HP0276,1565291.43370000,5180198.97800000,1.26669072,45.80864841
87085_1885_00021,rue Fernand Malinvaud,21,,TH0012,1565292.11560000,5180184.20670000,1.26670363,45.80851566
87085_1885_00023,rue Fernand Malinvaud,23,,TH0011,1565280.62850000,5180175.38230000,1.26655834,45.80843403
87085_1885_00025,rue Fernand Malinvaud,25,,TH0010,1565266.04570000,5180165.59250000,1.26637350,45.80834311
87085_1885_00027,rue Fernand Malinvaud,27,,TH0060,1565254.87810000,5180158.95760000,1.26623171,45.80828124
87085_1885_00031,rue Fernand Malinvaud,31,,TH0064,1565234.71920000,5180145.62980000,1.26597614,45.80815740
87085_1886_00001,rue Fernand Raynaud,1,,MB0060,1566649.81360000,5187469.92120000,1.28214619,45.87431980
87085_1886_00001_bis,rue Fernand Raynaud,1,bis,MB0117,1566647.05390000,5187456.04810000,1.28211451,45.87419447
87085_1886_00002,rue Fernand Raynaud,2,,MB0059,1566660.43980000,5187460.63770000,1.28228562,45.87423835
87085_1886_00003,rue Fernand Raynaud,3,,MB0061,1566666.62070000,5187489.70370000,1.28235714,45.87450102
87085_1886_00004,rue Fernand Raynaud,4,,MB0058,1566676.18960000,5187478.56630000,1.28248347,45.87440269
87085_1886_00005,rue Fernand Raynaud,5,,MB0062,1566680.03090000,5187505.21450000,1.28252554,45.87464315
87085_1886_00006,rue Fernand Raynaud,6,,MB0057,1566688.67740000,5187492.93380000,1.28264030,45.87453435
87085_1886_00007,rue Fernand Raynaud,7,,MB0028,1566704.51720000,5187533.29820000,1.28283308,45.87490053
87085_1886_00009,rue Fernand Raynaud,9,,MB0029,1566721.11870000,5187552.27510000,1.28304161,45.87507446
87085_1886_00010,rue Fernand Raynaud,10,,MB0044,1566734.36700000,5187545.79480000,1.28321403,45.87501873
87085_1886_00011,rue Fernand Raynaud,11,,MB0032,1566736.24360000,5187569.50310000,1.28323162,45.87523237
87085_1886_00012,rue Fernand Raynaud,12,,MB0043,1566749.02280000,5187563.05200000,1.28339798,45.87517681
87085_1886_00015,rue Fernand Raynaud,15,,MB0033,1566749.14700000,5187584.72940000,1.28339357,45.87537184
87085_1886_00017,rue Fernand Raynaud,17,,MB0038,1566760.51100000,5187597.54330000,1.28353636,45.87548931
87085_1890_00001,rue Ferrerie,1,,DX0139,1564669.16450000,5182536.83900000,1.25802866,45.82955676
87085_1890_00002,rue Ferrerie,2,,DX0137,1564674.06160000,5182541.88070000,1.25809026,45.82960307
87085_1890_00003,rue Ferrerie,3,,DX0138,1564667.61520000,5182542.10560000,1.25800724,45.82960383
87085_1890_00004,rue Ferrerie,4,,DX0540,1564668.74000000,5182556.01250000,1.25801780,45.82972915
87085_1890_00005,rue Ferrerie,5,,DX0146,1564662.83470000,5182554.29350000,1.25794230,45.82971253
87085_1890_00007,rue Ferrerie,7,,DX0147,1564652.63520000,5182578.00300000,1.25780438,45.82992380
87085_1890_00008,rue Ferrerie,8,,DX0539,1564664.91350000,5182566.02850000,1.25796575,45.82981850
87085_1890_00009,rue Ferrerie,9,,DX0148,1564649.78110000,5182583.22020000,1.25776618,45.82997017
87085_1890_00010,rue Ferrerie,10,,DX0108,1564663.21190000,5182570.23360000,1.25794267,45.82985599
87085_1890_00011,rue Ferrerie,11,,DX0149,1564645.78390000,5182588.38650000,1.25771329,45.83001586
87085_1890_00012,rue Ferrerie,12,,DX0107,1564659.28670000,5182579.95090000,1.25788942,45.82994263
87085_1890_00013,rue Ferrerie,13,,DX0150,1564643.41630000,5182591.29080000,1.25768201,45.83004152
87085_1890_00014,rue Ferrerie,14,,DX0106,1564657.28210000,5182584.05690000,1.25786247,45.82997917
87085_1890_00015,rue Ferrerie,15,,DX0152,1564639.26000000,5182595.51690000,1.25762734,45.83007872
87085_1890_00017,rue Ferrerie,17,,DX0153,1564634.82690000,5182599.50460000,1.25756917,45.83011371
87085_1920_00004,rue Firmin Delage,4,,IW0032,1562359.83060000,5182084.28200000,1.22844231,45.82502749
87085_1920_00008,rue Firmin Delage,8,,IW0609,1562347.81900000,5182094.82890000,1.22828474,45.82511996
87085_1920_00010,rue Firmin Delage,10,,IW0503,1562335.20950000,5182109.18250000,1.22811839,45.82524655
87085_1920_00012,rue Firmin Delage,12,,IW0029,1562325.23760000,5182120.06290000,1.22798697,45.82534243
87085_1920_00018,rue Firmin Delage,18,,IW0027,1562311.25710000,5182138.63340000,1.22780176,45.82550668
87085_1920_00020,rue Firmin Delage,20,,IW0378,1562296.32860000,5182155.88360000,1.22760474,45.82565887
87085_1920_00025,rue Firmin Delage,25,,ON0320,1562268.69010000,5182169.18710000,1.22724531,45.82577301
87085_1920_00026,rue Firmin Delage,26,,IW0020,1562263.16630000,5182189.56960000,1.22716840,45.82595525
87085_1920_00028,rue Firmin Delage,28,,IW0019,1562250.70670000,5182200.65410000,1.22700491,45.82605247
87085_1920_00029,rue Firmin Delage,29,,ON0319,1562226.03420000,5182209.76460000,1.22668484,45.82612948
87085_1920_00031,rue Firmin Delage,31,,ON0318,1562214.15030000,5182220.43810000,1.22652887,45.82622311
87085_1920_00033,rue Firmin Delage,33,,ON0317,1562206.01120000,5182227.44810000,1.22642214,45.82628454
87085_1920_00035,rue Firmin Delage,35,,ON0316,1562198.21430000,5182234.56700000,1.22631977,45.82634702
87085_1925_00001,rue Fitz-James,1,,DW0137,1564798.49100000,5182836.54840000,1.25960853,45.83227826
87085_1925_00002,rue Fitz-James,2,,DW0062,1564789.57790000,5182854.75620000,1.25948871,45.83244030
87085_1925_00002_bis,rue Fitz-James,2,bis,DW0062,1564769.65250000,5182865.44800000,1.25922930,45.83253256
87085_1925_00004,rue Fitz-James,4,,DW0060,1564754.42870000,5182873.64600000,1.25903108,45.83260331
87085_1925_00009,rue Fitz-James,9,,DW0140,1564747.17270000,5182862.62910000,1.25894081,45.83250278
87085_1930_00001,rue Fizot-Lavergne,1,,CY0137,1564509.25140000,5183812.42720000,1.25561138,45.84099993
87085_1930_00002,rue Fizot-Lavergne,2,,CY0031,1564516.42050000,5183821.27120000,1.25570116,45.84108090
87085_1930_00003,rue Fizot-Lavergne,3,,CY0137,1564499.89360000,5183824.79920000,1.25548746,45.84110938
87085_1930_00008,rue Fizot-Lavergne,8,,CY0029,1564506.78960000,5183835.02960000,1.25557330,45.84120280
87085_1930_00012,rue Fizot-Lavergne,12,,CY0027,1564495.55640000,5183850.81770000,1.25542430,45.84134257
87085_1930_00014,rue Fizot-Lavergne,14,,CY0026,1564487.30910000,5183861.99690000,1.25531500,45.84144151
87085_1930_00015,rue Fizot-Lavergne,15,,CY0110,1564474.25780000,5183861.17990000,1.25514725,45.84143159
87085_1930_00016,rue Fizot-Lavergne,16,,CY0022,1564477.94590000,5183875.18930000,1.25519077,45.84155834
87085_1930_00017,rue Fizot-Lavergne,17,,CY0111,1564460.12830000,5183881.64340000,1.25495962,45.84161288
87085_1930_00020,rue Fizot-Lavergne,20,,CY0021,1564470.64100000,5183885.66670000,1.25509379,45.84165115
87085_1930_00021,rue Fizot-Lavergne,21,,CY0129,1564453.02380000,5183891.85720000,1.25486530,45.84170336
87085_1930_00022,rue Fizot-Lavergne,22,,CY0018,1564460.01600000,5183900.30560000,1.25495292,45.84178074
87085_1930_00023,rue Fizot-Lavergne,23,,CY0129,1564444.89380000,5183903.11800000,1.25475749,45.84180306
87085_1930_00024,rue Fizot-Lavergne,24,,CY0017,1564451.22320000,5183912.17620000,1.25483640,45.84188579
87085_1930_00025,rue Fizot-Lavergne,25,,CY0112,1564441.36180000,5183908.20740000,1.25471060,45.84184814
87085_1940_00004,rue Fleming,4,,OO0103,1561359.85600000,5182056.47090000,1.21558401,45.82457648
87085_1940_00005,rue Fleming,5,,OO0097,1561340.16830000,5182031.33750000,1.21533794,45.82434642
87085_1940_00007,rue Fleming,7,,OO0093,1561327.56860000,5182021.97080000,1.21517853,45.82425962
87085_1940_00008,rue Fleming,8,,OO0099,1561342.64920000,5182044.13730000,1.21536617,45.82446206
87085_1948_00001,rue Flora Tristan,1,,PR0096,1559965.58270000,5184471.12900000,1.19694120,45.84601491
87085_1948_00002,rue Flora Tristan,2,,PR0096,1559952.79290000,5184442.77190000,1.19678484,45.84575723
87085_1948_00003,rue Flora Tristan,3,,PR0096,1559968.16320000,5184477.08390000,1.19697267,45.84606901
87085_1948_00005,rue Flora Tristan,5,,PR0096,1559972.56270000,5184482.51750000,1.19702772,45.84611878
87085_1948_00007,rue Flora Tristan,7,,PR0096,1559974.33130000,5184488.27640000,1.19704881,45.84617094
87085_1948_00009,rue Flora Tristan,9,,PR0096,1559975.60270000,5184495.15350000,1.19706317,45.84623307
87085_1948_00011,rue Flora Tristan,11,,PR0096,1559976.76860000,5184501.52500000,1.19707632,45.84629062
87085_1948_00013,rue Flora Tristan,13,,PR0096,1559977.83230000,5184507.79600000,1.19708818,45.84634724
87085_1948_00014,rue Flora Tristan,14,,PR0096,1559977.42000000,5184469.51350000,1.19709403,45.84600279
87085_1948_00015,rue Flora Tristan,15,,PR0096,1560002.48600000,5184487.94630000,1.19741129,45.84617371
87085_1948_00017,rue Flora Tristan,17,,PR0096,1560003.35950000,5184495.73820000,1.19742027,45.84624398
87085_1948_00018,rue Flora Tristan,18,,PR0096,1560012.68140000,5184471.25270000,1.19754739,45.84602562
87085_1948_00019,rue Flora Tristan,19,,PR0096,1560004.12120000,5184502.21420000,1.19742818,45.84630239
87085_1948_00021,rue Flora Tristan,21,,PR0096,1560004.97830000,5184507.98050000,1.19743754,45.84635443
87085_1948_00023,rue Flora Tristan,23,,PR0096,1560007.81490000,5184508.05870000,1.19747402,45.84635571
87085_1948_00025,rue Flora Tristan,25,,PR0096,1560007.46580000,5184502.49080000,1.19747115,45.84630556
87085_1948_00027,rue Flora Tristan,27,,PR0096,1560006.90670000,5184496.01310000,1.19746584,45.84624717
87085_1948_00029,rue Flora Tristan,29,,PR0096,1560006.02820000,5184487.61360000,1.19745698,45.84617144
87085_5475_00001,rue Florence Arthaud,1,,PO0241,1559811.49160000,5184709.40240000,1.19488831,45.84812688
87085_5475_00002,rue Florence Arthaud,2,,PO0246,1559805.52400000,5184694.71060000,1.19481578,45.84799351
87085_5475_00004,rue Florence Arthaud,4,,PO0218,1559820.82290000,5184699.08170000,1.19501143,45.84803594
87085_5475_00006,rue Florence Arthaud,6,,PO0219,1559820.34320000,5184689.87130000,1.19500794,45.84795300
87085_5475_00007,rue Florence Arthaud,7,,PO0227,1559882.01860000,5184716.80900000,1.19579396,45.84820788
87085_5475_00009,rue Florence Arthaud,9,,PO0226,1559887.60390000,5184735.26480000,1.19586047,45.84837504
87085_5475_00011,rue Florence Arthaud,11,,PO0225,1559893.91770000,5184754.20630000,1.19593622,45.84854671
87085_5475_00015,rue Florence Arthaud,15,,PO0224,1559900.71720000,5184775.09050000,1.19601766,45.84873596
87085_1950_00002,rue Florian,2,,NH0047,1561791.27170000,5181880.17880000,1.22118551,45.82307746
87085_1950_00003,rue Florian,3,,NH0059,1561807.01450000,5181873.77970000,1.22138990,45.82302306
87085_1950_00006,rue Florian,6,,NH0048,1561797.42270000,5181863.91000000,1.22126933,45.82293235
87085_1950_00007,rue Florian,7,,NH0058,1561813.42830000,5181857.39130000,1.22147713,45.82287693
87085_1950_00008,rue Florian,8,,NH0049,1561800.67410000,5181854.27060000,1.22131393,45.82284629
87085_1950_00009,rue Florian,9,,NH0057,1561817.38620000,5181846.09990000,1.22153130,45.82277615
87085_1950_00010,rue Florian,10,,NH0050,1561802.48480000,5181849.22290000,1.22133868,45.82280125
87085_1950_00011,rue Florian,11,,NH0056,1561821.20350000,5181835.47840000,1.22158346,45.82268137
87085_1950_00012,rue Florian,12,,NH0051,1561804.87270000,5181843.21280000,1.22137113,45.82274767
87085_1950_00013,rue Florian,13,,NH0055,1561826.00380000,5181822.98900000,1.22164881,45.82256999
87085_1950_00014,rue Florian,14,,NH0052,1561808.29060000,5181833.71470000,1.22141783,45.82266291
87085_1950_00015,rue Florian,15,,NH0054,1561821.43570000,5181813.25850000,1.22159284,45.82248154
87085_1950_00017,rue Florian,17,,NH0053,1561810.18850000,5181809.81020000,1.22144912,45.82244826
87085_1950_00018,rue Florian,18,,NH0040,1561791.55510000,5181817.74670000,1.22120710,45.82251591
87085_1950_00019,rue Florian,19,,NH0039,1561795.00580000,5181804.44310000,1.22125532,45.82239693
87085_1950_00020,rue Florian,20,,NH0041,1561779.33610000,5181813.45810000,1.22105112,45.82247488
87085_1950_00021,rue Florian,21,,NH0038,1561784.37020000,5181801.19980000,1.22111941,45.82236562
87085_1950_00023,rue Florian,23,,NH0037,1561770.85160000,5181797.00910000,1.22094669,45.82232521
87085_1950_00026,rue Florian,26,,NH0042,1561756.64720000,5181816.56880000,1.22075831,45.82249830
87085_1950_00027,rue Florian,27,,NH0035,1561750.33000000,5181799.54140000,1.22068193,45.82234386
87085_1950_00029,rue Florian,29,,NH0033,1561744.19950000,5181812.07030000,1.22059945,45.82245533
87085_1950_00030,rue Florian,30,,NH0043,1561747.50040000,5181834.82320000,1.22063538,45.82266067
87085_1950_00031,rue Florian,31,,NH0032,1561739.10320000,5181822.42300000,1.22053090,45.82254744
87085_1950_00032,rue Florian,32,,NH0464,1561742.57710000,5181844.87330000,1.22056915,45.82275009
87085_1950_00033,rue Florian,33,,NH0031,1561733.09690000,5181834.66610000,1.22045011,45.82265636
87085_1950_00035,rue Florian,35,,NH0030,1561727.31510000,5181846.40500000,1.22037234,45.82276080
87085_1950_00036,rue Florian,36,,NH0463,1561731.14870000,5181868.67910000,1.22041526,45.82296193
87085_1950_00037,rue Florian,37,,NH0466,1561722.54640000,5181855.58930000,1.22030800,45.82284200
87085_1950_00039,rue Florian,39,,NH0465,1561718.96030000,5181863.49850000,1.22026000,45.82291300
87085_1975_00001,rue Fontaine de Vanteaux,1,,IV0250,1562855.13060000,5181650.61910000,1.23493886,45.82122539
87085_1975_00003,rue Fontaine de Vanteaux,3,,IV0249,1562857.06560000,5181661.44860000,1.23496067,45.82132319
87085_1975_00007,rue Fontaine de Vanteaux,7,,IV0356,1562860.47410000,5181677.00630000,1.23500009,45.82146382
87085_1975_00009,rue Fontaine de Vanteaux,9,,IV0356,1562864.13860000,5181690.82720000,1.23504329,45.82158888
87085_1975_00011,rue Fontaine de Vanteaux,11,,IV0780,1562871.34340000,5181705.53190000,1.23513180,45.82172259
87085_1975_00012,rue Fontaine de Vanteaux,12,,IV0510,1562880.29650000,5181706.90820000,1.23524660,45.82173676
87085_1975_00013,rue Fontaine de Vanteaux,13,,IV0410,1562874.16900000,5181732.78860000,1.23516038,45.82196835
87085_1975_00014,rue Fontaine de Vanteaux,14,,IV0509,1562882.12090000,5181724.18650000,1.23526514,45.82189255
87085_1975_00020,rue Fontaine de Vanteaux,20,,IV0400,1562884.75020000,5181756.19930000,1.23528984,45.82218105
87085_1975_00029,rue Fontaine de Vanteaux,29,,IV0266,1562823.43830000,5181845.94690000,1.23447540,45.82297615
87085_1975_00033,rue Fontaine de Vanteaux,33,,IV0266,1562820.24880000,5181876.97050000,1.23442551,45.82325459
87085_1975_00039,rue Fontaine de Vanteaux,39,,IV0267,1562818.15950000,5181898.50330000,1.23439200,45.82344800
87085_1975_00040_bis,rue Fontaine de Vanteaux,40,bis,IV0675,1562827.61190000,5181947.89030000,1.23450002,45.82389402
87085_1975_00042,rue Fontaine de Vanteaux,42,,IV0754,1562828.01250000,5181959.86340000,1.23450176,45.82400180
87085_1975_00043,rue Fontaine de Vanteaux,43,,IV0268,1562816.49260000,5181933.50770000,1.23436100,45.82376200
87085_1975_00045,rue Fontaine de Vanteaux,45,,IV0268,1562817.49900000,5181940.23720000,1.23437200,45.82382300
87085_2004_00001,rue Fonvieille-Alquier,1,,MZ0064,1567768.63520000,5191162.23760000,1.29553701,45.90775063
87085_2004_00002_a,rue Fonvieille-Alquier,2,a,MZ0064,1567785.35020000,5191159.97640000,1.29575302,45.90773351
87085_2004_00002_b,rue Fonvieille-Alquier,2,b,MZ0064,1567785.76450000,5191170.49030000,1.29575546,45.90782817
87085_2004_00002_c,rue Fonvieille-Alquier,2,c,MZ0064,1567800.22480000,5191170.37260000,1.29594183,45.90782989
87085_2004_00002_d,rue Fonvieille-Alquier,2,d,MZ0064,1567799.48050000,5191159.69710000,1.29593518,45.90773371
87085_2004_00003,rue Fonvieille-Alquier,3,,MZ0064,1567768.72000000,5191172.64760000,1.29553523,45.90784429
87085_2004_00004_a,rue Fonvieille-Alquier,4,a,MZ0064,1567788.69460000,5191181.95430000,1.29579005,45.90793186
87085_2004_00004_b,rue Fonvieille-Alquier,4,b,MZ0064,1567788.90330000,5191187.40880000,1.29579124,45.90798096
87085_2004_00004_c,rue Fonvieille-Alquier,4,c,MZ0064,1567788.63480000,5191191.17620000,1.29578674,45.90801480
87085_2004_00004_d,rue Fonvieille-Alquier,4,d,MZ0064,1567788.18490000,5191194.14610000,1.29578012,45.90804143
87085_2004_00005,rue Fonvieille-Alquier,5,,MZ0064,1567768.43920000,5191189.30680000,1.29552701,45.90799410
87085_2004_00006,rue Fonvieille-Alquier,6,,MZ0064,1567782.32610000,5191207.09990000,1.29570106,45.90815683
87085_2004_00006_a,rue Fonvieille-Alquier,6,a,MZ0064,1567789.87300000,5191213.72850000,1.29579648,45.90821791
87085_2004_00006_b,rue Fonvieille-Alquier,6,b,MZ0064,1567789.83380000,5191208.91200000,1.29579730,45.90817457
87085_2004_00006_c,rue Fonvieille-Alquier,6,c,MZ0064,1567789.80110000,5191204.89820000,1.29579799,45.90813846
87085_2004_00006_d,rue Fonvieille-Alquier,6,d,MZ0064,1567789.77490000,5191201.68720000,1.29579853,45.90810957
87085_2004_00007,rue Fonvieille-Alquier,7,,MZ0064,1567768.52060000,5191199.30030000,1.29552531,45.90808401
87085_2004_00008_a,rue Fonvieille-Alquier,8,a,MZ0064,1567788.29560000,5191224.44390000,1.29577320,45.90831400
87085_2004_00008_b,rue Fonvieille-Alquier,8,b,MZ0064,1567788.32790000,5191228.41190000,1.29577252,45.90834970
87085_2004_00008_c,rue Fonvieille-Alquier,8,c,MZ0064,1567787.86110000,5191232.63620000,1.29576534,45.90838761
87085_2004_00008_d,rue Fonvieille-Alquier,8,d,MZ0064,1567788.36680000,5191236.50430000,1.29577079,45.90842250
87085_2004_00009,rue Fonvieille-Alquier,9,,MZ0064,1567769.06250000,5191214.70360000,1.29552804,45.90822267
87085_2004_00010,rue Fonvieille-Alquier,10,,MZ0064,1567780.57310000,5191247.50740000,1.29566732,45.90851998
87085_2004_00011,rue Fonvieille-Alquier,11,,MZ0064,1567768.73430000,5191225.53320000,1.29552082,45.90832003
87085_2004_00012,rue Fonvieille-Alquier,12,,MZ0064,1567780.20420000,5191253.34030000,1.29566096,45.90857238
87085_2004_00013,rue Fonvieille-Alquier,13,,MZ0064,1567767.61060000,5191240.95010000,1.29550209,45.90845850
87085_2004_00014,rue Fonvieille-Alquier,14,,MZ0064,1567780.23470000,5191257.08790000,1.29566032,45.90860610
87085_2004_00015,rue Fonvieille-Alquier,15,,MZ0064,1567768.11510000,5191251.77300000,1.29550561,45.90855595
87085_2004_00016,rue Fonvieille-Alquier,16,,MZ0064,1567780.26860000,5191261.25190000,1.29565961,45.90864356
87085_2004_00017,rue Fonvieille-Alquier,17,,MZ0064,1567768.24400000,5191267.59610000,1.29550291,45.90869832
87085_2004_00018,rue Fonvieille-Alquier,18,,MZ0064,1567780.30250000,5191265.41580000,1.29565890,45.90868102
87085_2004_00019,rue Fonvieille-Alquier,19,,MZ0064,1567768.34240000,5191279.67160000,1.29550084,45.90880696
87085_2004_00020,rue Fonvieille-Alquier,20,,MZ0064,1567781.19640000,5191272.90420000,1.29566835,45.90874856
87085_2004_00021,rue Fonvieille-Alquier,21,,MZ0064,1567768.46110000,5191294.24550000,1.29549835,45.90893808
87085_2004_00022,rue Fonvieille-Alquier,22,,MZ0065,1567784.84160000,5191354.75790000,1.29569275,45.90948558
87085_2004_00023,rue Fonvieille-Alquier,23,,MZ0064,1567767.71990000,5191305.49500000,1.29548570,45.90903914
87085_2004_00024,rue Fonvieille-Alquier,24,,MZ0065,1567784.92290000,5191364.74080000,1.29569104,45.90957540
87085_2004_00025,rue Fonvieille-Alquier,25,,MZ0065,1567771.05630000,5191347.63220000,1.29551707,45.90941883
87085_2004_00026,rue Fonvieille-Alquier,26,,MZ0065,1567788.99730000,5191374.69110000,1.29574080,45.90966569
87085_2004_00027,rue Fonvieille-Alquier,27,,MZ0065,1567770.88800000,5191357.61700000,1.29551215,45.90950862
87085_2004_00028,rue Fonvieille-Alquier,28,,MZ0065,1567789.83130000,5191385.16690000,1.29574866,45.90976009
87085_2004_00029,rue Fonvieille-Alquier,29,,MZ0065,1567773.96620000,5191367.82500000,1.29554900,45.90960104
87085_2004_00030,rue Fonvieille-Alquier,30,,MZ0065,1567794.15940000,5191395.61430000,1.29580156,45.90985490
87085_2004_00031,rue Fonvieille-Alquier,31,,MZ0065,1567775.79860000,5191378.29280000,1.29556973,45.90969555
87085_2004_00032,rue Fonvieille-Alquier,32,,MZ0065,1567795.23900000,5191405.58900000,1.29581272,45.90994484
87085_2004_00033,rue Fonvieille-Alquier,33,,MZ0065,1567779.62550000,5191388.49460000,1.29561623,45.90978806
87085_2004_00034,rue Fonvieille-Alquier,34,,MZ0065,1567799.33380000,5191418.03490000,1.29586205,45.91005759
87085_2004_00035,rue Fonvieille-Alquier,35,,MZ0065,1567781.70540000,5191398.71070000,1.29564021,45.90988036
87085_2004_00036,rue Fonvieille-Alquier,36,,MZ0065,1567799.62200000,5191422.77470000,1.29586446,45.91010028
87085_2004_00037,rue Fonvieille-Alquier,37,,MZ0065,1567785.27660000,5191408.16590000,1.29568363,45.90996610
87085_2004_00038,rue Fonvieille-Alquier,38,,MZ0065,1567803.47330000,5191435.97150000,1.29591045,45.91021973
87085_2004_00039,rue Fonvieille-Alquier,39,,MZ0065,1567785.86310000,5191418.89330000,1.29568823,45.91006272
87085_2004_00040,rue Fonvieille-Alquier,40,,MZ0065,1567803.50380000,5191439.71510000,1.29590981,45.91025342
87085_2004_00041,rue Fonvieille-Alquier,41,,MZ0065,1567789.44650000,5191429.84600000,1.29573138,45.91016193
87085_2004_00042,rue Fonvieille-Alquier,42,,MZ0065,1567803.31720000,5191447.45370000,1.29590527,45.91032299
87085_2004_00043,rue Fonvieille-Alquier,43,,MZ0065,1567788.78110000,5191440.08450000,1.29571998,45.91025390
87085_2004_00044,rue Fonvieille-Alquier,44,,MZ0065,1567802.88720000,5191455.94310000,1.29589739,45.91039928
87085_2004_00045_a,rue Fonvieille-Alquier,45,a,MZ0065,1567781.33470000,5191451.04900000,1.29562100,45.91035110
87085_2004_00045_b,rue Fonvieille-Alquier,45,b,MZ0065,1567781.19960000,5191454.62850000,1.29561827,45.91038328
87085_2004_00045_c,rue Fonvieille-Alquier,45,c,MZ0065,1567781.68770000,5191458.20660000,1.29562358,45.91041556
87085_2004_00045_d,rue Fonvieille-Alquier,45,d,MZ0065,1567781.18410000,5191462.08300000,1.29561602,45.91045033
87085_2004_00046_a,rue Fonvieille-Alquier,46,a,MZ0065,1567804.67420000,5191466.15050000,1.29591761,45.91049144
87085_2004_00046_b,rue Fonvieille-Alquier,46,b,MZ0065,1567804.44190000,5191477.98430000,1.29591135,45.91059785
87085_2004_00046_c,rue Fonvieille-Alquier,46,c,MZ0065,1567817.25770000,5191477.71560000,1.29607658,45.91059790
87085_2004_00046_d,rue Fonvieille-Alquier,46,d,MZ0065,1567816.84340000,5191467.20180000,1.29607414,45.91050324
87085_2004_00047_a,rue Fonvieille-Alquier,47,a,MZ0065,1567777.65020000,5191467.27730000,1.29556904,45.91049638
87085_2004_00047_b,rue Fonvieille-Alquier,47,b,MZ0065,1567777.02270000,5191470.94530000,1.29555995,45.91052925
87085_2004_00047_c,rue Fonvieille-Alquier,47,c,MZ0065,1567776.48040000,5191474.26430000,1.29555204,45.91055900
87085_2004_00047_d,rue Fonvieille-Alquier,47,d,MZ0065,1567777.10390000,5191477.59620000,1.29555916,45.91058910
87085_2004_00048_a,rue Fonvieille-Alquier,48,a,MZ0065,1567800.24640000,5191482.30590000,1.29585609,45.91063592
87085_2004_00048_b,rue Fonvieille-Alquier,48,b,MZ0065,1567800.32810000,5191492.32950000,1.29585438,45.91072610
87085_2004_00048_c,rue Fonvieille-Alquier,48,c,MZ0065,1567813.96680000,5191492.21850000,1.29603017,45.91072773
87085_2004_00048_d,rue Fonvieille-Alquier,48,d,MZ0065,1567813.88920000,5191482.68780000,1.29603180,45.91064198
87085_2004_00049_a,rue Fonvieille-Alquier,49,a,MZ0065,1567773.12310000,5191482.46000000,1.29550652,45.91063208
87085_2004_00049_b,rue Fonvieille-Alquier,49,b,MZ0065,1567772.71580000,5191492.98060000,1.29549837,45.91072664
87085_2004_00049_c,rue Fonvieille-Alquier,49,c,MZ0065,1567761.04630000,5191492.74690000,1.29534805,45.91072229
87085_2004_00049_d,rue Fonvieille-Alquier,49,d,MZ0065,1567760.96460000,5191482.72330000,1.29534976,45.91063211
87085_2004_00050_a,rue Fonvieille-Alquier,50,a,MZ0065,1567797.86890000,5191497.58700000,1.29582124,45.91077292
87085_2004_00050_b,rue Fonvieille-Alquier,50,b,MZ0065,1567798.11750000,5191507.93790000,1.29582159,45.91086608
87085_2004_00050_c,rue Fonvieille-Alquier,50,c,MZ0065,1567810.27330000,5191507.34600000,1.29597840,45.91086310
87085_2004_00050_d,rue Fonvieille-Alquier,50,d,MZ0065,1567810.19030000,5191497.15810000,1.29598014,45.91077144
87085_2004_00051_a,rue Fonvieille-Alquier,51,a,MZ0065,1567769.84810000,5191497.38890000,1.29546019,45.91076575
87085_2004_00051_b,rue Fonvieille-Alquier,51,b,MZ0065,1567769.11220000,5191507.91220000,1.29544781,45.91086027
87085_2004_00051_c,rue Fonvieille-Alquier,51,c,MZ0065,1567757.77400000,5191508.00450000,1.29530167,45.91085891
87085_2004_00051_d,rue Fonvieille-Alquier,51,d,MZ0065,1567757.67630000,5191496.00900000,1.29530372,45.91075099
87085_2004_00052,rue Fonvieille-Alquier,52,,MZ0065,1567797.03360000,5191535.21960000,1.29580010,45.91111129
87085_2004_00053,rue Fonvieille-Alquier,53,,MZ0065,1567766.88340000,5191540.09730000,1.29541021,45.91114936
87085_2004_00054,rue Fonvieille-Alquier,54,,MZ0065,1567802.94210000,5191535.01170000,1.29587629,45.91111056
87085_2004_00055,rue Fonvieille-Alquier,55,,MZ0065,1567760.01520000,5191540.15320000,1.29532168,45.91114854
87085_2004_00056,rue Fonvieille-Alquier,56,,MZ0065,1567807.09760000,5191535.29730000,1.29592977,45.91111392
87085_2004_00057,rue Fonvieille-Alquier,57,,MZ0065,1567756.34160000,5191540.18310000,1.29527433,45.91114810
87085_2004_00058,rue Fonvieille-Alquier,58,,MZ0065,1567811.89070000,5191535.41800000,1.29599150,45.91111593
87085_2004_00059,rue Fonvieille-Alquier,59,,MZ0065,1567750.59150000,5191540.22990000,1.29520022,45.91114742
87085_2004_00060,rue Fonvieille-Alquier,60,,MZ0065,1567817.48100000,5191535.37250000,1.29606356,45.91111660
87085_2004_00061,rue Fonvieille-Alquier,61,,MZ0065,1567746.91780000,5191540.25980000,1.29515287,45.91114698
87085_2004_00062,rue Fonvieille-Alquier,62,,MZ0065,1567823.72700000,5191535.32160000,1.29614406,45.91111734
87085_2004_00063,rue Fonvieille-Alquier,63,,MZ0065,1567740.68980000,5191540.47020000,1.29507255,45.91114767
87085_2004_00064,rue Fonvieille-Alquier,64,,MZ0065,1567820.09470000,5191549.50970000,1.29609334,45.91124428
87085_2004_00065,rue Fonvieille-Alquier,65,,MZ0069,1567713.78060000,5191531.42460000,1.29472827,45.91106112
87085_2004_00066,rue Fonvieille-Alquier,66,,MZ0065,1567810.10120000,5191549.59100000,1.29596453,45.91124308
87085_2004_00067,rue Fonvieille-Alquier,67,,MZ0069,1567713.57790000,5191526.15500000,1.29472712,45.91101368
87085_2004_00068,rue Fonvieille-Alquier,68,,MZ0065,1567800.52060000,5191549.25260000,1.29584116,45.91123819
87085_2004_00069,rue Fonvieille-Alquier,69,,MZ0069,1567713.69740000,5191521.20220000,1.29473002,45.91096915
87085_2004_00070,rue Fonvieille-Alquier,70,,MZ0065,1567788.86490000,5191549.76390000,1.29569082,45.91124055
87085_2004_00071,rue Fonvieille-Alquier,71,,MZ0069,1567713.81800000,5191516.40930000,1.29473290,45.91092605
87085_2004_00072,rue Fonvieille-Alquier,72,,MZ0065,1567778.87470000,5191550.26160000,1.29556194,45.91124310
87085_2004_00073,rue Fonvieille-Alquier,73,,MZ0069,1567712.50640000,5191512.26680000,1.29471714,45.91088854
87085_2004_00074,rue Fonvieille-Alquier,74,,MZ0065,1567768.46490000,5191550.34640000,1.29542776,45.91124186
87085_2004_00075,rue Fonvieille-Alquier,75,,MZ0069,1567712.78170000,5191506.83350000,1.29472219,45.91083971
87085_2004_00076,rue Fonvieille-Alquier,76,,MZ0065,1567758.88440000,5191550.00800000,1.29530439,45.91123697
87085_2004_00077,rue Fonvieille-Alquier,77,,MZ0069,1567710.62460000,5191496.94750000,1.29469712,45.91075037
87085_2004_00078,rue Fonvieille-Alquier,78,,MZ0065,1567747.21850000,5191549.27010000,1.29515426,45.91122809
87085_2004_00079,rue Fonvieille-Alquier,79,,MZ0069,1567710.74140000,5191491.67530000,1.29470008,45.91070297
87085_2004_00080,rue Fonvieille-Alquier,80,,MZ0069,1567723.89340000,5191548.62710000,1.29485385,45.91121781
87085_2004_00081,rue Fonvieille-Alquier,81,,MZ0069,1567710.86340000,5191487.04200000,1.29470293,45.91066131
87085_2004_00082,rue Fonvieille-Alquier,82,,MZ0069,1567713.06710000,5191548.71520000,1.29471431,45.91121652
87085_2004_00083,rue Fonvieille-Alquier,83,,MZ0069,1567710.65290000,5191480.81410000,1.29470193,45.91060525
87085_2004_00084,rue Fonvieille-Alquier,84,,MZ0069,1567703.88940000,5191546.70790000,1.29459659,45.91119670
87085_2004_00085,rue Fonvieille-Alquier,85,,MZ0069,1567710.78400000,5191477.29880000,1.29470459,45.91057365
87085_2004_00086,rue Fonvieille-Alquier,86,,MZ0069,1567692.64670000,5191546.79940000,1.29445168,45.91119535
87085_2004_00087,rue Fonvieille-Alquier,87,,MZ0069,1567711.21370000,5191471.22540000,1.29471181,45.91051910
87085_2004_00088,rue Fonvieille-Alquier,88,,MZ0069,1567699.64410000,5191536.74820000,1.29454463,45.91110628
87085_2004_00089_a,rue Fonvieille-Alquier,89,a,MZ0069,1567708.62310000,5191459.04340000,1.29468178,45.91040901
87085_2004_00089_b,rue Fonvieille-Alquier,89,b,MZ0069,1567708.43340000,5191455.92270000,1.29468020,45.91038091
87085_2004_00089_c,rue Fonvieille-Alquier,89,c,MZ0069,1567708.07530000,5191452.31030000,1.29467658,45.91034834
87085_2004_00089_d,rue Fonvieille-Alquier,89,d,MZ0069,1567708.04990000,5191449.18810000,1.29467712,45.91032025
87085_2004_00090,rue Fonvieille-Alquier,90,,MZ0069,1567698.76380000,5191530.92550000,1.29453489,45.91105374
87085_2004_00091_a,rue Fonvieille-Alquier,91,a,MZ0069,1567706.18650000,5191442.35420000,1.29465499,45.91025842
87085_2004_00091_b,rue Fonvieille-Alquier,91,b,MZ0069,1567706.15710000,5191438.73910000,1.29465561,45.91022589
87085_2004_00091_c,rue Fonvieille-Alquier,91,c,MZ0069,1567705.97130000,5191436.11140000,1.29465394,45.91020222
87085_2004_00091_d,rue Fonvieille-Alquier,91,d,MZ0069,1567706.11290000,5191433.31650000,1.29465654,45.91017710
87085_2004_00092,rue Fonvieille-Alquier,92,,MZ0069,1567699.13610000,5191525.50890000,1.29454119,45.91100508
87085_2004_00093_a,rue Fonvieille-Alquier,93,a,MZ0069,1567705.58620000,5191428.04260000,1.29465120,45.91012956
87085_2004_00093_b,rue Fonvieille-Alquier,93,b,MZ0069,1567705.88540000,5191424.42490000,1.29465606,45.91009707
87085_2004_00093_c,rue Fonvieille-Alquier,93,c,MZ0069,1567705.69840000,5191421.63270000,1.29465442,45.91007192
87085_2004_00093_d,rue Fonvieille-Alquier,93,d,MZ0069,1567705.99890000,5191418.17930000,1.29465924,45.91004091
87085_2004_00094,rue Fonvieille-Alquier,94,,MZ0069,1567697.42650000,5191520.10930000,1.29452064,45.91095618
87085_2004_00095,rue Fonvieille-Alquier,95,,MZ0069,1567689.53820000,5191398.72230000,1.29445249,45.90986271
87085_2004_00096,rue Fonvieille-Alquier,96,,MZ0069,1567697.77840000,5191512.19440000,1.29452736,45.91088505
87085_2004_00097,rue Fonvieille-Alquier,97,,MZ0069,1567689.29130000,5191388.02200000,1.29445226,45.90976641
87085_2004_00098,rue Fonvieille-Alquier,98,,MZ0069,1567696.48180000,5191506.37490000,1.29451226,45.91083245
87085_2004_00099,rue Fonvieille-Alquier,99,,MZ0069,1567685.01350000,5191372.72220000,1.29440136,45.90962796
87085_2004_00100,rue Fonvieille-Alquier,100,,MZ0069,1567696.02800000,5191501.79810000,1.29450768,45.91079119
87085_2004_00101,rue Fonvieille-Alquier,101,,MZ0069,1567684.75370000,5191360.42480000,1.29440141,45.90951728
87085_2004_00102,rue Fonvieille-Alquier,102,,MZ0069,1567695.15450000,5191496.80800000,1.29449780,45.91074613
87085_2004_00103,rue Fonvieille-Alquier,103,,MZ0069,1567689.51190000,5191315.29290000,1.29447518,45.90911221
87085_2004_00104,rue Fonvieille-Alquier,104,,MZ0069,1567693.77650000,5191480.99510000,1.29448440,45.91060362
87085_2004_00105,rue Fonvieille-Alquier,105,,MZ0068,1567692.33510000,5191304.02650000,1.29451467,45.90901141
87085_2004_00106,rue Fonvieille-Alquier,106,,MZ0069,1567692.89960000,5191475.58880000,1.29447459,45.91055482
87085_2004_00107,rue Fonvieille-Alquier,107,,MZ0068,1567695.55100000,5191289.84190000,1.29456002,45.90888443
87085_2004_00108,rue Fonvieille-Alquier,108,,MZ0069,1567692.85210000,5191469.75910000,1.29447559,45.91050237
87085_2004_00109,rue Fonvieille-Alquier,109,,MZ0068,1567697.11480000,5191277.33650000,1.29458363,45.90877224
87085_2004_00110,rue Fonvieille-Alquier,110,,MZ0069,1567692.77410000,5191460.18210000,1.29447723,45.91041620
87085_2004_00111,rue Fonvieille-Alquier,111,,MZ0068,1567698.24530000,5191262.75250000,1.29460222,45.90864126
87085_2004_00112_a,rue Fonvieille-Alquier,112,a,MZ0069,1567684.07860000,5191445.86300000,1.29436913,45.91028572
87085_2004_00112_b,rue Fonvieille-Alquier,112,b,MZ0069,1567683.88090000,5191441.75630000,1.29436771,45.91024874
87085_2004_00112_c,rue Fonvieille-Alquier,112,c,MZ0069,1567683.85140000,5191438.14120000,1.29436833,45.91021621
87085_2004_00112_d,rue Fonvieille-Alquier,112,d,MZ0069,1567683.82330000,5191434.69040000,1.29436892,45.91018517
87085_2004_00113,rue Fonvieille-Alquier,113,,MZ0068,1567698.97640000,5191250.25370000,1.29461509,45.90852897
87085_2004_00114_a,rue Fonvieille-Alquier,114,a,MZ0069,1567676.79300000,5191427.16080000,1.29428040,45.91011608
87085_2004_00114_b,rue Fonvieille-Alquier,114,b,MZ0069,1567676.60190000,5191423.87570000,1.29427884,45.91008649
87085_2004_00114_c,rue Fonvieille-Alquier,114,c,MZ0069,1567676.24510000,5191420.42760000,1.29427520,45.91005540
87085_2004_00114_d,rue Fonvieille-Alquier,114,d,MZ0069,1567676.04740000,5191416.32090000,1.29427378,45.91001842
87085_2004_00116_a,rue Fonvieille-Alquier,116,a,MZ0069,1567671.58060000,5191406.22890000,1.29421901,45.90992678
87085_2004_00116_b,rue Fonvieille-Alquier,116,b,MZ0069,1567671.55250000,5191402.77810000,1.29421960,45.90989573
87085_2004_00116_c,rue Fonvieille-Alquier,116,c,MZ0069,1567671.35610000,5191398.83570000,1.29421816,45.90986023
87085_2004_00116_d,rue Fonvieille-Alquier,116,d,MZ0069,1567671.32670000,5191395.22060000,1.29421877,45.90982771
87085_2004_00118_a,rue Fonvieille-Alquier,118,a,MZ0069,1567667.95060000,5191384.23780000,1.29417830,45.90972826
87085_2004_00118_b,rue Fonvieille-Alquier,118,b,MZ0069,1567667.92250000,5191380.78700000,1.29417889,45.90969721
87085_2004_00118_c,rue Fonvieille-Alquier,118,c,MZ0069,1567667.72340000,5191376.51600000,1.29417750,45.90965875
87085_2004_00118_d,rue Fonvieille-Alquier,118,d,MZ0069,1567667.68860000,5191372.24360000,1.29417823,45.90962031
87085_2004_00120,rue Fonvieille-Alquier,120,,MZ0069,1567669.82670000,5191352.51500000,1.29421123,45.90944325
87085_2004_00122,rue Fonvieille-Alquier,122,,MZ0069,1567671.83410000,5191343.33730000,1.29423963,45.90936108
87085_2004_00124,rue Fonvieille-Alquier,124,,MZ0069,1567678.78400000,5191327.45660000,1.29433358,45.90921957
87085_2004_00126,rue Fonvieille-Alquier,126,,MZ0069,1567679.53880000,5191317.87270000,1.29434595,45.90913350
87085_2004_00128,rue Fonvieille-Alquier,128,,MZ0068,1567684.38960000,5191299.92690000,1.29441341,45.90897300
87085_2004_00130,rue Fonvieille-Alquier,130,,MZ0068,1567686.40380000,5191291.58210000,1.29444167,45.90889832
87085_2004_00132,rue Fonvieille-Alquier,132,,MZ0068,1567689.18300000,5191274.90250000,1.29448209,45.90874881
87085_2004_00134,rue Fonvieille-Alquier,134,,MZ0068,1567689.93100000,5191264.48580000,1.29449460,45.90865525
87085_2004_00136,rue Fonvieille-Alquier,136,,MZ0068,1567690.62120000,5191246.99030000,1.29450832,45.90849801
87085_2004_00138,rue Fonvieille-Alquier,138,,MZ0068,1567690.54320000,5191237.41330000,1.29450996,45.90841184
87085_2015_00001,rue Fourie,1,,DY0237,1564880.72900000,5182653.42040000,1.26071828,45.83064707
87085_2015_00002,rue Fourie,2,,DW0089,1564885.14940000,5182663.88670000,1.26077222,45.83074209
87085_2015_00003,rue Fourie,3,,DY0236,1564873.44990000,5182649.27550000,1.26062578,45.83060836
87085_2015_00004,rue Fourie,4,,DW0090,1564880.39000000,5182661.29870000,1.26071170,45.83071788
87085_2015_00005,rue Fourie,5,,DY0235,1564869.02990000,5182646.78180000,1.26056960,45.83058506
87085_2015_00006,rue Fourie,6,,DW0091,1564874.46780000,5182658.13030000,1.26063639,45.83068821
87085_2015_00007,rue Fourie,7,,DY0234,1564865.05230000,5182645.02550000,1.26051891,45.83056848
87085_2015_00008,rue Fourie,8,,DW0092,1564866.34120000,5182653.80350000,1.26053303,45.83064769
87085_2015_00009,rue Fourie,9,,DY0232,1564861.51580000,5182642.97440000,1.26047398,45.83054933
87085_2015_00010,rue Fourie,10,,DW0093,1564858.45780000,5182649.54030000,1.26043278,45.83060780
87085_2015_00011,rue Fourie,11,,DY0231,1564856.85940000,5182640.17130000,1.26041485,45.83052320
87085_2015_00012,rue Fourie,12,,DW0096,1564853.27880000,5182646.77210000,1.26036692,45.83058188
87085_2015_00013,rue Fourie,13,,DY0230,1564852.16930000,5182637.15430000,1.26035534,45.83049514
87085_2015_00014,rue Fourie,14,,DW0097,1564847.88260000,5182643.89620000,1.26029829,45.83055494
87085_2015_00015,rue Fourie,15,,DY0228,1564846.77280000,5182634.55400000,1.26028663,45.83047069
87085_2015_00016,rue Fourie,16,,DW0098,1564841.54240000,5182640.59820000,1.26021763,45.83052403
87085_2015_00017,rue Fourie,17,,DY0227,1564842.02090000,5182632.70550000,1.26022600,45.83045313
87085_2015_00018,rue Fourie,18,,DW0102,1564832.84400000,5182636.13920000,1.26010695,45.83048221
87085_2015_00019,rue Fourie,19,,DY0220,1564832.58740000,5182627.25470000,1.26010614,45.83040224
87085_2028_00002,rue Francis Blanche,2,,NW0203,1560944.39690000,5183462.46850000,1.20983183,45.83714021
87085_2028_00004,rue Francis Blanche,4,,NW0202,1560940.79980000,5183474.43110000,1.20978208,45.83724710
87085_2028_00006,rue Francis Blanche,6,,NW0201,1560938.75550000,5183485.23710000,1.20975264,45.83734389
87085_2028_00007,rue Francis Blanche,7,,NW0206,1560921.32750000,5183522.97100000,1.20951743,45.83767980
87085_2028_00008,rue Francis Blanche,8,,NW0200,1560937.37070000,5183495.42760000,1.20973187,45.83743528
87085_2028_00009,rue Francis Blanche,9,,NW0208,1560917.40110000,5183546.86290000,1.20945999,45.83789392
87085_2028_00010,rue Francis Blanche,10,,NW0199,1560935.30860000,5183507.48220000,1.20970185,45.83754330
87085_2028_00012,rue Francis Blanche,12,,NW0198,1560932.90380000,5183523.33400000,1.20966631,45.83768540
87085_2029_00030,rue Francis Chigot,30,,TZ0001,1565969.34130000,5185599.57430000,1.27390498,45.85736255
87085_2029_00032,rue Francis Chigot,32,,TZ0005,1566035.91850000,5185620.37830000,1.27475631,45.85756268
87085_2032_00006,rue Francisco Ferrer,6,,SL0030,1565453.19870000,5186893.96100000,1.26689734,45.86890547
87085_2032_00012,rue Francisco Ferrer,12,,SL0026,1565356.49640000,5186859.12320000,1.26566187,45.86857315
87085_2030_00006,rue Francis Planté,6,,AY0077,1562811.35510000,5182898.78890000,1.23401954,45.83244462
87085_2030_00008,rue Francis Planté,8,,AY0078,1562815.86610000,5182908.08720000,1.23407493,45.83252916
87085_2030_00009,rue Francis Planté,9,,AY0108,1562804.70750000,5182914.03430000,1.23392964,45.83258043
87085_2030_00010,rue Francis Planté,10,,AY0079,1562819.91000000,5182916.46800000,1.23412458,45.83260535
87085_2030_00011,rue Francis Planté,11,,AY0107,1562809.11240000,5182923.25460000,1.23398370,45.83266425
87085_2030_00012,rue Francis Planté,12,,AY0080,1562824.97150000,5182926.00770000,1.23418699,45.83269218
87085_2030_00013,rue Francis Planté,13,,AY0106,1562813.62830000,5182932.39010000,1.23403920,45.83274733
87085_2030_00014,rue Francis Planté,14,,AY0081,1562829.53220000,5182934.77000000,1.23424318,45.83277191
87085_2030_00015,rue Francis Planté,15,,AY0105,1562819.71760000,5182944.97600000,1.23411397,45.83286176
87085_2030_00016,rue Francis Planté,16,,AY0082,1562834.89030000,5182946.18560000,1.23430888,45.83287567
87085_2030_00017,rue Francis Planté,17,,AY0104,1562825.64850000,5182956.27750000,1.23418707,45.83296461
87085_2030_00018,rue Francis Planté,18,,AY0083,1562839.13440000,5182954.95040000,1.23436099,45.83295536
87085_2030_00019,rue Francis Planté,19,,AY0244,1562829.09140000,5182963.19720000,1.23422940,45.83302754
87085_2030_00020,rue Francis Planté,20,,AY0084,1562843.46080000,5182962.96610000,1.23441438,45.83302833
87085_2030_00021,rue Francis Planté,21,,AY0102,1562832.23500000,5182968.88490000,1.23426823,45.83307933
87085_2030_00022,rue Francis Planté,22,,AY0085,1562848.33400000,5182972.49720000,1.23447437,45.83311504
87085_2030_00023,rue Francis Planté,23,,AY0273,1562836.24360000,5182977.44520000,1.23431737,45.83315713
87085_2030_00024,rue Francis Planté,24,,AY0086,1562852.48300000,5182980.32290000,1.23452553,45.83318626
87085_2030_00025,rue Francis Planté,25,,AY0100,1562840.65220000,5182986.30190000,1.23437158,45.83323768
87085_2030_00026,rue Francis Planté,26,,AY0087,1562857.31420000,5182989.97300000,1.23458495,45.83327403
87085_2030_00027,rue Francis Planté,27,,AY0099,1562845.16920000,5182995.64330000,1.23442704,45.83332262
87085_2030_00028,rue Francis Planté,28,,AY0088,1562862.87970000,5183000.74760000,1.23465349,45.83337206
87085_2030_00029,rue Francis Planté,29,,AY0098,1562851.78160000,5183008.82920000,1.23450837,45.83344255
87085_2030_00030,rue Francis Planté,30,,AY0089,1562868.63240000,5183012.39470000,1.23472420,45.83347798
87085_2030_00032,rue Francis Planté,32,,AY0090,1562874.43850000,5183023.68130000,1.23479570,45.83358067
87085_2030_00033,rue Francis Planté,33,,AY0094,1562863.42950000,5183032.03530000,1.23465164,45.83365362
87085_2030_00034,rue Francis Planté,34,,AY0091,1562878.93620000,5183032.73400000,1.23485100,45.83366300
87085_2030_00034_bis,rue Francis Planté,34,bis,AY0092,1562882.38640000,5183039.32550000,1.23489351,45.83372298
87085_2030_00036,rue Francis Planté,36,,AY0093,1562885.60610000,5183045.88620000,1.23493308,45.83378264
87085_2035_00001,rue François Alluaud,1,,BR0293,1564731.87780000,5184197.78950000,1.25836822,45.84451031
87085_2035_00002,rue François Alluaud,2,,BR0277,1564742.84570000,5184200.42170000,1.25850865,45.84453615
87085_2035_00005,rue François Alluaud,5,,BR0801,1564729.04830000,5184213.96090000,1.25832725,45.84465523
87085_2035_00006,rue François Alluaud,6,,BR0276,1564739.71480000,5184217.72220000,1.25846348,45.84469116
87085_2035_00008,rue François Alluaud,8,,BR0813,1564738.11620000,5184228.52170000,1.25843987,45.84478799
87085_2035_00011,rue François Alluaud,11,,BR0761,1564725.40330000,5184235.50480000,1.25827427,45.84484831
87085_2035_00015,rue François Alluaud,15,,BR0303,1564721.93290000,5184255.43690000,1.25822399,45.84502693
87085_2035_00017,rue François Alluaud,17,,BR0304,1564720.55030000,5184263.89680000,1.25820381,45.84510276
87085_2035_00021,rue François Alluaud,21,,BR0308,1564717.98370000,5184279.51590000,1.25816638,45.84524276
87085_2035_00022,rue François Alluaud,22,,BR0268,1564722.69430000,5184317.84550000,1.25821622,45.84558848
87085_2045_00001,rue François Chénieux,1,,DN0050,1564498.29530000,5182954.94490000,1.25571210,45.83328422
87085_2045_00002,rue François Chénieux,2,,DO0125,1564508.56720000,5182946.72950000,1.25584660,45.83321234
87085_2045_00003,rue François Chénieux,3,,DN0049,1564498.97190000,5182961.59130000,1.25571894,45.83334414
87085_2045_00004,rue François Chénieux,4,,DO0124,1564509.29800000,5182957.89280000,1.25585286,45.83331291
87085_2045_00005,rue François Chénieux,5,,DN0048,1564498.95520000,5182967.54410000,1.25571704,45.83339769
87085_2045_00006,rue François Chénieux,6,,DO0163,1564510.46080000,5182972.32220000,1.25586376,45.83344294
87085_2045_00007,rue François Chénieux,7,,DN0047,1564499.52650000,5182974.86580000,1.25572233,45.83346366
87085_2045_00008,rue François Chénieux,8,,DO0136,1564511.33830000,5182986.54410000,1.25587104,45.83357104
87085_2045_00008_bis,rue François Chénieux,8,bis,DO0191,1564511.42280000,5182992.65150000,1.25587041,45.83362600
87085_2045_00009,rue François Chénieux,9,,DN0046,1564500.11590000,5182984.42030000,1.25572722,45.83354973
87085_2045_00009_bis,rue François Chénieux,9,bis,DN0106,1564500.79600000,5182997.55660000,1.25573227,45.83366803
87085_2045_00010,rue François Chénieux,10,,DO0162,1564513.26950000,5183014.32300000,1.25588807,45.83382131
87085_2045_00011,rue François Chénieux,11,,DN0105,1564503.71330000,5183071.06210000,1.25574910,45.83432983
87085_2045_00012,rue François Chénieux,12,,DO0108,1564514.17960000,5183028.94360000,1.25589566,45.83395301
87085_2045_00012_bis,rue François Chénieux,12,bis,DO0108,1564515.70010000,5183053.38200000,1.25590834,45.83417315
87085_2045_00013,rue François Chénieux,13,,DN0094,1564501.70470000,5183176.09830000,1.25569364,45.83527430
87085_2045_00014,rue François Chénieux,14,,DO0159,1564516.01970000,5183062.81050000,1.25590979,45.83425803
87085_2045_00014_bis,rue François Chénieux,14,bis,DO0159,1564516.62490000,5183069.83370000,1.25591560,45.83432132
87085_2045_00015,rue François Chénieux,15,,DN0094,1564502.82890000,5183204.88700000,1.25569999,45.83553349
87085_2045_00015_bis,rue François Chénieux,15,bis,DN0104,1564507.34640000,5183223.48380000,1.25575289,45.83570167
87085_2045_00016,rue François Chénieux,16,,DO0091,1564516.30940000,5183075.07270000,1.25591007,45.83436839
87085_2045_00017,rue François Chénieux,17,,DN0089,1564504.40020000,5183234.85190000,1.25571177,45.83580335
87085_2045_00018,rue François Chénieux,18,,DO0085,1564516.37820000,5183080.91540000,1.25590930,45.83442096
87085_2045_00018_bis,rue François Chénieux,18,bis,DO0085,1564516.71410000,5183089.72360000,1.25591114,45.83450026
87085_2045_00020,rue François Chénieux,20,,DO0084,1564517.32420000,5183103.36120000,1.25591515,45.83462306
87085_2045_00020_bis,rue François Chénieux,20,bis,DO0084,1564517.55560000,5183118.75870000,1.25591379,45.83476162
87085_2045_00021,rue François Chénieux,21,,DN0089,1564506.67270000,5183254.26180000,1.25573554,45.83597840
87085_2045_00022,rue François Chénieux,22,,DO0073,1564518.39450000,5183132.54250000,1.25592070,45.83488577
87085_2045_00022_bis,rue François Chénieux,22,bis,DO0072,1564518.93900000,5183141.98830000,1.25592505,45.83497085
87085_2045_00023,rue François Chénieux,23,,DN0033,1564514.37250000,5183265.53210000,1.25583146,45.83608130
87085_2045_00024,rue François Chénieux,24,,DO0071,1564520.12650000,5183164.76610000,1.25593391,45.83517599
87085_2045_00024_bis,rue François Chénieux,24,bis,DO0070,1564520.37070000,5183170.80010000,1.25593535,45.83523031
87085_2045_00025,rue François Chénieux,25,,DN0101,1564517.41900000,5183277.97190000,1.25586716,45.83619380
87085_2045_00025_bis,rue François Chénieux,25,bis,DN0030,1564521.10910000,5183291.01460000,1.25591097,45.83631186
87085_2045_00025_ter,rue François Chénieux,25,ter,DN0029,1564522.96630000,5183299.43650000,1.25593250,45.83638798
87085_2045_00026,rue François Chénieux,26,,DO0069,1564520.80270000,5183179.04960000,1.25593858,45.83530461
87085_2045_00027,rue François Chénieux,27,,CZ0051,1564528.21030000,5183318.42860000,1.25599463,45.83655986
87085_2045_00027_bis,rue François Chénieux,27,bis,CZ0288,1564529.72320000,5183324.75400000,1.25601232,45.83661706
87085_2045_00028,rue François Chénieux,28,,DO0063,1564520.99930000,5183188.32730000,1.25593850,45.83538810
87085_2045_00029,rue François Chénieux,29,,CZ0045,1564532.12370000,5183332.41130000,1.25604106,45.83668641
87085_2045_00030,rue François Chénieux,30,,DO0062,1564521.65680000,5183201.77200000,1.25594317,45.83550918
87085_2045_00031,rue François Chénieux,31,,CZ0044,1564537.55830000,5183353.56460000,1.25610503,45.83687777
87085_2045_00031_bis,rue François Chénieux,31,bis,CZ0054,1564538.01140000,5183356.59040000,1.25611001,45.83690508
87085_2045_00032,rue François Chénieux,32,,DO0170,1564522.41620000,5183215.68380000,1.25594902,45.83563447
87085_2045_00033,rue François Chénieux,33,,CZ0055,1564540.90000000,5183366.74000000,1.25614433,45.83699695
87085_2045_00033_bis,rue François Chénieux,33,bis,CZ0056,1564543.41430000,5183376.25730000,1.25617400,45.83708306
87085_2045_00033_d,rue François Chénieux,33,d,CZ0058,1564552.63580000,5183414.19819999,1.25628199,45.83742617
87085_2045_00033_ter,rue François Chénieux,33,ter,CZ0118,1564558.45660000,5183435.47070000,1.25628199,45.83742617
87085_2045_00034,rue François Chénieux,34,,DO0158,1564522.91580000,5183225.46910000,1.25595270,45.83572259
87085_2045_00035,rue François Chénieux,35,,CZ0119,1564561.29720000,5183444.51580000,1.25638491,45.83770061
87085_2045_00035_bis,rue François Chénieux,35,bis,CZ0271,1564564.14830000,5183455.55690000,1.25641850,45.83780049
87085_2045_00035_ter,rue François Chénieux,35,ter,CZ0272,1564566.31190000,5183463.28420000,1.25644416,45.83787043
87085_2045_00036,rue François Chénieux,36,,DO0057,1564523.69140000,5183236.54190000,1.25595956,45.83582235
87085_2045_00037,rue François Chénieux,37,,CZ0121,1564567.62330000,5183468.39470000,1.25645960,45.83791666
87085_2045_00037_ter,rue François Chénieux,37,ter,CZ0126,1564575.61490000,5183496.64850000,1.25655449,45.83817239
87085_2045_00038,rue François Chénieux,38,,DO0056,1564525.36080000,5183249.99740000,1.25597725,45.83594372
87085_2045_00039,rue François Chénieux,39,,CZ0262,1564581.07310000,5183512.48500000,1.25662027,45.83831592
87085_2045_00039_bis,rue François Chénieux,39,bis,CZ0130,1564584.08580000,5183519.26190000,1.25665714,45.83837748
87085_2045_00040,rue François Chénieux,40,,DO0149,1564528.00540000,5183262.09600000,1.25600787,45.83605308
87085_2045_00041,rue François Chénieux,41,,CZ0131,1564588.31150000,5183530.68160000,1.25670831,45.83848104
87085_2045_00042,rue François Chénieux,42,,DO0047,1564530.09080000,5183270.91140000,1.25603223,45.83613279
87085_2045_00043,rue François Chénieux,43,,CZ0207,1564592.34810000,5183541.55520000,1.25675719,45.83857965
87085_2045_00044,rue François Chénieux,44,,DO0046,1564532.03000000,5183278.20500000,1.25605513,45.83619878
87085_2045_00045,rue François Chénieux,45,,CZ0133,1564594.95090000,5183548.81810000,1.25678864,45.83864549
87085_2045_00045_a,rue François Chénieux,45,a,CZ0133,1564580.83030000,5183553.98320000,1.25660546,45.83868917
87085_2045_00045_b,rue François Chénieux,45,b,CZ0133,1564575.57330000,5183555.56300000,1.25653736,45.83870235
87085_2045_00045_c,rue François Chénieux,45,c,CZ0133,1564559.69880000,5183561.07170000,1.25633150,45.83874878
87085_2045_00046,rue François Chénieux,46,,DO0045,1564535.31060000,5183290.03750000,1.25609401,45.83630587
87085_2045_00047,rue François Chénieux,47,,CZ0192,1564597.48330000,5183555.27710000,1.25681942,45.83870409
87085_2045_00048,rue François Chénieux,48,,DO0041,1564538.57210000,5183302.54020000,1.25613246,45.83641898
87085_2045_00049,rue François Chénieux,49,,CZ0197,1564598.52640000,5183563.99960000,1.25683038,45.83878276
87085_2045_00050,rue François Chénieux,50,,DO0199,1564547.57770000,5183335.65260000,1.25623903,45.83671862
87085_2045_00051,rue François Chénieux,51,,CZ0149,1564603.60260000,5183571.41120000,1.25689363,45.83885043
87085_2045_00052,rue François Chénieux,52,,DO0038,1564551.13780000,5183349.07500000,1.25628106,45.83684006
87085_2045_00053,rue François Chénieux,53,,CZ0232,1564606.58380000,5183579.71980000,1.25692965,45.83892576
87085_2045_00054,rue François Chénieux,54,,DO0036,1564561.96860000,5183390.37390000,1.25640881,45.83721370
87085_2045_00055,rue François Chénieux,55,,CZ0286,1564609.25400000,5183586.94300000,1.25696199,45.83899126
87085_2045_00056,rue François Chénieux,56,,DO0152,1564568.47920000,5183413.97760000,1.25648595,45.83742731
87085_2045_00057,rue François Chénieux,57,,CZ0283,1564611.38340000,5183593.03520000,1.25698767,45.83904649
87085_2045_00058,rue François Chénieux,58,,DO0003,1564571.27020000,5183425.27580000,1.25651869,45.83752949
87085_2045_00059,rue François Chénieux,59,,CZ0161,1564612.97350000,5183597.97800000,1.25700675,45.83909126
87085_2045_00060,rue François Chénieux,60,,DO0001,1564574.09490000,5183435.84970000,1.25655206,45.83762517
87085_2045_00062,rue François Chénieux,62,,DP0172,1564578.55540000,5183453.47460000,1.25660450,45.83778459
87085_2045_00063,rue François Chénieux,63,,CZ0172,1564622.81800000,5183623.87780000,1.25712615,45.83932618
87085_2045_00064,rue François Chénieux,64,,DP0254,1564582.63860000,5183466.19040000,1.25665347,45.83789978
87085_2045_00065,rue François Chénieux,65,,CZ0228,1564630.93410000,5183645.19100000,1.25722460,45.83951951
87085_2045_00066,rue François Chénieux,66,,DP0143,1564592.92410000,5183497.97060000,1.25677688,45.83818769
87085_2045_00067,rue François Chénieux,67,,CZ0228,1564634.90530000,5183656.42780000,1.25727255,45.83962137
87085_2045_00068,rue François Chénieux,68,,DP0144,1564597.39900000,5183509.66340000,1.25683118,45.83829376
87085_2045_00069,rue François Chénieux,69,,CZ0176,1564637.36510000,5183663.22440000,1.25730229,45.83968299
87085_2045_00070,rue François Chénieux,70,,DP0211,1564601.18160000,5183518.71300000,1.25687731,45.83837591
87085_2045_00071,rue François Chénieux,71,,CZ0176,1564639.89840000,5183670.12690000,1.25733295,45.83974558
87085_2045_00072,rue François Chénieux,72,,DP0146,1564604.44800000,5183527.29250000,1.25691694,45.83845373
87085_2045_00074,rue François Chénieux,74,,DP0147,1564609.27470000,5183539.96460000,1.25697549,45.83856867
87085_2045_00076,rue François Chénieux,76,,DP0148,1564612.75630000,5183548.78570000,1.25701781,45.83864871
87085_2045_00078,rue François Chénieux,78,,DP0149,1564618.51600000,5183563.54780000,1.25708778,45.83878263
87085_2045_00078_a,rue François Chénieux,78,a,DP0149,1564624.88140000,5183563.27640000,1.25716978,45.83878145
87085_2045_00078_b,rue François Chénieux,78,b,DP0149,1564636.67250000,5183555.16600000,1.25732381,45.83871081
87085_2045_00078_c,rue François Chénieux,78,c,DP0149,1564628.10330000,5183554.46710000,1.25721372,45.83870284
87085_2045_00080,rue François Chénieux,80,,DP0158,1564627.04560000,5183585.31010000,1.25719142,45.83898008
87085_2045_00082,rue François Chénieux,82,,DP0162,1564633.12050000,5183599.59020000,1.25726559,45.83910973
87085_2045_00084,rue François Chénieux,84,,DP0163,1564639.31980000,5183615.52870000,1.25734088,45.83925433
87085_2045_00086,rue François Chénieux,86,,DP0164,1564642.58190000,5183624.69770000,1.25738028,45.83933745
87085_2045_00088,rue François Chénieux,88,,DP0167,1564646.01440000,5183632.60920000,1.25742223,45.83940929
87085_2045_00088_bis,rue François Chénieux,88,bis,DP0168,1564649.79120000,5183643.72110000,1.25746771,45.83951000
87085_2045_00090,rue François Chénieux,90,,DP0169,1564655.67740000,5183658.76590000,1.25753923,45.83964649
87085_2045_00092,rue François Chénieux,92,,DP0170,1564658.99100000,5183666.99500000,1.25757956,45.83972117
87085_2050_00001,rue François Coppée,1,,CV0826,1565312.71280000,5184203.35200000,1.26584278,45.84467438
87085_2050_00002,rue François Coppée,2,,CV0885,1565335.94440000,5184218.07320000,1.26613768,45.84481135
87085_2050_00005,rue François Coppée,5,,CV0153,1565321.13560000,5184218.79660000,1.26594687,45.84481496
87085_2050_00007,rue François Coppée,7,,CV0154,1565324.85090000,5184225.84410000,1.26599271,45.84487908
87085_2050_00008,rue François Coppée,8,,CV0938,1565343.22150000,5184232.18640000,1.26622739,45.84493973
87085_2050_00010,rue François Coppée,10,,CV0938,1565346.93210000,5184239.44190000,1.26627312,45.84500573
87085_2050_00011,rue François Coppée,11,,CV0156,1565333.01840000,5184241.16320000,1.26609355,45.84501849
87085_2050_00012,rue François Coppée,12,,CV0938,1565359.25360000,5184262.71890000,1.26642519,45.84521753
87085_2050_00016,rue François Coppée,16,,CV0213,1565369.89340000,5184283.01220000,1.26655645,45.84540217
87085_2050_00021,rue François Coppée,21,,CV0185,1565382.60850000,5184342.47630000,1.26670346,45.84593957
87085_2050_00025,rue François Coppée,25,,CV0796,1565387.07370000,5184353.57660000,1.26675782,45.84604030
87085_2050_00026,rue François Coppée,26,,CT0711,1565397.39030000,5184345.34620000,1.26689292,45.84596828
87085_2050_00027,rue François Coppée,27,,CV0795,1565391.46620000,5184364.98010000,1.26681117,45.84614374
87085_2050_00029,rue François Coppée,29,,CV0187,1565399.16780000,5184385.64660000,1.26690451,45.84633115
87085_2050_00030,rue François Coppée,30,,CT0557,1565402.72090000,5184359.65940000,1.26695753,45.84609808
87085_2050_00032,rue François Coppée,32,,CT0558,1565406.84990000,5184370.21560000,1.26700772,45.84619385
87085_2073_00003,rue Françoise Rosay,3,,SR0069,1567205.16100000,5186467.25550000,1.28957547,45.86540774
87085_2073_00005,rue Françoise Rosay,5,,SR0070,1567182.14890000,5186468.07490000,1.28927893,45.86541067
87085_2073_00006,rue Françoise Rosay,6,,SR0036,1567188.78480000,5186477.28520000,1.28936183,45.86549480
87085_2073_00007,rue Françoise Rosay,7,,SR0071,1567161.56320000,5186468.82790000,1.28901365,45.86541346
87085_2073_00008,rue Françoise Rosay,8,,SR0035,1567169.66620000,5186477.78810000,1.28911551,45.86549563
87085_2073_00009,rue Françoise Rosay,9,,SR0072,1567146.61450000,5186469.24240000,1.28882106,45.86541430
87085_2073_00010,rue Françoise Rosay,10,,SR0033,1567150.21520000,5186478.37470000,1.28886489,45.86549715
87085_2074_00001,rue Françoise Sagan,1,,PA0087,1560628.60420000,5181925.49370000,1.20621331,45.82325049
87085_2074_00002,rue Françoise Sagan,2,,PA0067,1560637.09330000,5181935.93050000,1.20631951,45.82334609
87085_2074_00003,rue Françoise Sagan,3,,PA0085,1560612.34050000,5181940.75400000,1.20599964,45.82338447
87085_2074_00004,rue Françoise Sagan,4,,PA0068,1560619.57590000,5181952.04140000,1.20608946,45.82348747
87085_2074_00005,rue Françoise Sagan,5,,PA0083,1560596.07510000,5181955.80420000,1.20578600,45.82351656
87085_2074_00006,rue Françoise Sagan,6,,PA0069,1560603.93390000,5181966.24610000,1.20588409,45.82361208
87085_2074_00007,rue Françoise Sagan,7,,PA0088,1560578.35950000,5181973.38750000,1.20555297,45.82367113
87085_2074_00008,rue Françoise Sagan,8,,PA0070,1560585.99800000,5181982.57050000,1.20564859,45.82375529
87085_2074_00009,rue Françoise Sagan,9,,PA0082,1560571.07280000,5181979.23410000,1.20545752,45.82372225
87085_2074_00010,rue Françoise Sagan,10,,PA0071,1560569.73080000,5181997.41060000,1.20543498,45.82388548
87085_2074_00011,rue Françoise Sagan,11,,PA0080,1560566.70450000,5181983.06210000,1.20540021,45.82375580
87085_2074_00012,rue Françoise Sagan,12,,PA0072,1560551.58820000,5182014.15690000,1.20519670,45.82403245
87085_2074_00014,rue Françoise Sagan,14,,PA0088,1560537.17420000,5182024.35950000,1.20500828,45.82412130
87085_2074_00015,rue Françoise Sagan,15,,PA0079,1560560.62170000,5181988.23960000,1.20532044,45.82380114
87085_2074_00016,rue Françoise Sagan,16,,PA0074,1560526.87650000,5182024.02300000,1.20487589,45.82411619
87085_2074_00017,rue Françoise Sagan,17,,PA0077,1560544.14790000,5182003.50160000,1.20510406,45.82393509
87085_2074_00018,rue Françoise Sagan,18,,PA0075,1560510.39750000,5182012.81090000,1.20466711,45.82401199
87085_2074_00019,rue Françoise Sagan,19,,PA0078,1560498.60860000,5181984.12140000,1.20452376,45.82375152
87085_2074_00020,rue Françoise Sagan,20,,PA0076,1560496.86650000,5182002.41530000,1.20449604,45.82391573
87085_2074_00021,rue Françoise Sagan,21,,PA0110,1560481.60030000,5181974.92650000,1.20430759,45.82366536
87085_2074_00022,rue Françoise Sagan,22,,PA0112,1560477.68410000,5181988.12780000,1.20425337,45.82378332
87085_2074_00023,rue Françoise Sagan,23,,PA0111,1560464.45530000,5181961.75020000,1.20409082,45.82354335
87085_2074_00024,rue Françoise Sagan,24,,PA0113,1560459.34850000,5181974.52820000,1.20402141,45.82365726
87085_2053_00001,rue François Mauriac,1,,PB0092,1560653.03660000,5182083.53580000,1.20648187,45.82467710
87085_2053_00002,rue François Mauriac,2,,PB0087,1560659.99600000,5182076.56620000,1.20657343,45.82461582
87085_2053_00003,rue François Mauriac,3,,PB0093,1560665.14040000,5182096.01970000,1.20663399,45.82479185
87085_2053_00004,rue François Mauriac,4,,PB0086,1560678.95620000,5182096.02170000,1.20681175,45.82479467
87085_2053_00005,rue François Mauriac,5,,PB0094,1560679.52190000,5182111.05350000,1.20681467,45.82493000
87085_2053_00007,rue François Mauriac,7,,PB0095,1560691.57880000,5182123.56750000,1.20696618,45.82504501
87085_2053_00012,rue François Mauriac,12,,PB0085,1560708.45680000,5182141.51530000,1.20717814,45.82520988
87085_2053_00014,rue François Mauriac,14,,PB0084,1560691.74130000,5182160.07530000,1.20695769,45.82537345
87085_2053_00016,rue François Mauriac,16,,PB0083,1560680.00830000,5182172.99200000,1.20680298,45.82548727
87085_2056_00001,rue François Mitterrand,1,,HS0553,1564840.63870000,5181950.44610000,1.26040000,45.82431552
87085_2056_00003,rue François Mitterrand,3,,HS0553,1564832.76720000,5181961.81249999,1.26029552,45.82441622
87085_2056_00020,rue François Mitterrand,20,,HS0468,1564761.41500000,5182101.94390000,1.25933805,45.82566276
87085_2056_00021,rue François Mitterrand,21,,HS0468,1564726.84460000,5182115.80360000,1.25888933,45.82578064
87085_2056_00021_bis,rue François Mitterrand,21,bis,HS0455,1564713.09550000,5182104.01170000,1.25871574,45.82567186
87085_2056_00023,rue François Mitterrand,23,,HS0455,1564700.78630000,5182095.39360000,1.25855979,45.82559192
87085_2056_00032,rue François Mitterrand,32,,HS0468,1564701.83780000,5182191.65930000,1.25854623,45.82645809
87085_2056_00033,rue François Mitterrand,33,,HS0468,1564699.43700000,5182183.04790000,1.25851776,45.82638015
87085_2058_00002,rue François Périer,2,,MS0017,1565739.15660000,5189537.43300000,1.26984006,45.89274091
87085_2058_00003,rue François Périer,3,,MS0088,1565728.86100000,5189517.02450000,1.26971314,45.89255531
87085_2058_00004,rue François Périer,4,,MS0168,1565747.17780000,5189596.01930000,1.26992700,45.89326949
87085_2058_00005,rue François Périer,5,,MS0181,1565724.28000000,5189550.30030000,1.26964481,45.89285375
87085_2058_00006,rue François Périer,6,,MS0169,1565763.08370000,5189635.67280000,1.27012081,45.89362930
87085_2058_00006_bis,rue François Périer,6,bis,MS0170,1565770.91540000,5189653.45280000,1.27021673,45.89379077
87085_2058_00007,rue François Périer,7,,MS0011,1565740.19950000,5189613.17050000,1.26983230,45.89342241
87085_2058_00010,rue François Périer,10,,MS0105,1565797.41560000,5189728.75630000,1.27053706,45.89447335
87085_2058_00011,rue François Périer,11,,MS0137,1565760.88890000,5189673.83710000,1.27008186,45.89397218
87085_2058_00012,rue François Périer,12,,MS0104,1565809.61620000,5189769.67630000,1.27068279,45.89484383
87085_2058_00013,rue François Périer,13,,MS0010,1565776.04240000,5189720.23980000,1.27026409,45.89439256
87085_2058_00015,rue François Périer,15,,MS0009,1565788.15480000,5189758.90520000,1.27040932,45.89474274
87085_2058_00017,rue François Périer,17,,MS0008,1565797.92470000,5189786.31990000,1.27052751,45.89499126
87085_2058_00018,rue François Périer,18,,MT0037,1565858.88500000,5189883.68140000,1.27128564,45.89587899
87085_2058_00020,rue François Périer,20,,MT0035,1565886.55460000,5189932.63760000,1.27162842,45.89632478
87085_2058_00022,rue François Périer,22,,MT0034,1565906.95580000,5189966.17930000,1.27188188,45.89663049
87085_2058_00032,rue François Périer,32,,MT0008,1565937.99990000,5190150.64570000,1.27223027,45.89829592
87085_2058_00041,rue François Périer,41,,MT0198,1565927.26600000,5190068.26910000,1.27211501,45.89755280
87085_2060_00001,rue François Perrin,1,,IL0086,1563994.90320000,5182587.10650000,1.24933818,45.82987594
87085_2060_00002,rue François Perrin,2,,IL0178,1563975.85010000,5182597.01260000,1.24909020,45.82996128
87085_2060_00003,rue François Perrin,3,,IL0087,1563991.44210000,5182586.48720000,1.24929381,45.82986968
87085_2060_00004,rue François Perrin,4,,IL0167,1563966.11340000,5182595.42510000,1.24896536,45.82994507
87085_2060_00005,rue François Perrin,5,,IL0088,1563987.82700000,5182585.83670000,1.24924748,45.82986311
87085_2060_00007,rue François Perrin,7,,IL0090,1563979.80190000,5182584.61060000,1.24914456,45.82985050
87085_2060_00009,rue François Perrin,9,,IL0103,1563969.96090000,5182583.16200000,1.24901834,45.82983552
87085_2060_00011,rue François Perrin,11,,IL0103,1563958.51230000,5182581.52070000,1.24887148,45.82981849
87085_2060_00012,rue François Perrin,12,,IL0083,1563926.62420000,5182586.84550000,1.24845964,45.82986008
87085_2060_00013,rue François Perrin,13,,IL0172,1563944.23700000,5182579.02120000,1.24868850,45.82979318
87085_2060_00014,rue François Perrin,14,,IL0201,1563914.31340000,5182585.08140000,1.24830173,45.82984178
87085_2060_00015,rue François Perrin,15,,IL0170,1563929.29540000,5182576.77130000,1.24849687,45.82976999
87085_2060_00016,rue François Perrin,16,,IL0079,1563903.74000000,5182583.34760000,1.24816616,45.82982409
87085_2060_00017,rue François Perrin,17,,IL0106,1563918.31240000,5182575.07090000,1.24835602,45.82975252
87085_2060_00018,rue François Perrin,18,,IL0078,1563897.55020000,5182582.41660000,1.24808678,45.82981449
87085_2060_00019,rue François Perrin,19,,IL0107,1563909.73990000,5182572.84840000,1.24824634,45.82973083
87085_2060_00020,rue François Perrin,20,,IL0077,1563887.83880000,5182580.92780000,1.24796223,45.82979918
87085_2060_00022,rue François Perrin,22,,IL0076,1563879.63930000,5182579.86670000,1.24785702,45.82978801
87085_2060_00024,rue François Perrin,24,,IL0156,1563869.77710000,5182578.28710000,1.24773057,45.82977185
87085_2060_00025,rue François Perrin,25,,IL0108,1563876.32730000,5182568.36200000,1.24781766,45.82968386
87085_2060_00026,rue François Perrin,26,,IL0074,1563863.23120000,5182577.31610000,1.24764661,45.82976182
87085_2060_00027,rue François Perrin,27,,IL0109,1563869.80920000,5182567.30510000,1.24773409,45.82967306
87085_2060_00028,rue François Perrin,28,,IL0073,1563849.86600000,5182575.33480000,1.24747519,45.82974135
87085_2060_00029,rue François Perrin,29,,IL0117,1563859.17570000,5182565.54030000,1.24759776,45.82965508
87085_2060_00030,rue François Perrin,30,,IL0069,1563824.62200000,5182573.55490000,1.24715086,45.82972034
87085_2060_00031,rue François Perrin,31,,IL0189,1563851.21560000,5182564.25090000,1.24749569,45.82964191
87085_2060_00032,rue François Perrin,32,,IL0058,1563791.61470000,5182568.51910000,1.24672755,45.82966850
87085_2060_00037,rue François Perrin,37,,IM0286,1563773.55620000,5182552.69900000,1.24649966,45.82952261
87085_2060_00038,rue François Perrin,38,,IL0176,1563762.07800000,5182561.74250000,1.24634940,45.82960169
87085_2060_00039,rue François Perrin,39,,IM0285,1563736.58090000,5182547.03560000,1.24602547,45.82946434
87085_2060_00040,rue François Perrin,40,,IL0176,1563750.58160000,5182559.99230000,1.24620196,45.82958367
87085_2060_00042,rue François Perrin,42,,IL0035,1563739.95900000,5182558.50680000,1.24606569,45.82956820
87085_2060_00044,rue François Perrin,44,,IL0034,1563727.67430000,5182556.47030000,1.24590819,45.82954745
87085_2060_00046,rue François Perrin,46,,IL0161,1563713.05220000,5182554.32420000,1.24572065,45.82952525
87085_2060_00049,rue François Perrin,49,,IM0516,1563665.55150000,5182536.30010000,1.24511453,45.82935370
87085_2060_00050,rue François Perrin,50,,IL0160,1563689.58660000,5182550.68510000,1.24541973,45.82948786
87085_2060_00052,rue François Perrin,52,,IL0027,1563682.51850000,5182549.62810000,1.24532908,45.82947695
87085_2060_00053,rue François Perrin,53,,IM0274,1563646.76920000,5182533.67730000,1.24487359,45.82932638
87085_2060_00054,rue François Perrin,54,,IL0026,1563674.39240000,5182548.46550000,1.24522484,45.82946488
87085_2060_00055,rue François Perrin,55,,IM0772,1563619.18830000,5182525.77060000,1.24452092,45.82924978
87085_2060_00057,rue François Perrin,57,,IM0773,1563611.36770000,5182521.92030000,1.24442138,45.82921360
87085_2060_00059,rue François Perrin,59,,IM0753,1563603.95600000,5182517.96080000,1.24432713,45.82917651
87085_2060_00061,rue François Perrin,61,,IM0754,1563598.23840000,5182515.50680000,1.24425426,45.82915330
87085_2060_00064,rue François Perrin,64,,IM0696,1563617.84120000,5182545.79820000,1.24449791,45.82942968
87085_2060_00065,rue François Perrin,65,,IM0405,1563586.63340000,5182509.74950000,1.24410656,45.82909921
87085_2060_00066,rue François Perrin,66,,IM0717,1563602.36420000,5182536.24560000,1.24430146,45.82934068
87085_2060_00067,rue François Perrin,67,,IM0406,1563578.69820000,5182505.89140000,1.24400555,45.82906293
87085_2060_00069,rue François Perrin,69,,IM0407,1563569.54740000,5182501.33760000,1.24388909,45.82902015
87085_2060_00071,rue François Perrin,71,,IM0408,1563560.46900000,5182496.79680000,1.24377356,45.82897750
87085_2060_00072,rue François Perrin,72,,IM1114,1563579.05850000,5182524.25870000,1.24400497,45.82922823
87085_2060_00073,rue François Perrin,73,,IM0409,1563553.84760000,5182493.65580000,1.24368925,45.82894793
87085_2060_00075,rue François Perrin,75,,IM0410,1563541.50590000,5182487.71950000,1.24353213,45.82889209
87085_2060_00079,rue François Perrin,79,,IM0687,1563510.62110000,5182472.45730000,1.24313905,45.82874866
87085_2060_00080,rue François Perrin,80,,IM1087,1563555.44730000,5182512.24660000,1.24370456,45.82911549
87085_2060_00081,rue François Perrin,81,,IM0470,1563498.61720000,5182466.36040000,1.24298632,45.82869144
87085_2060_00083,rue François Perrin,83,,IM0470,1563492.67720000,5182463.40950000,1.24291072,45.82866371
87085_2060_00084,rue François Perrin,84,,IM0217,1563529.39430000,5182492.85520000,1.24337482,45.82893588
87085_2060_00085,rue François Perrin,85,,IM0471,1563480.09620000,5182457.01530000,1.24275065,45.82860370
87085_2060_00086,rue François Perrin,86,,IM1066,1563520.24210000,5182488.52820000,1.24325828,45.82889514
87085_2060_00087,rue François Perrin,87,,IM0472,1563465.21000000,5182449.62260000,1.24256120,45.82853424
87085_2060_00088,rue François Perrin,88,,IM0782,1563507.53860000,5182482.45790000,1.24309654,45.82883801
87085_2060_00089,rue François Perrin,89,,IM0756,1563455.03060000,5182444.50010000,1.24243167,45.82848614
87085_2060_00090,rue François Perrin,90,,IM1098,1563500.07330000,5182479.39220000,1.24300135,45.82880895
87085_2060_00091,rue François Perrin,91,,IM0474,1563447.09680000,5182440.51160000,1.24233071,45.82844869
87085_2060_00092,rue François Perrin,92,,IM1098,1563485.39370000,5182472.71400000,1.24281436,45.82874597
87085_2060_00093,rue François Perrin,93,,IM0475,1563439.96500000,5182436.93920000,1.24223996,45.82841513
87085_2060_00094,rue François Perrin,94,,IM1099,1563476.88590000,5182505.95400000,1.24269544,45.82904329
87085_2060_00095,rue François Perrin,95,,IM0476,1563432.18550000,5182433.33370000,1.24214088,45.82838116
87085_2060_00096,rue François Perrin,96,,IM0764,1563456.83200000,5182459.34790000,1.24245063,45.82862006
87085_2060_00097,rue François Perrin,97,,IM0477,1563422.17390000,5182428.12130000,1.24201354,45.82833228
87085_2060_00098,rue François Perrin,98,,IM0764,1563438.65720000,5182450.46380000,1.24221929,45.82853654
87085_2060_00099,rue François Perrin,99,,IM0478,1563411.48320000,5182422.85430000,1.24187747,45.82828278
87085_2060_00099_bis,rue François Perrin,99,bis,IM0478,1563416.58110000,5182425.26150000,1.24194238,45.82830544
87085_2060_00101,rue François Perrin,101,,IM0479,1563404.22720000,5182419.20750000,1.24178514,45.82824853
87085_2060_00102_a,rue François Perrin,102,a,IM0764,1563434.49720000,5182493.88990000,1.24215343,45.82892635
87085_2060_00102_b,rue François Perrin,102,b,IM0764,1563422.95210000,5182488.72530000,1.24200634,45.82887760
87085_2060_00102_c,rue François Perrin,102,c,IM0764,1563408.26630000,5182481.28560000,1.24181948,45.82880776
87085_2060_00102_d,rue François Perrin,102,d,IM0764,1563407.37510000,5182452.53530000,1.24181618,45.82854896
87085_2060_00103,rue François Perrin,103,,IM0480,1563395.93070000,5182415.09290000,1.24167955,45.82820987
87085_2060_00104,rue François Perrin,104,,IM0764,1563419.10660000,5182440.81300000,1.24197046,45.82844584
87085_2060_00105,rue François Perrin,105,,IM0481,1563389.68500000,5182411.87390000,1.24160010,45.82817967
87085_2060_00106,rue François Perrin,106,,IM0764,1563408.77920000,5182435.66140000,1.24183904,45.82839745
87085_2060_00106_bis,rue François Perrin,106,bis,IM0201,1563406.69060000,5182432.19130000,1.24181315,45.82836582
87085_2060_00107,rue François Perrin,107,,IM0482,1563383.32330000,5182408.96580000,1.24151907,45.82815225
87085_2060_00108,rue François Perrin,108,,IM0201,1563402.25720000,5182429.98330000,1.24175673,45.82834507
87085_2060_00109,rue François Perrin,109,,IM0649,1563374.88920000,5182404.70470000,1.24141176,45.82811224
87085_2060_00111,rue François Perrin,111,,IM0484,1563367.29680000,5182399.15670000,1.24131564,45.82806083
87085_2060_00112,rue François Perrin,112,,IM1282,1563390.20400000,5182423.90770000,1.24160336,45.82828803
87085_2060_00113,rue François Perrin,113,,IM0485,1563357.26440000,5182393.58500000,1.24118813,45.82800871
87085_2060_00114,rue François Perrin,114,,IM1093,1563368.41500000,5182413.10680000,1.24132606,45.82818654
87085_2060_00115,rue François Perrin,115,,IM0762,1563347.50730000,5182387.70480000,1.24106425,45.82795388
87085_2060_00115_a,rue François Perrin,115,a,IM0762,1563389.71030000,5182343.65020000,1.24161981,45.82756597
87085_2060_00115_b,rue François Perrin,115,b,IM0762,1563389.69150000,5182321.13730000,1.24162597,45.82736345
87085_2060_00115_bis,rue François Perrin,115,bis,IM0486,1563338.71490000,5182381.99310000,1.24095274,45.82790075
87085_2060_00116,rue François Perrin,116,,IM0038,1563356.80810000,5182406.70310000,1.24117853,45.82812663
87085_2060_00117,rue François Perrin,117,,IM0497,1563325.97770000,5182373.37980000,1.24079129,45.82782074
87085_2060_00119,rue François Perrin,119,,IM0498,1563306.72530000,5182359.92310000,1.24054739,45.82769586
87085_2060_00120,rue François Perrin,120,,IM1180,1563343.96520000,5182398.90420000,1.24101549,45.82805392
87085_2060_00122,rue François Perrin,122,,IM1180,1563329.85680000,5182389.97830000,1.24083649,45.82797082
87085_2060_00123,rue François Perrin,123,,IM0499,1563290.42470000,5182348.74350000,1.24034082,45.82759206
87085_2060_00124,rue François Perrin,124,,IM1178,1563317.92820000,5182382.67030000,1.24068508,45.82790271
87085_2060_00125,rue François Perrin,125,,IM0500,1563281.79590000,5182342.84700000,1.24023147,45.82753730
87085_2060_00126,rue François Perrin,126,,IM1176,1563290.01700000,5182364.49920000,1.24033110,45.82773371
87085_2060_00127,rue François Perrin,127,,IM0771,1563269.06300000,5182334.11980000,1.24007011,45.82745626
87085_2060_00127_a,rue François Perrin,127,a,IM0771,1563336.77810000,5182315.32870000,1.24094677,45.82730068
87085_2060_00127_b,rue François Perrin,127,b,IM0771,1563349.12190000,5182297.48080000,1.24111067,45.82714259
87085_2060_00127_c,rue François Perrin,127,c,IM1094,1563310.97500000,5182293.91670000,1.24062084,45.82710294
87085_2060_00129,rue François Perrin,129,,IM0507,1563259.74180000,5182327.58310000,1.23995204,45.82739561
87085_2060_00130,rue François Perrin,130,,IM0569,1563277.76970000,5182356.39840000,1.24017581,45.82765840
87085_2060_00131,rue François Perrin,131,,IM0663,1563252.23610000,5182322.48760000,1.23985691,45.82734828
87085_2060_00132,rue François Perrin,132,,IM0031,1563269.36510000,5182350.90960000,1.24006923,45.82760736
87085_2060_00133,rue François Perrin,133,,IM0509,1563244.08870000,5182316.86550000,1.23975367,45.82729609
87085_2060_00134,rue François Perrin,134,,IM0030,1563261.91100000,5182346.36110000,1.23997461,45.82756496
87085_2060_00136,rue François Perrin,136,,IM0029,1563256.66590000,5182343.23400000,1.23990801,45.82753579
87085_2060_00138,rue François Perrin,138,,IM0028,1563249.36840000,5182338.72810000,1.23981539,45.82749380
87085_2060_00140,rue François Perrin,140,,IM0631,1563242.13320000,5182334.39970000,1.23972352,45.82745343
87085_2060_00141,rue François Perrin,141,,IN0002,1563191.97070000,5182291.31480000,1.23909032,45.82705588
87085_2060_00142,rue François Perrin,142,,IM0733,1563233.06450000,5182328.95570000,1.23960838,45.82740265
87085_2060_00144,rue François Perrin,144,,IW0236,1563211.88560000,5182316.63540000,1.23933937,45.82728761
87085_2060_00147,rue François Perrin,147,,IV0428,1563077.11040000,5182237.80930000,1.23762763,45.82655171
87085_2060_00149,rue François Perrin,149,,IV0427,1563069.24790000,5182234.27540000,1.23752747,45.82651836
87085_2060_00153,rue François Perrin,153,,IV0008,1563051.32410000,5182226.25790000,1.23729913,45.82644267
87085_2060_00155,rue François Perrin,155,,IV0007,1563041.29940000,5182221.88980000,1.23717138,45.82640138
87085_2060_00158,rue François Perrin,158,,IW0246,1563123.16600000,5182271.01900000,1.23821078,45.82685962
87085_2060_00160,rue François Perrin,160,,IW0250,1563114.68310000,5182267.11700000,1.23810274,45.82682283
87085_2060_00162,rue François Perrin,162,,IW0251,1563104.26800000,5182262.13810000,1.23797014,45.82677597
87085_2060_00166,rue François Perrin,166,,IW0252,1563084.81470000,5182253.36990000,1.23772233,45.82669322
87085_2060_00167,rue François Perrin,167,,IW0307,1562958.22920000,5182185.17740000,1.23611298,45.82605458
87085_2060_00167_bis,rue François Perrin,167,bis,IW0308,1562953.58700000,5182183.36270000,1.23605377,45.82603733
87085_2060_00168,rue François Perrin,168,,IW0462,1563077.69190000,5182250.00030000,1.23763164,45.82666149
87085_2060_00169,rue François Perrin,169,,IW0309,1562947.74720000,5182181.09490000,1.23597927,45.82601577
87085_2060_00170,rue François Perrin,170,,IW0257,1563072.65150000,5182247.51750000,1.23756749,45.82663815
87085_2060_00171,rue François Perrin,171,,IW0310,1562941.21960000,5182179.03430000,1.23589587,45.82599593
87085_2060_00173,rue François Perrin,173,,IW0564,1562934.91050000,5182176.69560000,1.23581536,45.82597364
87085_2060_00174,rue François Perrin,174,,IW0258,1563063.47970000,5182243.80260000,1.23745054,45.82660291
87085_2060_00175,rue François Perrin,175,,IW0312,1562926.33030000,5182174.77570000,1.23570550,45.82595466
87085_2060_00177,rue François Perrin,177,,IW0566,1562918.54050000,5182172.30120000,1.23560598,45.82593084
87085_2060_00178,rue François Perrin,178,,IW0537,1563054.81420000,5182240.19270000,1.23734007,45.82656871
87085_2060_00179,rue François Perrin,179,,IW0568,1562910.48260000,5182169.37290000,1.23550313,45.82590290
87085_2060_00181,rue François Perrin,181,,IW0597,1562903.69010000,5182166.99410000,1.23541641,45.82588014
87085_2060_00182,rue François Perrin,182,,IW0261,1563046.03580000,5182236.81250000,1.23722808,45.82653656
87085_2060_00183,rue François Perrin,183,,IW0316,1562893.25880000,5182163.26530000,1.23528326,45.82584452
87085_2060_00184,rue François Perrin,184,,IW0520,1563040.69170000,5182234.62770000,1.23715994,45.82651584
87085_2060_00185,rue François Perrin,185,,IW0317,1562882.78590000,5182159.61660000,1.23514954,45.82580961
87085_2060_00186,rue François Perrin,186,,IW0520,1563033.91870000,5182231.68390000,1.23707363,45.82648801
87085_2060_00187,rue François Perrin,187,,IW0320,1562873.67960000,5182156.30100000,1.23503332,45.82577797
87085_2060_00188,rue François Perrin,188,,IW0520,1563026.99250000,5182228.90870000,1.23698530,45.82646167
87085_2060_00189,rue François Perrin,189,,IW0321,1562863.69010000,5182152.89620000,1.23490576,45.82574535
87085_2060_00190,rue François Perrin,190,,IW0264,1563018.64240000,5182225.68390000,1.23687877,45.82643099
87085_2060_00191,rue François Perrin,191,,IW0322,1562856.78940000,5182150.27860000,1.23481771,45.82572043
87085_2060_00192,rue François Perrin,192,,IW0495,1563009.80120000,5182222.20770000,1.23676600,45.82639796
87085_2060_00193,rue François Perrin,193,,IW0325,1562847.46820000,5182146.90270000,1.23469874,45.82568820
87085_2060_00195,rue François Perrin,195,,IW0329,1562835.08760000,5182142.50180000,1.23454070,45.82564614
87085_2060_00197,rue François Perrin,197,,IW0329,1562827.43030000,5182140.27230000,1.23444281,45.82562456
87085_2060_00199,rue François Perrin,199,,IW0361,1562820.52080000,5182137.34060000,1.23435474,45.82559681
87085_2060_00200,rue François Perrin,200,,IW0496,1562999.87830000,5182218.38570000,1.23663941,45.82636161
87085_2060_00201,rue François Perrin,201,,IW0361,1562805.46220000,5182131.96450000,1.23416252,45.82554545
87085_2060_00204,rue François Perrin,204,,IW0496,1562968.12240000,5182205.08800000,1.23623460,45.82623566
87085_2060_00204_bis,rue François Perrin,204,bis,IW0158,1562909.00280000,5182184.64930000,1.23547974,45.82604002
87085_2060_00205,rue François Perrin,205,,IW0521,1562792.20970000,5182126.97310000,1.23399342,45.82549790
87085_2060_00206,rue François Perrin,206,,IW0155,1562899.19100000,5182179.78390000,1.23535487,45.82599430
87085_2060_00207,rue François Perrin,207,,IW0521,1562778.21250000,5182121.82840000,1.23381479,45.82544883
87085_2060_00208,rue François Perrin,208,,IW0506,1562889.35380000,5182176.35410000,1.23522928,45.82596148
87085_2060_00210,rue François Perrin,210,,IW0153,1562880.81540000,5182173.50360000,1.23512023,45.82593414
87085_2060_00211,rue François Perrin,211,,IW0364,1562761.23770000,5182115.73650000,1.23359812,45.82539065
87085_2060_00212,rue François Perrin,212,,IW0626,1562871.34510000,5182170.19990000,1.23499932,45.82590253
87085_2060_00213,rue François Perrin,213,,IW0521,1562742.13590000,5182108.99620000,1.23335426,45.82532620
87085_2060_00214,rue François Perrin,214,,IW0151,1562858.80700000,5182165.40430000,1.23483936,45.82585689
87085_2060_00215,rue François Perrin,215,,IW0472,1562726.42670000,5182103.55440000,1.23315369,45.82527411
87085_2060_00216,rue François Perrin,216,,IW0150,1562847.89670000,5182161.61710000,1.23470006,45.82582065
87085_2060_00217,rue François Perrin,217,,IW0366,1562705.08700000,5182095.87640000,1.23288131,45.82520079
87085_2060_00218,rue François Perrin,218,,IW0149,1562841.56780000,5182159.27470000,1.23461929,45.82579832
87085_2060_00220,rue François Perrin,220,,IW0148,1562832.98130000,5182156.43370000,1.23450962,45.82577105
87085_2060_00221,rue François Perrin,221,,IT0560,1562659.89440000,5182084.80360000,1.23230299,45.82509216
87085_2060_00222,rue François Perrin,222,,IW0477,1562822.50960000,5182152.71810000,1.23437594,45.82573554
87085_2060_00223,rue François Perrin,223,,IT0094,1562648.03700000,5182082.39480000,1.23215111,45.82506812
87085_2060_00224,rue François Perrin,224,,IW0146,1562807.90050000,5182147.27950000,1.23418952,45.82568370
87085_2060_00225,rue François Perrin,225,,IT0535,1562640.43840000,5182080.90520000,1.23205377,45.82505321
87085_2060_00228,rue François Perrin,228,,IW0423,1562787.78850000,5182140.16150000,1.23393277,45.82561566
87085_2060_00229,rue François Perrin,229,,IT0534,1562624.90420000,5182077.63030000,1.23185483,45.82502064
87085_2060_00230,rue François Perrin,230,,IW0423,1562765.94130000,5182132.43060000,1.23365387,45.82554176
87085_2060_00231,rue François Perrin,231,,IT0542,1562611.58480000,5182074.91710000,1.23168423,45.82499358
87085_2060_00233,rue François Perrin,233,,IT0131,1562585.90930000,5182070.37780000,1.23135517,45.82494761
87085_2060_00234,rue François Perrin,234,,IW0145,1562750.57190000,5182126.80460000,1.23345772,45.82548808
87085_2060_00235,rue François Perrin,235,,IT0319,1562575.88790000,5182068.96720000,1.23122663,45.82493292
87085_2060_00237,rue François Perrin,237,,IT0319,1562564.56310000,5182067.00170000,1.23108148,45.82491298
87085_2060_00239,rue François Perrin,239,,IT0132,1562551.48840000,5182066.57500000,1.23091337,45.82490653
87085_2060_00241,rue François Perrin,241,,IT0132,1562534.92920000,5182065.87100000,1.23070051,45.82489689
87085_2060_00242,rue François Perrin,242,,IW0143,1562641.14160000,5182097.07470000,1.23205820,45.82519880
87085_2060_00243,rue François Perrin,243,,IT0133,1562519.78330000,5182064.72040000,1.23050596,45.82488351
87085_2060_00244,rue François Perrin,244,,IW0143,1562625.72830000,5182093.82760000,1.23186081,45.82516651
87085_2060_00245,rue François Perrin,245,,IT0506,1562507.46640000,5182063.76060000,1.23034776,45.82487241
87085_2060_00247_a,rue François Perrin,247,a,IT0513,1562494.12270000,5182062.15710000,1.23017653,45.82485532
87085_2060_00247_b,rue François Perrin,247,b,IT0524,1562483.01020000,5182039.45580000,1.23004004,45.82464889
87085_2060_00249,rue François Perrin,249,,IT0300,1562478.27810000,5182061.49600000,1.22997285,45.82484621
87085_2060_00249_a,rue François Perrin,249,a,IT0137,1562484.06470000,5182024.33330000,1.23005793,45.82451306
87085_2060_00249_b,rue François Perrin,249,b,IT0136,1562484.65340000,5182014.42110000,1.23006834,45.82442402
87085_2060_00249_c,rue François Perrin,249,c,IT0135,1562483.42130000,5181996.82170000,1.23005752,45.82426545
87085_2060_00251,rue François Perrin,251,,IT0139,1562470.04370000,5182060.64080000,1.22986715,45.82483687
87085_2060_00253,rue François Perrin,253,,IT0140,1562458.51420000,5182059.30710000,1.22971918,45.82482256
87085_2060_00254,rue François Perrin,254,,IW0136,1562562.93750000,5182080.89290000,1.23105659,45.82503761
87085_2060_00255,rue François Perrin,255,,IT0296,1562448.64790000,5182058.36100000,1.22959251,45.82481208
87085_2060_00256,rue François Perrin,256,,IW0135,1562556.62490000,5182080.38710000,1.23097551,45.82503180
87085_2060_00257,rue François Perrin,257,,IT0141,1562434.30670000,5182056.89940000,1.22940840,45.82479606
87085_2060_00258,rue François Perrin,258,,IW0134,1562549.75660000,5182079.68490000,1.23088734,45.82502411
87085_2060_00259,rue François Perrin,259,,IT0504,1562424.28270000,5182055.40100000,1.22927986,45.82478058
87085_2060_00260,rue François Perrin,260,,IW0130,1562539.22410000,5182078.65880000,1.23075212,45.82501278
87085_2060_00261_bis,rue François Perrin,261,bis,IT0477,1562397.61390000,5182051.25050000,1.22893791,45.82473791
87085_2060_00262,rue François Perrin,262,,IW0129,1562520.20380000,5182078.56160000,1.23050742,45.82500810
87085_2060_00263,rue François Perrin,263,,IT0478,1562389.95260000,5182049.85670000,1.22883973,45.82472384
87085_2060_00264,rue François Perrin,264,,IW0128,1562499.22100000,5182077.03670000,1.23023787,45.82499019
87085_2060_00265,rue François Perrin,265,,IT0530,1562381.40000000,5182048.72980000,1.22873001,45.82471199
87085_2060_00267,rue François Perrin,267,,IT0529,1562369.46980000,5182046.95850000,1.22857701,45.82469367
87085_2060_00268,rue François Perrin,268,,IW0121,1562471.73790000,5182076.86480000,1.22988431,45.82498315
87085_2060_00272,rue François Perrin,272,,IW0120,1562443.55190000,5182072.22480000,1.22952297,45.82493577
87085_2060_00273,rue François Perrin,273,,IT0027,1562338.87260000,5182039.96320000,1.22818533,45.82462462
87085_2060_00274,rue François Perrin,274,,IW0119,1562428.76000000,5182070.62270000,1.22933311,45.82491840
87085_2060_00275,rue François Perrin,275,,IT0343,1562311.12120000,5182032.17190000,1.22783050,45.82454898
87085_2060_00276,rue François Perrin,276,,IW0118,1562402.64220000,5182066.98150000,1.22914263,45.82489839
87085_2060_00278,rue François Perrin,278,,IW0118,1562401.84850000,5182066.66400000,1.22898798,45.82487741
87085_2060_00278_b,rue François Perrin,278,b,IW0118,1562389.46600000,5182065.07650000,1.22882911,45.82486065
87085_2060_00280,rue François Perrin,280,,IW0033,1562374.73310000,5182070.13910000,1.22863810,45.82490324
87085_2060_00281,rue François Perrin,281,,IT0343,1562286.69350000,5182024.73900000,1.22751833,45.82447723
87085_2060_00282,rue François Perrin,282,,ON0321,1562304.03830000,5182046.76340000,1.22773519,45.82467882
87085_2060_00283,rue François Perrin,283,,IT0343,1562276.85730000,5182022.09310000,1.22739253,45.82445145
87085_2060_00285,rue François Perrin,285,,IT0402,1562266.55530000,5182018.90710000,1.22726089,45.82442073
87085_2060_00287,rue François Perrin,287,,IT0401,1562256.24080000,5182015.81120000,1.22712906,45.82439082
87085_2060_00289,rue François Perrin,289,,IT0400,1562242.96950000,5182012.16430000,1.22695935,45.82435535
87085_2060_00291,rue François Perrin,291,,IT0009,1562226.26310000,5182007.42180000,1.22674576,45.82430935
87085_2060_00293,rue François Perrin,293,,IT0009,1562215.48600000,5182004.24900000,1.22660800,45.82427865
87085_2060_00295,rue François Perrin,295,,IT0008,1562205.43010000,5182000.96540000,1.22647956,45.82424709
87085_2060_00301,rue François Perrin,301,,NK0042,1562142.87760000,5181981.98100000,1.22568017,45.82406379
87085_2060_00302,rue François Perrin,302,,ON0482,1562223.05060000,5182021.75080000,1.22670032,45.82443760
87085_2060_00303,rue François Perrin,303,,NK0040,1562120.62710000,5181975.87360000,1.22539564,45.82400439
87085_2060_00305,rue François Perrin,305,,NK0039,1562108.77200000,5181972.37970000,1.22524410,45.82397058
87085_2060_00307,rue François Perrin,307,,NK0356,1562085.33850000,5181966.03650000,1.22494400,45.82390900
87085_2060_00309,rue François Perrin,309,,NK0355,1562080.96750000,5181965.20190000,1.22494432,45.82390964
87085_2060_00310,rue François Perrin,310,,ON0324,1562198.48190000,5182022.89350000,1.22638388,45.82444296
87085_2060_00311,rue François Perrin,311,,NK0355,1562069.97160000,5181961.76640000,1.22474793,45.82386733
87085_2060_00313,rue François Perrin,313,,NK0337,1562058.00510000,5181958.37290000,1.22459493,45.82383440
87085_2060_00317,rue François Perrin,317,,NK0334,1562039.11380000,5181953.29290000,1.22435333,45.82378492
87085_2060_00318,rue François Perrin,318,,ON0330,1562128.06680000,5181996.45900000,1.22548546,45.82419105
87085_2060_00320,rue François Perrin,320,,ON0331,1562114.95850000,5181992.97990000,1.22531780,45.82415713
87085_2060_00321,rue François Perrin,321,,NK0304,1562021.38510000,5181948.14710000,1.22412670,45.82373507
87085_2060_00323,rue François Perrin,323,,NK0301,1562007.75900000,5181944.83980000,1.22395233,45.82370259
87085_2060_00323_bis,rue François Perrin,323,bis,NK0274,1561993.07290000,5181940.73720000,1.22376455,45.82366274
87085_2060_00325,rue François Perrin,325,,NK0357,1561981.24880000,5181937.35640000,1.22361339,45.82362995
87085_2060_00326,rue François Perrin,326,,ON0333,1562079.81180000,5181984.26180000,1.22486808,45.82407166
87085_2060_00327,rue François Perrin,327,,NK0034,1561957.06610000,5181930.71600000,1.22330415,45.82356536
87085_2060_00328,rue François Perrin,328,,ON0334,1562054.48460000,5181977.29480000,1.22454421,45.82400391
87085_2060_00331,rue François Perrin,331,,NK0032,1561934.88350000,5181924.48990000,1.22302053,45.82350490
87085_2060_00334,rue François Perrin,334,,ON0353,1561988.33940000,5181957.85770000,1.22369873,45.82381579
87085_2060_00334_bis,rue François Perrin,334,bis,ON0354,1561978.53800000,5181955.29190000,1.22357336,45.82379075
87085_2060_00336,rue François Perrin,336,,ON0355,1561965.98750000,5181951.62180000,1.22341294,45.82375521
87085_2060_00337,rue François Perrin,337,,NH0442,1561878.93050000,5181909.58050000,1.22230490,45.82335955
87085_2060_00338,rue François Perrin,338,,ON0356,1561958.17630000,5181949.68620000,1.22331299,45.82373623
87085_2060_00339,rue François Perrin,339,,NH0064,1561871.37630000,5181907.76200000,1.22220823,45.82334168
87085_2060_00340,rue François Perrin,340,,ON0357,1561945.59160000,5181946.13050000,1.22315209,45.82370172
87085_2060_00341,rue François Perrin,341,,NH0063,1561857.65420000,5181904.81920000,1.22203252,45.82331245
87085_2060_00342_a,rue François Perrin,342,a,ON0358,1561931.77940000,5181943.15230000,1.22297523,45.82367216
87085_2060_00342_b,rue François Perrin,342,b,ON0358,1561914.37460000,5181938.65950000,1.22275259,45.82362825
87085_2060_00343,rue François Perrin,343,,NH0062,1561851.15480000,5181903.29100000,1.22194934,45.82329740
87085_2060_00344,rue François Perrin,344,,ON0487,1561890.15330000,5181931.84820000,1.22244290,45.82356212
87085_2060_00345,rue François Perrin,345,,NH0061,1561844.24670000,5181901.85670000,1.22186087,45.82328311
87085_2060_00345_bis,rue François Perrin,345,bis,NH0061,1561831.48930000,5181899.05660000,1.22169754,45.82325536
87085_2060_00346,rue François Perrin,346,,ON0401,1561870.81860000,5181926.81450000,1.22219558,45.82351295
87085_2060_00347,rue François Perrin,347,,NH0060,1561822.63550000,5181897.27210000,1.22158413,45.82323753
87085_2060_00350,rue François Perrin,350,,ON0402,1561830.58720000,5181916.66290000,1.22168087,45.82341355
87085_2060_00354,rue François Perrin,354,,ON0403,1561808.78350000,5181912.29920000,1.22140159,45.82336992
87085_2060_00355,rue François Perrin,355,,NH0046,1561756.41810000,5181885.64050000,1.22073551,45.82311959
87085_2060_00356,rue François Perrin,356,,ON0464,1561778.67710000,5181906.60250000,1.22101587,45.82331263
87085_2060_00357,rue François Perrin,357,,NH0045,1561743.87770000,5181883.02260000,1.22057491,45.82309352
87085_2060_00358,rue François Perrin,358,,ON0465,1561763.68730000,5181903.89250000,1.22082379,45.82328524
87085_2060_00360,rue François Perrin,360,,ON0466,1561750.70020000,5181901.62880000,1.22065734,45.82326226
87085_2060_00362,rue François Perrin,362,,ON0467,1561739.81390000,5181899.36600000,1.22051793,45.82323972
87085_2060_00363,rue François Perrin,363,,NH0225,1561698.27120000,5181874.87310000,1.21999047,45.82301104
87085_2060_00364,rue François Perrin,364,,ON0468,1561720.94980000,5181895.75860000,1.22027625,45.82320348
87085_2060_00365,rue François Perrin,365,,NH0028,1561682.39690000,5181871.21950000,1.21978728,45.82297498
87085_2060_00367,rue François Perrin,367,,NH0026,1561661.06340000,5181866.67130000,1.21951411,45.82292978
87085_2060_00369,rue François Perrin,369,,NH0269,1561650.51110000,5181864.06730000,1.21937909,45.82290423
87085_2060_00370,rue François Perrin,370,,ON0469,1561699.94460000,5181891.89490000,1.22000711,45.82316450
87085_2060_00372,rue François Perrin,372,,ON0470,1561690.55180000,5181889.84880000,1.21988685,45.82314420
87085_2060_00374,rue François Perrin,374,,OO0260,1561665.88780000,5181885.61450000,1.21957073,45.82310115
87085_2060_00376,rue François Perrin,376,,OO0261,1561660.14240000,5181883.61020000,1.21949739,45.82308197
87085_2060_00378,rue François Perrin,378,,OO0262,1561653.18460000,5181881.89380000,1.21940836,45.82306513
87085_2060_00378_bis,rue François Perrin,378,bis,OO0264,1561643.45050000,5181879.44640000,1.21928382,45.82304116
87085_2060_00379,rue François Perrin,379,,NH0023,1561627.95240000,5181857.27270000,1.21909080,45.82283857
87085_2060_00379_bis,rue François Perrin,379,bis,NH0022,1561612.70750000,5181851.59530000,1.21889629,45.82278444
87085_2060_00380,rue François Perrin,380,,OO0265,1561626.29150000,5181874.29270000,1.21906454,45.82299134
87085_2060_00382,rue François Perrin,382,,OO0219,1561579.85900000,5181858.04770000,1.21847180,45.82283587
87085_2060_00383,rue François Perrin,383,,NH0021,1561592.69250000,5181843.83720000,1.21864101,45.82271062
87085_2060_00384,rue François Perrin,384,,OO0218,1561572.92640000,5181854.66080000,1.21838358,45.82280401
87085_2060_00385,rue François Perrin,385,,NH0020,1561575.85530000,5181836.19800000,1.21842658,45.82263852
87085_2060_00385_bis,rue François Perrin,385,bis,NH0019,1561566.21700000,5181831.77360000,1.21830385,45.82259678
87085_2060_00386,rue François Perrin,386,,OO0215,1561566.85310000,5181851.36190000,1.21830639,45.82277311
87085_2060_00387,rue François Perrin,387,,NH0018,1561562.47470000,5181829.46520000,1.21825636,45.82257526
87085_2060_00388,rue François Perrin,388,,OO0214,1561560.54480000,5181848.20600000,1.21822614,45.82274345
87085_2060_00389,rue François Perrin,389,,NH0017,1561555.75170000,5181826.10140000,1.21817083,45.82254365
87085_2060_00391,rue François Perrin,391,,NH0016,1561544.63940000,5181820.57870000,1.21802945,45.82249173
87085_2060_00393,rue François Perrin,393,,NH0015,1561534.57530000,5181814.89630000,1.21790160,45.82243859
87085_2060_00394,rue François Perrin,394,,OO0210,1561519.15750000,5181826.89440000,1.21769978,45.82254341
87085_2060_00395,rue François Perrin,395,,NH0014,1561524.14050000,5181809.67780000,1.21776885,45.82238954
87085_2060_00396,rue François Perrin,396,,OO0208,1561513.07270000,5181824.16410000,1.21762228,45.82251763
87085_2060_00397,rue François Perrin,397,,NH0013,1561514.66580000,5181804.63700000,1.21764840,45.82234229
87085_2060_00398,rue François Perrin,398,,OO0207,1561503.99980000,5181818.69410000,1.21750712,45.82246659
87085_2060_00399,rue François Perrin,399,,NH0012,1561506.29800000,5181800.12970000,1.21754203,45.82230006
87085_2060_00401,rue François Perrin,401,,NH0011,1561496.71250000,5181795.00820000,1.21742018,45.82225206
87085_2060_00403,rue François Perrin,403,,NH0010,1561489.03810000,5181790.85370000,1.21732264,45.82221314
87085_2060_00405,rue François Perrin,405,,NH0404,1561476.71530000,5181784.63490000,1.21716589,45.82215472
87085_2060_00407,rue François Perrin,407,,NH0008,1561455.84790000,5181773.94600000,1.21690049,45.82205437
87085_2060_00432,rue François Perrin,432,,OP0045,1561075.18870000,5181726.99100000,1.21201651,45.82155521
87085_2060_00434,rue François Perrin,434,,OP0045,1561052.62610000,5181722.13700000,1.21172763,45.82150699
87085_2060_00436,rue François Perrin,436,,OP0045,1561031.83620000,5181717.32670000,1.21146154,45.82145951
87085_2060_00438,rue François Perrin,438,,OP0015,1561016.67070000,5181714.47750000,1.21126724,45.82143082
87085_2060_00440,rue François Perrin,440,,OP0014,1560997.17350000,5181710.21310000,1.21101763,45.82138852
87085_x094_00008,rue François Tilly,8,,OZ0045,1559845.85720000,5182419.66779999,1.19599800,45.82753700
87085_x094_00015,rue François Tilly,15,,OZ0031,1559845.85720000,5182391.09270000,1.19600666,45.82727971
87085_x094_00032,rue François Tilly,32,,OZ0085,1559907.93160000,5182312.12040000,1.19682838,45.82658196
87085_2070_00001,rue François Villon,1,,IM0684,1563631.26720000,5182622.93310000,1.24464879,45.83012621
87085_2070_00002,rue François Villon,2,,IM0252,1563605.54830000,5182636.63850000,1.24431396,45.83024440
87085_2070_00004,rue François Villon,4,,IM0253,1563595.92550000,5182651.36770000,1.24418595,45.83037499
87085_2070_00006,rue François Villon,6,,IM0254,1563594.76590000,5182659.39800000,1.24416875,45.83044699
87085_2070_00008,rue François Villon,8,,IM0255,1563593.77140000,5182667.43560000,1.24415367,45.83051910
87085_2070_00009,rue François Villon,9,,IM0266,1563590.59640000,5182629.65760000,1.24412354,45.83017864
87085_2070_00010,rue François Villon,10,,IM0256,1563592.67720000,5182674.44670000,1.24413760,45.83058195
87085_2070_00011,rue François Villon,11,,IM0251,1563584.45220000,5182640.97940000,1.24404126,45.83027926
87085_2070_00013,rue François Villon,13,,IM0250,1563583.42500000,5182649.21730000,1.24402571,45.83035316
87085_2070_00015,rue François Villon,15,,IM0249,1563582.03370000,5182658.53830000,1.24400516,45.83043673
87085_2070_00017,rue François Villon,17,,IM0248,1563581.28980000,5182664.47050000,1.24399390,45.83048995
87085_2070_00017_bis,rue François Villon,17,bis,IM0247,1563579.37350000,5182678.11460000,1.24396537,45.83061231
87085_2070_00019,rue François Villon,19,,IM0246,1563578.17980000,5182688.75300000,1.24394699,45.83070777
87085_2082_00001,rue Frédéric Bastiat,1,,MO0138,1567224.70470000,5188447.73390000,1.28927931,45.88322714
87085_2082_00002,rue Frédéric Bastiat,2,,MO0030,1567245.70880000,5188451.37490000,1.28954884,45.88326395
87085_2082_00008,rue Frédéric Bastiat,8,,MO0029,1567262.99650000,5188496.05940000,1.28975915,45.88366925
87085_2082_00009,rue Frédéric Bastiat,9,,MO0129,1567258.27740000,5188548.46410000,1.28968387,45.88413975
87085_2082_00012,rue Frédéric Bastiat,12,,MO0127,1567270.16190000,5188533.44270000,1.28984110,45.88400692
87085_2082_00013,rue Frédéric Bastiat,13,,MO0011,1567270.98730000,5188613.45140000,1.28982960,45.88472681
87085_2082_00014,rue Frédéric Bastiat,14,,MO0126,1567340.22370000,5188529.63270000,1.29074459,45.88398618
87085_2082_00015,rue Frédéric Bastiat,15,,MO0012,1567278.49490000,5188647.26790000,1.28991695,45.88503246
87085_2082_00016,rue Frédéric Bastiat,16,,MO0146,1567325.68830000,5188563.28870000,1.29054806,45.88428613
87085_2082_00017,rue Frédéric Bastiat,17,,MO0013,1567284.67690000,5188678.88710000,1.28998784,45.88531809
87085_2082_00018,rue Frédéric Bastiat,18,,MO0125,1567285.80170000,5188611.13900000,1.29002106,45.88470887
87085_2082_00019,rue Frédéric Bastiat,19,,MO0147,1567300.42550000,5188757.38860000,1.29016898,45.88602730
87085_2082_00020,rue Frédéric Bastiat,20,,MO0118,1567295.35380000,5188658.10840000,1.29013111,45.88513323
87085_2082_00024,rue Frédéric Bastiat,24,,MO0023,1567305.50560000,5188705.59550000,1.29024874,45.88556237
87085_2082_00026,rue Frédéric Bastiat,26,,MO0022,1567315.84930000,5188756.21640000,1.29036798,45.88601973
87085_2082_00027,rue Frédéric Bastiat,27,,MO0059,1567316.78560000,5188840.63330000,1.29035670,45.88677929
87085_2082_00030,rue Frédéric Bastiat,30,,MO0021,1567322.14990000,5188791.71180000,1.29043932,45.88634025
87085_2082_00032,rue Frédéric Bastiat,32,,MO0018,1567333.22600000,5188847.24110001,1.29056664,45.88684191
87085_2082_00034,rue Frédéric Bastiat,34,,MO0020,1567380.43520000,5188819.97620000,1.29118229,45.88660576
87085_2082_00036,rue Frédéric Bastiat,36,,MO0019,1567390.91080000,5188870.92720000,1.29130315,45.88706611
87085_2082_00038,rue Frédéric Bastiat,38,,MO0108,1567343.93780000,5188899.48250000,1.29069018,45.88731392
87085_2082_00040,rue Frédéric Bastiat,40,,MO0076,1567349.12850000,5188927.14520000,1.29074939,45.88756376
87085_2082_00041,rue Frédéric Bastiat,41,,MP0245,1567350.96330000,5189095.83430000,1.29072639,45.88908158
87085_2082_00042,rue Frédéric Bastiat,42,,MO0043,1567355.00120000,5188974.14500000,1.29081205,45.88798769
87085_2082_00044,rue Frédéric Bastiat,44,,MO0039,1567359.23230000,5189012.27100000,1.29085601,45.88833147
87085_2082_00046,rue Frédéric Bastiat,46,,MP0154,1567365.55210000,5189050.09440000,1.29092696,45.88867294
87085_2082_00048,rue Frédéric Bastiat,48,,MP0171,1567367.49040000,5189100.00050000,1.29093814,45.88912225
87085_2082_00052,rue Frédéric Bastiat,52,,MP0170,1567370.49740000,5189150.18420000,1.29096300,45.88957426
87085_2082_00054,rue Frédéric Bastiat,54,,MP0325,1567373.19830000,5189182.31100000,1.29098891,45.88986378
87085_2083_00002,rue Frédéric Lagueny,2,,SH0187,1558503.34890000,5186951.59810000,1.17738954,45.86802825
87085_2083_00003,rue Frédéric Lagueny,3,,SH0218,1558484.29240000,5186951.75300000,1.17714412,45.86802572
87085_2083_00004_bis,rue Frédéric Lagueny,4,bis,SH0173,1558476.80710000,5186991.47400000,1.17703602,45.86838148
87085_2083_00006,rue Frédéric Lagueny,6,,SH0150,1558466.84220000,5186964.43280000,1.17691568,45.86813618
87085_2083_00006_bis,rue Frédéric Lagueny,6,bis,SH0101,1558450.97350000,5186969.96020000,1.17670972,45.86818264
87085_2083_00008,rue Frédéric Lagueny,8,,SH0101,1558441.68600000,5186972.95170000,1.17658925,45.86820763
87085_2083_00010,rue Frédéric Lagueny,10,,SH0102,1558424.97090000,5186977.03330000,1.17637281,45.86824091
87085_2085_00006,rue Frédéric Le Play,6,,HP0075,1565274.13560000,5180231.65030000,1.26645907,45.80893893
87085_2085_00008,rue Frédéric Le Play,8,,HP0302,1565259.36060000,5180226.33090000,1.26627050,45.80888818
87085_2090_00001,rue Frédéric Mistral,1,,CV1336,1565156.96450000,5184002.38680000,1.26389448,45.84283605
87085_2090_00006,rue Frédéric Mistral,6,,CV1332,1565134.46600000,5184032.21200000,1.26359653,45.84309993
87085_2090_00008,rue Frédéric Mistral,8,,CV1330,1565126.24330000,5184037.70280000,1.26348916,45.84314771
87085_2090_00010,rue Frédéric Mistral,10,,CV1328,1565117.97910000,5184043.14070000,1.26338126,45.84319501
87085_2090_00012,rue Frédéric Mistral,12,,CV1328,1565108.66520000,5184049.16240000,1.26325969,45.84324735
87085_2090_00014,rue Frédéric Mistral,14,,CV1328,1565099.75370000,5184055.05100000,1.26314334,45.84329857
87085_2090_00016,rue Frédéric Mistral,16,,CV1326,1565090.00620000,5184061.41780000,1.26301609,45.84335393
87085_2090_00019,rue Frédéric Mistral,19,,CV1090,1565083.37480000,5184050.66870000,1.26293376,45.84325594
87085_2090_00020,rue Frédéric Mistral,20,,CV1321,1565072.68020000,5184072.75060000,1.26278991,45.84345248
87085_2090_00021,rue Frédéric Mistral,21,,CV1338,1565075.60740000,5184055.84150000,1.26283233,45.84330095
87085_2090_00029,rue Frédéric Mistral,29,,CV1498,1564998.38210000,5184109.23450000,1.26182336,45.84376609
87085_2090_00031,rue Frédéric Mistral,31,,CV1501,1564989.45470000,5184115.20930000,1.26170678,45.84381808
87085_2090_00033,rue Frédéric Mistral,33,,CV1504,1564981.10110000,5184120.89910000,1.26159766,45.84386763
87085_2090_00034,rue Frédéric Mistral,34,,CV1493,1564975.25950000,5184139.73210000,1.26151718,45.84403589
87085_2090_00036,rue Frédéric Mistral,36,,CV1268,1564968.84490000,5184144.09460000,1.26143339,45.84407388
87085_2090_00037,rue Frédéric Mistral,37,,CV1507,1564962.19530000,5184133.60650000,1.26135075,45.84397822
87085_2090_00040,rue Frédéric Mistral,40,,CV1491,1564950.19140000,5184156.72920000,1.26118974,45.84418387
87085_2090_00041,rue Frédéric Mistral,41,,CV1511,1564949.33120000,5184142.43400000,1.26118269,45.84405510
87085_2090_00042,rue Frédéric Mistral,42,,CV1489,1564941.20360000,5184162.86920000,1.26107233,45.84423733
87085_2090_00043,rue Frédéric Mistral,43,,CV1513,1564942.41820000,5184147.03670000,1.26109242,45.84409515
87085_2090_00046,rue Frédéric Mistral,46,,CV1487,1564929.90370000,5184176.74570000,1.26092299,45.84435994
87085_2090_00059,rue Frédéric Mistral,59,,CV1263,1564877.53120000,5184213.95070000,1.26023843,45.84468433
87085_2091_00003,rue Fredéric Passy,3,,NZ0129,1565009.11110000,5186399.90910000,1.26131774,45.86437412
87085_2091_00004,rue Fredéric Passy,4,,NZ0172,1565019.14340000,5186389.44000000,1.26144986,45.86428192
87085_2091_00005,rue Fredéric Passy,5,,NZ0224,1565023.08390000,5186416.63680000,1.26149295,45.86452734
87085_2091_00006,rue Fredéric Passy,6,,NZ0171,1565035.01460000,5186408.83280000,1.26164876,45.86445948
87085_2091_00007,rue Fredéric Passy,7,,NZ0131,1565032.20440000,5186427.29240000,1.26160739,45.86462498
87085_2091_00008,rue Fredéric Passy,8,,NZ0297,1565049.87430000,5186427.03070000,1.26183498,45.86462610
87085_2091_00009,rue Fredéric Passy,9,,NZ0133,1565044.18730000,5186442.94730000,1.26175728,45.86476816
87085_2091_00011,rue Fredéric Passy,11,,NZ0134,1565050.47950000,5186475.88090000,1.26182905,45.86506565
87085_2091_00014,rue Fredéric Passy,14,,NZ0154,1565066.34330000,5186468.40220000,1.26203541,45.86500149
87085_2091_00015,rue Fredéric Passy,15,,NZ0135,1565047.38760000,5186491.02790000,1.26178498,45.86520130
87085_2091_00017,rue Fredéric Passy,17,,NZ0136,1565038.54360000,5186516.35010000,1.26166398,45.86542735
87085_2091_00019,rue Fredéric Passy,19,,NZ0137,1565024.71900000,5186528.59500000,1.26148253,45.86553479
87085_2091_00019_bis,rue Fredéric Passy,19,bis,NZ0111,1564995.00910000,5186528.95770000,1.26109988,45.86553221
87085_2091_00022,rue Fredéric Passy,22,,NZ0139,1565030.07550000,5186541.96790000,1.26154775,45.86565614
87085_2091_00024,rue Fredéric Passy,24,,NZ0140,1565012.29550000,5186558.99260000,1.26131402,45.86580579
87085_2091_00025,rue Fredéric Passy,25,,NZ0120,1564940.53040000,5186491.92320000,1.26040882,45.86518837
87085_2091_00026,rue Fredéric Passy,26,,NZ0141,1565010.02140000,5186577.17900000,1.26127963,45.86596894
87085_2091_00027,rue Fredéric Passy,27,,NZ0121,1564918.30860000,5186482.38570000,1.26012538,45.86509820
87085_2091_00028,rue Fredéric Passy,28,,NZ0142,1565008.32320000,5186597.58900000,1.26125202,45.86615221
87085_2091_00030,rue Fredéric Passy,30,,NZ0258,1564999.20380000,5186586.24650000,1.26113779,45.86604838
87085_2091_00032,rue Fredéric Passy,32,,NZ0110,1564997.85030000,5186557.13830000,1.26112854,45.86578627
87085_2091_00034,rue Fredéric Passy,34,,NZ0108,1564985.02320000,5186538.91840000,1.26096850,45.86561986
87085_2091_00036,rue Fredéric Passy,36,,NZ0107,1564971.25200000,5186522.08160000,1.26079592,45.86546569
87085_2091_00038,rue Fredéric Passy,38,,NZ0106,1564938.20840000,5186505.92350000,1.26037499,45.86531385
87085_2091_00040,rue Fredéric Passy,40,,NZ0105,1564924.17120000,5186500.09220000,1.26019588,45.86525864
87085_2091_00042,rue Fredéric Passy,42,,NZ0261,1564894.00470000,5186524.49020000,1.25980059,45.86547218
87085_2091_00044,rue Fredéric Passy,44,,NZ0262,1564879.10550000,5186532.01210000,1.25960663,45.86553691
87085_2091_00046,rue Fredéric Passy,46,,NZ0313,1564886.79000000,5186519.18420000,1.25970918,45.86542303
87085_2091_00048,rue Fredéric Passy,48,,NZ0266,1564857.67990000,5186511.12990000,1.25933663,45.86534486
87085_2091_00050,rue Fredéric Passy,50,,NZ0268,1564892.50140000,5186481.42160000,1.25979335,45.86508446
87085_2105_00002,rue Fresnel,2,,DZ0124,1565305.29530000,5182150.20490000,1.26632262,45.82620363
87085_2105_00004,rue Fresnel,4,,HS0044,1565299.16040000,5182129.52790000,1.26624948,45.82601642
87085_2105_00005,rue Fresnel,5,,HS0060,1565309.68840000,5182124.07500000,1.26638647,45.82596943
87085_2105_00005_b,rue Fresnel,5,b,HS0060,1565309.15920000,5182117.93670000,1.26638138,45.82591411
87085_2105_00005_c,rue Fresnel,5,c,HS0060,1565308.52420000,5182112.22160000,1.26637481,45.82586258
87085_2105_00006,rue Fresnel,6,,HS0045,1565298.25560000,5182119.09600000,1.26624076,45.82592240
87085_2105_00009,rue Fresnel,9,,HS0048,1565306.54160000,5182085.72270000,1.26635672,45.82562381
87085_2105_00010,rue Fresnel,10,,HS0040,1565283.84960000,5182075.92800000,1.26606749,45.82553126
87085_2105_00012,rue Fresnel,12,,HS0407,1565279.56480000,5182071.28370000,1.26601366,45.82548864
87085_2105_00014,rue Fresnel,14,,HS0377,1565275.42940000,5182066.87780000,1.26596168,45.82544820
87085_2105_00016,rue Fresnel,16,,HS0037,1565269.17610000,5182060.28900000,1.26588307,45.82538770
87085_2105_00017,rue Fresnel,17,,HS0425,1565275.44900000,5182051.33670000,1.26596629,45.82530840
87085_2105_00018,rue Fresnel,18,,HS0036,1565262.04400000,5182052.58780000,1.26579346,45.82531703
87085_2105_00019,rue Fresnel,19,,HS0567,1565266.05990000,5182041.59760000,1.26584821,45.82521895
87085_2105_00020,rue Fresnel,20,,HS0035,1565255.49280000,5182046.10780000,1.26571098,45.82525745
87085_2105_00022,rue Fresnel,22,,HS0017,1565238.01140000,5182028.91340000,1.26549087,45.82509936
87085_2105_00023,rue Fresnel,23,,HS0089,1565247.71650000,5182023.20050000,1.26561734,45.82504987
87085_2105_00024,rue Fresnel,24,,HS0017,1565225.28260000,5182016.91100000,1.26533045,45.82498889
87085_2105_00025,rue Fresnel,25,,HS0089,1565236.42560000,5182012.49330000,1.26547506,45.82495134
87085_2105_00026,rue Fresnel,26,,HS0017,1565212.48590000,5182005.54710000,1.26516898,45.82488416
87085_2105_00027,rue Fresnel,27,,HS0089,1565222.95890000,5182000.24210000,1.26530522,45.82483849
87085_2105_00028,rue Fresnel,28,,HS0016,1565200.59850000,5181996.35350000,1.26501861,45.82479913
87085_2105_00030,rue Fresnel,30,,HS0365,1565172.91690000,5181971.38500000,1.26466944,45.82456910
87085_2110_00001,rue Froissart,1,,ER0470,1566067.43730000,5182617.12410000,1.27599914,45.83055269
87085_2110_00002,rue Froissart,2,,EP0397,1566076.82470000,5182557.53870000,1.27613654,45.83001851
87085_2110_00003,rue Froissart,3,,ER0175,1566070.26630000,5182604.78140000,1.27603898,45.83044221
87085_2113_00001,rue Fulton,1,,SL0017,1565418.26190000,5187514.68960000,1.26627344,45.87448244
87085_2113_00003,rue Fulton,3,,SL0017,1565385.15190000,5187497.57250000,1.26585184,45.87432197
87085_2113_00006,rue Fulton,6,,SL0008,1565354.69970000,5187496.65600000,1.26545993,45.87430776
87085_2113_00010,rue Fulton,10,,SL0009,1565308.49650000,5187469.86840000,1.26487243,45.87405774
87085_2113_00013,rue Fulton,13,,SL0015,1565282.16990000,5187369.73810000,1.26456149,45.87315185
87085_2113_00014,rue Fulton,14,,SL0010,1565276.10570000,5187421.29810000,1.26446893,45.87361447
87085_2113_00017,rue Fulton,17,,SL0032,1565275.87890000,5187289.73190000,1.26450293,45.87243092
87085_2113_00020,rue Fulton,20,,SL0011,1565262.80140000,5187294.18540000,1.26433327,45.87246842
87085_2113_00026,rue Fulton,26,,SL0012,1565261.85110000,5187191.12680000,1.26434996,45.87154116
87085_2115_00001,rue Fustel de Coulanges,1,,OM0015,1562238.66160000,5182577.83890000,1.22674186,45.82944303
87085_2115_00003,rue Fustel de Coulanges,3,,OM0015,1562254.82950000,5182597.18230000,1.22694436,45.82962027
87085_2115_00006,rue Fustel de Coulanges,6,,IX0483,1562288.45320000,5182579.80260000,1.22738200,45.82947066
87085_2115_00008,rue Fustel de Coulanges,8,,IX0484,1562293.54180000,5182590.52050000,1.22744441,45.82956809
87085_2115_00009,rue Fustel de Coulanges,9,,OM0015,1562212.33100000,5182637.73990000,1.22638588,45.82997659
87085_2115_00010,rue Fustel de Coulanges,10,,IX0485,1562298.13430000,5182600.19920000,1.22750073,45.82965608
87085_2115_00011,rue Fustel de Coulanges,11,,OM0015,1562234.52420000,5182656.01450000,1.22666622,45.83014543
87085_2115_00012,rue Fustel de Coulanges,12,,IX0486,1562301.80920000,5182608.50760000,1.22754564,45.82973155
87085_2115_00014,rue Fustel de Coulanges,14,,IX0487,1562305.84150000,5182617.43420000,1.22759497,45.82981266
87085_2115_00015,rue Fustel de Coulanges,15,,OM0020,1562308.44730000,5182649.14250000,1.22761900,45.83009800
87085_2115_00018,rue Fustel de Coulanges,18,,IX0489,1562314.08790000,5182633.73720000,1.22769641,45.82996096
87085_2115_00021,rue Fustel de Coulanges,21,,OM0037,1562277.79810000,5182657.62310000,1.22722260,45.83016856
87085_2115_00021_bis,rue Fustel de Coulanges,21,bis,OM0039,1562314.44140000,5182660.75560000,1.22769322,45.83020408
87085_2115_00024,rue Fustel de Coulanges,24,,IX0801,1562325.32610000,5182658.54430000,1.22783392,45.83018637
87085_2115_00026,rue Fustel de Coulanges,26,,IX0491,1562332.01760000,5182672.07080000,1.22791615,45.83030938
87085_2115_00027,rue Fustel de Coulanges,27,,OM0022,1562321.76330000,5182675.80030000,1.22778313,45.83034088
87085_2115_00028,rue Fustel de Coulanges,28,,IX0492,1562336.05000000,5182681.00730000,1.22796548,45.83039058
87085_2115_00029,rue Fustel de Coulanges,29,,OM0023,1562328.16410000,5182689.23780000,1.22786165,45.83046304
87085_2115_00030,rue Fustel de Coulanges,30,,IX0493,1562339.07220000,5182687.53210000,1.22800250,45.83044988
87085_2115_00032,rue Fustel de Coulanges,32,,IX0494,1562344.10230000,5182697.58070000,1.22806435,45.83054128
87085_2115_00033,rue Fustel de Coulanges,33,,OM0029,1562336.53260000,5182706.57740000,1.22796437,45.83062069
87085_2115_00035,rue Fustel de Coulanges,35,,OM0030,1562340.26430000,5182714.34960000,1.22801016,45.83069135
87085_2115_00036,rue Fustel de Coulanges,36,,IX0525,1562362.68050000,5182737.83780000,1.22829189,45.83090713
87085_2115_00037,rue Fustel de Coulanges,37,,OM0031,1562344.20010000,5182722.92620000,1.22805835,45.83076929
87085_2115_00038,rue Fustel de Coulanges,38,,IX0526,1562366.56720000,5182746.89440000,1.22833931,45.83098937
87085_2115_00039,rue Fustel de Coulanges,39,,OM0032,1562346.70960000,5182728.59270000,1.22808902,45.83082077
87085_2115_00040,rue Fustel de Coulanges,40,,IX0526,1562371.33140000,5182757.13470000,1.22839769,45.83108245
87085_2115_00041,rue Fustel de Coulanges,41,,OM0033,1562348.54620000,5182733.32910000,1.22811130,45.83086374
87085_2115_00044,rue Fustel de Coulanges,44,,IX0528,1562380.23910000,5182774.66350000,1.22850730,45.83124191
87085_2115_00045,rue Fustel de Coulanges,45,,IX0034,1562358.68460000,5182753.33040000,1.22823604,45.83104569
87085_2115_00046,rue Fustel de Coulanges,46,,IX0529,1562385.26820000,5182784.20750000,1.22856928,45.83132877
87085_2115_00047,rue Fustel de Coulanges,47,,IX0035,1562363.63670000,5182763.46940000,1.22829686,45.83113789
87085_2115_00048,rue Fustel de Coulanges,48,,IX0530,1562390.56520000,5182792.69260000,1.22863501,45.83140616
87085_2115_00049,rue Fustel de Coulanges,49,,IX0037,1562368.51620000,5182774.19970000,1.22835658,45.83123539
87085_2115_00050,rue Fustel de Coulanges,50,,IX0531,1562398.25580000,5182804.16660000,1.22873069,45.83151091
87085_2115_00052,rue Fustel de Coulanges,52,,IX0532,1562404.31250000,5182811.03330000,1.22880667,45.83157389
87085_2115_00055,rue Fustel de Coulanges,55,,IX0041,1562391.33490000,5182810.95330000,1.22863969,45.83157057
87085_2115_00057,rue Fustel de Coulanges,57,,IX0042,1562398.00840000,5182818.83590000,1.22872331,45.83164282
87085_2115_00059,rue Fustel de Coulanges,59,,IX0043,1562404.64090000,5182826.26220000,1.22880653,45.83171095
87085_2115_00060,rue Fustel de Coulanges,60,,IX0915,1562443.02100000,5182851.53330000,1.22929319,45.83194595
87085_2115_00061,rue Fustel de Coulanges,61,,IX0044,1562412.52140000,5182834.72770000,1.22890552,45.83178868
87085_2115_00062,rue Fustel de Coulanges,62,,IX0567,1562449.45040000,5182858.04210000,1.22937406,45.83200579
87085_2115_00066,rue Fustel de Coulanges,66,,IX0568,1562464.39410000,5182873.44790000,1.22956195,45.83214736
87085_2115_00067,rue Fustel de Coulanges,67,,IX0875,1562445.83790000,5182867.61400000,1.22932483,45.83209117
87085_2115_00071,rue Fustel de Coulanges,71,,IX0081,1562455.47330000,5182877.19730000,1.22944608,45.83217930
87085_2115_00077,rue Fustel de Coulanges,77,,IX0727,1562493.00650000,5182907.65760000,1.22992036,45.83246082
87085_2115_00079,rue Fustel de Coulanges,79,,IX0726,1562512.41820000,5182915.33240000,1.23016796,45.83253373
87085_2115_00083,rue Fustel de Coulanges,83,,IX0084,1562526.54530000,5182918.97130000,1.23034872,45.83256929
87085_2115_00084,rue Fustel de Coulanges,84,,IX0111,1562580.78260000,5182934.45140000,1.23104224,45.83271938
87085_2115_00085,rue Fustel de Coulanges,85,,IX0085,1562536.12410000,5182922.59320000,1.23047095,45.83260379
87085_2115_00086,rue Fustel de Coulanges,86,,IX0111,1562590.33410000,5182942.20500000,1.23116294,45.83279104
87085_2115_00087,rue Fustel de Coulanges,87,,IX0086,1562544.54220000,5182926.12890000,1.23057826,45.83263728
87085_2115_00089,rue Fustel de Coulanges,89,,IX0660,1562553.41240000,5182931.20140000,1.23069096,45.83268468
87085_2115_00090,rue Fustel de Coulanges,90,,IX0111,1562608.72580000,5182956.61130000,1.23139550,45.83292431
87085_2115_00091,rue Fustel de Coulanges,91,,IX0660,1562560.59220000,5182936.67760000,1.23078179,45.83273538
87085_2115_00099,rue Fustel de Coulanges,99,,IX0661,1562591.44300000,5182960.35140000,1.23117202,45.83295450
87085_2118_00008,rue Gabriel Debrégéas,8,,SI0058,1557654.56130000,5186030.60330000,1.16673322,45.85956833
87085_2118_00011,rue Gabriel Debrégéas,11,,SI0141,1557652.28310000,5186050.82490000,1.16669789,45.85974976
87085_2118_00026,rue Gabriel Debrégéas,26,,SI0047,1557693.40020000,5186143.49480000,1.16719980,45.86059187
87085_2118_00030,rue Gabriel Debrégéas,30,,SI0045,1557694.80710000,5186183.18900000,1.16720615,45.86094923
87085_2118_00032,rue Gabriel Debrégéas,32,,SI0046,1557693.60820000,5186213.66970000,1.16718168,45.86122316
87085_2118_00034,rue Gabriel Debrégéas,34,,SI0044,1557692.41490000,5186231.59220000,1.16716100,45.86138413
87085_2120_00001,rue Gabriel Faure,1,,HY0188,1563988.47240000,5181504.79100000,1.24956155,45.82013862
87085_2120_00002,rue Gabriel Faure,2,,HY0187,1563992.84850000,5181517.77170000,1.24961418,45.82025625
87085_2120_00003,rue Gabriel Faure,3,,HY0480,1563982.77700000,5181513.28190000,1.24948588,45.82021387
87085_2120_00004,rue Gabriel Faure,4,,HY0186,1563983.52860000,5181532.25290000,1.24949018,45.82038467
87085_2120_00005,rue Gabriel Faure,5,,HY0190,1563976.17320000,5181523.64590000,1.24939798,45.82030579
87085_2120_00006,rue Gabriel Faure,6,,HY0185,1563978.87720000,5181539.49780000,1.24942829,45.82044893
87085_2120_00007,rue Gabriel Faure,7,,HY0191,1563970.07050000,5181532.79030000,1.24931688,45.82038685
87085_2120_00008,rue Gabriel Faure,8,,HY0184,1563973.15030000,5181548.70220000,1.24935200,45.82053059
87085_2120_00009,rue Gabriel Faure,9,,HY0192,1563962.60950000,5181544.36580000,1.24921762,45.82048950
87085_2120_00010,rue Gabriel Faure,10,,HY0183,1563964.66360000,5181566.22440000,1.24923786,45.82068654
87085_2120_00011,rue Gabriel Faure,11,,HY0193,1563956.75860000,5181554.48940000,1.24913948,45.82057941
87085_2120_00012,rue Gabriel Faure,12,,HY0182,1563962.18010000,5181579.99690000,1.24920201,45.82080994
87085_2120_00014,rue Gabriel Faure,14,,HY0181,1563959.95610000,5181594.51940000,1.24916929,45.82094014
87085_2120_00015,rue Gabriel Faure,15,,HY0194,1563953.16940000,5181568.00360000,1.24908948,45.82070027
87085_2120_00016,rue Gabriel Faure,16,,HY0241,1563955.15700000,5181627.99270000,1.24909808,45.82124030
87085_2120_00017,rue Gabriel Faure,17,,HY0195,1563951.47840000,5181578.44260000,1.24906477,45.82079384
87085_2120_00018,rue Gabriel Faure,18,,HY0242,1563953.27170000,5181640.57850000,1.24907026,45.82135314
87085_2120_00019,rue Gabriel Faure,19,,HY0196,1563948.80600000,5181595.56630000,1.24902554,45.82094735
87085_2120_00020,rue Gabriel Faure,20,,HY0243,1563951.51730000,5181652.28320000,1.24904438,45.82145809
87085_2120_00021,rue Gabriel Faure,21,,HY0240,1563943.51020000,5181634.56700000,1.24894637,45.82129713
87085_2120_00022,rue Gabriel Faure,22,,HY0244,1563949.79330000,5181666.15700000,1.24901827,45.82158255
87085_2120_00024,rue Gabriel Faure,24,,HY0245,1563948.16270000,5181679.14920000,1.24899362,45.82169910
87085_2120_00025,rue Gabriel Faure,25,,HY0238,1563939.14860000,5181661.38920000,1.24888267,45.82153755
87085_2120_00026,rue Gabriel Faure,26,,HY0363,1563946.53560000,5181690.44770000,1.24896949,45.82180041
87085_2120_00028,rue Gabriel Faure,28,,HY0246,1563944.83620000,5181703.69390000,1.24894388,45.82191923
87085_2120_00029,rue Gabriel Faure,29,,HY0237,1563936.74710000,5181679.71290000,1.24884659,45.82170191
87085_2120_00031,rue Gabriel Faure,31,,HY0236,1563934.51070000,5181691.45370000,1.24881449,45.82180708
87085_2120_00034,rue Gabriel Faure,34,,HY0247,1563941.57830000,5181725.85300000,1.24889569,45.82211792
87085_2120_00035,rue Gabriel Faure,35,,HY0467,1563932.48560000,5181710.41850000,1.24878307,45.82197728
87085_2120_00036,rue Gabriel Faure,36,,HY0248,1563936.25480000,5181760.59940000,1.24881737,45.82242943
87085_2120_00037,rue Gabriel Faure,37,,HY0465,1563929.81710000,5181728.49890000,1.24874362,45.82213940
87085_2120_00039,rue Gabriel Faure,39,,HY0233,1563927.70950000,5181742.82050000,1.24871245,45.82226781
87085_2120_00040,rue Gabriel Faure,40,,HY0249,1563931.89180000,5181790.07350000,1.24875289,45.82269371
87085_2120_00041,rue Gabriel Faure,41,,HY0232,1563925.52370000,5181755.95620000,1.24868061,45.82238554
87085_2120_00043,rue Gabriel Faure,43,,HY0231,1563924.05410000,5181766.69690000,1.24865867,45.82248187
87085_2127_00001,rue Gaby Morlay,1,,NW0089,1560815.85360000,5183715.73680000,1.20810421,45.83939247
87085_2127_00002,rue Gaby Morlay,2,,NW0076,1560804.67700000,5183700.55850000,1.20796477,45.83925367
87085_2127_00003,rue Gaby Morlay,3,,NW0088,1560810.09970000,5183686.96730000,1.20803849,45.83913251
87085_2127_00004,rue Gaby Morlay,4,,NW0086,1560795.27250000,5183675.32830000,1.20785104,45.83902481
87085_2127_00006,rue Gaby Morlay,6,,NW0085,1560781.09630000,5183652.52940000,1.20767520,45.83881686
87085_2127_00008,rue Gaby Morlay,8,,NW0084,1560768.74090000,5183633.77120000,1.20752162,45.83864562
87085_2130_00001,rue Gaignolle,1,,DX0045,1564696.41330000,5182682.26230000,1.25833837,45.83087029
87085_2130_00002,rue Gaignolle,2,,DX0514,1564704.17230000,5182685.13810000,1.25843741,45.83089768
87085_2130_00003,rue Gaignolle,3,,DX0044,1564685.10800000,5182686.40440000,1.25819173,45.83090532
87085_2130_00004,rue Gaignolle,4,,DX0048,1564699.69830000,5182686.85750000,1.25837935,45.83091227
87085_2130_00005,rue Gaignolle,5,,DX0043,1564680.37050000,5182688.11210000,1.25813028,45.83091975
87085_2130_00006,rue Gaignolle,6,,DX0049,1564693.90850000,5182688.96160000,1.25830425,45.83093006
87085_2130_00008,rue Gaignolle,8,,DX0050,1564688.22130000,5182690.97140000,1.25823050,45.83094702
87085_2130_00009,rue Gaignolle,9,,DX0040,1564668.93650000,5182692.60929999,1.25798188,45.83095796
87085_2130_00010,rue Gaignolle,10,,DX0051,1564679.97190000,5182693.72020000,1.25812358,45.83097012
87085_2130_00011,rue Gaignolle,11,,DX0039,1564664.96900000,5182693.90810000,1.25793046,45.83096886
87085_2130_00012,rue Gaignolle,12,,DX0052,1564675.59140000,5182695.43880000,1.25806672,45.83098472
87085_2130_00013,rue Gaignolle,13,,DX0559,1564661.07830000,5182695.21610000,1.25788003,45.83097986
87085_2130_00014,rue Gaignolle,14,,DX0053,1564667.22820000,5182699.30340000,1.25795802,45.83101784
87085_2130_00015,rue Gaignolle,15,,DX0465,1564654.98720000,5182697.43790000,1.25780102,45.83099865
87085_2130_00016,rue Gaignolle,16,,DX0054,1564663.97120000,5182701.20000000,1.25791557,45.83103426
87085_2130_00018,rue Gaignolle,18,,DX0055,1564658.20870000,5182704.22890000,1.25784056,45.83106037
87085_2130_00019,rue Gaignolle,19,,DX0034,1564635.42420000,5182716.98870000,1.25754378,45.83117067
87085_2130_00020,rue Gaignolle,20,,DX0400,1564646.94640000,5182713.43459999,1.25769305,45.83114097
87085_2130_00022,rue Gaignolle,22,,DX0035,1564635.78750000,5182704.02040000,1.25755210,45.83105408
87085_2135_00001,rue Galilée,1,,DS0030,1565390.23290000,5183703.22600000,1.26698066,45.84019063
87085_2135_00003,rue Galilée,3,,DS0031,1565398.59130000,5183703.39790000,1.26708819,45.84019381
87085_2135_00004,rue Galilée,4,,DS0226,1565398.94110000,5183694.95400000,1.26709505,45.84011792
87085_2135_00005,rue Galilée,5,,DS0032,1565407.85160000,5183703.51600000,1.26720734,45.84019668
87085_2135_00006,rue Galilée,6,,DS0225,1565406.24230000,5183694.73800000,1.26718908,45.84011740
87085_2135_00007,rue Galilée,7,,DS0034,1565423.63680000,5183705.51400000,1.26740994,45.84021775
87085_2135_00008,rue Galilée,8,,DS0224,1565411.10260000,5183694.86230000,1.26725160,45.84011947
87085_2135_00009,rue Galilée,9,,DS0035,1565432.43710000,5183705.63240000,1.26752317,45.84022053
87085_2135_00010,rue Galilée,10,,DS0223,1565417.15160000,5183693.00110000,1.26732997,45.84010392
87085_2135_00011,rue Galilée,11,,DS0036,1565442.50800000,5183705.72380000,1.26765276,45.84022333
87085_2135_00012,rue Galilée,12,,DS0222,1565428.05890000,5183692.91230000,1.26747038,45.84010525
87085_2135_00013,rue Galilée,13,,DS0037,1565453.27550000,5183705.96250000,1.26779127,45.84022758
87085_2135_00014,rue Galilée,14,,DS0221,1565435.45090000,5183693.21550000,1.26756543,45.84010943
87085_2135_00015,rue Galilée,15,,DS0038,1565460.73540000,5183706.01510000,1.26788727,45.84022951
87085_2135_00016,rue Galilée,16,,DS0220,1565442.14770000,5183693.29100000,1.26765160,45.84011141
87085_2135_00017,rue Galilée,17,,DS0039,1565466.75530000,5183706.05280000,1.26796474,45.84023103
87085_2135_00018,rue Galilée,18,,DS0219,1565450.50780000,5183693.19610000,1.26775922,45.84011220
87085_2135_00019,rue Galilée,19,,DS0040,1565473.20860000,5183706.10360000,1.26804778,45.84023275
87085_2135_00020,rue Galilée,20,,DS0218,1565457.38810000,5183693.42070000,1.26784771,45.84011556
87085_2135_00021,rue Galilée,21,,DS0041,1565480.88430000,5183706.04120000,1.26814658,45.84023369
87085_2135_00022,rue Galilée,22,,DS0217,1565464.37080000,5183693.53130000,1.26793755,45.84011792
87085_2135_00023,rue Galilée,23,,DS0042,1565488.27250000,5183706.17500000,1.26824164,45.84023634
87085_2135_00024,rue Galilée,24,,DS0216,1565472.18910000,5183693.40770000,1.26803821,45.84011834
87085_2135_00025,rue Galilée,25,,DS0043,1565494.07470000,5183706.09780000,1.26831633,45.84023678
87085_2135_00026,rue Galilée,26,,DS0215,1565478.91210000,5183693.40970000,1.26812474,45.84011968
87085_2135_00027,rue Galilée,27,,DS0044,1565501.79460000,5183706.14840000,1.26841568,45.84023874
87085_2135_00028,rue Galilée,28,,DS0214,1565486.57980000,5183693.60730000,1.26822337,45.84012295
87085_2135_00029,rue Galilée,29,,DS0045,1565508.04580000,5183706.31360000,1.26849609,45.84024145
87085_2135_00030,rue Galilée,30,,DS0213,1565492.52920000,5183693.43490000,1.26829999,45.84012257
87085_2135_00031,rue Galilée,31,,DS0046,1565514.00380000,5183706.25490000,1.26857278,45.84024209
87085_2135_00032,rue Galilée,32,,DS0212,1565498.49850000,5183693.53700000,1.26837678,45.84012465
87085_2135_00033,rue Galilée,33,,DS0047,1565520.11370000,5183706.22210000,1.26865143,45.84024299
87085_2135_00034,rue Galilée,34,,DS0211,1565504.31420000,5183693.47920000,1.26845165,45.84012527
87085_2135_00035,rue Galilée,35,,DS0048,1565527.06040000,5183706.48380000,1.26874076,45.84024670
87085_2135_00036,rue Galilée,36,,DS0210,1565511.93600000,5183693.75240000,1.26854967,45.84012922
87085_2135_00037,rue Galilée,37,,DS0049,1565533.83700000,5183706.54040000,1.26882796,45.84024854
87085_2135_00038,rue Galilée,38,,DS0209,1565518.15420000,5183693.59000000,1.26862975,45.84012897
87085_2135_00039,rue Galilée,39,,DS0400,1565542.45360000,5183706.60340000,1.26893885,45.84025079
87085_2173_00004,rue Gaston Charlet,4,,NI0221,1561913.03910000,5181248.48500000,1.22293356,45.81741951
87085_2173_00006,rue Gaston Charlet,6,,NI0221,1561902.00190000,5181245.45180000,1.22279244,45.81739001
87085_2173_00008,rue Gaston Charlet,8,,NI0221,1561889.31700000,5181241.93880000,1.22263026,45.81735586
87085_2173_00012,rue Gaston Charlet,12,,NI0266,1561869.47880000,5181236.16210000,1.22237670,45.81729991
87085_2173_00014,rue Gaston Charlet,14,,NI0266,1561853.99870000,5181232.50750000,1.22217860,45.81726393
87085_2173_00015,rue Gaston Charlet,15,,NI0093,1561834.86760000,5181222.58100000,1.22193534,45.81717079
87085_2173_00017,rue Gaston Charlet,17,,NI0092,1561817.49320000,5181231.89110000,1.22170914,45.81725105
87085_2173_00019,rue Gaston Charlet,19,,NI0091,1561801.01560000,5181241.87430000,1.22149429,45.81733755
87085_2173_00021,rue Gaston Charlet,21,,NI0090,1561780.24720000,5181248.92020000,1.22122508,45.81739676
87085_2173_00022,rue Gaston Charlet,22,,NI0007,1561781.78960000,5181260.22320000,1.22124168,45.81749874
87085_2173_00025,rue Gaston Charlet,25,,NI0058,1561717.35240000,5181240.83220000,1.22041827,45.81731136
87085_2173_00026,rue Gaston Charlet,26,,NI0055,1561697.77150000,5181242.56140000,1.22016587,45.81732298
87085_2173_00027,rue Gaston Charlet,27,,NI0059,1561702.84360000,5181233.23450000,1.22023380,45.81724010
87085_2173_00028,rue Gaston Charlet,28,,NI0054,1561684.97990000,5181236.28820000,1.22000311,45.81726398
87085_2173_00030,rue Gaston Charlet,30,,NI0053,1561672.13680000,5181230.97300000,1.21983942,45.81721358
87085_2173_00031,rue Gaston Charlet,31,,NI0060,1561685.47400000,5181224.53720000,1.22001285,45.81715837
87085_2173_00032,rue Gaston Charlet,32,,NI0052,1561658.72810000,5181227.08990000,1.21966803,45.81717595
87085_2173_00033,rue Gaston Charlet,33,,NI0061,1561667.62360000,5181217.81140000,1.21978514,45.81709428
87085_2173_00034,rue Gaston Charlet,34,,NI0050,1561637.34490000,5181222.15330000,1.21939436,45.81712725
87085_2173_00035,rue Gaston Charlet,35,,NI0062,1561654.53990000,5181214.01570000,1.21961791,45.81705750
87085_2173_00036,rue Gaston Charlet,36,,NI0049,1561620.82020000,5181218.96780000,1.21918269,45.81709527
87085_2173_00038,rue Gaston Charlet,38,,NI0048,1561602.60060000,5181212.36530000,1.21895020,45.81703221
87085_2173_00040,rue Gaston Charlet,40,,NI0047,1561591.58770000,5181204.46160000,1.21881079,45.81695889
87085_2173_00044,rue Gaston Charlet,44,,NI0031,1561571.19140000,5181158.52120000,1.21856162,45.81654153
87085_2173_00045,rue Gaston Charlet,45,,NI0063,1561631.13530000,5181209.78880000,1.21931803,45.81701477
87085_2173_00049,rue Gaston Charlet,49,,NI0064,1561583.99830000,5181136.51410000,1.21873271,45.81634615
87085_2173_00051,rue Gaston Charlet,51,,NI0065,1561585.83330000,5181111.00290000,1.21876366,45.81611703
87085_2173_00053,rue Gaston Charlet,53,,NI0227,1561582.51620000,5181094.95340000,1.21872560,45.81597199
87085_2173_00055,rue Gaston Charlet,55,,NI0421,1561576.18700000,5181084.67820000,1.21864714,45.81587828
87085_2173_00078,rue Gaston Charlet,78,,NI0304,1561408.04460000,5181037.59500000,1.21649763,45.81542089
87085_2173_00080,rue Gaston Charlet,80,,NI0318,1561404.14740000,5181020.78610000,1.21645233,45.81526890
87085_2173_00082,rue Gaston Charlet,82,,NI0319,1561408.26830000,5181001.35540000,1.21651095,45.81509494
87085_2173_00084,rue Gaston Charlet,84,,NI0320,1561411.86220000,5180988.87030000,1.21656078,45.81498336
87085_2173_00088,rue Gaston Charlet,88,,NI0327,1561422.75830000,5180951.50900000,1.21671171,45.81464947
87085_2173_00090,rue Gaston Charlet,90,,NI0328,1561433.09460000,5180935.31400000,1.21684934,45.81450587
87085_2173_00115,rue Gaston Charlet,115,,NI0196,1561601.36600000,5180939.95530000,1.21901269,45.81458149
87085_2173_00123,rue Gaston Charlet,123,,NI0208,1561653.40310000,5180960.02200000,1.21967634,45.81477247
87085_2173_00125,rue Gaston Charlet,125,,NI0211,1561666.01120000,5180978.49890000,1.21983322,45.81494122
87085_2173_00127,rue Gaston Charlet,127,,NI0072,1561681.36220000,5181003.36220000,1.22002355,45.81516796
87085_2173_00140,rue Gaston Charlet,140,,NI0287,1561780.64890000,5181094.57380000,1.22127460,45.81600841
87085_2173_00142,rue Gaston Charlet,142,,NI0287,1561799.15200000,5181089.91340000,1.22151398,45.81597021
87085_2173_00144,rue Gaston Charlet,144,,NI0287,1561828.63830000,5181096.16130000,1.22189151,45.81603233
87085_2173_00146,rue Gaston Charlet,146,,NI0287,1561834.91310000,5181100.49000000,1.22197099,45.81607253
87085_2173_00148,rue Gaston Charlet,148,,NI0287,1561842.98630000,5181114.49330000,1.22207083,45.81620012
87085_2173_00150,rue Gaston Charlet,150,,NI0287,1561849.63910000,5181118.92140000,1.22215514,45.81624129
87085_2173_00152,rue Gaston Charlet,152,,NI0287,1561860.67930000,5181128.54840000,1.22229440,45.81633011
87085_2173_00154,rue Gaston Charlet,154,,NI0287,1561866.98530000,5181133.03680000,1.22237424,45.81637175
87085_2173_00160,rue Gaston Charlet,160,,NI0126,1561834.94700000,5181073.24870000,1.22197925,45.81582749
87085_2173_00162,rue Gaston Charlet,162,,NI0126,1561841.38630000,5181076.81250000,1.22206107,45.81586084
87085_2173_00164,rue Gaston Charlet,164,,NI0126,1561843.78920000,5181078.79130000,1.22209141,45.81587912
87085_2173_00166,rue Gaston Charlet,166,,NI0126,1561855.29410000,5181083.19740000,1.22223815,45.81592107
87085_2173_00168,rue Gaston Charlet,168,,NI0126,1561861.43140000,5181086.59730000,1.22231613,45.81595288
87085_2173_00170,rue Gaston Charlet,170,,NI0126,1561860.88690000,5181096.84600000,1.22230618,45.81604497
87085_2173_00172,rue Gaston Charlet,172,,NI0126,1561865.15940000,5181101.16580000,1.22235990,45.81608468
87085_2173_00174,rue Gaston Charlet,174,,NI0126,1561873.63140000,5181106.39660000,1.22246739,45.81613344
87085_2173_00176,rue Gaston Charlet,176,,NI0125,1561883.88020000,5181110.39620000,1.22259809,45.81617148
87085_2173_00178,rue Gaston Charlet,178,,NI0125,1561890.76080000,5181114.22470000,1.22268550,45.81620730
87085_2173_00180,rue Gaston Charlet,180,,NI0125,1561898.06310000,5181116.22450000,1.22277887,45.81622675
87085_2173_00182,rue Gaston Charlet,182,,NI0125,1561919.33020000,5181114.60200000,1.22305293,45.81621643
87085_2174_00001,rue Gaston Hyllaire,1,,MY0087,1567745.47510000,5190728.56910000,1.29535818,45.90384507
87085_2174_00002,rue Gaston Hyllaire,2,,MY0101,1567747.62570000,5190701.42410000,1.29539338,45.90360130
87085_2174_00003,rue Gaston Hyllaire,3,,MY0086,1567748.98440000,5190746.31060000,1.29539851,45.90400534
87085_2174_00004,rue Gaston Hyllaire,4,,MY0099,1567755.16160000,5190723.09930000,1.29548450,45.90379773
87085_2174_00005,rue Gaston Hyllaire,5,,MY0085,1567753.87170000,5190767.60670000,1.29545561,45.90419785
87085_2174_00006,rue Gaston Hyllaire,6,,MY0096,1567759.48550000,5190742.63110000,1.29553483,45.90397426
87085_2174_00007,rue Gaston Hyllaire,7,,MY0084,1567758.48410000,5190786.73690000,1.29550976,45.90437083
87085_2174_00008,rue Gaston Hyllaire,8,,MY0094,1567763.58960000,5190762.36440000,1.29558227,45.90415256
87085_2174_00009,rue Gaston Hyllaire,9,,MY0083,1567764.58660000,5190806.69720000,1.29558289,45.90455156
87085_2174_00011,rue Gaston Hyllaire,11,,MY0082,1567772.56840000,5190826.99780000,1.29568014,45.90473571
87085_2174_00012,rue Gaston Hyllaire,12,,MY0089,1567777.81010000,5190811.66560000,1.29575191,45.90459879
87085_2174_00013,rue Gaston Hyllaire,13,,MY0081,1567769.21840000,5190847.37550000,1.29563136,45.90491837
87085_2174_00014,rue Gaston Hyllaire,14,,MY0151,1567771.14280000,5190876.51080000,1.29564812,45.90518083
87085_2174_00016,rue Gaston Hyllaire,16,,MY0149,1567770.75160000,5190894.18420000,1.29563820,45.90533974
87085_2174_00017,rue Gaston Hyllaire,17,,MY0114,1567760.59300000,5190870.60680000,1.29551381,45.90512569
87085_2174_00018,rue Gaston Hyllaire,18,,MY0147,1567770.42240000,5190908.74830000,1.29562994,45.90547069
87085_2174_00019,rue Gaston Hyllaire,19,,MY0113,1567760.17130000,5190891.27540000,1.29550267,45.90531154
87085_2174_00020,rue Gaston Hyllaire,20,,MY0145,1567770.27340000,5190922.04130000,1.29562436,45.90559024
87085_2174_00021,rue Gaston Hyllaire,21,,MY0112,1567759.71220000,5190914.73970000,1.29549029,45.90552252
87085_2174_00022,rue Gaston Hyllaire,22,,MY0143,1567770.00900000,5190934.20890000,1.29561760,45.90569964
87085_2174_00023,rue Gaston Hyllaire,23,,MY0111,1567759.14920000,5190935.80880000,1.29547722,45.90571194
87085_2174_00024,rue Gaston Hyllaire,24,,MY0141,1567769.63170000,5190947.44730000,1.29560908,45.90581866
87085_2174_00025,rue Gaston Hyllaire,25,,MY0110,1567758.73890000,5190958.97320000,1.29546554,45.90592024
87085_2174_00026,rue Gaston Hyllaire,26,,MY0139,1567769.37490000,5190961.48230000,1.29560190,45.90594486
87085_2174_00027,rue Gaston Hyllaire,27,,MY0109,1567759.10470000,5190978.43750000,1.29546489,45.90609541
87085_2174_00028,rue Gaston Hyllaire,28,,MY0137,1567769.76580000,5190976.95300000,1.29560267,45.90608410
87085_2174_00029,rue Gaston Hyllaire,29,,MY0108,1567766.89200000,5190995.91900000,1.29556041,45.90625416
87085_2174_00030,rue Gaston Hyllaire,30,,MY0135,1567778.21900000,5190992.28390000,1.29570737,45.90622364
87085_2174_00031,rue Gaston Hyllaire,31,,MY0107,1567781.26130000,5191011.61770000,1.29574124,45.90639815
87085_2174_00032,rue Gaston Hyllaire,32,,MY0133,1567789.65370000,5191004.87220000,1.29585124,45.90633908
87085_2174_00033,rue Gaston Hyllaire,33,,MY0106,1567795.71950000,5191028.02860000,1.29592302,45.90654856
87085_2174_00035,rue Gaston Hyllaire,35,,MY0105,1567798.77790000,5191056.08340000,1.29595470,45.90680151
87085_2186_00001,rue Général Bardet,1,,TC0081,1567043.29370000,5180964.73100000,1.28901348,45.81587766
87085_2186_00002,rue Général Bardet,2,,TC0082,1567030.94420000,5180962.66600000,1.28885518,45.81585669
87085_2186_00003,rue Général Bardet,3,,TC0064,1567036.64420000,5180949.01670000,1.28893228,45.81573501
87085_2186_00004,rue Général Bardet,4,,TC0063,1567022.49440000,5180945.52330000,1.28875121,45.81570085
87085_2186_00005,rue Général Bardet,5,,TC0065,1567028.04990000,5180933.53470000,1.28882600,45.81559408
87085_2186_00006,rue Général Bardet,6,,TC0062,1566991.61300000,5180942.12810000,1.28835487,45.81566434
87085_2186_00007,rue Général Bardet,7,,TC0066,1567018.90660000,5180916.23950000,1.28871315,45.81543673
87085_2186_00008,rue Général Bardet,8,,TC0061,1566972.79490000,5180939.10140000,1.28811362,45.81563347
87085_2186_00009,rue Général Bardet,9,,TC0067,1567004.72260000,5180890.19930000,1.28853788,45.81519974
87085_2186_00010,rue Général Bardet,10,,TC0058,1566966.99470000,5180931.23320000,1.28804118,45.81556157
87085_2186_00011,rue Général Bardet,11,,TC0068,1566993.30370000,5180868.07530000,1.28839710,45.81499851
87085_2186_00012,rue Général Bardet,12,,TC0053,1566973.89180000,5180928.03300000,1.28813079,45.81553412
87085_2186_00014,rue Général Bardet,14,,TC0052,1567004.00230000,5180911.15380000,1.28852282,45.81538810
87085_2186_00015,rue Général Bardet,15,,TC0069,1566984.67670000,5180850.37190000,1.28829101,45.81483759
87085_2186_00016,rue Général Bardet,16,,TC0051,1566992.17380000,5180889.11180000,1.28837674,45.81518753
87085_2186_00017,rue Général Bardet,17,,TC0070,1566974.61260000,5180832.37110000,1.28816652,45.81467371
87085_2186_00018,rue Général Bardet,18,,TC0050,1566979.36250000,5180864.42300000,1.28821876,45.81496296
87085_0595_00013,rue Général Beyrand,13,,DV0179,1564921.82070000,5183237.37770000,1.26108297,45.83590819
87085_0595_00014,rue Général Beyrand,14,,DV0099,1564916.28680000,5183261.35440000,1.26100501,45.83612279
87085_0595_00016,rue Général Beyrand,16,,DV0189,1564912.54260000,5183269.51420000,1.26095453,45.83619545
87085_0595_00017,rue Général Beyrand,17,,DV0089,1564901.45430000,5183269.02750000,1.26081197,45.83618890
87085_0595_00019,rue Général Beyrand,19,,DV0088,1564898.24320000,5183276.24310000,1.26076862,45.83625317
87085_0595_00021,rue Général Beyrand,21,,DV0085,1564900.55110000,5183282.30530000,1.26079661,45.83630816
87085_0595_00023,rue Général Beyrand,23,,DV0084,1564895.75640000,5183290.98170000,1.26073247,45.83638527
87085_0595_00027,rue Général Beyrand,27,,DV0080,1564881.74780000,5183311.81960000,1.26054633,45.83656997
87085_0595_00029,rue Général Beyrand,29,,DV0079,1564873.94260000,5183329.01760000,1.26044105,45.83672314
87085_0595_00037,rue Général Beyrand,37,,DV0076,1564861.62930000,5183356.20550000,1.26027494,45.83696529
87085_2188_00006,rue Général Catroux,6,,EY0156,1566394.49490000,5180718.71740000,1.28073517,45.81353890
87085_2188_00007,rue Général Catroux,7,,EY0074,1566415.91670000,5180737.74730000,1.28100546,45.81371425
87085_2188_00008,rue Général Catroux,8,,TC0003,1566444.93350000,5180731.26740000,1.28138054,45.81366159
87085_2188_00015,rue Général Catroux,15,,SZ0239,1566516.44500000,5180762.06160000,1.28229193,45.81395248
87085_2188_00018,rue Général Catroux,18,,TC0262,1566630.39770000,5180711.95520000,1.28377175,45.81352384
87085_2188_00038,rue Général Catroux,38,,TC0083,1566992.91160000,5180983.35400000,1.28836018,45.81603544
87085_2188_00045,rue Général Catroux,45,,TC0304,1566940.86470000,5180969.50610000,1.28769443,45.81590081
87085_2188_00046,rue Général Catroux,46,,TC0152,1567088.33290000,5181079.50130000,1.28956119,45.81691880
87085_2188_00047,rue Général Catroux,47,,TC0085,1566963.20310000,5180984.56750000,1.28797765,45.81604062
87085_2188_00048,rue Général Catroux,48,,TC0150,1567091.21520000,5181101.35430000,1.28959223,45.81711594
87085_2188_00049,rue Général Catroux,49,,TC0282,1566983.29230000,5180997.52600000,1.28823251,45.81616107
87085_2188_00050,rue Général Catroux,50,,TC0149,1567094.12570000,5181123.38100000,1.28962359,45.81731464
87085_2188_00052,rue Général Catroux,52,,TC0148,1567096.80740000,5181143.60240000,1.28965250,45.81749707
87085_2192_00001,rue Général Delestraint,1,,NH0138,1561788.35130000,5181730.24190000,1.22119103,45.82172812
87085_2192_00003,rue Général Delestraint,3,,NH0137,1561790.47070000,5181714.86620000,1.22122271,45.82159023
87085_2192_00005,rue Général Delestraint,5,,NH0136,1561789.99620000,5181700.62940000,1.22122070,45.82146207
87085_2192_00007,rue Général Delestraint,7,,NH0135,1561782.12840000,5181681.23410000,1.22112505,45.82128602
87085_2192_00008,rue Général Delestraint,8,,NH0129,1561731.20180000,5181658.91860000,1.22047625,45.82107504
87085_2192_00009,rue Général Delestraint,9,,NH0134,1561772.30580000,5181669.47920000,1.22100205,45.82117830
87085_2192_00010,rue Général Delestraint,10,,NH0130,1561717.87880000,5181647.21950000,1.22030821,45.82096713
87085_2192_00011,rue Général Delestraint,11,,NH0133,1561755.36530000,5181659.19610000,1.22078705,45.82108240
87085_2192_00012,rue Général Delestraint,12,,NH0126,1561696.16030000,5181613.23940000,1.22003855,45.82065709
87085_2192_00015,rue Général Delestraint,15,,NH0132,1561736.59110000,5181648.92000000,1.22054846,45.82098618
87085_2192_00017,rue Général Delestraint,17,,NH0131,1561726.51890000,5181639.60060000,1.22042156,45.82090033
87085_2198_00001,rue Général de Monsabert,1,,TC0021,1566737.96290000,5180780.37460000,1.28513654,45.81416017
87085_2198_00002,rue Général de Monsabert,2,,TC0020,1566709.05420000,5180772.69360000,1.28476678,45.81408547
87085_2198_00003,rue Général de Monsabert,3,,TC0022,1566760.82200000,5180778.17260000,1.28543122,45.81414479
87085_2198_00004,rue Général de Monsabert,4,,TC0019,1566727.11820000,5180770.60240000,1.28499974,45.81407016
87085_2198_00005,rue Général de Monsabert,5,,TC0024,1566778.61780000,5180776.61000000,1.28566058,45.81413418
87085_2198_00006,rue Général de Monsabert,6,,TC0018,1566745.96150000,5180768.69920000,1.28524267,45.81405669
87085_2198_00008,rue Général de Monsabert,8,,TC0017,1566765.96660000,5180766.20330000,1.28550072,45.81403811
87085_2198_00010,rue Général de Monsabert,10,,TC0016,1566785.93020000,5180764.58260000,1.28575798,45.81402740
87085_2198_00011,rue Général de Monsabert,11,,TC0042,1566851.59130000,5180772.70860000,1.28660042,45.81411321
87085_2198_00012,rue Général de Monsabert,12,,TC0015,1566817.41320000,5180762.97260000,1.28616344,45.81401901
87085_2198_00014,rue Général de Monsabert,14,,TC0014,1566835.82940000,5180762.33650000,1.28640053,45.81401685
87085_2198_00015,rue Général de Monsabert,15,,TC0043,1566869.85250000,5180772.08090000,1.28683551,45.81411110
87085_2198_00016,rue Général de Monsabert,16,,TC0013,1566854.68220000,5180761.59990000,1.28664326,45.81401388
87085_2198_00017,rue Général de Monsabert,17,,TC0044,1566887.96460000,5180771.28350000,1.28706874,45.81410743
87085_2198_00018,rue Général de Monsabert,18,,TC0012,1566872.91320000,5180760.38210000,1.28687813,45.81400645
87085_2198_00019,rue Général de Monsabert,19,,TC0045,1566905.42940000,5180770.80370000,1.28729354,45.81410649
87085_2198_00020,rue Général de Monsabert,20,,TC0011,1566891.96360000,5180760.03270000,1.28712329,45.81400699
87085_2198_00021,rue Général de Monsabert,21,,TC0046,1566923.49450000,5180770.07120000,1.28752614,45.81410340
87085_2198_00022,rue Général de Monsabert,22,,TC0010,1566910.99370000,5180758.90580000,1.28736842,45.81400054
87085_2198_00023,rue Général de Monsabert,23,,TC0047,1566950.06980000,5180790.12350000,1.28786247,45.81428892
87085_2198_00024,rue Général de Monsabert,24,,TC0009,1566928.24340000,5180758.27930000,1.28759050,45.81399824
87085_2198_00025,rue Général de Monsabert,25,,TC0048,1566954.12110000,5180809.25610000,1.28790930,45.81446181
87085_2195_00001,rue Général du Bessol,1,,DT0160,1565156.66380000,5183296.12740000,1.26408876,45.83648277
87085_2195_00002,rue Général du Bessol,2,,DT0121,1565164.67250000,5183288.74770000,1.26419390,45.83641795
87085_2195_00003,rue Général du Bessol,3,,DT0122,1565161.84480000,5183305.73850000,1.26415274,45.83657024
87085_2195_00004,rue Général du Bessol,4,,DT0120,1565170.33360000,5183298.76440000,1.26426394,45.83650917
87085_2195_00005,rue Général du Bessol,5,,DT0123,1565167.61210000,5183316.08260000,1.26422406,45.83666442
87085_2195_00007,rue Général du Bessol,7,,DT0124,1565173.93880000,5183327.00690000,1.26430242,45.83676393
87085_2195_00008,rue Général du Bessol,8,,DT0116,1565183.18330000,5183321.95820000,1.26442281,45.83672033
87085_2195_00009,rue Général du Bessol,9,,DT0125,1565178.08340000,5183334.97260000,1.26435352,45.83683640
87085_2195_00011,rue Général du Bessol,11,,DT0126,1565180.42560000,5183339.37750000,1.26438243,45.83687649
87085_2195_00012,rue Général du Bessol,12,,DT0113,1565191.44470000,5183336.76960000,1.26452497,45.83685519
87085_2195_00013,rue Général du Bessol,13,,DT0127,1565183.52140000,5183344.59760000,1.26442081,45.83692405
87085_2195_00014,rue Général du Bessol,14,,DT0345,1565194.49090000,5183342.57090000,1.26456255,45.83690797
87085_2195_00015,rue Général du Bessol,15,,DT0128,1565187.64940000,5183352.17030000,1.26447181,45.83699298
87085_2195_00016,rue Général du Bessol,16,,DT0110,1565201.03710000,5183354.41060000,1.26464348,45.83701576
87085_2195_00017,rue Général du Bessol,17,,DT0129,1565192.97240000,5183361.61740000,1.26453767,45.83707901
87085_2195_00018,rue Général du Bessol,18,,DT0109,1565205.02400000,5183361.43500000,1.26469282,45.83707973
87085_2195_00019,rue Général du Bessol,19,,DT0130,1565196.05950000,5183367.43350000,1.26457576,45.83713193
87085_2195_00020,rue Général du Bessol,20,,DT0344,1565208.02050000,5183367.09710000,1.26472979,45.83713125
87085_2195_00021,rue Général du Bessol,21,,DT0389,1565200.05180000,5183374.68680000,1.26462511,45.83719796
87085_2195_00022,rue Général du Bessol,22,,DT0344,1565212.20030000,5183374.84690000,1.26478141,45.83720178
87085_2195_00023,rue Général du Bessol,23,,DT0132,1565208.47720000,5183390.13020000,1.26472921,45.83733854
87085_2195_00024,rue Général du Bessol,24,,DT0344,1565221.64570000,5183391.24880000,1.26489837,45.83735118
87085_2195_00025,rue Général du Bessol,25,,DT0133,1565211.91510000,5183396.03550000,1.26477180,45.83739233
87085_2195_00026,rue Général du Bessol,26,,DT0104,1565229.41130000,5183405.83460000,1.26499422,45.83748391
87085_2195_00027,rue Général du Bessol,27,,DT0134,1565215.49270000,5183402.83380000,1.26481593,45.83745419
87085_2195_00029,rue Général du Bessol,29,,DT0135,1565218.55960000,5183408.16310000,1.26485391,45.83750273
87085_2195_00031,rue Général du Bessol,31,,DT0136,1565222.32560000,5183414.85680000,1.26490050,45.83756368
87085_2200_00005,rue Général Du Cray,5,,ON0178,1562072.21340000,5182313.28760000,1.22467594,45.82702989
87085_2200_00006,rue Général Du Cray,6,,ON0170,1562087.97880000,5182305.56270000,1.22488101,45.82696356
87085_2200_00007,rue Général Du Cray,7,,ON0179,1562068.64570000,5182327.42540000,1.22462598,45.82715635
87085_2200_00008,rue Général Du Cray,8,,ON0169,1562085.06620000,5182316.29360000,1.22484046,45.82705951
87085_2200_00009,rue Général Du Cray,9,,ON0180,1562065.20420000,5182341.36250000,1.22457770,45.82728103
87085_2200_00010,rue Général Du Cray,10,,ON0168,1562082.91080000,5182325.58160000,1.22481006,45.82714263
87085_2200_00014,rue Général Du Cray,14,,ON0163,1562078.65730000,5182344.13840000,1.22475001,45.82730870
87085_2200_00015,rue Général Du Cray,15,,ON0182,1562050.31780000,5182369.36750000,1.22437812,45.82752997
87085_2200_00016,rue Général Du Cray,16,,ON0162,1562075.99030000,5182354.09700000,1.22471283,45.82739775
87085_2200_00017,rue Général Du Cray,17,,ON0183,1562032.52990000,5182380.12690000,1.22414615,45.82762319
87085_2200_00018,rue Général Du Cray,18,,ON0161,1562072.97340000,5182365.23160000,1.22467082,45.82749731
87085_2200_00020,rue Général Du Cray,20,,ON0160,1562064.80150000,5182376.30170000,1.22456249,45.82759525
87085_2200_00021,rue Général Du Cray,21,,ON0184,1562014.85760000,5182380.18150000,1.22391874,45.82762013
87085_2200_00023,rue Général Du Cray,23,,ON0185,1562003.57970000,5182377.65400000,1.22377435,45.82759513
87085_2200_00025,rue Général Du Cray,25,,ON0186,1561993.62790000,5182375.46840000,1.22364692,45.82757347
87085_2200_00027,rue Général Du Cray,27,,ON0187,1561984.35980000,5182372.73410000,1.22352845,45.82754702
87085_2200_00029,rue Général Du Cray,29,,ON0188,1561974.63820000,5182370.54360000,1.22340399,45.82752536
87085_2200_00031,rue Général Du Cray,31,,ON0189,1561964.88510000,5182368.93760000,1.22327896,45.82750896
87085_2200_00033,rue Général Du Cray,33,,ON0190,1561954.47720000,5182365.94610000,1.22314590,45.82747996
87085_2200_00035,rue Général Du Cray,35,,ON0191,1561944.79640000,5182363.68240000,1.22302198,45.82745765
87085_2200_00037,rue Général Du Cray,37,,ON0192,1561928.58950000,5182359.81200000,1.22281455,45.82741958
87085_2200_00040,rue Général Du Cray,40,,ON0145,1561952.45570000,5182379.22960000,1.22311607,45.82759905
87085_2200_00041,rue Général Du Cray,41,,ON0193,1561910.27690000,5182355.35970000,1.22258020,45.82737586
87085_2200_00043,rue Général Du Cray,43,,ON0194,1561898.14200000,5182352.55040000,1.22242487,45.82734815
87085_2200_00047,rue Général Du Cray,47,,ON0485,1561880.39830000,5182345.58600000,1.22219855,45.82728194
87085_2200_00049,rue Général Du Cray,49,,ON0197,1561870.47140000,5182340.46630000,1.22207229,45.82723389
87085_2200_00051,rue Général Du Cray,51,,ON0198,1561860.64810000,5182338.27290000,1.22194653,45.82721219
87085_2200_00055,rue Général Du Cray,55,,ON0200,1561841.04820000,5182333.49670000,1.22169570,45.82716529
87085_2200_00056,rue Général Du Cray,56,,ON0137,1561865.79490000,5182365.08430000,1.22200505,45.82745440
87085_2200_00057,rue Général Du Cray,57,,ON0201,1561831.48010000,5182331.28760000,1.22157322,45.82714349
87085_2200_00059,rue Général Du Cray,59,,ON0202,1561822.00810000,5182329.12620000,1.22145197,45.82712215
87085_2200_00061,rue Général Du Cray,61,,ON0203,1561812.54280000,5182326.98620000,1.22133100,45.82710100
87085_2200_00062,rue Général Du Cray,62,,ON0508,1561837.87160000,5182358.88620000,1.22164753,45.82739304
87085_2200_00063,rue Général Du Cray,63,,ON0204,1561802.14340000,5182324.76150000,1.22119762,45.82707889
87085_2200_00064,rue Général Du Cray,64,,ON0498,1561826.86490000,5182356.13450000,1.22150670,45.82736607
87085_2200_00065,rue Général Du Cray,65,,ON0205,1561792.21610000,5182322.37630000,1.22107057,45.82705544
87085_2200_00067,rue Général Du Cray,67,,ON0206,1561782.49560000,5182320.03850000,1.22094617,45.82703246
87085_2200_00068,rue Général Du Cray,68,,ON0132,1561806.34830000,5182351.26280000,1.22124411,45.82731813
87085_2200_00069,rue Général Du Cray,69,,ON0207,1561772.41500000,5182321.25290000,1.22081611,45.82704136
87085_2200_00070,rue Général Du Cray,70,,ON0131,1561797.02760000,5182349.08030000,1.22112480,45.82729662
87085_2200_00071,rue Général Du Cray,71,,ON0208,1561762.54650000,5182321.44450000,1.22068907,45.82704110
87085_2200_00072,rue Général Du Cray,72,,ON0130,1561786.84020000,5182346.95160000,1.22099433,45.82727543
87085_2200_00073,rue Général Du Cray,73,,ON0209,1561752.41180000,5182319.37060000,1.22055927,45.82702040
87085_2200_00075,rue Général Du Cray,75,,ON0210,1561744.96090000,5182317.21920000,1.22046401,45.82699955
87085_2200_00076,rue Général Du Cray,76,,ON0128,1561768.18200000,5182338.18410000,1.22075677,45.82719281
87085_2200_00077,rue Général Du Cray,77,,ON0210,1561732.02960000,5182314.24200000,1.22029848,45.82697017
87085_2200_00078,rue Général Du Cray,78,,ON0127,1561758.73950000,5182334.09700000,1.22063645,45.82715415
87085_2200_00079,rue Général Du Cray,79,,ON0211,1561722.64030000,5182311.93370000,1.22017833,45.82694752
87085_2200_00080,rue Général Du Cray,80,,ON0126,1561747.60780000,5182331.40730000,1.22049399,45.82712771
87085_2200_00081,rue Général Du Cray,81,,ON0212,1561712.24740000,5182309.43040000,1.22004532,45.82692291
87085_2200_00082,rue Général Du Cray,82,,ON0125,1561736.75600000,5182329.10500000,1.22035502,45.82710482
87085_2200_00084,rue Général Du Cray,84,,ON0124,1561722.21610000,5182325.46840000,1.22016898,45.82706919
87085_2200_00085,rue Général Du Cray,85,,ON0214,1561691.21460000,5182304.36940000,1.21977615,45.82687316
87085_2200_00087,rue Général Du Cray,87,,ON0215,1561680.83620000,5182302.10690000,1.21964326,45.82685072
87085_2200_00089,rue Général Du Cray,89,,ON0216,1561671.13740000,5182300.04290000,1.21951906,45.82683020
87085_2200_00090,rue Général Du Cray,90,,ON0122,1561698.23830000,5182320.12390000,1.21986199,45.82701629
87085_2200_00091,rue Général Du Cray,91,,ON0217,1561662.20000000,5182297.52680000,1.21940478,45.82680577
87085_2200_00093,rue Général Du Cray,93,,ON0218,1561649.54020000,5182294.18140000,1.21924285,45.82677313
87085_2200_00096,rue Général Du Cray,96,,ON0120,1561668.90920000,5182312.90880000,1.21948669,45.82694549
87085_2200_00098,rue Général Du Cray,98,,ON0119,1561660.22830000,5182311.23110000,1.21937547,45.82692865
87085_2140_00001,rue Général Gallieni,1,,BH0280,1563517.88770000,5183981.81890000,1.24280400,45.84232764
87085_2140_00003,rue Général Gallieni,3,,BH0279,1563507.20190000,5183976.49680000,1.24266797,45.84227764
87085_2140_00004,rue Général Gallieni,4,,BH0780,1563508.89390000,5183991.25780000,1.24268556,45.84241076
87085_2140_00005,rue Général Gallieni,5,,BH0278,1563498.49150000,5183972.38230000,1.24255703,45.84223890
87085_2140_00006,rue Général Gallieni,6,,BH0082,1563500.70300000,5183987.25230000,1.24258127,45.84237310
87085_2140_00007,rue Général Gallieni,7,,BH0277,1563488.36900000,5183967.21380000,1.24242822,45.84219040
87085_2140_00008,rue Général Gallieni,8,,BH0083,1563490.82640000,5183982.66850000,1.24245546,45.84232991
87085_2140_00009,rue Général Gallieni,9,,BH0275,1563477.95950000,5183962.43000000,1.24229560,45.84214530
87085_2140_00010,rue Général Gallieni,10,,BH0084,1563481.20880000,5183977.98420000,1.24233300,45.84228586
87085_2140_00011,rue Général Gallieni,11,,BH0274,1563465.09990000,5183956.18560000,1.24213186,45.84208657
87085_2140_00012,rue Général Gallieni,12,,BH0085,1563472.19890000,5183973.66400000,1.24221826,45.84224521
87085_2140_00014,rue Général Gallieni,14,,BH0086,1563463.55770000,5183969.45570000,1.24210824,45.84220564
87085_2140_00015,rue Général Gallieni,15,,BH0917,1563440.76480000,5183944.22690000,1.24182205,45.84197417
87085_2140_00016,rue Général Gallieni,16,,BH0087,1563458.12700000,5183967.01690000,1.24203904,45.84218262
87085_2140_00017,rue Général Gallieni,17,,BH0918,1563430.62990000,5183939.61330000,1.24169292,45.84193065
87085_2140_00018,rue Général Gallieni,18,,BH0088,1563452.59110000,5183964.47090000,1.24196851,45.84215862
87085_2140_00019,rue Général Gallieni,19,,BH0919,1563418.63860000,5183933.75430000,1.24154025,45.84187556
87085_2140_00020,rue Général Gallieni,20,,BH0089,1563442.69320000,5183959.83400000,1.24184243,45.84211494
87085_2140_00022,rue Général Gallieni,22,,BH0090,1563434.79280000,5183955.96650000,1.24174185,45.84207858
87085_2140_00024,rue Général Gallieni,24,,BH0982,1563427.33080000,5183952.51540000,1.24164679,45.84204606
87085_2140_00025,rue Général Gallieni,25,,BH0245,1563384.30380000,5183916.98970000,1.24110310,45.84171794
87085_2140_00025_a,rue Général Gallieni,25,a,BH0245,1563406.37190000,5183902.67800000,1.24139120,45.84159358
87085_2140_00025_b,rue Général Gallieni,25,b,BH0245,1563404.72460000,5183881.98590000,1.24137588,45.84140712
87085_2140_00026,rue Général Gallieni,26,,BH0092,1563418.02510000,5183948.04140000,1.24152829,45.84200396
87085_2140_00028,rue Général Gallieni,28,,BH0093,1563409.56170000,5183943.86250000,1.24142055,45.84196469
87085_2140_00031,rue Général Gallieni,31,,BH0244,1563352.13670000,5183902.21430000,1.24069329,45.84157863
87085_2140_00032,rue Général Gallieni,32,,BH0097,1563374.96010000,5183927.10950000,1.24097997,45.84180711
87085_2140_00034,rue Général Gallieni,34,,BH0102,1563364.54890000,5183922.24570000,1.24084735,45.84176129
87085_2140_00035,rue Général Gallieni,35,,BH0167,1563303.76620000,5183879.10260000,1.24007731,45.84136112
87085_2140_00036,rue Général Gallieni,36,,BH0103,1563355.94730000,5183917.90040000,1.24073788,45.84172049
87085_2140_00037,rue Général Gallieni,37,,BH0166,1563295.72400000,5183875.07830000,1.23997495,45.84132332
87085_2140_00038,rue Général Gallieni,38,,BH0996,1563346.43000000,5183913.23690000,1.24061671,45.84167665
87085_2140_00039,rue Général Gallieni,39,,BH0165,1563287.67630000,5183871.37600000,1.23987243,45.84128841
87085_2140_00040,rue Général Gallieni,40,,BH0105,1563332.52140000,5183906.80810000,1.24043953,45.84161606
87085_2140_00041,rue Général Gallieni,41,,BH0164,1563280.27300000,5183867.66590000,1.23977820,45.84125357
87085_2140_00042,rue Général Gallieni,42,,BH0106,1563323.73730000,5183902.48780000,1.24032770,45.84157545
87085_2140_00043,rue Général Gallieni,43,,BH0163,1563271.11700000,5183863.17930000,1.23966163,45.84121139
87085_2140_00045,rue Général Gallieni,45,,BH0162,1563259.81280000,5183857.66160000,1.23951771,45.84115950
87085_2140_00046,rue Général Gallieni,46,,BH0137,1563279.01330000,5183881.02820000,1.23975818,45.84137352
87085_2140_00047,rue Général Gallieni,47,,BH0921,1563248.29020000,5183852.08760000,1.23937100,45.84110707
87085_2140_00048,rue Général Gallieni,48,,BH0140,1563266.65820000,5183875.27340000,1.23960080,45.84131929
87085_2140_00049,rue Général Gallieni,49,,BH0699,1563220.22630000,5183838.57970000,1.23901365,45.84097998
87085_2140_00050,rue Général Gallieni,50,,BH0141,1563257.67620000,5183871.30880000,1.23948633,45.84128184
87085_2140_00051,rue Général Gallieni,51,,BH0698,1563210.02690000,5183833.76710000,1.23888374,45.84093466
87085_2140_00052,rue Général Gallieni,52,,BH0160,1563248.18870000,5183866.32850000,1.23936564,45.84123516
87085_2140_00053,rue Général Gallieni,53,,BH0686,1563199.86770000,5183829.21170000,1.23875429,45.84089166
87085_2140_00055,rue Général Gallieni,55,,BH0685,1563189.79070000,5183824.34210000,1.23862598,45.84084585
87085_2140_00056,rue Général Gallieni,56,,BH0840,1563208.43260000,5183847.77010000,1.23885924,45.84106030
87085_2140_00057,rue Général Gallieni,57,,BH0973,1563180.58300000,5183819.62970000,1.23850881,45.84080163
87085_2140_00059,rue Général Gallieni,59,,BH0681,1563169.43360000,5183814.51830000,1.23836677,45.84075343
87085_2140_00061,rue Général Gallieni,61,,BH0678,1563160.63710000,5183810.08420000,1.23825482,45.84071179
87085_2140_00062,rue Général Gallieni,62,,BH0864,1563184.12450000,5183835.76730000,1.23854980,45.84094750
87085_2140_00063,rue Général Gallieni,63,,BH0677,1563149.67960000,5183805.43390000,1.23811512,45.84066778
87085_2140_00064,rue Général Gallieni,64,,BH0862,1563166.89010000,5183827.71800000,1.23833028,45.84087166
87085_2140_00065,rue Général Gallieni,65,,BH0674,1563138.85380000,5183799.71230000,1.23797742,45.84061415
87085_2140_00066,rue Général Gallieni,66,,BH0703,1563157.06160000,5183822.88640000,1.23820516,45.84082624
87085_2140_00067,rue Général Gallieni,67,,BH0673,1563130.04640000,5183795.63180000,1.23786522,45.84057569
87085_2140_00068,rue Général Gallieni,68,,BH0885,1563146.40200000,5183817.93340000,1.23806938,45.84077956
87085_2140_00069,rue Général Gallieni,69,,BH0672,1563123.18840000,5183792.83160000,1.23777776,45.84054914
87085_2140_00070,rue Général Gallieni,70,,BH0931,1563136.50520000,5183813.04580000,1.23794339,45.84073363
87085_2140_00071,rue Général Gallieni,71,,BH0724,1563111.74600000,5183787.17720000,1.23763210,45.84049600
87085_2140_00072,rue Général Gallieni,72,,BH0945,1563123.95920000,5183807.22620000,1.23778358,45.84067878
87085_2140_00073,rue Général Gallieni,73,,BH0669,1563104.54690000,5183783.41190000,1.23754052,45.84046069
87085_2140_00074,rue Général Gallieni,74,,BH0712,1563114.52370000,5183802.43370000,1.23766350,45.84063379
87085_2140_00075,rue Général Gallieni,75,,BH0666,1563095.37540000,5183779.40490000,1.23742362,45.84042282
87085_2140_00076,rue Général Gallieni,76,,BH0713,1563103.12170000,5183797.17680000,1.23751825,45.84058423
87085_2140_00077,rue Général Gallieni,77,,BH0858,1563084.66790000,5183774.70230000,1.23728715,45.84037839
87085_2140_00078,rue Général Gallieni,78,,BH0714,1563091.97230000,5183791.94790000,1.23737625,45.84053498
87085_2140_00079,rue Général Gallieni,79,,BH0662,1563074.47640000,5183769.51170000,1.23715746,45.84032967
87085_2140_00080,rue Général Gallieni,80,,BH0715,1563080.81040000,5183786.74100000,1.23723407,45.84048592
87085_2140_00081,rue Général Gallieni,81,,BH0661,1563064.50400000,5183764.33730000,1.23703059,45.84028114
87085_2140_00082,rue Général Gallieni,82,,BH0716,1563071.12250000,5183782.25380000,1.23711067,45.84044362
87085_2140_00083,rue Général Gallieni,83,,BH0659,1563054.81260000,5183760.04230000,1.23690708,45.84024057
87085_2140_00084,rue Général Gallieni,84,,BH0717,1563061.66620000,5183777.71100000,1.23699026,45.84040087
87085_2140_00085,rue Général Gallieni,85,,BH0658,1563044.44350000,5183755.15700000,1.23677502,45.84019456
87085_2140_00086,rue Général Gallieni,86,,BH0718,1563052.56110000,5183773.30730000,1.23687433,45.84035945
87085_2140_00087,rue Général Gallieni,87,,BH0657,1563036.16280000,5183751.22410000,1.23666957,45.84015753
87085_2140_00088,rue Général Gallieni,88,,BH0719,1563043.27610000,5183768.93310000,1.23675607,45.84031825
87085_2140_00090,rue Général Gallieni,90,,BH0720,1563035.01800000,5183764.69490000,1.23665100,45.84027848
87085_2240_00001,rue George Sand,1,,CT0969,1565567.60800000,5184487.01700000,1.26904427,45.84727600
87085_2240_00003,rue George Sand,3,,CT0973,1565559.43080000,5184495.62560000,1.26893661,45.84735184
87085_2240_00004,rue George Sand,4,,CT0975,1565573.32740000,5184498.09050000,1.26911479,45.84737673
87085_2240_00005,rue George Sand,5,,CT0977,1565549.04510000,5184506.45499999,1.26879989,45.84744722
87085_2240_00006,rue George Sand,6,,CT0979,1565564.49900000,5184507.26130000,1.26899859,45.84745750
87085_2240_00007,rue George Sand,7,,CT0981,1565538.40560000,5184517.29060000,1.26865991,45.84754262
87085_2240_00008,rue George Sand,8,,CT0983,1565555.04260000,5184516.95350000,1.26887415,45.84754284
87085_2240_00009,rue George Sand,9,,CT0985,1565530.44380000,5184525.42730000,1.26855515,45.84761425
87085_2240_00010,rue George Sand,10,,CT0987,1565546.61010000,5184525.62440000,1.26876318,45.84761919
87085_2240_00011,rue George Sand,11,,CT0989,1565521.83130000,5184533.88180000,1.26844192,45.84768862
87085_2240_00012,rue George Sand,12,,CT0991,1565534.90100000,5184535.63090000,1.26860966,45.84770691
87085_2208_00001,rue Georges Beljean,1,,PY0065,1562017.46810000,5184332.87700000,1.22339179,45.84518612
87085_2208_00002,rue Georges Beljean,2,,PY0065,1561974.76490000,5184405.63490000,1.22282124,45.84583204
87085_2208_00003,rue Georges Beljean,3,,PY0065,1561982.98570000,5184357.96930000,1.22294075,45.84540492
87085_2208_00004,rue Georges Beljean,4,,PY0065,1561966.27860000,5184420.64180000,1.22270770,45.84596533
87085_2208_00005,rue Georges Beljean,5,,PY0065,1561955.21940000,5184368.32240000,1.22258038,45.84549247
87085_2208_00006,rue Georges Beljean,6,,PY0065,1561941.88800000,5184410.20630000,1.22239675,45.84586656
87085_2208_00007,rue Georges Beljean,7,,PY0065,1561951.97970000,5184374.67830000,1.22253686,45.84554900
87085_2208_00008,rue Georges Beljean,8,,PY0065,1561943.90510000,5184440.31880000,1.22241406,45.84613784
87085_2208_00009,rue Georges Beljean,9,,PY0065,1561875.39720000,5184422.14010000,1.22153749,45.84596056
87085_2208_00010,rue Georges Beljean,10,,PY0065,1561924.27320000,5184423.51510000,1.22216620,45.84598274
87085_2208_00011,rue Georges Beljean,11,,PY0065,1561838.57050000,5184439.14950000,1.22105858,45.84610617
87085_2208_00012,rue Georges Beljean,12,,PY0065,1561918.23420000,5184428.12140000,1.22208715,45.84602297
87085_2208_00015,rue Georges Beljean,15,,PY0065,1561910.94180000,5184465.39890000,1.22198257,45.84635683
87085_2208_00017,rue Georges Beljean,17,,PY0065,1561875.92830000,5184487.45740000,1.22152555,45.84654823
87085_0605_00002,rue Georges Bizet,2,,HY0167,1564115.46030000,5181588.36340000,1.25117172,45.82091550
87085_0605_00003,rue Georges Bizet,3,,HY0161,1564120.49620000,5181578.07350000,1.25123942,45.82082393
87085_0605_00004,rue Georges Bizet,4,,HY0168,1564103.56190000,5181587.32330000,1.25101893,45.82090379
87085_0605_00005,rue Georges Bizet,5,,HY0160,1564110.43360000,5181577.04510000,1.25111025,45.82081269
87085_0605_00006,rue Georges Bizet,6,,HY0171,1564091.61320000,5181585.89660000,1.25086561,45.82088859
87085_0605_00007,rue Georges Bizet,7,,HY0153,1564098.10330000,5181575.66550000,1.25095200,45.82079784
87085_0605_00008,rue Georges Bizet,8,,HY0172,1564072.04870000,5181583.91900000,1.25061445,45.82086694
87085_0605_00009,rue Georges Bizet,9,,HY0152,1564085.97310000,5181574.52200000,1.25079626,45.82078516
87085_0605_00011,rue Georges Bizet,11,,HY0151,1564070.40170000,5181573.13500000,1.25059631,45.82076961
87085_0605_00013,rue Georges Bizet,13,,HY0148,1564060.18300000,5181571.93430000,1.25046518,45.82075678
87085_0605_00014,rue Georges Bizet,14,,HY0445,1564056.13010000,5181582.50250000,1.25041005,45.82085105
87085_0605_00015,rue Georges Bizet,15,,HY0413,1564047.82490000,5181570.83490000,1.25030649,45.82074445
87085_0605_00018,rue Georges Bizet,18,,HY0175,1564027.65910000,5181579.41020000,1.25004462,45.82081761
87085_2210_00003,rue Georges Bonin,3,,BC0177,1563936.37330000,5183234.54500000,1.24840177,45.83568843
87085_2210_00004,rue Georges Bonin,4,,BD0223,1563926.81680000,5183255.31600000,1.24827291,45.83587339
87085_2210_00007,rue Georges Bonin,7,,BC0176,1563910.02240000,5183241.63910000,1.24806065,45.83574703
87085_2210_00008,rue Georges Bonin,8,,BD0138,1563912.36460000,5183255.82350000,1.24808678,45.83587509
87085_2210_00010,rue Georges Bonin,10,,BD0139,1563902.55990000,5183252.21050000,1.24796162,45.83584065
87085_2210_00011,rue Georges Bonin,11,,BC0175,1563895.26400000,5183236.33370000,1.24787222,45.83569639
87085_2210_00012,rue Georges Bonin,12,,BD0143,1563893.82920000,5183248.86070000,1.24785021,45.83580879
87085_2210_00014,rue Georges Bonin,14,,BD0144,1563884.98690000,5183245.77290000,1.24773729,45.83577927
87085_2210_00016,rue Georges Bonin,16,,BD0145,1563877.61540000,5183243.07300000,1.24764319,45.83575352
87085_2210_00018,rue Georges Bonin,18,,BD0148,1563870.91410000,5183240.62770000,1.24755764,45.83573020
87085_2210_00019,rue Georges Bonin,19,,BC0172,1563861.62430000,5183224.31610000,1.24744271,45.83558162
87085_2210_00020,rue Georges Bonin,20,,BD0149,1563864.97690000,5183238.49340000,1.24748184,45.83570982
87085_2210_00021,rue Georges Bonin,21,,BC0329,1563854.21600000,5183221.45860000,1.24734800,45.83555400
87085_2210_00022,rue Georges Bonin,22,,BD0204,1563855.51530000,5183234.99540000,1.24736107,45.83567648
87085_2210_00024,rue Georges Bonin,24,,BD0205,1563844.30400000,5183231.05690000,1.24721790,45.83563883
87085_2210_00025,rue Georges Bonin,25,,BC0169,1563839.63630000,5183216.31390000,1.24716201,45.83550529
87085_2210_00026,rue Georges Bonin,26,,BD0153,1563837.06010000,5183228.53800000,1.24712539,45.83561474
87085_2210_00028,rue Georges Bonin,28,,BD0154,1563830.50020000,5183226.04150000,1.24704168,45.83559098
87085_2210_00030,rue Georges Bonin,30,,BD0155,1563823.03640000,5183223.36110000,1.24694638,45.83556539
87085_2210_00032,rue Georges Bonin,32,,BD0156,1563814.19300000,5183220.16010000,1.24683348,45.83553485
87085_0700_00001,rue Georges Braque,1,,SP0277,1565662.08530000,5185396.62250000,1.27000603,45.85547691
87085_0700_00002,rue Georges Braque,2,,SP0068,1565642.14750000,5185387.49930000,1.26975190,45.85539094
87085_0700_00003,rue Georges Braque,3,,SP0277,1565665.62960000,5185386.22760000,1.27005457,45.85538409
87085_0700_00004,rue Georges Braque,4,,SP0069,1565648.77390000,5185368.98760000,1.26984239,45.85522571
87085_0700_00005,rue Georges Braque,5,,SP0277,1565670.60040000,5185374.16230000,1.27012193,45.85527653
87085_0700_00006,rue Georges Braque,6,,SP0070,1565656.46210000,5185348.14280000,1.26994720,45.85503970
87085_0700_00007,rue Georges Braque,7,,SP0280,1565682.76620000,5185354.14020000,1.27028415,45.85509879
87085_0700_00008,rue Georges Braque,8,,SP0071,1565663.14760000,5185330.26870000,1.27003826,45.85488022
87085_0700_00009,rue Georges Braque,9,,SP0280,1565689.18580000,5185336.77910000,1.27037165,45.85494387
87085_0700_00010,rue Georges Braque,10,,SP0282,1565710.85700000,5185311.30320000,1.27065776,45.85471894
87085_0700_00012,rue Georges Braque,12,,SP0282,1565728.94180000,5185317.83120000,1.27088876,45.85478119
87085_0700_00014,rue Georges Braque,14,,SP0282,1565746.53150000,5185324.37890000,1.27111337,45.85484353
87085_0700_00016,rue Georges Braque,16,,SP0282,1565765.25410000,5185331.09320000,1.27135252,45.85490758
87085_0700_00018,rue Georges Braque,18,,SP0080,1565754.36800000,5185362.50150000,1.27120360,45.85518799
87085_0700_00020,rue Georges Braque,20,,SP0081,1565747.94190000,5185379.72590000,1.27111606,45.85534168
87085_0700_00022,rue Georges Braque,22,,SP0082,1565741.01060000,5185398.83240000,1.27102149,45.85551220
87085_0700_00024,rue Georges Braque,24,,SP0083,1565733.13460000,5185420.46790000,1.27091404,45.85570529
87085_0700_00045,rue Georges Braque,45,,SP0277,1565726.83420000,5185383.48490000,1.27084327,45.85537138
87085_0700_00047,rue Georges Braque,47,,SP0277,1565721.54070000,5185396.91780001,1.27077137,45.85549118
87085_0700_00049,rue Georges Braque,49,,SP0277,1565719.00950000,5185403.29340000,1.27073700,45.85554804
87085_0700_00053,rue Georges Braque,53,,SP0277,1565715.43970000,5185412.57360000,1.27068845,45.85563082
87085_2212_00002,rue Georges Brassens,2,,SE0097,1557704.44550000,5187887.12910000,1.16682523,45.87627870
87085_2212_00003,rue Georges Brassens,3,,SE0022,1557704.46520000,5187866.42160000,1.16683162,45.87609243
87085_2212_00004,rue Georges Brassens,4,,SE0012,1557672.73770000,5187835.03280000,1.16643234,45.87580351
87085_2212_00005,rue Georges Brassens,5,,SE0021,1557694.96340000,5187849.27630000,1.16671434,45.87593624
87085_2212_00010,rue Georges Brassens,10,,SE0014,1557629.94200000,5187761.10800000,1.16590313,45.87512967
87085_2212_00012,rue Georges Brassens,12,,SE0015,1557608.66710000,5187725.75920000,1.16563964,45.87480729
87085_2212_00015,rue Georges Brassens,15,,SE0019,1557595.99900000,5187672.90250000,1.16549218,45.87432920
87085_2217_00014,rue Georges Briquet,14,,OI0226,1562782.43040000,5183869.49010000,1.23337021,45.84117081
87085_2218_00005,rue Georges Constanty,5,,LA0086,1568513.62670000,5191468.64460000,1.30505301,45.91064998
87085_2218_00008,rue Georges Constanty,8,,LC0040,1568491.26260000,5191451.82980000,1.30476942,45.91049444
87085_2218_00011,rue Georges Constanty,11,,LA0085,1568564.41710000,5191487.71110000,1.30570230,45.91083122
87085_2218_00012,rue Georges Constanty,12,,LC0042,1568517.86420000,5191459.22140000,1.30511020,45.91056602
87085_2218_00013,rue Georges Constanty,13,,LA0166,1568583.34550000,5191495.86530000,1.30594400,45.91090800
87085_2218_00019,rue Georges Constanty,19,,LB0013,1568667.80680000,5191527.28780000,1.30702383,45.91120701
87085_2218_00021,rue Georges Constanty,21,,LB0018,1568780.47780000,5191481.00200000,1.30848848,45.91081218
87085_2218_00050,rue Georges Constanty,50,,LB0026,1569082.91660000,5191656.97950000,1.31233790,45.91245293
87085_2218_00064,rue Georges Constanty,64,,LB0023,1569305.38220000,5191794.17640000,1.31516746,45.91372947
87085_1355_00005,rue Georges Courteline,5,,DW0012,1564853.01600000,5183120.36700000,1.26023040,45.83484209
87085_1355_00007,rue Georges Courteline,7,,DW0011,1564836.83010000,5183109.67420000,1.26002510,45.83474272
87085_1355_00009,rue Georges Courteline,9,,DW0198,1564821.75230000,5183100.18760000,1.25983374,45.83465442
87085_2232_00003,rue Georges Duhamel,3,,RC0121,1560929.98050000,5184376.42010000,1.20938183,45.84535871
87085_2232_00004,rue Georges Duhamel,4,,RC0078,1560952.57260000,5184371.00020000,1.20967418,45.84531452
87085_2232_00005,rue Georges Duhamel,5,,RC0122,1560891.36180000,5184367.78110000,1.20888725,45.84527319
87085_2232_00006,rue Georges Duhamel,6,,RC0076,1560938.59830000,5184384.47220000,1.20949042,45.84543288
87085_2232_00007,rue Georges Duhamel,7,,RC0123,1560872.71300000,5184356.09760000,1.20865060,45.84516431
87085_2232_00008,rue Georges Duhamel,8,,RC0175,1560919.53600000,5184397.67350000,1.20924124,45.84554778
87085_2232_00009,rue Georges Duhamel,9,,RC0124,1560851.57640000,5184343.13030000,1.20838230,45.84504339
87085_2232_00010,rue Georges Duhamel,10,,RC0073,1560906.30510000,5184390.03360000,1.20907315,45.84547638
87085_2232_00011,rue Georges Duhamel,11,,RC0125,1560824.25930000,5184326.83610000,1.20803542,45.84489129
87085_2232_00012,rue Georges Duhamel,12,,RC0072,1560886.84760000,5184378.42100000,1.20882607,45.84536798
87085_2232_00014,rue Georges Duhamel,14,,RC0071,1560865.48000000,5184365.25360000,1.20855485,45.84524521
87085_2232_00016,rue Georges Duhamel,16,,RC0070,1560845.85630000,5184353.56470000,1.20830566,45.84513609
87085_2232_00018,rue Georges Duhamel,18,,RC0068,1560819.93030000,5184337.72670000,1.20797654,45.84498838
87085_2230_00004,rue Georges Fourest,4,,CN0288,1566012.77320000,5184356.54650000,1.27481082,45.84618923
87085_2230_00006,rue Georges Fourest,6,,CN0222,1566026.61110000,5184385.04560000,1.27498099,45.84644830
87085_2230_00008,rue Georges Fourest,8,,CN0647,1566031.76310000,5184398.08640000,1.27504367,45.84656661
87085_2230_00009,rue Georges Fourest,9,,CN0607,1566033.96770000,5184424.78450000,1.27506460,45.84680721
87085_2230_00010,rue Georges Fourest,10,,CN0455,1566037.48900000,5184415.70520000,1.27511246,45.84672622
87085_2230_00011,rue Georges Fourest,11,,CN0607,1566041.87850000,5184446.58080000,1.27516035,45.84700482
87085_2230_00012,rue Georges Fourest,12,,CN0220,1566041.57690000,5184427.22180000,1.27516187,45.84683061
87085_2230_00017,rue Georges Fourest,17,,CN0627,1566053.41050000,5184479.08650000,1.27529973,45.84729947
87085_2230_00019,rue Georges Fourest,19,,CN0627,1566065.82710000,5184506.54640000,1.27545190,45.84754891
87085_2230_00020,rue Georges Fourest,20,,CN0759,1566074.24520000,5184510.33190000,1.27555921,45.84758460
87085_2230_00022,rue Georges Fourest,22,,CN0430,1566078.23910000,5184518.96870000,1.27560821,45.84766307
87085_2230_00025,rue Georges Fourest,25,,CN0627,1566072.62900000,5184521.05080000,1.27553542,45.84768071
87085_2230_00026,rue Georges Fourest,26,,CN0529,1566087.52530000,5184537.36970000,1.27572261,45.84783041
87085_2230_00028,rue Georges Fourest,28,,CN0529,1566094.45020000,5184546.77050000,1.27580913,45.84791633
87085_2230_00029,rue Georges Fourest,29,,CN0660,1566078.24620000,5184544.55150000,1.27560117,45.84789321
87085_2230_00030,rue Georges Fourest,30,,CN0529,1566100.69690000,5184556.67880000,1.27588678,45.84800667
87085_2230_00031,rue Georges Fourest,31,,CN0666,1566083.37300000,5184559.37650000,1.27566303,45.84802757
87085_2222_00001,rue Georges Lapierre,1,,SZ0016,1566786.88690000,5181143.42780000,1.28566538,45.81743555
87085_2222_00002,rue Georges Lapierre,2,,SZ0020,1566776.54030000,5181139.93180000,1.28553323,45.81740210
87085_2222_00003,rue Georges Lapierre,3,,SZ0014,1566790.07460000,5181123.82090000,1.28571182,45.81725979
87085_2222_00004,rue Georges Lapierre,4,,SZ0019,1566780.61330000,5181118.05630000,1.28559169,45.81720610
87085_2222_00005,rue Georges Lapierre,5,,SZ0013,1566793.10240000,5181106.52560000,1.28575556,45.81710479
87085_2222_00006,rue Georges Lapierre,6,,SZ0018,1566775.46470000,5181090.45270000,1.28553310,45.81695679
87085_2222_00007,rue Georges Lapierre,7,,SZ0011,1566790.25880000,5181091.81780000,1.28572305,45.81697194
87085_2222_00008,rue Georges Lapierre,8,,SZ0022,1566745.83950000,5181087.39080000,1.28515282,45.81692351
87085_2222_00010,rue Georges Lapierre,10,,SZ0024,1566726.44590000,5181086.57600000,1.28490355,45.81691242
87085_2222_00012,rue Georges Lapierre,12,,SZ0025,1566717.83020000,5181081.18470000,1.28479420,45.81686226
87085_2234_00002,rue Georges Magadoux,2,,IN0419,1563720.88270000,5182187.43760000,1.24592539,45.82622645
87085_2234_00004,rue Georges Magadoux,4,,IN0419,1563747.60180000,5182183.62710000,1.24627027,45.82619746
87085_2234_00005,rue Georges Magadoux,5,,IM0646,1563698.63140000,5182207.72040000,1.24563334,45.82640449
87085_2234_00006,rue Georges Magadoux,6,,IN0419,1563768.30640000,5182176.67130000,1.24653865,45.82613899
87085_2234_00006_bis,rue Georges Magadoux,6,bis,IN0419,1563782.51320000,5182172.56330000,1.24672261,45.82610485
87085_2234_00007,rue Georges Magadoux,7,,IM0349,1563701.50500000,5182218.32590000,1.24566730,45.82650047
87085_2234_00009,rue Georges Magadoux,9,,IM0350,1563704.00950000,5182227.49490000,1.24569693,45.82658344
87085_2234_00011,rue Georges Magadoux,11,,IM0351,1563706.44500000,5182237.25570000,1.24572550,45.82667173
87085_2234_00014,rue Georges Magadoux,14,,IM0346,1563729.20520000,5182278.99390000,1.24600653,45.82705170
87085_2234_00015,rue Georges Magadoux,15,,IM0353,1563713.08010000,5182262.24990000,1.24580379,45.82689788
87085_2234_00016,rue Georges Magadoux,16,,IM0345,1563731.89330000,5182289.85130000,1.24603804,45.82714990
87085_2234_00017,rue Georges Magadoux,17,,IM0354,1563715.91310000,5182272.31250000,1.24583739,45.82698896
87085_2234_00018,rue Georges Magadoux,18,,IM0344,1563735.26390000,5182302.24290000,1.24607790,45.82726204
87085_2234_00019,rue Georges Magadoux,19,,IM0355,1563720.52440000,5182290.04020000,1.24589170,45.82714934
87085_2234_00020,rue Georges Magadoux,20,,IM0343,1563738.72390000,5182315.73670000,1.24611860,45.82738410
87085_2234_00021,rue Georges Magadoux,21,,IM0356,1563724.52350000,5182304.68180000,1.24593901,45.82728185
87085_2234_00022,rue Georges Magadoux,22,,IM0343,1563748.87940000,5182321.28790000,1.24624770,45.82743605
87085_2234_00023,rue Georges Magadoux,23,,IM0357,1563726.72340000,5182312.40530000,1.24596513,45.82735176
87085_2234_00024,rue Georges Magadoux,24,,IM0342,1563767.74600000,5182317.34600000,1.24649158,45.82740433
87085_2234_00025,rue Georges Magadoux,25,,IM0310,1563728.97780000,5182320.27160000,1.24599191,45.82742297
87085_2234_00027,rue Georges Magadoux,27,,IM0299,1563734.72460000,5182337.02920000,1.24606110,45.82757485
87085_2234_00029,rue Georges Magadoux,29,,IM0311,1563750.72730000,5182331.17190000,1.24626868,45.82752533
87085_2234_00031,rue Georges Magadoux,31,,IM0312,1563767.12990000,5182327.77320000,1.24648070,45.82749801
87085_5498_00024,rue Germaine Ribière,24,,LI0052,1567869.40020000,5189681.93440000,1.29724333,45.89445381
87085_2260_00001,rue Gluck,1,,EX0279,1566008.61140000,5181105.59280000,1.27566332,45.81694405
87085_2260_00007,rue Gluck,7,,EX0022,1566045.45270000,5181078.89350000,1.27614472,45.81671104
87085_2260_00007_ter,rue Gluck,7,ter,EX0024,1566073.12760000,5181060.21220000,1.27650596,45.81654838
87085_2260_00008,rue Gluck,8,,EX0562,1566038.88430000,5181055.10250000,1.27606684,45.81649575
87085_2260_00010,rue Gluck,10,,EX0039,1566059.45720000,5181034.76130000,1.27633717,45.81631677
87085_2260_00011,rue Gluck,11,,EX0525,1566048.56780000,5181063.18370000,1.27618917,45.81657033
87085_2260_00013,rue Gluck,13,,EX0525,1566053.79210000,5181057.98130000,1.27625783,45.81652455
87085_2260_00016,rue Gluck,16,,EX0233,1566073.26870000,5181006.41630000,1.27652275,45.81606448
87085_2260_00017,rue Gluck,17,,EX0287,1566060.41280000,5181050.20840000,1.27634517,45.81645591
87085_2260_00018,rue Gluck,18,,EX0408,1566079.32740000,5180993.05100000,1.27660441,45.81594543
87085_2260_00020_d,rue Gluck,20,d,EX0049,1566058.17340000,5180964.69170000,1.27634017,45.81568620
87085_2260_00020_e,rue Gluck,20,e,EX0048,1566065.39170000,5180968.12240000,1.27643208,45.81571847
87085_2260_00022,rue Gluck,22,,EX0429,1566059.95500000,5180983.86760000,1.27635775,45.81585905
87085_2260_00023,rue Gluck,23,,EX0031,1566081.01940000,5181010.31960000,1.27662137,45.81610110
87085_2260_00024,rue Gluck,24,,EX0418,1566095.91590000,5180969.77180000,1.27682430,45.81573925
87085_2260_00025,rue Gluck,25,,EX0199,1566087.75120000,5180994.57240000,1.27671236,45.81596076
87085_2260_00026,rue Gluck,26,,EX0428,1566109.78180000,5180962.50410000,1.27700471,45.81567657
87085_2260_00029,rue Gluck,29,,EX0426,1566095.31700000,5180983.36180000,1.27681281,45.81586138
87085_2260_00031,rue Gluck,31,,EX0503,1566106.48360000,5180975.01980000,1.27695879,45.81578851
87085_2260_00031_b,rue Gluck,31,b,EX0503,1566112.30440000,5180972.85020000,1.27703400,45.81577000
87085_2270_00001,rue Gondinet,1,,DY0078,1564589.50800000,5182484.28090000,1.25701846,45.82906829
87085_2270_00003,rue Gondinet,3,,DY0077,1564581.33710000,5182477.60750000,1.25691520,45.82900665
87085_2270_00004,rue Gondinet,4,,DL0068,1564565.81370000,5182487.10290000,1.25671277,45.82908901
87085_2270_00004_bis,rue Gondinet,4,bis,DL0068,1564561.69030000,5182488.86390000,1.25665922,45.82910404
87085_2270_00005,rue Gondinet,5,,DY0068,1564577.82320000,5182474.37630000,1.25687089,45.82897689
87085_2270_00006,rue Gondinet,6,,DL0065,1564575.08380000,5182479.64640000,1.25683416,45.82902376
87085_2270_00007,rue Gondinet,7,,DY0532,1564573.13460000,5182470.33290000,1.25681170,45.82893959
87085_2270_00008,rue Gondinet,8,,DL0066,1564569.89510000,5182475.42330000,1.25676858,45.82898475
87085_2270_00009,rue Gondinet,9,,DY0501,1564570.49580000,5182468.26450000,1.25677833,45.82892047
87085_2270_00010,rue Gondinet,10,,DL0067,1564565.63530000,5182471.91110000,1.25671476,45.82895231
87085_2270_00011,rue Gondinet,11,,DY0065,1564567.10380000,5182465.18020000,1.25673555,45.82889205
87085_2270_00011_bis,rue Gondinet,11,bis,DY0065,1564562.97190000,5182461.58200000,1.25668339,45.82885887
87085_2270_00012,rue Gondinet,12,,DL0199,1564561.68970000,5182468.64640000,1.25666490,45.82892217
87085_2270_00013,rue Gondinet,13,,DY0064,1564558.99560000,5182458.55210000,1.25663308,45.82883083
87085_2270_00014,rue Gondinet,14,,DL0070,1564558.62720000,5182466.04730000,1.25662623,45.82889819
87085_2270_00015,rue Gondinet,15,,DY0560,1564547.66290000,5182448.97380000,1.25648995,45.82874244
87085_2270_00017,rue Gondinet,17,,DY0001,1564538.34260000,5182441.48650000,1.25637213,45.82867325
87085_2270_00018,rue Gondinet,18,,DL0071,1564552.14270000,5182460.67600000,1.25654430,45.82884859
87085_2270_00020,rue Gondinet,20,,DL0072,1564546.83950000,5182456.32030000,1.25647729,45.82880836
87085_2270_00022,rue Gondinet,22,,DL0083,1564538.43120000,5182449.69290000,1.25637096,45.82874709
87085_2280_00002,rue Gouffier de Lastours,2,,CW0133,1564863.66430000,5183845.55090000,1.26016354,45.84136764
87085_2280_00004,rue Gouffier de Lastours,4,,CW0082,1564856.03160000,5183842.69320000,1.26006611,45.84134043
87085_2280_00012,rue Gouffier de Lastours,12,,CW0022,1564791.93010000,5183818.12860000,1.25924799,45.84110686
87085_2280_00013,rue Gouffier de Lastours,13,,CW0039,1564778.07060000,5183799.34150000,1.25907490,45.84093513
87085_2280_00015,rue Gouffier de Lastours,15,,CW0040,1564766.29900000,5183794.46920000,1.25892477,45.84088899
87085_2280_00016,rue Gouffier de Lastours,16,,CW0021,1564771.40390000,5183810.14500000,1.25898606,45.84103100
87085_2280_00018,rue Gouffier de Lastours,18,,CW0020,1564761.56000000,5183806.46080000,1.25886040,45.84099593
87085_2280_00020,rue Gouffier de Lastours,20,,CW0013,1564736.20950000,5183796.53400000,1.25853692,45.84090164
87085_2280_00021,rue Gouffier de Lastours,21,,CW0006,1564714.56230000,5183774.77670000,1.25826443,45.84070166
87085_2280_00022,rue Gouffier de Lastours,22,,CW0012,1564727.74060000,5183793.27920000,1.25842884,45.84087070
87085_2280_00024,rue Gouffier de Lastours,24,,CW0142,1564722.09720000,5183791.22820000,1.25835678,45.84085114
87085_2280_00024_bis,rue Gouffier de Lastours,24,bis,CW0141,1564718.44350000,5183789.76930000,1.25831017,45.84083729
87085_2280_00026,rue Gouffier de Lastours,26,,CW0009,1564711.74900000,5183787.63650000,1.25822460,45.84081679
87085_2285_00001,rue Gounod,1,,HY0166,1564136.38710000,5181627.64580000,1.25142986,45.82127300
87085_2285_00005,rue Gounod,5,,HY0169,1564098.98520000,5181623.42640000,1.25094985,45.82122765
87085_2285_00006,rue Gounod,6,,HY0261,1564101.81980000,5181636.81460000,1.25098253,45.82134865
87085_2285_00007,rue Gounod,7,,HY0170,1564084.56280000,5181621.77380000,1.25076476,45.82120994
87085_2285_00008,rue Gounod,8,,HY0260,1564087.98800000,5181635.23740000,1.25080502,45.82133173
87085_2285_00012,rue Gounod,12,,HY0259,1564063.91910000,5181632.57390000,1.25049611,45.82130301
87085_2285_00013,rue Gounod,13,,HY0446,1564051.18530000,5181618.21780000,1.25033633,45.82117135
87085_2285_00014,rue Gounod,14,,HY0256,1564052.70920000,5181631.45310000,1.25035220,45.82129071
87085_2285_00015,rue Gounod,15,,HY0174,1564040.83790000,5181616.96610000,1.25020356,45.82115805
87085_2285_00017,rue Gounod,17,,HY0176,1564027.96420000,5181615.63090000,1.25003830,45.82114349
87085_2285_00018,rue Gounod,18,,HY0429,1564032.56360000,5181629.13900000,1.25009366,45.82126592
87085_2295_00001,rue Goya,1,,IX0243,1562945.19790000,5182690.66150000,1.23580122,45.83059909
87085_2295_00003,rue Goya,3,,IX0242,1562944.08150000,5182683.51020000,1.23578889,45.83053453
87085_2295_00005,rue Goya,5,,IX0241,1562943.17700000,5182675.56810000,1.23577952,45.83046291
87085_2295_00006,rue Goya,6,,IX0589,1562931.71320000,5182666.77530000,1.23563451,45.83038153
87085_2295_00007,rue Goya,7,,IX0240,1562941.97750000,5182667.62840000,1.23576634,45.83039125
87085_2295_00009,rue Goya,9,,IX0239,1562940.87660000,5182660.12800000,1.23575432,45.83032356
87085_2295_00010,rue Goya,10,,IX0189,1562926.82670000,5182647.35200000,1.23557717,45.83020583
87085_2295_00011,rue Goya,11,,IX0238,1562936.98910000,5182645.95450000,1.23570833,45.83019529
87085_2295_00012,rue Goya,12,,IX0190,1562922.79670000,5182636.29120000,1.23552846,45.83010553
87085_2295_00013,rue Goya,13,,IX0237,1562932.86930000,5182634.94010000,1.23565846,45.83009538
87085_2295_00014,rue Goya,14,,IX0191,1562920.06770000,5182629.03380000,1.23549541,45.83003970
87085_2295_00015,rue Goya,15,,IX0236,1562930.28340000,5182628.05160000,1.23562715,45.83003290
87085_2295_00016,rue Goya,16,,IX0192,1562917.52980000,5182621.27540000,1.23546497,45.82996941
87085_2295_00017,rue Goya,17,,IX0235,1562927.15770000,5182619.95760000,1.23558924,45.82995947
87085_2295_00018,rue Goya,18,,IX0193,1562914.42410000,5182612.56130000,1.23542749,45.82989040
87085_2295_00019,rue Goya,19,,IX0234,1562924.49500000,5182612.82980000,1.23555700,45.82989482
87085_2295_00020,rue Goya,20,,IX0194,1562911.76930000,5182605.83900000,1.23539525,45.82982940
87085_2295_00021,rue Goya,21,,IX0233,1562921.89410000,5182605.33150000,1.23552567,45.82982685
87085_2295_00022,rue Goya,22,,IX0195,1562908.70570000,5182598.02470000,1.23535805,45.82975849
87085_2295_00024,rue Goya,24,,IX0196,1562906.13440000,5182590.46620000,1.23532712,45.82968999
87085_2295_00025,rue Goya,25,,IX0232,1562941.07200000,5182580.89330000,1.23577942,45.82961084
87085_2295_00026,rue Goya,26,,IX0197,1562889.41660000,5182569.85340000,1.23511788,45.82950123
87085_2295_00027,rue Goya,27,,IX0231,1562933.69120000,5182577.64360000,1.23568537,45.82958014
87085_2295_00028,rue Goya,28,,IX0198,1562880.21310000,5182566.24850000,1.23500048,45.82946697
87085_2295_00029,rue Goya,29,,IX0230,1562926.30410000,5182574.24390000,1.23559128,45.82954808
87085_2295_00030,rue Goya,30,,IX0199,1562872.27890000,5182562.95980000,1.23489932,45.82943581
87085_2295_00031,rue Goya,31,,IX0229,1562918.90660000,5182571.53750000,1.23549687,45.82952226
87085_2295_00032,rue Goya,32,,IX0200,1562865.01070000,5182559.67270000,1.23480673,45.82940479
87085_2295_00033,rue Goya,33,,IX0228,1562911.13820000,5182568.44770000,1.23539779,45.82949292
87085_2295_00034,rue Goya,34,,IX0201,1562856.22500000,5182555.84440000,1.23469477,45.82936860
87085_2295_00035,rue Goya,35,,IX0227,1562901.30120000,5182564.37820000,1.23527237,45.82945435
87085_2295_00037,rue Goya,37,,IX0226,1562889.69140000,5182559.38290000,1.23512440,45.82940710
87085_2295_00041,rue Goya,41,,IX0225,1562872.61470000,5182551.90020000,1.23490679,45.82933639
87085_2634_00002,rue Greuze,2,,RS0046,1561815.97690000,5185466.32250000,1.22047232,45.85534153
87085_2634_00003,rue Greuze,3,,RS0038,1561806.77750000,5185486.39770000,1.22034812,45.85552027
87085_2634_00004,rue Greuze,4,,RS0045,1561817.84560000,5185492.14980000,1.22048895,45.85557424
87085_2634_00005,rue Greuze,5,,RS0039,1561804.69860000,5185516.32550000,1.22031274,45.85578907
87085_2634_00006,rue Greuze,6,,RS0192,1561816.66680000,5185517.90930000,1.22046637,45.85580572
87085_2634_00007,rue Greuze,7,,RS0034,1561763.75640000,5185525.01250000,1.21978316,45.85585898
87085_2634_00008,rue Greuze,8,,RS0191,1561792.26400000,5185530.43340000,1.22014861,45.85591347
87085_2634_00010,rue Greuze,10,,RS0040,1561770.78240000,5185534.08340000,1.21987101,45.85594199
87085_2360_00005,rue Gustave Courbet,5,,CN0673,1565953.49710000,5184673.22270000,1.27395948,45.84902637
87085_2360_00011,rue Gustave Courbet,11,,CN0346,1565925.22210000,5184694.04990000,1.27358971,45.84920821
87085_2360_00012,rue Gustave Courbet,12,,CM0633,1565915.18590000,5184717.44690000,1.27345399,45.84941673
87085_2360_00013,rue Gustave Courbet,13,,CN0347,1565913.95750000,5184702.01120000,1.27344248,45.84927763
87085_2360_00014,rue Gustave Courbet,14,,CM0632,1565904.60190000,5184725.45250000,1.27331551,45.84948668
87085_2360_00015,rue Gustave Courbet,15,,CN0348,1565904.88050000,5184708.45460000,1.27332384,45.84933383
87085_2360_00016,rue Gustave Courbet,16,,CM0278,1565894.52230000,5184732.61240000,1.27318376,45.84954912
87085_2360_00018,rue Gustave Courbet,18,,CM0668,1565884.73800000,5184739.37550000,1.27305592,45.84960805
87085_2360_00019,rue Gustave Courbet,19,,CN0349,1565881.18990000,5184725.67230000,1.27301408,45.84948409
87085_2360_00020,rue Gustave Courbet,20,,CM0869,1565878.48870000,5184744.02360000,1.27297418,45.84964864
87085_2360_00020_bis,rue Gustave Courbet,20,bis,CM0868,1565875.04350000,5184746.58790000,1.27292912,45.84967104
87085_2360_00021,rue Gustave Courbet,21,,CN0498,1565873.01520000,5184732.04500000,1.27290707,45.84953982
87085_2360_00022,rue Gustave Courbet,22,,CM0283,1565865.39370000,5184753.87240000,1.27280287,45.84973468
87085_2360_00023,rue Gustave Courbet,23,,CN0499,1565862.46940000,5184739.85820000,1.27276914,45.84960805
87085_2360_00024,rue Gustave Courbet,24,,CM0284,1565856.80560000,5184759.93190000,1.27269062,45.84978752
87085_2360_00026,rue Gustave Courbet,26,,CM0287,1565846.05690000,5184768.12670000,1.27254997,45.84985914
87085_2360_00027,rue Gustave Courbet,27,,CN0351,1565841.48530000,5184754.76730000,1.27249485,45.84973807
87085_2360_00028,rue Gustave Courbet,28,,CM0288,1565837.59670000,5184774.18510000,1.27243938,45.84991198
87085_2360_00029,rue Gustave Courbet,29,,CN0445,1565831.94290000,5184761.63660000,1.27237010,45.84979800
87085_2360_00031,rue Gustave Courbet,31,,CN0446,1565822.54410000,5184768.61800000,1.27224716,45.84985897
87085_2360_00032,rue Gustave Courbet,32,,CM0291,1565821.47900000,5184785.68400000,1.27222869,45.85001228
87085_2365_00001,rue Gustave Doré,1,,IV0245,1562839.24290000,5181775.90680000,1.23469872,45.82234925
87085_2365_00005,rue Gustave Doré,5,,IV0246,1562840.21580000,5181759.28840000,1.23471598,45.82219996
87085_2365_00008,rue Gustave Doré,8,,IV0392,1562831.79070000,5181756.14810000,1.23460848,45.82217003
87085_2365_00009,rue Gustave Doré,9,,None,1562816.80900000,5181729.78190000,1.23442324,45.82192986
87085_2365_00014,rue Gustave Doré,14,,IV0512,1562804.65960000,5181729.72580000,1.23426695,45.82192693
87085_2365_00016,rue Gustave Doré,16,,IV0666,1562795.73340000,5181720.46270000,1.23415474,45.82184183
87085_2365_00018,rue Gustave Doré,18,,IV0666,1562789.73180000,5181713.53910000,1.23407950,45.82177835
87085_2365_00020,rue Gustave Doré,20,,IV0530,1562782.90560000,5181706.65890000,1.23399364,45.82171510
87085_2372_00003,rue Gustave et Fernande Goetschel,3,,NI0329,1561394.48200000,5180945.85030000,1.21634959,45.81459287
87085_2372_00004,rue Gustave et Fernande Goetschel,4,,NI0325,1561390.50460000,5180965.81130000,1.21629267,45.81477163
87085_2372_00005,rue Gustave et Fernande Goetschel,5,,NI0330,1561381.14700000,5180928.70530000,1.21618298,45.81443596
87085_2372_00006,rue Gustave et Fernande Goetschel,6,,NI0326,1561382.51420000,5180949.08960000,1.21619470,45.81461960
87085_2372_00007,rue Gustave et Fernande Goetschel,7,,NI0331,1561370.69600000,5180921.08530000,1.21605073,45.81436530
87085_2372_00009,rue Gustave et Fernande Goetschel,9,,NI0332,1561361.38270000,5180917.69870000,1.21593190,45.81433296
87085_2372_00018,rue Gustave et Fernande Goetschel,18,,NI0334,1561316.57990000,5180994.80970000,1.21533330,45.81501760
87085_2372_00019,rue Gustave et Fernande Goetschel,19,,NI0366,1561303.28000000,5180981.04000000,1.21516620,45.81489104
87085_2372_00020,rue Gustave et Fernande Goetschel,20,,NI0335,1561320.60160000,5181005.44600000,1.21538199,45.81511407
87085_2372_00021,rue Gustave et Fernande Goetschel,21,,NI0365,1561305.66130000,5180993.47550000,1.21519325,45.81500338
87085_2372_00022,rue Gustave et Fernande Goetschel,22,,NI0336,1561324.09410000,5181013.70100000,1.21542454,45.81518904
87085_2372_00023,rue Gustave et Fernande Goetschel,23,,NI0364,1561308.99510000,5181005.69930000,1.21523261,45.81511401
87085_2372_00024,rue Gustave et Fernande Goetschel,24,,NI0337,1561328.06280000,5181022.27350000,1.21547312,45.81526695
87085_2372_00025,rue Gustave et Fernande Goetschel,25,,NI0363,1561314.39260000,5181018.74320000,1.21529828,45.81523244
87085_2372_00026,rue Gustave et Fernande Goetschel,26,,NI0338,1561331.23780000,5181029.73480000,1.21551182,45.81533471
87085_2372_00027,rue Gustave et Fernande Goetschel,27,,NI0362,1561320.74260000,5181032.87200000,1.21537590,45.81536081
87085_2372_00028,rue Gustave et Fernande Goetschel,28,,NI0339,1561334.73030000,5181038.30730000,1.21555428,45.81541253
87085_2372_00029,rue Gustave et Fernande Goetschel,29,,NI0361,1561325.36410000,5181045.60980000,1.21543168,45.81547633
87085_2372_00030,rue Gustave et Fernande Goetschel,30,,NI0340,1561336.42360000,5181047.72650000,1.21557334,45.81549760
87085_2372_00031,rue Gustave et Fernande Goetschel,31,,NI0360,1561328.85660000,5181061.69650000,1.21547197,45.81562174
87085_2372_00032,rue Gustave et Fernande Goetschel,32,,NI0341,1561338.32860000,5181059.57990000,1.21559443,45.81560461
87085_2372_00033,rue Gustave et Fernande Goetschel,33,,NI0359,1561329.33290000,5181077.25400000,1.21547361,45.81576178
87085_2372_00034,rue Gustave et Fernande Goetschel,34,,NI0342,1561340.08370000,5181069.56980000,1.21561413,45.81569483
87085_2372_00035,rue Gustave et Fernande Goetschel,35,,NI0358,1561331.39670000,5181092.17650000,1.21549586,45.81589643
87085_2372_00036,rue Gustave et Fernande Goetschel,36,,NI0343,1561340.18950000,5181082.26980000,1.21561183,45.81580909
87085_2372_00037,rue Gustave et Fernande Goetschel,37,,NI0357,1561335.79740000,5181110.05110000,1.21554732,45.81605811
87085_2372_00038,rue Gustave et Fernande Goetschel,38,,NI0344,1561343.09990000,5181091.63610000,1.21564657,45.81589393
87085_2372_00039,rue Gustave et Fernande Goetschel,39,,NI0356,1561316.37690000,5181126.29660000,1.21529280,45.81620033
87085_2372_00040,rue Gustave et Fernande Goetschel,40,,NI0345,1561346.03680000,5181102.45760000,1.21568124,45.81599187
87085_2372_00041,rue Gustave et Fernande Goetschel,41,,NI0355,1561325.22990000,5181134.69730000,1.21540427,45.81627769
87085_2372_00042,rue Gustave et Fernande Goetschel,42,,NI0346,1561347.22740000,5181113.70240000,1.21569331,45.81609326
87085_2372_00043,rue Gustave et Fernande Goetschel,43,,NI0354,1561330.92910000,5181145.08200000,1.21547459,45.81637225
87085_2372_00044,rue Gustave et Fernande Goetschel,44,,NI0347,1561344.97850000,5181126.66700000,1.21566064,45.81620943
87085_2372_00045,rue Gustave et Fernande Goetschel,45,,NI0353,1561340.61290000,5181156.82950000,1.21559579,45.81647988
87085_2372_00046,rue Gustave et Fernande Goetschel,46,,NI0348,1561351.19620000,5181137.64720000,1.21573747,45.81630946
87085_2372_00047,rue Gustave et Fernande Goetschel,47,,NI0352,1561349.76740000,5181169.42370000,1.21570993,45.81659501
87085_2372_00048,rue Gustave et Fernande Goetschel,48,,NI0349,1561361.67370000,5181145.37300000,1.21587003,45.81638107
87085_2372_00050,rue Gustave et Fernande Goetschel,50,,NI0350,1561369.29370000,5181153.70750000,1.21596566,45.81645757
87085_2372_00052,rue Gustave et Fernande Goetschel,52,,NI0351,1561364.00200000,5181160.58670000,1.21589560,45.81651839
87085_2370_00001,rue Gustave Flaubert,1,,HY0075,1564185.11530000,5181504.36700000,1.25209161,45.82017366
87085_2370_00005,rue Gustave Flaubert,5,,HY0074,1564201.59290000,5181506.22310000,1.25230308,45.82019361
87085_2370_00006,rue Gustave Flaubert,6,,HY0078,1564207.64410000,5181494.14230000,1.25238434,45.82008613
87085_2370_00007,rue Gustave Flaubert,7,,HY0073,1564209.00150000,5181507.03260000,1.25239817,45.82020235
87085_2370_00008,rue Gustave Flaubert,8,,HY0079,1564215.10180000,5181495.18340000,1.25248000,45.82009696
87085_2370_00010,rue Gustave Flaubert,10,,HY0080,1564223.02720000,5181496.04820000,1.25258172,45.82010631
87085_2370_00012,rue Gustave Flaubert,12,,HY0081,1564229.30350000,5181496.67630000,1.25266229,45.82011320
87085_2370_00013,rue Gustave Flaubert,13,,HY0066,1564237.56090000,5181510.42490000,1.25276465,45.82023850
87085_2370_00014,rue Gustave Flaubert,14,,HY0082,1564235.68910000,5181497.42620000,1.25274423,45.82012120
87085_2370_00015,rue Gustave Flaubert,15,,HY0065,1564244.15610000,5181511.12130000,1.25284930,45.82024607
87085_2370_00016,rue Gustave Flaubert,16,,HY0083,1564244.72760000,5181498.31070000,1.25286027,45.82013094
87085_2370_00017,rue Gustave Flaubert,17,,HY0064,1564251.72590000,5181512.13550000,1.25294641,45.82025669
87085_2370_00018,rue Gustave Flaubert,18,,HY0084,1564253.30020000,5181499.47280000,1.25297023,45.82014309
87085_2370_00019,rue Gustave Flaubert,19,,HY0063,1564261.09300000,5181513.08930000,1.25306665,45.82026712
87085_2370_00020,rue Gustave Flaubert,20,,HY0085,1564258.50200000,5181499.98760000,1.25303701,45.82014875
87085_2370_00021,rue Gustave Flaubert,21,,HY0062,1564273.03110000,5181514.55420000,1.25321983,45.82028265
87085_2370_00022,rue Gustave Flaubert,22,,HY0086,1564264.46120000,5181500.51420000,1.25311353,45.82015466
87085_2370_00023,rue Gustave Flaubert,23,,HY0469,1564285.51240000,5181516.15270000,1.25337996,45.82029949
87085_2370_00026,rue Gustave Flaubert,26,,HY0088,1564275.51000000,5181502.15610000,1.25325522,45.82017161
87085_2370_00028,rue Gustave Flaubert,28,,HY0089,1564281.85440000,5181502.75450000,1.25333668,45.82017824
87085_2370_00030,rue Gustave Flaubert,30,,HY0090,1564289.02630000,5181503.48510000,1.25342874,45.82018623
87085_2374_00003,rue Gustave Guillaumet,3,,KY0300,1567966.07150000,5192066.59460000,1.29783210,45.91592384
87085_2374_00005,rue Gustave Guillaumet,5,,KY0300,1567981.62900000,5192062.89040000,1.29803362,45.91589351
87085_2374_00007,rue Gustave Guillaumet,7,,KY0300,1567992.21240000,5192059.92710000,1.29817084,45.91586888
87085_2374_00009,rue Gustave Guillaumet,9,,KY0300,1568007.34660000,5192056.01130000,1.29836696,45.91583657
87085_2374_00011,rue Gustave Guillaumet,11,,KY0300,1568016.76580000,5192053.57710001,1.29848903,45.91581648
87085_2374_00015,rue Gustave Guillaumet,15,,KY0300,1568032.11170000,5192049.13210000,1.29868803,45.91577945
87085_2375_00002,rue Gustave Nadaud,2,,DN0015,1564365.62830000,5183150.29860000,1.25394973,45.83501539
87085_2375_00002_bis,rue Gustave Nadaud,2,bis,DN0014,1564363.54740000,5183162.53100000,1.25391950,45.83512501
87085_2375_00003,rue Gustave Nadaud,3,,DE0072,1564347.82410000,5183178.42140000,1.25371267,45.83526486
87085_2375_00004,rue Gustave Nadaud,4,,DN0012,1564359.88990000,5183186.09260000,1.25386579,45.83533624
87085_2375_00005,rue Gustave Nadaud,5,,DE0071,1564346.12840000,5183189.57440000,1.25368770,45.83536485
87085_2375_00006,rue Gustave Nadaud,6,,DN0011,1564357.14050000,5183201.44400000,1.25382607,45.83547379
87085_2375_00007,rue Gustave Nadaud,7,,DE0070,1564344.30320000,5183201.75830000,1.25366078,45.83547409
87085_2375_00008,rue Gustave Nadaud,8,,DN0098,1564355.70630000,5183210.74490000,1.25380499,45.83555718
87085_2375_00009,rue Gustave Nadaud,9,,DE0069,1564341.18630000,5183220.55240000,1.25361536,45.83564254
87085_2375_00010,rue Gustave Nadaud,10,,DN0100,1564354.19200000,5183220.06530000,1.25378287,45.83564072
87085_2375_00011,rue Gustave Nadaud,11,,DE0068,1564338.13890000,5183237.95500000,1.25357123,45.83579848
87085_2375_00012,rue Gustave Nadaud,12,,DN0008,1564352.35440000,5183231.40890000,1.25375602,45.83574240
87085_2375_00013,rue Gustave Nadaud,13,,DE0067,1564335.33800000,5183253.80580000,1.25353071,45.83594052
87085_2375_00014,rue Gustave Nadaud,14,,DN0007,1564350.35410000,5183244.32430000,1.25372663,45.83585819
87085_2375_00016,rue Gustave Nadaud,16,,DN0006,1564348.43980000,5183256.07900000,1.25369868,45.83596355
87085_2375_00017,rue Gustave Nadaud,17,,DE0063,1564331.20490000,5183279.20760000,1.25347035,45.83616821
87085_2375_00018,rue Gustave Nadaud,18,,DN0005,1564346.48580000,5183267.18420000,1.25367040,45.83606306
87085_2375_00019,rue Gustave Nadaud,19,,DE0062,1564329.20830000,5183290.42310000,1.25344149,45.83626870
87085_2375_00020,rue Gustave Nadaud,20,,DN0004,1564344.05500000,5183280.67250000,1.25363531,45.83618392
87085_2375_00022,rue Gustave Nadaud,22,,DN0003,1564342.91000000,5183287.43090000,1.25361867,45.83624449
87085_2375_00022_bis,rue Gustave Nadaud,22,bis,DN0001,1564341.65150000,5183296.14500000,1.25360001,45.83632263
87085_2375_00023,rue Gustave Nadaud,23,,DE0013,1564308.14780000,5183346.35020000,1.25315467,45.83676764
87085_2375_00025,rue Gustave Nadaud,25,,DE0012,1564297.41580000,5183368.50180000,1.25301030,45.83696479
87085_2375_00027,rue Gustave Nadaud,27,,DE0301,1564292.24900000,5183380.05590000,1.25294054,45.83706771
87085_2375_00028,rue Gustave Nadaud,28,,CZ0002,1564316.27770000,5183368.65430000,1.25325300,45.83696989
87085_2375_00029,rue Gustave Nadaud,29,,DE0003,1564284.17510000,5183396.72040000,1.25283193,45.83721602
87085_2375_00030,rue Gustave Nadaud,30,,CZ0003,1564309.86800000,5183382.00090000,1.25316674,45.83708868
87085_2375_00031,rue Gustave Nadaud,31,,DE0002,1564278.38160000,5183408.75950000,1.25275397,45.83732318
87085_2375_00032,rue Gustave Nadaud,32,,CZ0199,1564297.67690000,5183406.50820000,1.25300293,45.83730673
87085_2375_00034,rue Gustave Nadaud,34,,CZ0006,1564289.47340000,5183423.21380000,1.25289264,45.83745539
87085_2380_00002,rue Gutenberg,2,,CX0169,1564590.00030000,5183837.72030000,1.25664353,45.84124336
87085_2380_00003,rue Gutenberg,3,,CX0240,1564586.97780000,5183850.84840000,1.25660093,45.84136086
87085_2380_00004,rue Gutenberg,4,,CX0169,1564598.33740000,5183843.57210000,1.25674919,45.84129764
87085_2380_00005,rue Gutenberg,5,,CX0210,1564598.42900000,5183859.44810000,1.25674589,45.84144047
87085_2380_00006,rue Gutenberg,6,,CX0170,1564609.82790000,5183851.41680000,1.25689487,45.84137047
87085_2380_00008,rue Gutenberg,8,,CX0321,1564617.43270000,5183856.98460000,1.25699118,45.84142205
87085_2380_00009,rue Gutenberg,9,,CX0242,1564632.75280000,5183883.71720000,1.25718083,45.84166555
87085_2380_00010,rue Gutenberg,10,,CX0175,1564622.67650000,5183861.15720000,1.25705749,45.84146062
87085_2380_00012,rue Gutenberg,12,,CX0176,1564627.19160000,5183864.14030000,1.25711476,45.84148834
87085_2380_00014,rue Gutenberg,14,,CX0179,1564632.82040000,5183867.72970000,1.25718620,45.84152174
87085_2388_00002,rue Guy Moquet,2,,LM0086,1567557.75510000,5188975.36680000,1.29342348,45.88803780
87085_2388_00015,rue Guy Moquet,15,,LL0030,1567594.65070000,5189454.93090000,1.29376640,45.89235888
87085_2388_00019,rue Guy Moquet,19,,LL0041,1567582.45540000,5189388.70210000,1.29362757,45.89176076
87085_2388_00021,rue Guy Moquet,21,,LM0084,1567567.07200000,5189305.84790000,1.29345227,45.89101247
87085_2388_00029,rue Guy Moquet,29,,LM0113,1567535.51700000,5189085.42180000,1.29310664,45.88902352
87085_2388_00033,rue Guy Moquet,33,,LM0079,1567565.41920000,5188990.40380000,1.29351806,45.88817454
87085_2390_00001,rue Guynemer,1,,OO0076,1561403.38070000,5181895.02530000,1.21619055,45.82313296
87085_2390_00003,rue Guynemer,3,,OO0078,1561382.67480000,5181901.24200000,1.21592235,45.82318471
87085_2390_00005,rue Guynemer,5,,OO0079,1561369.05130000,5181905.06470000,1.21574597,45.82321636
87085_2390_00010,rue Guynemer,10,,OO0083,1561346.22580000,5181919.32640000,1.21544818,45.82334005
87085_2397_00001,rue Harry Baur,1,,SR0037,1567224.62160000,5186486.31080000,1.28982078,45.86558291
87085_2397_00002,rue Harry Baur,2,,SR0055,1567231.39260000,5186479.64470000,1.28990980,45.86552426
87085_2397_00003,rue Harry Baur,3,,SR0038,1567236.48070000,5186502.77320000,1.28996893,45.86573330
87085_2397_00004,rue Harry Baur,4,,SR0054,1567243.31970000,5186496.03460000,1.29005885,45.86567400
87085_2397_00005,rue Harry Baur,5,,SR0039,1567247.62400000,5186518.59900000,1.29010803,45.86587781
87085_2397_00006,rue Harry Baur,6,,SR0053,1567257.35240000,5186515.08410000,1.29023427,45.86584807
87085_2397_00007,rue Harry Baur,7,,SR0040,1567227.22370000,5186545.85810000,1.28983782,45.86611908
87085_2397_00008,rue Harry Baur,8,,SR0048,1567266.05640000,5186538.91360000,1.29033976,45.86606411
87085_2397_00009,rue Harry Baur,9,,SR0041,1567208.47990000,5186552.32980000,1.28959467,45.86617368
87085_2397_00010,rue Harry Baur,10,,SR0047,1567248.48840000,5186548.63190000,1.29011086,45.86614814
87085_2397_00011,rue Harry Baur,11,,SR0043,1567190.19090000,5186558.93270000,1.28935735,45.86622954
87085_2397_00012,rue Harry Baur,12,,SR0046,1567229.25550000,5186555.50310000,1.28986131,45.86620624
87085_2397_00014,rue Harry Baur,14,,SR0045,1567210.05220000,5186562.25900000,1.28961217,45.86626330
87085_2397_00015,rue Harry Baur,15,,SR0031,1567148.92240000,5186562.03450000,1.28882510,45.86624947
87085_2397_00016,rue Harry Baur,16,,SR0044,1567190.74000000,5186569.15380000,1.28936159,45.86632159
87085_2397_00017,rue Harry Baur,17,,SR0032,1567142.06010000,5186543.31360000,1.28874192,45.86607974
87085_2397_00018,rue Harry Baur,18,,SR0030,1567168.36320000,5186577.18580000,1.28907124,45.86638952
87085_2397_00020,rue Harry Baur,20,,SR0029,1567148.31000000,5186584.22890000,1.28881107,45.86644900
87085_2397_00022,rue Harry Baur,22,,SR0028,1567137.41070000,5186588.15190000,1.28866964,45.86648219
87085_2397_00024,rue Harry Baur,24,,SR0027,1567131.32160000,5186581.62390000,1.28859304,45.86642229
87085_2397_00026,rue Harry Baur,26,,SR0026,1567139.94920000,5186564.97000000,1.28870875,45.86627414
87085_2397_00028,rue Harry Baur,28,,SR0025,1567133.29630000,5186547.08640000,1.28862803,45.86611198
87085_2397_00030,rue Harry Baur,30,,SR0024,1567128.83160000,5186521.56460000,1.28857760,45.86588153
87085_2397_00032,rue Harry Baur,32,,SR0023,1567128.47590000,5186502.15470000,1.28857839,45.86570686
87085_2397_00034,rue Harry Baur,34,,SR0022,1567128.00320000,5186482.51730000,1.28857774,45.86553012
87085_2397_00036,rue Harry Baur,36,,SR0021,1567127.48470000,5186460.39900000,1.28857718,45.86533105
87085_2397_00038,rue Harry Baur,38,,SR0020,1567127.09980000,5186441.02040000,1.28857759,45.86515665
87085_2397_00040,rue Harry Baur,40,,SR0019,1567126.67820000,5186420.49030000,1.28857784,45.86497189
87085_2405_00001,rue Haute Cité,1,,EO0054,1565257.37730000,5182507.46940000,1.26560594,45.82940805
87085_2405_00002,rue Haute Cité,2,,EO0018,1565243.22890000,5182521.77090000,1.26541987,45.82953393
87085_2405_00003,rue Haute Cité,3,,EO0051,1565251.22550000,5182502.45650000,1.26552818,45.82936175
87085_2405_00004,rue Haute Cité,4,,EO0019,1565239.98890000,5182514.01090000,1.26538035,45.82946349
87085_2405_00005,rue Haute Cité,5,,EO0047,1565244.00760000,5182496.51560000,1.26543697,45.82930690
87085_2405_00006,rue Haute Cité,6,,EO0020,1565237.83730000,5182509.03950000,1.26535406,45.82941835
87085_2405_00007,rue Haute Cité,7,,EO0046,1565238.99190000,5182492.28120000,1.26537362,45.82926782
87085_2405_00008,rue Haute Cité,8,,EO0021,1565235.32350000,5182503.76530000,1.26532319,45.82937041
87085_2405_00009,rue Haute Cité,9,,EO0045,1565234.80970000,5182488.29550000,1.26532092,45.82923115
87085_2405_00010,rue Haute Cité,10,,EO0022,1565233.41440000,5182499.61110000,1.26529979,45.82933267
87085_2405_00011,rue Haute Cité,11,,EO0044,1565231.38820000,5182484.95970000,1.26527783,45.82920047
87085_2405_00012,rue Haute Cité,12,,EO0023,1565230.45530000,5182493.92050000,1.26526331,45.82928090
87085_2405_00014,rue Haute Cité,14,,EO0027,1565225.94780000,5182487.67010000,1.26520706,45.82922379
87085_2405_00015,rue Haute Cité,15,,EO0327,1565220.02410000,5182474.40980000,1.26513455,45.82910334
87085_2405_00016,rue Haute Cité,16,,EO0028,1565221.68180000,5182483.82250000,1.26515324,45.82918834
87085_2405_00018,rue Haute Cité,18,,EO0029,1565218.48070000,5182480.84820000,1.26511289,45.82916096
87085_2405_00020,rue Haute Cité,20,,EO0030,1565214.37120000,5182477.50590000,1.26506094,45.82913009
87085_2410_00002,rue Haute de la Comédie,2,,DX0032,1564652.62900000,5182735.58090000,1.25775994,45.83134130
87085_2410_00003,rue Haute de la Comédie,3,,DX0400,1564643.06930000,5182725.87060000,1.25763965,45.83125207
87085_2410_00004,rue Haute de la Comédie,4,,DX0032,1564640.55400000,5182732.02720000,1.25760555,45.83130696
87085_2410_00006,rue Haute de la Comédie,6,,DX0032,1564628.96520000,5182725.83590000,1.25745817,45.83124899
87085_2411_00001,rue Haute de la Vergne,1,,PH0034,1560867.53400000,5182975.78830000,1.20898351,45.83274675
87085_2411_00004,rue Haute de la Vergne,4,,PH0019,1560869.53750000,5182985.85510000,1.20900638,45.83283772
87085_2411_00005,rue Haute de la Vergne,5,,PH0036,1560823.29560000,5182985.73670000,1.20841136,45.83282729
87085_2411_00005_a,rue Haute de la Vergne,5,a,PH0130,1560795.51430000,5182988.91170000,1.20805294,45.83285023
87085_2411_00005_b,rue Haute de la Vergne,5,b,PH0129,1560771.86050000,5182993.03920001,1.20774735,45.83288257
87085_2411_00006,rue Haute de la Vergne,6,,PH0018,1560844.17510000,5182990.41750000,1.20867869,45.83287362
87085_2411_00007,rue Haute de la Vergne,7,,PH0060,1560823.29560000,5182985.73670000,1.20741650,45.83293785
87085_2411_00007_b,rue Haute de la Vergne,7,b,PH0059,1560823.29560000,5182985.73670000,1.20712882,45.83298571
87085_2411_00008,rue Haute de la Vergne,8,,PH0017,1560818.89000000,5182993.72450000,1.20835235,45.83289826
87085_2411_00009,rue Haute de la Vergne,9,,PH0058,1560823.29560000,5182985.73670000,1.20678596,45.83305413
87085_2411_00010,rue Haute de la Vergne,10,,PH0016,1560802.37350000,5182996.76770000,1.20813893,45.83292229
87085_2411_00011,rue Haute de la Vergne,11,,PH0046,1560653.97460000,5183031.32260000,1.20621925,45.83320307
87085_2411_00014,rue Haute de la Vergne,14,,PH0051,1560704.30020000,5183089.61920000,1.20684997,45.83373767
87085_2411_00015,rue Haute de la Vergne,15,,PH0028,1560623.96720000,5183045.36260000,1.20582903,45.83332329
87085_2411_00016,rue Haute de la Vergne,16,,PH0051,1560687.01200000,5183103.29240000,1.20662353,45.83385717
87085_2411_00017,rue Haute de la Vergne,17,,PH0027,1560598.07990000,5183056.13200000,1.20549277,45.83341492
87085_2411_00019,rue Haute de la Vergne,19,,PH0031,1560583.91830000,5183062.00010000,1.20530883,45.83346483
87085_2411_00021,rue Haute de la Vergne,21,,PH0031,1560569.27500000,5183068.49670000,1.20511851,45.83352030
87085_2411_00023,rue Haute de la Vergne,23,,PH0134,1560556.70720000,5183075.94210000,1.20495462,45.83358473
87085_2411_00024,rue Haute de la Vergne,24,,PH0053,1560586.92950000,5183069.10730000,1.20534552,45.83352937
87085_2420_00001,rue Haute-Vienne,1,,DY0386,1564821.88800000,5182338.02830000,1.26004978,45.82779837
87085_2420_00002,rue Haute-Vienne,2,,DY0511,1564829.33900000,5182344.34610000,1.26014388,45.82785667
87085_2420_00003,rue Haute-Vienne,3,,DY0387,1564817.60260000,5182343.19690000,1.25999319,45.82784402
87085_2420_00005,rue Haute-Vienne,5,,DY0388,1564813.61000000,5182347.75910000,1.25994053,45.82788428
87085_2420_00006,rue Haute-Vienne,6,,DY0384,1564821.57340000,5182353.76420000,1.26004131,45.82793986
87085_2420_00007,rue Haute-Vienne,7,,DY0389,1564809.91830000,5182352.43870000,1.25989171,45.82792565
87085_2420_00008,rue Haute-Vienne,8,,DY0383,1564817.23860000,5182358.94350000,1.25998408,45.82798560
87085_2420_00009,rue Haute-Vienne,9,,DY0390,1564806.06410000,5182356.49230000,1.25984098,45.82796136
87085_2420_00010,rue Haute-Vienne,10,,DY0382,1564813.24270000,5182363.92190000,1.25993126,45.82802960
87085_2420_00011,rue Haute-Vienne,11,,DY0391,1564802.15500000,5182361.52540000,1.25978926,45.82800586
87085_2420_00012,rue Haute-Vienne,12,,DY0381,1564809.89810000,5182367.76190000,1.25988714,45.82806349
87085_2420_00013,rue Haute-Vienne,13,,DY0394,1564798.07620000,5182366.27240000,1.25973544,45.82804776
87085_2420_00014,rue Haute-Vienne,14,,DY0380,1564805.66030000,5182372.69500000,1.25983122,45.82810703
87085_2420_00015,rue Haute-Vienne,15,,DY0395,1564791.90030000,5182373.42990000,1.25965396,45.82811094
87085_2420_00016,rue Haute-Vienne,16,,DY0379,1564800.49350000,5182378.88690000,1.25976300,45.82816171
87085_2420_00017,rue Haute-Vienne,17,,DY0396,1564785.24700000,5182381.44070000,1.25956610,45.82818169
87085_2420_00018,rue Haute-Vienne,18,,DY0602,1564796.08730000,5182384.23240000,1.25970480,45.82820893
87085_2420_00019,rue Haute-Vienne,19,,DY0399,1564776.53110000,5182391.82320000,1.25945102,45.82827337
87085_2420_00020,rue Haute-Vienne,20,,DY0376,1564791.02000000,5182390.32670000,1.25963788,45.82826276
87085_2420_00021,rue Haute-Vienne,21,,DY0399,1564770.74270000,5182398.67360000,1.25937462,45.82833386
87085_2420_00022,rue Haute-Vienne,22,,DY0375,1564784.69520000,5182397.63140000,1.25955444,45.82832723
87085_2420_00023,rue Haute-Vienne,23,,DY0399,1564762.24090000,5182409.13900000,1.25926227,45.82842633
87085_2420_00024,rue Haute-Vienne,24,,DY0374,1564781.72740000,5182401.32520000,1.25951522,45.82835987
87085_2420_00025,rue Haute-Vienne,25,,DY0400,1564758.76320000,5182413.08700000,1.25921641,45.82846116
87085_2420_00026,rue Haute-Vienne,26,,DY0373,1564779.00130000,5182404.69550000,1.25947919,45.82838965
87085_2420_00027,rue Haute-Vienne,27,,DY0402,1564754.29560000,5182418.59290000,1.25915738,45.82850981
87085_2420_00028,rue Haute-Vienne,28,,DY0372,1564775.98210000,5182408.10600000,1.25943938,45.82841974
87085_2420_00029,rue Haute-Vienne,29,,DY0403,1564750.09920000,5182423.60400000,1.25910197,45.82855406
87085_2420_00030,rue Haute-Vienne,30,,DY0371,1564772.90280000,5182411.87580000,1.25939870,45.82845305
87085_2420_00031,rue Haute-Vienne,31,,DY0404,1564744.99840000,5182429.76840000,1.25903460,45.82860851
87085_2420_00032,rue Haute-Vienne,32,,DY0370,1564769.65390000,5182415.65790000,1.25935583,45.82848643
87085_2420_00033,rue Haute-Vienne,33,,DY0405,1564740.06040000,5182435.63790000,1.25896941,45.82866034
87085_2420_00034,rue Haute-Vienne,34,,DY0369,1564767.45430000,5182418.14560000,1.25932683,45.82850837
87085_2420_00035,rue Haute-Vienne,35,,DY0407,1564732.86410000,5182443.96480000,1.25887447,45.82873383
87085_2420_00036,rue Haute-Vienne,36,,DY0368,1564764.63610000,5182421.76900000,1.25928954,45.82854041
87085_2420_00038,rue Haute-Vienne,38,,DY0367,1564760.62470000,5182426.48130000,1.25923660,45.82858202
87085_2420_00040,rue Haute-Vienne,40,,DY0364,1564756.65310000,5182431.21770000,1.25918416,45.82862384
87085_2420_00042,rue Haute-Vienne,42,,DY0363,1564752.69370000,5182436.03170000,1.25913186,45.82866637
87085_2420_00044,rue Haute-Vienne,44,,DY0362,1564748.98410000,5182440.59510000,1.25908284,45.82870669
87085_2420_00046,rue Haute-Vienne,46,,DY0361,1564743.61530000,5182446.97750000,1.25901196,45.82876305
87085_0560_00001,rue Hector Berlioz,1,,BD0073,1563877.74740000,5183428.59130000,1.24759235,45.83742239
87085_0560_00002,rue Hector Berlioz,2,,BD0029,1563874.50900000,5183441.61210000,1.24754699,45.83753887
87085_0560_00003,rue Hector Berlioz,3,,BD0074,1563873.84980000,5183421.24660000,1.24754427,45.83735554
87085_0560_00004,rue Hector Berlioz,4,,BD0028,1563867.06540000,5183427.71570000,1.24745513,45.83741239
87085_x144_00004,rue Hélène Carrère d'Encausse,4,,PP0197,1560013.68500000,5184658.24700000,1.19750600,45.84770800
87085_2436_00003,rue Héloïse,3,,PV0030,1561708.50730000,5183596.97530000,1.21962682,45.83850426
87085_2436_00004,rue Héloïse,4,,PV0025,1561705.16910000,5183604.04010000,1.21958182,45.83856714
87085_2436_00005,rue Héloïse,5,,PV0029,1561680.98100000,5183609.97460000,1.21926882,45.83861566
87085_2436_00006,rue Héloïse,6,,PV0026,1561687.37750000,5183613.42670000,1.21935015,45.83864800
87085_2436_00008,rue Héloïse,8,,PV0027,1561669.39860000,5183617.50690000,1.21911759,45.83868108
87085_2436_00010,rue Héloïse,10,,PV0028,1561666.76480000,5183603.94950000,1.21908759,45.83855860
87085_2440_00001,rue Henri Barbusse,1,,IT0082,1562755.75870000,5181944.35210000,1.23357654,45.82384786
87085_2440_00002,rue Henri Barbusse,2,,IT0081,1562766.70370000,5181950.95590000,1.23371547,45.82390945
87085_2440_00004,rue Henri Barbusse,4,,IT0080,1562761.62630000,5181959.07050000,1.23364783,45.82398143
87085_2440_00006,rue Henri Barbusse,6,,IT0079,1562757.63140000,5181965.81240000,1.23359451,45.82404128
87085_2440_00007,rue Henri Barbusse,7,,IT0083,1562729.89400000,5181987.46720000,1.23323144,45.82423054
87085_2440_00008,rue Henri Barbusse,8,,IT0078,1562751.69520000,5181975.60020000,1.23351533,45.82412814
87085_2440_00009,rue Henri Barbusse,9,,IT0084,1562725.11710000,5181995.64690000,1.23316764,45.82430317
87085_2440_00011,rue Henri Barbusse,11,,IT0085,1562719.04480000,5182006.00900000,1.23308656,45.82439517
87085_2440_00012,rue Henri Barbusse,12,,IT0077,1562737.92860000,5181998.46740000,1.23333168,45.82433110
87085_2440_00013,rue Henri Barbusse,13,,IT0086,1562714.27630000,5182013.66900000,1.23302302,45.82446312
87085_2440_00014,rue Henri Barbusse,14,,IT0076,1562732.36100000,5182007.81230000,1.23325738,45.82441405
87085_2440_00015,rue Henri Barbusse,15,,IT0087,1562711.26880000,5182018.87300000,1.23298283,45.82450933
87085_2440_00016,rue Henri Barbusse,16,,IT0075,1562728.10090000,5182014.90640000,1.23320054,45.82447701
87085_2440_00017,rue Henri Barbusse,17,,IT0088,1562707.08750000,5182025.56060000,1.23292713,45.82456866
87085_2440_00018,rue Henri Barbusse,18,,IT0073,1562721.79760000,5182025.75650000,1.23311634,45.82457336
87085_2440_00019,rue Henri Barbusse,19,,IT0089,1562701.57410000,5182034.92480000,1.23285351,45.82465179
87085_2440_00020,rue Henri Barbusse,20,,IT0494,1562715.75960000,5182036.02910000,1.23303572,45.82466456
87085_2440_00021,rue Henri Barbusse,21,,IT0090,1562696.46650000,5182043.31400000,1.23278540,45.82472624
87085_2440_00023,rue Henri Barbusse,23,,IT0091,1562690.81430000,5182052.68000000,1.23271000,45.82480936
87085_2440_00025,rue Henri Barbusse,25,,IT0092,1562686.59640000,5182059.53190000,1.23265377,45.82487016
87085_2440_00027,rue Henri Barbusse,27,,IT0561,1562679.77440000,5182070.52450000,1.23256286,45.82496768
87085_2440_00029,rue Henri Barbusse,29,,IT0560,1562671.98240000,5182083.48070000,1.23245890,45.82508267
87085_2450_00001,rue Henri Bergson,1,,CR0377,1566906.44980000,5183862.34380000,1.28645091,45.84191714
87085_2450_00002,rue Henri Bergson,2,,CR0107,1566920.04100000,5183865.72910000,1.28662490,45.84195022
87085_2450_00003,rue Henri Bergson,3,,CR0375,1566898.51930000,5183871.82490000,1.28634621,45.84200089
87085_2450_00005,rue Henri Bergson,5,,CR0373,1566875.68720000,5183898.99500000,1.28604482,45.84224088
87085_2450_00006,rue Henri Bergson,6,,CR0105,1566904.75300000,5183883.78310000,1.28642313,45.84210967
87085_2450_00008,rue Henri Bergson,8,,CR0103,1566896.73850000,5183893.40270000,1.28631732,45.84219465
87085_2450_00011,rue Henri Bergson,11,,CR0338,1566831.21260000,5183951.86390000,1.28545774,45.84270786
87085_2450_00012,rue Henri Bergson,12,,CR0102,1566878.79560000,5183914.56400000,1.28608051,45.84238154
87085_2450_00013,rue Henri Bergson,13,,CR0337,1566819.38770000,5183966.27530000,1.28530155,45.84283521
87085_2450_00014,rue Henri Bergson,14,,CR0101,1566872.17060000,5183922.49730000,1.28599305,45.84245162
87085_2450_00015,rue Henri Bergson,15,,CR0046,1566774.29190000,5183950.90230000,1.28472538,45.84268818
87085_2450_00016,rue Henri Bergson,16,,CR0380,1566865.53220000,5183930.20830000,1.28590547,45.84251970
87085_2450_00017,rue Henri Bergson,17,,CR0046,1566729.98450000,5183928.89370000,1.28416121,45.84248162
87085_2450_00018,rue Henri Bergson,18,,CR0409,1566853.14920000,5183945.20140000,1.28574193,45.84265218
87085_2450_00019,rue Henri Bergson,19,,CR0046,1566685.08840000,5183906.50710000,1.28358956,45.84227153
87085_2450_00020,rue Henri Bergson,20,,CR0410,1566846.92490000,5183952.45940000,1.28565981,45.84271626
87085_2450_00022,rue Henri Bergson,22,,CR0411,1566836.99070000,5183964.13080000,1.28552871,45.84281933
87085_2450_00024,rue Henri Bergson,24,,CR0412,1566829.67310000,5183972.83960000,1.28543211,45.84289625
87085_2450_00026,rue Henri Bergson,26,,CR0044,1566761.09960000,5183956.20160000,1.28455412,45.84273330
87085_2450_00028,rue Henri Bergson,28,,CR0043,1566750.25840000,5183950.67060000,1.28441611,45.84268144
87085_2450_00030,rue Henri Bergson,30,,CR0042,1566739.35020000,5183945.17270000,1.28427724,45.84262987
87085_2450_00032,rue Henri Bergson,32,,CR0041,1566729.10580000,5183940.06080000,1.28414680,45.84258190
87085_2450_00034,rue Henri Bergson,34,,CR0040,1566716.71380000,5183933.91510000,1.28398901,45.84252422
87085_2450_00036,rue Henri Bergson,36,,CR0039,1566706.01440000,5183928.57090000,1.28385278,45.84247407
87085_2450_00038,rue Henri Bergson,38,,CR0038,1566695.17040000,5183923.29000000,1.28371467,45.84242446
87085_2450_00040,rue Henri Bergson,40,,CR0037,1566684.35570000,5183917.81410000,1.28357700,45.84237310
87085_2450_00042,rue Henri Bergson,42,,CR0036,1566672.83420000,5183912.17000000,1.28343027,45.84232010
87085_2450_00044,rue Henri Bergson,44,,CR0035,1566662.18390000,5183906.99520000,1.28329463,45.84227148
87085_2450_00046,rue Henri Bergson,46,,CR0034,1566650.93390000,5183901.17930000,1.28315144,45.84221698
87085_2450_00048,rue Henri Bergson,48,,CR0033,1566636.22470000,5183893.77730000,1.28296418,45.84214754
87085_2453_00003,rue Henri Cartier-Bresson,3,,LC0061,1568047.47150000,5191107.91500000,1.29914506,45.90731559
87085_2453_00004,rue Henri Cartier-Bresson,4,,LC0073,1568041.71260000,5191099.72830000,1.29907311,45.90724084
87085_2453_00005,rue Henri Cartier-Bresson,5,,LC0062,1568068.22780000,5191113.57010000,1.29941097,45.90737045
87085_2453_00006,rue Henri Cartier-Bresson,6,,LC0074,1568084.39260000,5191096.53340000,1.29962396,45.90722030
87085_2453_00007,rue Henri Cartier-Bresson,7,,LC0063,1568086.52650000,5191120.67520000,1.29964481,45.90743788
87085_2453_00008,rue Henri Cartier-Bresson,8,,LC0075,1568087.95990000,5191073.47400000,1.29967627,45.90701356
87085_2453_00010,rue Henri Cartier-Bresson,10,,LC0076,1568080.10060000,5191033.68430000,1.29958595,45.90665411
87085_2453_00011,rue Henri Cartier-Bresson,11,,LC0064,1568089.46260000,5191106.56110000,1.29968653,45.90731148
87085_2453_00012,rue Henri Cartier-Bresson,12,,LC0077,1568057.84320000,5191031.79650000,1.29929966,45.90663286
87085_2453_00013,rue Henri Cartier-Bresson,13,,LC0065,1568092.78560000,5191086.48790000,1.29973488,45.90713155
87085_2453_00014,rue Henri Cartier-Bresson,14,,LC0055,1568033.38750000,5191029.91650000,1.29898505,45.90661125
87085_2453_00015,rue Henri Cartier-Bresson,15,,LC0066,1568095.98740000,5191065.90340000,1.29978180,45.90694699
87085_2453_00017,rue Henri Cartier-Bresson,17,,LC0067,1568099.18750000,5191046.61200000,1.29982834,45.90677407
87085_2453_00021,rue Henri Cartier-Bresson,21,,LC0069,1568088.84740000,5191027.97080000,1.29970023,45.90660440
87085_2453_00023,rue Henri Cartier-Bresson,23,,LC0070,1568079.13950000,5191027.13710000,1.29957536,45.90659503
87085_2453_00025,rue Henri Cartier-Bresson,25,,LC0071,1568063.09960000,5191025.59660000,1.29936910,45.90657809
87085_2453_00027,rue Henri Cartier-Bresson,27,,LC0046,1568039.27550000,5191023.71900000,1.29906262,45.90655663
87085_2453_00029,rue Henri Cartier-Bresson,29,,LC0047,1568021.42770000,5191022.18820000,1.29883306,45.90653943
87085_2465_00001,rue Henri Dumont,1,,EP0054,1565749.30700000,5182396.18390000,1.27196709,45.82850317
87085_2465_00002,rue Henri Dumont,2,,EP0473,1565732.98430000,5182385.73970000,1.27175998,45.82840603
87085_2465_00003,rue Henri Dumont,3,,EP0055,1565745.96460000,5182386.12400000,1.27192689,45.82841202
87085_2465_00004,rue Henri Dumont,4,,EP0247,1565730.30030000,5182372.81950000,1.27172905,45.82828928
87085_2465_00005,rue Henri Dumont,5,,EP0056,1565742.36040000,5182375.03710000,1.27188361,45.82831159
87085_2465_00006,rue Henri Dumont,6,,EP0247,1565728.48070000,5182367.39690000,1.27170715,45.82824015
87085_2465_00007,rue Henri Dumont,7,,EP0417,1565737.05900000,5182359.37140000,1.27181977,45.82816963
87085_2465_00008,rue Henri Dumont,8,,EP0246,1565724.46880000,5182356.43260000,1.27165859,45.82814074
87085_2465_00009,rue Henri Dumont,9,,EP0469,1565734.11360000,5182350.07600000,1.27178447,45.82808544
87085_2465_00010,rue Henri Dumont,10,,EP0325,1565721.52050000,5182347.28490000,1.27162320,45.82805787
87085_2465_00010_bis,rue Henri Dumont,10,bis,EP0325,1565719.62450000,5182341.24660000,1.27160049,45.82800318
87085_2465_00011,rue Henri Dumont,11,,EP0471,1565730.68920000,5182340.64390000,1.27174304,45.82799992
87085_2465_00012,rue Henri Dumont,12,,EP0326,1565717.36190000,5182334.63220000,1.27157323,45.82794324
87085_2465_00013,rue Henri Dumont,13,,EP0125,1565727.01590000,5182329.76400000,1.27169881,45.82790133
87085_2465_00015,rue Henri Dumont,15,,EP0126,1565723.86430000,5182320.40030000,1.27166087,45.82781648
87085_2465_00016,rue Henri Dumont,16,,EP0242,1565712.91940000,5182321.29360000,1.27151979,45.82782238
87085_2465_00017,rue Henri Dumont,17,,EP0128,1565720.88860000,5182311.78520000,1.27162499,45.82773841
87085_2465_00018,rue Henri Dumont,18,,EP0241,1565711.46430000,5182316.96580000,1.27150227,45.82778317
87085_2465_00019,rue Henri Dumont,19,,EP0130,1565716.61490000,5182298.81090000,1.27157362,45.82762086
87085_2465_00020,rue Henri Dumont,20,,EP0240,1565708.79590000,5182308.93420000,1.27147018,45.82771040
87085_2465_00022,rue Henri Dumont,22,,EP0239,1565706.06100000,5182300.63170000,1.27143731,45.82763518
87085_2465_00024,rue Henri Dumont,24,,EP0238,1565703.91550000,5182294.84100000,1.27141132,45.82758267
87085_2465_00025,rue Henri Dumont,25,,EP0131,1565710.73040000,5182281.45950000,1.27150275,45.82746362
87085_2465_00026,rue Henri Dumont,26,,EP0237,1565701.74160000,5182288.18920000,1.27138520,45.82752241
87085_2465_00026_bis,rue Henri Dumont,26,bis,EP0237,1565701.34240000,5182286.54060000,1.27138050,45.82750750
87085_2465_00027,rue Henri Dumont,27,,EP0454,1565729.72770000,5182269.07350000,1.27175065,45.82735591
87085_2465_00028,rue Henri Dumont,28,,EP0236,1565699.52950000,5182281.60630000,1.27135858,45.82746276
87085_2465_00029,rue Henri Dumont,29,,EP0453,1565741.73360000,5182263.26530000,1.27190700,45.82730600
87085_2465_00030,rue Henri Dumont,30,,EP0236,1565697.16340000,5182275.00140000,1.27132998,45.82740288
87085_2465_00031,rue Henri Dumont,31,,EP0466,1565708.91490000,5182276.36480000,1.27148081,45.82741744
87085_2465_00032,rue Henri Dumont,32,,EP0191,1565694.75520000,5182267.87910000,1.27130098,45.82733834
87085_2465_00033,rue Henri Dumont,33,,EP0133,1565705.03720000,5182265.03700000,1.27143408,45.82731478
87085_2465_00034,rue Henri Dumont,34,,EP0190,1565692.82650000,5182261.87520000,1.27127784,45.82728395
87085_2465_00037,rue Henri Dumont,37,,EP0475,1565699.65240000,5182248.77200000,1.27136933,45.82716742
87085_2465_00037_bis,rue Henri Dumont,37,bis,EP0136,1565696.09340000,5182238.23370000,1.27132648,45.82707192
87085_2465_00038,rue Henri Dumont,38,,EP0189,1565689.34040000,5182251.43430000,1.27123590,45.82718935
87085_2465_00038_bis,rue Henri Dumont,38,bis,EP0199,1565653.39550000,5182234.48310000,1.27077812,45.82702984
87085_2465_00039,rue Henri Dumont,39,,EP0137,1565693.66340000,5182231.30200000,1.27129715,45.82700909
87085_2465_00040,rue Henri Dumont,40,,EP0318,1565663.85170000,5182235.81790000,1.27091229,45.82704389
87085_2465_00041,rue Henri Dumont,41,,EP0112,1565690.38180000,5182220.57720000,1.27125792,45.82691198
87085_2465_00042,rue Henri Dumont,42,,EP0188,1565685.72180000,5182241.38590000,1.27119214,45.82709825
87085_2465_00044,rue Henri Dumont,44,,EP0187,1565683.97730000,5182235.91050000,1.27117123,45.82704866
87085_2465_00045,rue Henri Dumont,45,,EP0138,1565684.33960000,5182203.36000000,1.27118498,45.82675592
87085_2465_00046,rue Henri Dumont,46,,EP0186,1565681.65480000,5182229.08990000,1.27114325,45.82698685
87085_2465_00047,rue Henri Dumont,47,,EP0139,1565680.99010000,5182193.92790000,1.27114452,45.82667041
87085_2465_00048,rue Henri Dumont,48,,EP0185,1565677.45340000,5182216.59500000,1.27109268,45.82687363
87085_2465_00049,rue Henri Dumont,49,,EP0140,1565677.92480000,5182184.64360000,1.27110767,45.82658630
87085_2465_00050,rue Henri Dumont,50,,EP0182,1565671.80460000,5182200.14180000,1.27102459,45.82672452
87085_2465_00051,rue Henri Dumont,51,,EP0142,1565673.74940000,5182172.26910000,1.27105740,45.82647417
87085_2465_00052,rue Henri Dumont,52,,EP0375,1565667.63780000,5182187.91130000,1.27097439,45.82661368
87085_2465_00053,rue Henri Dumont,53,,EP0144,1565669.64690000,5182160.95270000,1.27100777,45.82637157
87085_2465_00054,rue Henri Dumont,54,,EP0178,1565664.51390000,5182178.63310000,1.27093679,45.82652961
87085_2465_00055,rue Henri Dumont,55,,EP0280,1565690.99510000,5182154.22100000,1.27128434,45.82631518
87085_2465_00055_b,rue Henri Dumont,55,b,EP0357,1565666.37070000,5182150.85890000,1.27096844,45.82628013
87085_2465_00056,rue Henri Dumont,56,,EP0177,1565661.43460000,5182170.09030000,1.27089955,45.82645216
87085_2465_00057,rue Henri Dumont,57,,EP0152,1565664.03290000,5182144.44960000,1.27094015,45.82622201
87085_2465_00058,rue Henri Dumont,58,,EP0272,1565658.48700000,5182160.69920000,1.27086425,45.82636711
87085_2465_00059,rue Henri Dumont,59,,EP0153,1565661.15070000,5182135.55370000,1.27090555,45.82614143
87085_2465_00060,rue Henri Dumont,60,,EP0270,1565655.38040000,5182151.22340000,1.27082692,45.82628126
87085_2465_00061,rue Henri Dumont,61,,EP0154,1565658.04280000,5182126.58030000,1.27086806,45.82606010
87085_2465_00062,rue Henri Dumont,62,,EP0174,1565651.13170000,5182138.74360000,1.27077574,45.82616817
87085_2465_00063,rue Henri Dumont,63,,EP0155,1565654.96200000,5182117.22250000,1.27083104,45.82597532
87085_2465_00064,rue Henri Dumont,64,,EP0173,1565648.05080000,5182130.88490000,1.27073829,45.82609687
87085_2465_00066,rue Henri Dumont,66,,EP0172,1565646.42520000,5182125.26860000,1.27071895,45.82604603
87085_2465_00067,rue Henri Dumont,67,,EP0158,1565650.66550000,5182104.43360000,1.27077933,45.82585943
87085_2465_00068,rue Henri Dumont,68,,EP0171,1565644.60700000,5182120.01730000,1.27069702,45.82599844
87085_2465_00070,rue Henri Dumont,70,,EP0170,1565638.85160000,5182103.13580000,1.27062768,45.82584545
87085_1845_00002,rue Henri Farman,2,,BS0445,1565556.63890000,5184760.15940000,1.26882665,45.84973093
87085_1845_00004,rue Henri Farman,4,,BS0445,1565547.63630000,5184749.93340000,1.26871362,45.84963718
87085_1845_00006,rue Henri Farman,6,,BS0445,1565533.60000000,5184734.30860000,1.26853731,45.84949388
87085_1845_00008,rue Henri Farman,8,,BS0446,1565525.55040000,5184725.68470000,1.26843611,45.84941473
87085_1845_00010,rue Henri Farman,10,,BS0446,1565512.84140000,5184711.37880000,1.26827652,45.84928355
87085_1845_00012,rue Henri Farman,12,,BS0446,1565505.16200000,5184702.93180000,1.26818003,45.84920607
87085_1845_00014,rue Henri Farman,14,,BS0446,1565495.48400000,5184692.04130000,1.26805850,45.84910621
87085_1845_00016,rue Henri Farman,16,,BS0446,1565483.51420000,5184678.44960000,1.26790822,45.84898160
87085_1845_00018,rue Henri Farman,18,,BS0446,1565467.63300000,5184660.97000000,1.26770869,45.84882125
87085_1845_00021,rue Henri Farman,21,,CT0641,1565477.18030000,5184633.72750000,1.26783921,45.84857806
87085_1845_00023,rue Henri Farman,23,,CT0633,1565485.30210000,5184617.70040000,1.26794825,45.84843547
87085_1845_00025,rue Henri Farman,25,,CT0633,1565480.04190000,5184605.35410000,1.26788399,45.84832338
87085_1845_00027,rue Henri Farman,27,,CT0632,1565472.87310000,5184595.61310000,1.26779444,45.84823435
87085_1845_00029,rue Henri Farman,29,,CT0632,1565467.75410000,5184584.62550000,1.26773162,45.84813451
87085_1845_00031,rue Henri Farman,31,,CT0632,1565462.20330000,5184572.54360000,1.26766356,45.84802474
87085_1845_00033,rue Henri Farman,33,,CT0632,1565456.85860000,5184560.52580000,1.26759812,45.84791559
87085_2467_00001,rue Henri Giffard,1,,SL0030,1565541.79860000,5186955.28900000,1.26802106,45.86947449
87085_2467_00002,rue Henri Giffard,2,,SM0020,1565575.17550000,5186929.17780000,1.26845817,45.86924614
87085_2467_00003,rue Henri Giffard,3,,SL0030,1565539.85270000,5186991.83740000,1.26798577,45.86980289
87085_2467_00014,rue Henri Giffard,14,,MA0018,1565555.00050000,5187174.18270000,1.26812976,45.87144615
87085_2467_00022,rue Henri Giffard,22,,MC0044,1565518.16520000,5187377.45900000,1.26759847,45.87326753
87085_2467_00024,rue Henri Giffard,24,,MC0044,1565503.37880000,5187413.65610000,1.26739791,45.87359025
87085_2467_00026,rue Henri Giffard,26,,MC0051,1565486.00960000,5187449.11130000,1.26716429,45.87390579
87085_2467_00027,rue Henri Giffard,27,,SL0019,1565477.98080000,5187435.99250000,1.26706457,45.87378620
87085_2467_00028,rue Henri Giffard,28,,MC0048,1565480.92960000,5187459.48300000,1.26709596,45.87399809
87085_2467_00029,rue Henri Giffard,29,,SL0019,1565462.09470000,5187466.93980000,1.26685132,45.87406148
87085_2467_00031,rue Henri Giffard,31,,SL0006,1565416.20160000,5187554.61280000,1.26623572,45.87484116
87085_2467_00032,rue Henri Giffard,32,,MD0115,1565431.52040000,5187559.20390000,1.26643171,45.87488546
87085_2467_00033,rue Henri Giffard,33,,SL0005,1565403.19900000,5187580.22740000,1.26606108,45.87506903
87085_2467_00035,rue Henri Giffard,35,,SL0001,1565375.32400000,5187636.41870000,1.26568634,45.87556905
87085_2467_00036,rue Henri Giffard,36,,MD0114,1565415.54800000,5187590.06620000,1.26621736,45.87515996
87085_2467_00037,rue Henri Giffard,37,,SL0004,1565362.82500000,5187657.67740000,1.26551940,45.87575783
87085_2467_00039,rue Henri Giffard,39,,SL0003,1565353.12190000,5187675.93490000,1.26538932,45.87592017
87085_2467_00040,rue Henri Giffard,40,,MD0086,1565370.14370000,5187677.55190000,1.26560808,45.87593805
87085_2467_00041,rue Henri Giffard,41,,SL0003,1565335.18050000,5187710.00530000,1.26514870,45.87622313
87085_2467_00042,rue Henri Giffard,42,,MD0085,1565359.38250000,5187698.39510000,1.26546365,45.87612343
87085_2467_00043,rue Henri Giffard,43,,SL0002,1565314.84880000,5187739.25320000,1.26487865,45.87648225
87085_2467_00045,rue Henri Giffard,45,,MD0009,1565263.92090000,5187781.74920000,1.26421083,45.87685454
87085_2467_00047,rue Henri Giffard,47,,MD0008,1565249.42480000,5187793.43780000,1.26402086,45.87695684
87085_2467_00048,rue Henri Giffard,48,,MD0120,1565326.88800000,5187749.89580000,1.26503071,45.87658034
87085_2467_00049,rue Henri Giffard,49,,MD0007,1565222.99120000,5187815.02070000,1.26367437,45.87714581
87085_2467_00050,rue Henri Giffard,50,,MD0121,1565310.82210000,5187765.45770000,1.26481944,45.87671718
87085_2467_00051,rue Henri Giffard,51,,MD0011,1565248.47490000,5187851.64030000,1.26399229,45.87748022
87085_2467_00052,rue Henri Giffard,52,,MD0122,1565294.34680000,5187778.28150000,1.26460366,45.87682931
87085_2467_00053,rue Henri Giffard,53,,MD0012,1565250.68810000,5187876.86940000,1.26401371,45.87770760
87085_2467_00054,rue Henri Giffard,54,,MD0123,1565279.71270000,5187790.02940000,1.26441189,45.87693212
87085_2467_00055,rue Henri Giffard,55,,MD0013,1565253.42050000,5187898.06820000,1.26404295,45.87789883
87085_2467_00057,rue Henri Giffard,57,,MD0016,1565255.14110000,5187913.85330000,1.26406067,45.87804117
87085_2467_00057_a,rue Henri Giffard,57,a,MD0017,1565256.36890000,5187923.60630000,1.26407375,45.87812914
87085_2467_00060,rue Henri Giffard,60,,MD0124,1565260.08680000,5187833.96330000,1.26414680,45.87732348
87085_2467_00061,rue Henri Giffard,61,,MD0027,1565261.83420000,5187983.13340000,1.26412743,45.87866569
87085_2467_00064,rue Henri Giffard,64,,MD0125,1565261.64510000,5187849.41950000,1.26416253,45.87746283
87085_2467_00065,rue Henri Giffard,65,,MD0034,1565268.03940000,5188044.60030000,1.26419009,45.87921984
87085_2467_00066,rue Henri Giffard,66,,MD0126,1565263.65750000,5187869.22670000,1.26418289,45.87764140
87085_2467_00067,rue Henri Giffard,67,,MD0035,1565270.70140000,5188069.09710000,1.26421750,45.87944072
87085_2467_00068,rue Henri Giffard,68,,MD0127,1565266.00310000,5187891.80850000,1.26420676,45.87784499
87085_2467_00069,rue Henri Giffard,69,,MD0036,1565272.51910000,5188089.45120000,1.26423519,45.87962417
87085_2467_00070,rue Henri Giffard,70,,MD0128,1565267.78990000,5187910.23940000,1.26422459,45.87801114
87085_2467_00071,rue Henri Giffard,71,,MD0037,1565274.22720000,5188108.30490000,1.26425190,45.87979411
87085_2467_00073,rue Henri Giffard,73,,MD0244,1565276.04360000,5188125.42420000,1.26427049,45.87994846
87085_2467_00074,rue Henri Giffard,74,,MD0129,1565270.04570000,5187932.94710000,1.26424727,45.87821585
87085_2467_00075,rue Henri Giffard,75,,MD0243,1565276.72930000,5188136.64880000,1.26427617,45.88004957
87085_2467_00077,rue Henri Giffard,77,,MD0003,1565162.08500000,5188201.97420000,1.26278125,45.88061472
87085_2467_00080,rue Henri Giffard,80,,MD0155,1565276.69570000,5187996.08540000,1.26431519,45.87878512
87085_2467_00082,rue Henri Giffard,82,,MD0156,1565278.78860000,5188014.01450000,1.26433712,45.87894681
87085_2467_00083,rue Henri Giffard,83,,ME0027,1565291.48570000,5188189.21560000,1.26445147,45.88052533
87085_2467_00085,rue Henri Giffard,85,,ME0031,1565307.57240000,5188222.12979999,1.26464900,45.88082500
87085_2467_00086,rue Henri Giffard,86,,MD0175,1565284.99310000,5188071.83720000,1.26440080,45.87946817
87085_2467_00087,rue Henri Giffard,87,,ME0041,1565323.26470000,5188254.27690000,1.26484251,45.88111682
87085_2467_00088,rue Henri Giffard,88,,MD0174,1565287.23110000,5188093.80810000,1.26442345,45.87966625
87085_2467_00090,rue Henri Giffard,90,,MD0173,1565292.12550000,5188120.45410000,1.26447901,45.87990691
87085_2467_00097,rue Henri Giffard,97,,ME0024,1565377.12310000,5188366.48700000,1.26550472,45.88213676
87085_2467_00099,rue Henri Giffard,99,,ME0021,1565397.85780000,5188413.08630000,1.26575871,45.88256001
87085_2467_00102,rue Henri Giffard,102,,ME0008,1565330.06940000,5188238.76140000,1.26493451,45.88097858
87085_2467_00127,rue Henri Giffard,127,,ME0025,1565474.46240000,5188730.67270000,1.26665636,45.88543188
87085_2467_00142,rue Henri Giffard,142,,ME0004,1565482.71740000,5188789.56910000,1.26674618,45.88596330
87085_2495_00002,rue Henri IV,2,,NS0007,1563555.37530000,5181065.58540000,1.24411408,45.81610194
87085_2495_00004,rue Henri IV,4,,NS0008,1563552.78840000,5181054.83300000,1.24408385,45.81600470
87085_2495_00005,rue Henri IV,5,,NS0045,1563568.11260000,5181072.94700000,1.24427586,45.81617069
87085_2495_00006,rue Henri IV,6,,NS0009,1563549.80560000,5181039.74840000,1.24404976,45.81586842
87085_2495_00007,rue Henri IV,7,,NS0044,1563566.52880000,5181064.57480000,1.24425786,45.81609506
87085_2495_00007_bis,rue Henri IV,7,bis,NS0043,1563563.91260000,5181053.06880000,1.24422746,45.81599104
87085_2495_00008,rue Henri IV,8,,NS0106,1563546.09510000,5181023.63980000,1.24400659,45.81572277
87085_2495_00009,rue Henri IV,9,,NS0031,1563561.59070000,5181041.92240000,1.24420075,45.81589031
87085_2495_00010,rue Henri IV,10,,NS0105,1563542.99850000,5181008.56900000,1.24397103,45.81558659
87085_2495_00011,rue Henri IV,11,,NS0030,1563557.73080000,5181022.96720000,1.24415647,45.81571903
87085_2495_00012,rue Henri IV,12,,NS0004,1563540.98880000,5180997.88710000,1.24394821,45.81549010
87085_2495_00014,rue Henri IV,14,,NS0011,1563538.44460000,5180985.05880000,1.24391912,45.81537420
87085_2495_00015,rue Henri IV,15,,NS0027,1563555.16450000,5181009.40100000,1.24412731,45.81559649
87085_2495_00016,rue Henri IV,16,,NS0012,1563535.51360000,5180971.20950000,1.24388534,45.81524904
87085_2495_00017,rue Henri IV,17,,NS0026,1563551.73380000,5180992.07020000,1.24408809,45.81543991
87085_2495_00019,rue Henri IV,19,,NS0017,1563549.19240000,5180979.58180000,1.24405894,45.81532706
87085_2495_00022,rue Henri IV,22,,NS0013,1563527.41350000,5180928.54110000,1.24379324,45.81486360
87085_2495_00023,rue Henri IV,23,,NS0016,1563545.21810000,5180957.33070000,1.24401412,45.81512611
87085_2495_00025,rue Henri IV,25,,NS0015,1563541.57720000,5180939.33170000,1.24397239,45.81496348
87085_2495_00026,rue Henri IV,26,,NS0014,1563528.11680000,5180906.61440000,1.24380851,45.81466650
87085_2495_00028,rue Henri IV,28,,NS0002,1563528.43170000,5180894.37030000,1.24381604,45.81455642
87085_2475_00003,rue Henri Lagrange,3,,CT0902,1565799.78100000,5184043.63570000,1.27215663,45.84333287
87085_2475_00006,rue Henri Lagrange,6,,CT0928,1565798.64950000,5184061.85260000,1.27213698,45.84349652
87085_2475_00007,rue Henri Lagrange,7,,CT1425,1565781.93870000,5184060.55850000,1.27192225,45.84348162
87085_2475_00008,rue Henri Lagrange,8,,CT1421,1565790.17660000,5184069.84980000,1.27202569,45.84356681
87085_2475_00009,rue Henri Lagrange,9,,CT1126,1565775.10590000,5184067.03280000,1.27183250,45.84353852
87085_2475_00010,rue Henri Lagrange,10,,CT1419,1565782.39690000,5184077.02520000,1.27192355,45.84362984
87085_2475_00011,rue Henri Lagrange,11,,CT1427,1565767.63200000,5184073.85740000,1.27173439,45.84359846
87085_2475_00012,rue Henri Lagrange,12,,CT1417,1565774.51010000,5184084.27560000,1.27182001,45.84369352
87085_2475_00013,rue Henri Lagrange,13,,CT1429,1565750.22890000,5184090.00870000,1.27150588,45.84374035
87085_2475_00014,rue Henri Lagrange,14,,CT1415,1565765.88200000,5184092.64510000,1.27170662,45.84376712
87085_2475_00016,rue Henri Lagrange,16,,CT0944,1565756.99940000,5184100.68060000,1.27159005,45.84383767
87085_2475_00017,rue Henri Lagrange,17,,CT1433,1565734.13050000,5184105.23370000,1.27129442,45.84387416
87085_2475_00018,rue Henri Lagrange,18,,CT1413,1565748.23680000,5184108.90620000,1.27147496,45.84390996
87085_2475_00019,rue Henri Lagrange,19,,CT1435,1565725.49320000,5184113.22790000,1.27118102,45.84394439
87085_2475_00020,rue Henri Lagrange,20,,CT1411,1565739.83950000,5184116.69740000,1.27136470,45.84397840
87085_2475_00021,rue Henri Lagrange,21,,CT1148,1565718.26030000,5184119.77340000,1.27108609,45.84400186
87085_2475_00022,rue Henri Lagrange,22,,CT1409,1565728.04220000,5184127.83450000,1.27120975,45.84407628
87085_2475_00024,rue Henri Lagrange,24,,CT1407,1565717.70640000,5184137.45380000,1.27107402,45.84416080
87085_2475_00025,rue Henri Lagrange,25,,CT1437,1565699.77720000,5184136.94380000,1.27084339,45.84415271
87085_2475_00026,rue Henri Lagrange,26,,CT1405,1565709.66450000,5184144.90070000,1.27096843,45.84422622
87085_2475_00027,rue Henri Lagrange,27,,CT1501,1565691.30320000,5184145.18640000,1.27073202,45.84422520
87085_2475_00028,rue Henri Lagrange,28,,CT1403,1565703.67510000,5184150.48130000,1.27088978,45.84427525
87085_2475_00030,rue Henri Lagrange,30,,CT1401,1565696.76890000,5184156.98450000,1.27079907,45.84433240
87085_2475_00032,rue Henri Lagrange,32,,CT0886,1565690.59380000,5184168.13140000,1.27071648,45.84443146
87085_2475_00034,rue Henri Lagrange,34,,CT0115,1565667.65930000,5184185.75600000,1.27041635,45.84458553
87085_2475_00036,rue Henri Lagrange,36,,CT0114,1565657.66140000,5184195.75660000,1.27028487,45.84467354
87085_2475_00038,rue Henri Lagrange,38,,CT0113,1565646.72680000,5184205.68880000,1.27014135,45.84476075
87085_2475_00042,rue Henri Lagrange,42,,CT0112,1565634.77010000,5184216.57920000,1.26998440,45.84485637
87085_2475_00044,rue Henri Lagrange,44,,CT0111,1565623.95680000,5184226.57800000,1.26984243,45.84494421
87085_2475_00046,rue Henri Lagrange,46,,CT0110,1565616.63170000,5184233.26720000,1.26974627,45.84500295
87085_2475_00048,rue Henri Lagrange,48,,CT0649,1565606.75210000,5184242.31300000,1.26961658,45.84508239
87085_2475_00050,rue Henri Lagrange,50,,CT0648,1565594.51340000,5184253.47020000,1.26945592,45.84518036
87085_2475_00051,rue Henri Lagrange,51,,CT1116,1565548.59220000,5184276.88680000,1.26885830,45.84538203
87085_2480_00005,rue Henri Martin,5,,EM0404,1565871.55660000,5182896.32890000,1.27340063,45.83302614
87085_2485_00001,rue Henri Matisse,1,,CM0306,1565822.35710000,5184962.25920000,1.27219068,45.85160085
87085_2485_00003,rue Henri Matisse,3,,CM0307,1565808.94780000,5184962.18420000,1.27201808,45.85159756
87085_2485_00005,rue Henri Matisse,5,,CM0308,1565802.69550000,5184961.84510000,1.27193769,45.85159329
87085_2485_00007,rue Henri Matisse,7,,CM0309,1565791.60930000,5184960.51540000,1.27179535,45.85157916
87085_2485_00009,rue Henri Matisse,9,,CM0310,1565785.28920000,5184959.31860000,1.27171432,45.85156716
87085_2485_00011,rue Henri Matisse,11,,CM0313,1565772.62570000,5184957.43020000,1.27155183,45.85154770
87085_2485_00014,rue Henri Matisse,14,,CM0426,1565733.33810000,5184968.06500000,1.27104311,45.85163570
87085_2485_00016,rue Henri Matisse,16,,CM0425,1565723.48250000,5184966.34300000,1.27091672,45.85161828
87085_2485_00017,rue Henri Matisse,17,,CM0316,1565722.97450000,5184948.78310000,1.27091509,45.85146022
87085_2485_00018,rue Henri Matisse,18,,CM0424,1565714.47980000,5184964.70640000,1.27080129,45.85160180
87085_2485_00019,rue Henri Matisse,19,,CM0317,1565708.42450000,5184945.74320000,1.27072864,45.85143003
87085_2485_00020,rue Henri Matisse,20,,CM0423,1565704.33860000,5184962.98440000,1.27067122,45.85158433
87085_2485_00021,rue Henri Matisse,21,,CM0746,1565693.29260000,5184941.89280000,1.27053492,45.85139244
87085_2485_00022,rue Henri Matisse,22,,CM0422,1565690.31100000,5184960.64780000,1.27049130,45.85156057
87085_2485_00024,rue Henri Matisse,24,,CM0421,1565680.02210000,5184958.52330000,1.27035944,45.85153945
87085_2485_00026,rue Henri Matisse,26,,CM0420,1565671.44930000,5184956.88320000,1.27024955,45.85152302
87085_2485_00028,rue Henri Matisse,28,,CM0419,1565661.40070000,5184955.18120000,1.27012067,45.85150575
87085_2490_00004,rue Henri Murger,4,,IM1158,1563354.24330000,5182616.69700000,1.24108585,45.83001513
87085_2490_00005,rue Henri Murger,5,,IM1154,1563336.22560000,5182607.43600000,1.24085663,45.82992824
87085_2490_00008,rue Henri Murger,8,,IM1138,1563319.66290000,5182626.33770000,1.24063813,45.83009498
87085_2490_00010,rue Henri Murger,10,,IM1140,1563311.56570000,5182629.35630000,1.24053308,45.83012052
87085_2490_00012,rue Henri Murger,12,,IM1106,1563303.01580000,5182632.25660000,1.24042223,45.83014492
87085_2490_00013,rue Henri Murger,13,,IM1152,1563279.98180000,5182623.43280000,1.24012834,45.83006096
87085_2490_00014,rue Henri Murger,14,,IM1142,1563295.51180000,5182634.64540000,1.24032499,45.83016491
87085_2490_00015,rue Henri Murger,15,,IM1150,1563272.55910000,5182620.07540000,1.24003378,45.83002928
87085_2490_00016,rue Henri Murger,16,,IM1144,1563287.34890000,5182637.41960000,1.24021916,45.83018825
87085_2490_00017,rue Henri Murger,17,,IM1172,1563264.26210000,5182616.19510000,1.23992812,45.82999273
87085_2490_00019,rue Henri Murger,19,,IM1170,1563255.60880000,5182612.26180000,1.23981789,45.82995563
87085_2490_00021,rue Henri Murger,21,,IM1168,1563246.76330000,5182608.07000000,1.23970526,45.82991616
87085_2490_00022,rue Henri Murger,22,,IM1111,1563251.14100000,5182623.92510000,1.23975708,45.83005966
87085_2490_00023,rue Henri Murger,23,,IM1166,1563238.30200000,5182604.28900000,1.23959746,45.82988047
87085_2490_00024,rue Henri Murger,24,,IM1071,1563235.82940000,5182616.71410000,1.23956211,45.82999174
87085_2490_00025,rue Henri Murger,25,,IM1164,1563230.70610000,5182600.79500000,1.23950071,45.82984752
87085_2490_00026,rue Henri Murger,26,,IM1146,1563226.69830000,5182612.56270000,1.23944579,45.82995258
87085_2490_00027,rue Henri Murger,27,,IM1081,1563221.38610000,5182596.50920000,1.23938200,45.82980712
87085_2490_00028,rue Henri Murger,28,,IM1148,1563215.73150000,5182607.45020000,1.23930612,45.82990441
87085_2498_00001,rue Henri Salvador,1,,PP0079,1560168.32960000,5184572.39310000,1.19952137,45.84696709
87085_2498_00003,rue Henri Salvador,3,,PP0078,1560181.09010000,5184594.20200000,1.19967927,45.84716587
87085_2498_00004,rue Henri Salvador,4,,PP0050,1560190.13000000,5184584.19220000,1.19979854,45.84707766
87085_2498_00005,rue Henri Salvador,5,,PP0077,1560192.47290000,5184611.23830000,1.19982083,45.84732143
87085_2498_00006,rue Henri Salvador,6,,PP0051,1560200.23160000,5184599.80910000,1.19992403,45.84722020
87085_2498_00009,rue Henri Salvador,9,,PP0067,1560221.85310000,5184661.93240000,1.20018426,45.84778342
87085_2498_00011,rue Henri Salvador,11,,PP0066,1560225.40680000,5184691.30980000,1.20022145,45.84804840
87085_2498_00012,rue Henri Salvador,12,,PP0059,1560232.65740000,5184660.86220000,1.20032364,45.84777599
87085_2498_00014,rue Henri Salvador,14,,PP0060,1560235.90890000,5184682.84470000,1.20035910,45.84797439
87085_2498_00015,rue Henri Salvador,15,,PP0065,1560223.83660000,5184715.44690000,1.20019422,45.84826521
87085_2498_00016,rue Henri Salvador,16,,PP0061,1560235.17220000,5184704.36120000,1.20034336,45.84816779
87085_2498_00017,rue Henri Salvador,17,,PP0080,1560212.56150000,5184741.44660000,1.20004152,45.84849679
87085_2498_00018,rue Henri Salvador,18,,PP0062,1560234.04340000,5184726.33710000,1.20032244,45.84836525
87085_2498_00020,rue Henri Salvador,20,,PP0063,1560232.37680000,5184746.48680001,1.20029512,45.84854616
87085_2500_00005,rue Henri Sellier,5,,OO0071,1561434.95500000,5181847.10020000,1.21661060,45.82270822
87085_2500_00006,rue Henri Sellier,6,,OO0198,1561447.08450000,5181853.15270000,1.21676492,45.82276510
87085_2500_00007,rue Henri Sellier,7,,OO0072,1561431.54160000,5181858.95020000,1.21656327,45.82281412
87085_2500_00008,rue Henri Sellier,8,,OO0197,1561443.12700000,5181866.49070000,1.21671016,45.82288429
87085_2500_00009,rue Henri Sellier,9,,OO0073,1561428.88610000,5181866.91770000,1.21652681,45.82288526
87085_2500_00010,rue Henri Sellier,10,,OO0180,1561433.22090000,5181885.93380000,1.21657710,45.82305719
87085_2500_00011,rue Henri Sellier,11,,OO0074,1561423.97400000,5181876.36160000,1.21646089,45.82296922
87085_2500_00012,rue Henri Sellier,12,,OO0179,1561425.05820000,5181897.03350000,1.21646888,45.82315540
87085_2500_00013,rue Henri Sellier,13,,OO0075,1561418.96690000,5181883.50910000,1.21639440,45.82303251
87085_2500_00014,rue Henri Sellier,14,,OO0178,1561416.07240000,5181908.42650000,1.21634998,45.82325607
87085_2500_00015,rue Henri Sellier,15,,OO0080,1561388.04670000,5181925.63140000,1.21598444,45.82340519
87085_2500_00016,rue Henri Sellier,16,,OO0177,1561408.99300000,5181918.82470000,1.21625590,45.82334818
87085_2500_00017,rue Henri Sellier,17,,OO0081,1561381.41560000,5181937.58010000,1.21589568,45.82351134
87085_2500_00018,rue Henri Sellier,18,,OO0157,1561395.02050000,5181938.91330000,1.21607034,45.82352607
87085_2500_00019,rue Henri Sellier,19,,OO0082,1561375.79550000,5181949.94690000,1.21581980,45.82362145
87085_2500_00020,rue Henri Sellier,20,,OO0156,1561389.13820000,5181950.52490000,1.21599131,45.82362934
87085_2500_00021,rue Henri Sellier,21,,OO0086,1561370.79190000,5181966.39120000,1.21575068,45.82376837
87085_2500_00022,rue Henri Sellier,22,,OO0155,1561384.72780000,5181961.83860000,1.21593130,45.82373022
87085_2500_00023,rue Henri Sellier,23,,OO0267,1561369.26570000,5181981.02830000,1.21572683,45.82389973
87085_2500_00024,rue Henri Sellier,24,,OO0154,1561382.30950000,5181979.58490000,1.21589507,45.82388937
87085_2500_00025,rue Henri Sellier,25,,OO0090,1561369.69770000,5181997.06640000,1.21572776,45.82404409
87085_2500_00027,rue Henri Sellier,27,,OO0094,1561369.57170000,5182011.86380000,1.21572187,45.82417717
87085_2500_00028,rue Henri Sellier,28,,OO0134,1561382.45200000,5182024.19650000,1.21588404,45.82429071
87085_2500_00029,rue Henri Sellier,29,,OO0095,1561369.53090000,5182025.07020000,1.21571754,45.82429596
87085_2500_00030,rue Henri Sellier,30,,OO0133,1561382.43370000,5182037.15080000,1.21588007,45.82440723
87085_2500_00031,rue Henri Sellier,31,,OO0096,1561369.59750000,5182035.85570000,1.21571529,45.82439299
87085_2500_00032,rue Henri Sellier,32,,OO0132,1561386.90690000,5182059.73790000,1.21593112,45.82461132
87085_2445_00005,rue Henry Bataille,5,,AZ0405,1563072.40500000,5182914.73830000,1.23737430,45.83264011
87085_2445_00008,rue Henry Bataille,8,,AZ0486,1563071.33000000,5182927.28350000,1.23735689,45.83275275
87085_2445_00009,rue Henry Bataille,9,,AZ0406,1563056.45120000,5182916.41060000,1.23716852,45.83265198
87085_2445_00010,rue Henry Bataille,10,,AZ0485,1563061.11740000,5182928.35220000,1.23722517,45.83276033
87085_2445_00011,rue Henry Bataille,11,,AZ0407,1563046.36800000,5182917.49360000,1.23703846,45.83265972
87085_2445_00012,rue Henry Bataille,12,,AZ0484,1563052.78360000,5182929.35910000,1.23711764,45.83276773
87085_2445_00013,rue Henry Bataille,13,,AZ0408,1563039.15250000,5182918.32740000,1.23694537,45.83266578
87085_2445_00014,rue Henry Bataille,14,,AZ0878,1563045.55090000,5182930.19790000,1.23702432,45.83277383
87085_2445_00016,rue Henry Bataille,16,,AZ0482,1563038.65880000,5182930.92980000,1.23693542,45.83277905
87085_2445_00018,rue Henry Bataille,18,,AZ0481,1563029.96810000,5182932.00040000,1.23682328,45.83278695
87085_2445_00020,rue Henry Bataille,20,,AZ0480,1563022.29860000,5182932.63870000,1.23672441,45.83279116
87085_2445_00022,rue Henry Bataille,22,,AZ0479,1563015.40510000,5182933.44660000,1.23663547,45.83279705
87085_2445_00024,rue Henry Bataille,24,,AZ0478,1563008.15520000,5182934.50350000,1.23654187,45.83280512
87085_2445_00025,rue Henry Bataille,25,,AZ0956,1562983.46320000,5182924.23700000,1.23622705,45.83270785
87085_2445_00026,rue Henry Bataille,26,,AZ0477,1563001.22290000,5182935.39980000,1.23645241,45.83281180
87085_2445_00027,rue Henry Bataille,27,,AZ0439,1562973.34260000,5182925.30680000,1.23609651,45.83271545
87085_2445_00028,rue Henry Bataille,28,,AZ0476,1562993.32350000,5182936.01640000,1.23635058,45.83281577
87085_2445_00029,rue Henry Bataille,29,,AZ0438,1562964.78030000,5182926.17640000,1.23598607,45.83272157
87085_2445_00030,rue Henry Bataille,30,,AZ0475,1562985.15210000,5182936.93080000,1.23624516,45.83282237
87085_2445_00031,rue Henry Bataille,31,,AZ0465,1562938.63730000,5182929.11230000,1.23564882,45.83274277
87085_2445_00032,rue Henry Bataille,32,,AZ0474,1562975.35780000,5182937.93730000,1.23611884,45.83282947
87085_2445_00033,rue Henry Bataille,33,,AZ0466,1562929.92370000,5182929.98700000,1.23553643,45.83274890
87085_2445_00034,rue Henry Bataille,34,,AZ0473,1562966.60240000,5182939.03340000,1.23600586,45.83283759
87085_2445_00035,rue Henry Bataille,35,,AZ0467,1562921.08130000,5182930.84890000,1.23542240,45.83275489
87085_2445_00036,rue Henry Bataille,36,,AZ0472,1562957.69220000,5182940.16340000,1.23589087,45.83284598
87085_2445_00038,rue Henry Bataille,38,,AZ0471,1562950.07290000,5182940.82020000,1.23579264,45.83285037
87085_2445_00040,rue Henry Bataille,40,,AZ0470,1562941.59370000,5182941.68470000,1.23568328,45.83285645
87085_2445_00044,rue Henry Bataille,44,,AZ0468,1562924.53140000,5182943.48270000,1.23546320,45.83286923
87085_2499_00001,rue Henry de Montherlant,1,,RC0093,1561073.37540000,5184193.22250000,1.21128047,45.84373975
87085_2499_00003,rue Henry de Montherlant,3,,RC0095,1561097.24260000,5184219.84770000,1.21157997,45.84398408
87085_2499_00004,rue Henry de Montherlant,4,,RC0091,1561093.17140000,5184195.18190000,1.21153470,45.84376138
87085_2499_00005,rue Henry de Montherlant,5,,RC0096,1561086.91330000,5184263.04320000,1.21143454,45.84437056
87085_2499_00006,rue Henry de Montherlant,6,,RC0090,1561103.95200000,5184206.95430000,1.21167005,45.84386945
87085_2499_00008,rue Henry de Montherlant,8,,RC0089,1561110.46690000,5184221.34270000,1.21174975,45.84400020
87085_2499_00010,rue Henry de Montherlant,10,,RC0088,1561111.66130000,5184238.70540000,1.21176010,45.84415663
87085_2499_00011,rue Henry de Montherlant,11,,RC0106,1561034.06110000,5184330.11730000,1.21073487,45.84496324
87085_2499_00012,rue Henry de Montherlant,12,,RC0087,1561106.41870000,5184255.02360000,1.21168791,45.84430236
87085_2499_00014,rue Henry de Montherlant,14,,RC0086,1561095.78850000,5184272.43430000,1.21154605,45.84445683
87085_2499_00015,rue Henry de Montherlant,15,,RC0107,1560991.69560000,5184343.04180000,1.21018584,45.84507094
87085_2499_00016,rue Henry de Montherlant,16,,RC0085,1561083.28540000,5184289.80710000,1.21138010,45.84461058
87085_2499_00017,rue Henry de Montherlant,17,,RC0108,1560970.92170000,5184330.36290000,1.20992212,45.84495268
87085_2499_00018,rue Henry de Montherlant,18,,RC0084,1561066.50460000,5184311.97660000,1.21115771,45.84480661
87085_2499_00019,rue Henry de Montherlant,19,,RC0110,1560950.95140000,5184318.68470000,1.20966846,45.84484359
87085_2499_00020,rue Henry de Montherlant,20,,RC0083,1561050.43240000,5184330.25340000,1.21094555,45.84496777
87085_2499_00022,rue Henry de Montherlant,22,,RC0082,1561030.78620000,5184349.87270000,1.21068701,45.84514029
87085_2499_00024,rue Henry de Montherlant,24,,RC0081,1561014.68230000,5184363.49960000,1.21047579,45.84525961
87085_2499_00026,rue Henry de Montherlant,26,,RC0080,1560993.56150000,5184358.18350000,1.21020547,45.84520752
87085_2499_00028,rue Henry de Montherlant,28,,RC0120,1560950.67240000,5184334.46480000,1.20966030,45.84498549
87085_2499_00030,rue Henry de Montherlant,30,,RC0119,1560933.12720000,5184323.98270000,1.20943750,45.84488765
87085_2499_00032,rue Henry de Montherlant,32,,RC0118,1560918.85260000,5184315.81730000,1.20925614,45.84481131
87085_2499_00034,rue Henry de Montherlant,34,,RC0117,1560907.09750000,5184308.92630000,1.20910683,45.84474694
87085_2499_00036,rue Henry de Montherlant,36,,RC0116,1560896.20910000,5184302.44220000,1.20896856,45.84468641
87085_2499_00038,rue Henry de Montherlant,38,,RC0115,1560887.20460000,5184296.74990000,1.20885431,45.84463339
87085_2499_00040,rue Henry de Montherlant,40,,RC0114,1560874.35620000,5184288.95970000,1.20869119,45.84456071
87085_2505_00001,rue Hoche,1,,DP0079,1564893.81940000,5183400.43100000,1.26067678,45.83736945
87085_2505_00004,rue Hoche,4,,DP0076,1564907.87280000,5183407.77630000,1.26085558,45.83743829
87085_2505_00006,rue Hoche,6,,DP0075,1564905.23590000,5183415.19730000,1.26081955,45.83750452
87085_2505_00006_bis,rue Hoche,6,bis,DP0074,1564902.11390000,5183423.22170000,1.26077712,45.83757609
87085_2505_00008,rue Hoche,8,,DP0210,1564895.30020000,5183440.53070000,1.26068456,45.83773046
87085_2505_00010,rue Hoche,10,,DP0210,1564918.68870000,5183461.13400000,1.26097978,45.83792039
87085_2505_00011,rue Hoche,11,,DP0084,1564868.73100000,5183465.86870000,1.26033550,45.83795317
87085_2505_00012,rue Hoche,12,,DP0210,1564903.32010000,5183483.23910000,1.26077577,45.83811622
87085_2505_00013,rue Hoche,13,,DP0085,1564864.17510000,5183477.61940000,1.26027357,45.83805798
87085_2505_00014,rue Hoche,14,,DP0210,1564884.81240000,5183468.20630000,1.26054181,45.83797736
87085_2505_00015,rue Hoche,15,,DP0180,1564858.84310000,5183492.20180000,1.26020084,45.83818811
87085_2505_00016,rue Hoche,16,,DP0210,1564879.28840000,5183482.41220000,1.26046672,45.83810406
87085_2505_00018,rue Hoche,18,,DP0054,1564873.08920000,5183498.33400000,1.26038246,45.83824607
87085_2505_00019,rue Hoche,19,,DP0087,1564849.31740000,5183516.32230000,1.26007147,45.83840321
87085_2505_00020,rue Hoche,20,,DP0053,1564870.32780000,5183505.43660000,1.26034493,45.83830942
87085_2505_00022,rue Hoche,22,,DP0052,1564867.17290000,5183513.66930000,1.26030201,45.83838286
87085_2505_00023,rue Hoche,23,,DP0202,1564842.60650000,5183533.48670000,1.25998027,45.83855630
87085_2505_00024,rue Hoche,24,,DP0052,1564863.49120000,5183523.37690000,1.26025190,45.83846946
87085_2505_00025,rue Hoche,25,,DP0202,1564836.70140000,5183546.89590000,1.25990050,45.83867576
87085_2505_00026,rue Hoche,26,,DP0043,1564860.96980000,5183530.11440000,1.26021755,45.83852957
87085_2505_00027,rue Hoche,27,,DP0039,1564830.67210000,5183565.05170000,1.25981780,45.83883790
87085_2505_00028,rue Hoche,28,,DP0042,1564857.38350000,5183539.58290000,1.26016874,45.83861404
87085_2505_00029,rue Hoche,29,,DP0039,1564825.05970000,5183579.43960000,1.25974152,45.83896622
87085_2505_00030,rue Hoche,30,,DP0041,1564852.69900000,5183551.69670000,1.26010504,45.83872209
87085_2505_00031,rue Hoche,31,,DP0027,1564821.71710000,5183588.24360000,1.25969603,45.83904476
87085_2505_00033,rue Hoche,33,,DP0026,1564819.05320000,5183595.44940000,1.25965971,45.83910906
87085_2505_00035,rue Hoche,35,,DP0025,1564815.89670000,5183603.32180000,1.25961688,45.83917926
87085_2505_00036,rue Hoche,36,,CW0066,1564791.98430000,5183709.60220000,1.25927922,45.84013061
87085_2505_00039,rue Hoche,39,,CW0055,1564790.68150000,5183669.39260000,1.25927377,45.83976864
87085_2505_00040,rue Hoche,40,,CW0167,1564779.18950000,5183742.81020000,1.25910521,45.84042682
87085_2505_00041,rue Hoche,41,,CW0053,1564785.18990000,5183683.81280000,1.25919903,45.83989728
87085_2505_00043,rue Hoche,43,,CW0052,1564780.60490000,5183695.53320000,1.25913672,45.84000181
87085_2505_00045,rue Hoche,45,,CW0046,1564774.80700000,5183710.61990000,1.25905786,45.84013639
87085_2505_00046,rue Hoche,46,,CW0151,1564770.00130000,5183766.61700000,1.25898025,45.84063917
87085_2505_00048,rue Hoche,48,,CW0042,1564766.08670000,5183777.07810000,1.25892693,45.84073250
87085_2505_00050,rue Hoche,50,,CW0041,1564764.00480000,5183782.66190000,1.25889856,45.84078232
87085_2505_00052,rue Hoche,52,,CW0040,1564761.90290000,5183788.88180000,1.25886976,45.84083786
87085_2505_00056,rue Hoche,56,,CW0019,1564750.87400000,5183817.58830000,1.25871973,45.84109392
87085_2505_00058,rue Hoche,58,,CW0018,1564746.23880000,5183830.42510000,1.25865646,45.84120848
87085_2505_00059,rue Hoche,59,,CW0014,1564735.93390000,5183812.53150000,1.25852887,45.84104549
87085_2505_00060,rue Hoche,60,,CW0017,1564741.11180000,5183843.52380000,1.25858679,45.84132531
87085_2505_00061,rue Hoche,61,,CW0015,1564729.85490000,5183828.50710000,1.25844613,45.84118801
87085_2505_00062,rue Hoche,62,,CW0161,1564758.05190000,5183853.34750000,1.25880205,45.84141701
87085_2505_00064,rue Hoche,64,,CW0016,1564735.13850000,5183859.42470000,1.25850543,45.84146717
87085_2508_00006,rue Homère,6,,LY0242,1567330.81510000,5187192.59210000,1.29099299,45.87195686
87085_2508_00010,rue Homère,10,,LY0242,1567314.82320000,5187163.63410000,1.29079505,45.87169328
87085_2508_00016,rue Homère,16,,LY0242,1567300.78030000,5187135.87230000,1.29062189,45.87144083
87085_2508_00026,rue Homère,26,,LW0243,1567307.10610000,5187047.24270000,1.29072784,45.87064478
87085_2508_00028,rue Homère,28,,LW0242,1567316.31570000,5187032.74490000,1.29085045,45.87051614
87085_2508_00030,rue Homère,30,,LW0241,1567330.77800000,5187017.76840000,1.29104082,45.87038421
87085_2508_00032,rue Homère,32,,LW0240,1567345.84360000,5187006.87900000,1.29123784,45.87028916
87085_2508_00033,rue Homère,33,,LW0031,1567456.07850000,5186851.48530000,1.29270028,45.86891256
87085_2508_00034,rue Homère,34,,LW0239,1567362.48920000,5186996.45840000,1.29145507,45.87019863
87085_2508_00035,rue Homère,35,,LW0032,1567456.97680000,5186843.03500000,1.29271418,45.86883672
87085_2508_00036,rue Homère,36,,LW0238,1567383.37440000,5186983.35760000,1.29172763,45.87008481
87085_2508_00037,rue Homère,37,,LW0033,1567458.01900000,5186835.33750000,1.29272972,45.86876768
87085_2508_00038,rue Homère,38,,LW0237,1567401.07560000,5186971.88630000,1.29195875,45.86998504
87085_2508_00039,rue Homère,39,,LW0034,1567459.19510000,5186822.75300000,1.29274834,45.86865470
87085_2508_00042,rue Homère,42,,LW0186,1567439.99510000,5186907.22300001,1.29247778,45.86941086
87085_2508_00044,rue Homère,44,,LW0185,1567442.32360000,5186883.71680000,1.29251425,45.86919985
87085_2508_00046,rue Homère,46,,LW0184,1567444.35440000,5186864.48279999,1.29254572,45.86902722
87085_2508_00048,rue Homère,48,,LW0183,1567446.07960000,5186846.71870000,1.29257284,45.86886776
87085_2508_00050,rue Homère,50,,LW0182,1567448.19250000,5186825.18430001,1.29260599,45.86867445
87085_2508_00052,rue Homère,52,,LW0181,1567450.06250000,5186807.84080000,1.29263486,45.86851879
87085_2508_00054,rue Homère,54,,LW0180,1567451.95020000,5186785.84880000,1.29266524,45.86832133
87085_2508_00056,rue Homère,56,,LW0179,1567453.74410000,5186767.77280000,1.29269333,45.86815907
87085_2508_00058,rue Homère,58,,LW0178,1567455.61420000,5186748.76270000,1.29272266,45.86798842
87085_2508_00060,rue Homère,60,,LW0177,1567457.23530000,5186733.30980000,1.29274780,45.86784972
87085_2509_00002,rue Honoré Arnoul,2,,EX0296,1565781.95950000,5180793.47370000,1.27283454,45.81409215
87085_2509_00003,rue Honoré Arnoul,3,,EX0294,1565801.48180000,5180788.69130000,1.27308701,45.81405294
87085_2509_00004,rue Honoré Arnoul,4,,EX0297,1565790.70160000,5180782.74340000,1.27294999,45.81399733
87085_2509_00005,rue Honoré Arnoul,5,,EX0295,1565811.65460000,5180776.01310000,1.27322141,45.81394087
87085_2509_00006,rue Honoré Arnoul,6,,EX0298,1565801.27300000,5180770.28460000,1.27308946,45.81388732
87085_2509_00008,rue Honoré Arnoul,8,,EX0299,1565812.13670000,5180756.92010000,1.27323294,45.81376921
87085_2520_00005,rue Horace Vernet,5,,CM0276,1565939.82450000,5184750.62430000,1.27376189,45.84971998
87085_2520_00007,rue Horace Vernet,7,,CM0822,1565944.04900000,5184763.48910000,1.27381268,45.84983653
87085_2520_00014,rue Horace Vernet,14,,CM0740,1565982.67150000,5184822.98990000,1.27429325,45.85037931
87085_2520_00015,rue Horace Vernet,15,,CM0820,1565956.79490000,5184799.48720000,1.27396671,45.85016284
87085_2520_00016,rue Horace Vernet,16,,CM0739,1565995.66160000,5184839.28160000,1.27445593,45.85052839
87085_2520_00018,rue Horace Vernet,18,,CM0738,1566002.62810000,5184848.53430000,1.27454302,45.85061299
87085_2520_00019,rue Horace Vernet,19,,CM0735,1565987.93040000,5184844.62950000,1.27435491,45.85057499
87085_2520_00021,rue Horace Vernet,21,,CM0737,1565999.18760000,5184859.59530000,1.27449565,45.85071182
87085_2533_00001,rue Hubert Curien,1,,TV0020,1565849.35910000,5180398.31680000,1.27381177,45.81055060
87085_2533_00002,rue Hubert Curien,2,,TV0025,1565826.43300000,5180383.76000000,1.27352092,45.81041518
87085_2533_00005,rue Hubert Curien,5,,TV0021,1565872.98040000,5180320.51010000,1.27413732,45.80985529
87085_2533_00009,rue Hubert Curien,9,,TV0024,1565895.46800000,5180252.41440000,1.27444556,45.80924711
87085_2533_00010,rue Hubert Curien,10,,TV0026,1565856.63900000,5180289.20320000,1.27393584,45.80957048
87085_2533_00011,rue Hubert Curien,11,,TV0074,1565905.47950000,5180215.95120000,1.27458451,45.80892105
87085_2533_00012,rue Hubert Curien,12,,TV0030,1565863.54420000,5180267.07310000,1.27403083,45.80937275
87085_2533_00014,rue Hubert Curien,14,,TV0031,1565874.44860000,5180234.36940000,1.27418022,45.80908068
87085_2533_00015,rue Hubert Curien,15,,TV0039,1565920.28710000,5180172.77900000,1.27478701,45.80853557
87085_2533_00016,rue Hubert Curien,16,,TV0032,1565884.94830000,5180202.30070000,1.27432422,45.80879425
87085_2533_00019,rue Hubert Curien,19,,TV0047,1565960.05220000,5180066.94830000,1.27532799,45.80759130
87085_2533_00023,rue Hubert Curien,23,,TV0044,1565896.14580000,5180104.31360000,1.27449556,45.80791497
87085_2533_00025,rue Hubert Curien,25,,TV0045,1565860.28500000,5180091.12470000,1.27403796,45.80778934
87085_2533_00026,rue Hubert Curien,26,,TV0063,1565798.38640000,5180090.21340000,1.27324202,45.80776907
87085_2533_00029,rue Hubert Curien,29,,TV0046,1565784.47670000,5180066.69930000,1.27306966,45.80755483
87085_2533_00034,rue Hubert Curien,34,,TV0065,1565706.66100000,5180216.28990001,1.27202698,45.80888531
87085_2533_00036,rue Hubert Curien,36,,TV0058,1565694.96020000,5180253.71100000,1.27186603,45.80921966
87085_2533_00040,rue Hubert Curien,40,,TV0029,1565672.64070000,5180323.22850000,1.27155952,45.80984065
87085_2535_00001,rue Huchette,1,,DY0045,1564622.25280000,5182439.53030000,1.25745241,45.82867218
87085_2535_00002,rue Huchette,2,,DY0046,1564616.35830000,5182441.42170000,1.25737603,45.82868803
87085_2535_00003,rue Huchette,3,,DY0036,1564603.91760000,5182431.36770000,1.25721878,45.82859514
87085_2535_00005,rue Huchette,5,,DY0007,1564585.72410000,5182420.76630000,1.25698766,45.82849619
87085_2535_00007,rue Huchette,7,,DY0006,1564580.38790000,5182418.72330000,1.25691957,45.82847676
87085_2535_00008,rue Huchette,8,,DY0547,1564599.39510000,5182432.98540000,1.25716013,45.82860880
87085_2535_00011,rue Huchette,11,,DY0004,1564578.53450000,5182428.51660000,1.25689296,45.82856450
87085_2535_00026,rue Huchette,26,,DY0061,1564568.23660000,5182446.67890000,1.25675534,45.82872585
87085_2535_00028,rue Huchette,28,,DY0062,1564566.22030000,5182448.60020000,1.25672885,45.82874273
87085_2535_00030,rue Huchette,30,,DY0063,1564562.56900000,5182452.05950000,1.25668089,45.82877313
87085_2545_00001,rue Hyacinthe faure,1,,CY0139,1564478.28280000,5183606.83810000,1.25527077,45.83914443
87085_2545_00002,rue Hyacinthe faure,2,,CY0083,1564493.21250000,5183617.17070000,1.25546001,45.83924032
87085_2545_00003,rue Hyacinthe faure,3,,CY0085,1564480.50190000,5183619.06010000,1.25529589,45.83925481
87085_2545_00004,rue Hyacinthe faure,4,,CY0082,1564494.97280000,5183625.55570000,1.25548030,45.83931610
87085_2545_00005,rue Hyacinthe faure,5,,CY0086,1564482.24060000,5183629.97520000,1.25531519,45.83935334
87085_2545_00007,rue Hyacinthe faure,7,,CY0087,1564483.60550000,5183637.96730000,1.25533050,45.83942551
87085_2545_00008,rue Hyacinthe faure,8,,CY0126,1564498.18510000,5183643.71480000,1.25551652,45.83948008
87085_2545_00009,rue Hyacinthe faure,9,,CY0088,1564484.63560000,5183644.13850000,1.25534202,45.83948122
87085_2545_00010,rue Hyacinthe faure,10,,CY0077,1564500.07480000,5183654.93860000,1.25553768,45.83958142
87085_2545_00011,rue Hyacinthe faure,11,,CY0089,1564486.48160000,5183652.75990000,1.25536335,45.83955914
87085_2545_00012,rue Hyacinthe faure,12,,CY0076,1564501.56490000,5183665.94560000,1.25555375,45.83968073
87085_2545_00013,rue Hyacinthe faure,13,,CY0090,1564488.05120000,5183662.55730000,1.25538078,45.83964758
87085_2545_00014,rue Hyacinthe faure,14,,CY0072,1564503.03400000,5183673.22310000,1.25557061,45.83974648
87085_2545_00015,rue Hyacinthe faure,15,,CY0093,1564490.11400000,5183675.49340000,1.25540369,45.83976436
87085_2545_00016,rue Hyacinthe faure,16,,CY0071,1564504.13730000,5183680.26360000,1.25558282,45.83981003
87085_2545_00017,rue Hyacinthe faure,17,,CY0094,1564492.39870000,5183688.38390000,1.25542946,45.83988077
87085_2545_00018,rue Hyacinthe faure,18,,CY0070,1564505.52440000,5183688.52170000,1.25559835,45.83988459
87085_2545_00019,rue Hyacinthe faure,19,,CY0095,1564495.01810000,5183704.65580000,1.25545858,45.84002766
87085_2545_00022,rue Hyacinthe faure,22,,CY0142,1564513.01850000,5183731.20410000,1.25568277,45.84027002
87085_2545_00025,rue Hyacinthe faure,25,,CY0138,1564501.89150000,5183744.85200000,1.25553571,45.84039060
87085_2545_00026,rue Hyacinthe faure,26,,CY0141,1564516.39860000,5183751.37510000,1.25572058,45.84045214
87085_2545_00027,rue Hyacinthe faure,27,,CY0138,1564506.06330000,5183769.63520000,1.25558242,45.84061436
87085_2545_00030,rue Hyacinthe faure,30,,CY0041,1564518.95770000,5183766.04280000,1.25574938,45.84058458
87085_2545_00032,rue Hyacinthe faure,32,,CY0040,1564520.18410000,5183772.98280000,1.25576321,45.84064726
87085_2545_00034,rue Hyacinthe faure,34,,CY0039,1564522.03180000,5183784.99690000,1.25578361,45.84075569
87085_2545_00035,rue Hyacinthe faure,35,,CY0137,1564509.26830000,5183791.55270000,1.25561749,45.84081215
87085_2545_00036,rue Hyacinthe faure,36,,CY0038,1564526.65180000,5183792.12140000,1.25584106,45.84082069
87085_2545_00038,rue Hyacinthe faure,38,,CY0037,1564533.47910000,5183796.75560000,1.25592762,45.84086372
87085_2545_00039,rue Hyacinthe faure,39,,CY0032,1564535.79060000,5183814.62030000,1.25595234,45.84102488
87085_2545_00039_bis,rue Hyacinthe faure,39,bis,CY0031,1564548.55200000,5183823.63040000,1.25611404,45.84110845
87085_2545_00040,rue Hyacinthe faure,40,,CY0036,1564540.25980000,5183801.82720000,1.25601346,45.84091068
87085_2545_00044,rue Hyacinthe faure,44,,CY0131,1564555.11470000,5183811.97010000,1.25620179,45.84100485
87085_4555_00001,rue Hyacinthe Rigaud,1,,BT0066,1564418.08370000,5185277.32900000,1.25402465,45.85415957
87085_4555_00002,rue Hyacinthe Rigaud,2,,BT0044,1564421.79070000,5185289.40070000,1.25406896,45.85426889
87085_4555_00005,rue Hyacinthe Rigaud,5,,BT0065,1564396.93510000,5185271.20420000,1.25375412,45.85410030
87085_4555_00006,rue Hyacinthe Rigaud,6,,BT0045,1564395.11310000,5185280.67520000,1.25372799,45.85418514
87085_4555_00007,rue Hyacinthe Rigaud,7,,BT0063,1564386.51160000,5185267.67540000,1.25362093,45.85406650
87085_4555_00008,rue Hyacinthe Rigaud,8,,BT0046,1564386.40540000,5185277.65620000,1.25361674,45.85415626
87085_4555_00009,rue Hyacinthe Rigaud,9,,BT0062,1564378.89430000,5185265.38140000,1.25352351,45.85404436
87085_4555_00010,rue Hyacinthe Rigaud,10,,BT0047,1564377.92900000,5185274.99090000,1.25350837,45.85413062
87085_4555_00011,rue Hyacinthe Rigaud,11,,BT0061,1564366.93340000,5185259.05270000,1.25337132,45.85398507
87085_4555_00012,rue Hyacinthe Rigaud,12,,BT0048,1564365.36100000,5185274.07420000,1.25334684,45.85411989
87085_4555_00014,rue Hyacinthe Rigaud,14,,BT0364,1564359.23130000,5185269.72510000,1.25326916,45.85407956
87085_2550_00007,rue Imbert,7,,DX0310,1564531.89290000,5182808.50170000,1.25618573,45.83197350
87085_2550_00009,rue Imbert,9,,DX0311,1564525.94020000,5182818.67880000,1.25610626,45.83206387
87085_2550_00011,rue Imbert,11,,DX0312,1564521.98540000,5182824.70920000,1.25605367,45.83211734
87085_2560_00001,rue Ingres,1,,IN0066,1563431.93900000,5182146.80380000,1.24221909,45.82580361
87085_2560_00004,rue Ingres,4,,IN0410,1563426.02330000,5182160.83620000,1.24213899,45.82592867
87085_2560_00005,rue Ingres,5,,IN0414,1563414.02210000,5182150.75930000,1.24198743,45.82583564
87085_2560_00007,rue Ingres,7,,IN0065,1563403.11380000,5182153.01530000,1.24184643,45.82585376
87085_2560_00008,rue Ingres,8,,IN0068,1563399.59180000,5182166.87580000,1.24179718,45.82597775
87085_2560_00010,rue Ingres,10,,IN0069,1563388.94220000,5182169.19840000,1.24165949,45.82599653
87085_2560_00012,rue Ingres,12,,IN0398,1563378.78380000,5182171.37930000,1.24152816,45.82601413
87085_2560_00013,rue Ingres,13,,IN0057,1563379.38580000,5182158.32980000,1.24153962,45.82589686
87085_2560_00018,rue Ingres,18,,IN0071,1563343.97490000,5182178.89430000,1.24107814,45.82607481
87085_2560_00019,rue Ingres,19,,IN0296,1563344.46610000,5182165.85840000,1.24108817,45.82595764
87085_2560_00020,rue Ingres,20,,IN0072,1563336.16910000,5182180.97930000,1.24097711,45.82609202
87085_2560_00021,rue Ingres,21,,IN0051,1563334.14210000,5182168.30720000,1.24095463,45.82597762
87085_2560_00022,rue Ingres,22,,IN0072,1563324.72060000,5182183.30890000,1.24082914,45.82611070
87085_2560_00024,rue Ingres,24,,IN0403,1563313.63780000,5182208.85070000,1.24067928,45.82633826
87085_2560_00025,rue Ingres,25,,IN0050,1563314.27450000,5182172.64940000,1.24069776,45.82601273
87085_2560_00027,rue Ingres,27,,IN0046,1563306.02990000,5182174.46120000,1.24059117,45.82602739
87085_2560_00029,rue Ingres,29,,IN0045,1563292.60900000,5182177.30760000,1.24041767,45.82605033
87085_2560_00031,rue Ingres,31,,IN0042,1563281.33630000,5182179.77330000,1.24027192,45.82607027
87085_2562_00001,rue Irène et Frédéric Joliot-Curie,1,,OL0120,1562054.84930000,5183055.46750000,1.22423957,45.83370269
87085_2562_00003,rue Irène et Frédéric Joliot-Curie,3,,OL0120,1562055.60140000,5183038.99490000,1.22425397,45.83355466
87085_2562_00005,rue Irène et Frédéric Joliot-Curie,5,,OL0120,1562056.29550000,5183023.66360000,1.22426731,45.83341689
87085_2562_00007,rue Irène et Frédéric Joliot-Curie,7,,OL0120,1562056.66660000,5183007.44970000,1.22427673,45.83327111
87085_2562_00008,rue Irène et Frédéric Joliot-Curie,8,,OL0025,1562026.91650000,5183022.50460000,1.22388960,45.83340060
87085_2562_00009,rue Irène et Frédéric Joliot-Curie,9,,OL0120,1562057.70910000,5182991.03420000,1.22429486,45.83312366
87085_2562_00010,rue Irène et Frédéric Joliot-Curie,10,,OL0025,1562021.32260000,5182997.23710000,1.22382480,45.83317210
87085_2562_00011,rue Irène et Frédéric Joliot-Curie,11,,OL0121,1562035.59980000,5182956.81070000,1.22402017,45.83281136
87085_2562_00012,rue Irène et Frédéric Joliot-Curie,12,,OL0025,1562008.20000000,5182961.17500000,1.22366632,45.83284512
87085_2562_00013,rue Irène et Frédéric Joliot-Curie,13,,OL0121,1562035.87630000,5182939.01070000,1.22402883,45.83265130
87085_2562_00015,rue Irène et Frédéric Joliot-Curie,15,,OL0121,1562037.51310000,5182916.55520000,1.22405634,45.83244963
87085_2562_00016,rue Irène et Frédéric Joliot-Curie,16,,OL0028,1561990.33660000,5182869.75270000,1.22346269,45.83201915
87085_2562_00017,rue Irène et Frédéric Joliot-Curie,17,,OL0121,1562038.13320000,5182896.61410000,1.22407004,45.83227037
87085_2562_00018,rue Irène et Frédéric Joliot-Curie,18,,OL0028,1561977.21320000,5182830.23410000,1.22330516,45.83166103
87085_2562_00019,rue Irène et Frédéric Joliot-Curie,19,,OL0121,1562015.86340000,5182874.27770000,1.22378988,45.83206498
87085_2562_00021,rue Irène et Frédéric Joliot-Curie,21,,OL0121,1562017.35750000,5182856.18830000,1.22381430,45.83190255
87085_2562_00023,rue Irène et Frédéric Joliot-Curie,23,,OL0121,1562018.00060000,5182833.40060000,1.22382911,45.83169770
87085_2562_00025,rue Irène et Frédéric Joliot-Curie,25,,OL0121,1562019.65320000,5182811.34920000,1.22385671,45.83149966
87085_2562_00027,rue Irène et Frédéric Joliot-Curie,27,,OL0033,1561997.03690000,5182757.26940000,1.22358120,45.83100865
87085_2591_00004,rue Jack London,4,,RN0017,1559689.50560000,5185906.40830000,1.19296849,45.85886954
87085_2591_00006,rue Jack London,6,,RN0016,1559670.99490000,5185892.49000000,1.19273424,45.85874056
87085_2591_00008,rue Jack London,8,,RN0070,1559653.78270000,5185878.56110000,1.19251671,45.85861175
87085_2591_00009,rue Jack London,9,,RN0022,1559658.07780000,5185874.41390000,1.19257322,45.85857532
87085_2591_00010,rue Jack London,10,,RN0013,1559637.14430000,5185855.32060000,1.19230930,45.85839930
87085_2591_00014,rue Jack London,14,,RN0012,1559640.88520000,5185836.24340000,1.19236303,45.85822846
87085_2591_00015,rue Jack London,15,,RN0024,1559652.10420000,5185858.44570000,1.19250098,45.85843047
87085_2591_00017,rue Jack London,17,,RN0028,1559644.90400000,5185851.36160000,1.19241036,45.85836527
87085_2591_00018,rue Jack London,18,,RN0011,1559627.12530000,5185820.98780000,1.19219035,45.85808842
87085_2591_00019,rue Jack London,19,,RN0065,1559665.82360000,5185842.10100000,1.19268239,45.85828624
87085_2591_00020,rue Jack London,20,,RN0087,1559624.93640000,5185817.97540000,1.19216305,45.85806087
87085_2591_00020_b,rue Jack London,20,b,RN0086,1559627.28720000,5185814.27680000,1.19219439,45.85802808
87085_2591_00024,rue Jack London,24,,RN0009,1559630.77290000,5185817.06210000,1.19223845,45.85805385
87085_2581_00001,rue Jacqueline Auriol,1,,SC0195,1558690.15900000,5187408.89140000,1.17966040,45.87218019
87085_2581_00002,rue Jacqueline Auriol,2,,SB0021,1558699.58170000,5187401.37750000,1.17978395,45.87211454
87085_2581_00003,rue Jacqueline Auriol,3,,SC0196,1558706.73310000,5187434.79050000,1.17986620,45.87241657
87085_2581_00004,rue Jacqueline Auriol,4,,SB0022,1558715.27870000,5187425.25100000,1.17997906,45.87233252
87085_2581_00005,rue Jacqueline Auriol,5,,SC0236,1558727.71970000,5187466.71390000,1.18012706,45.87270805
87085_2581_00006,rue Jacqueline Auriol,6,,SB0023,1558734.45170000,5187455.03140000,1.18021719,45.87260434
87085_2581_00007,rue Jacqueline Auriol,7,,SC0237,1558742.78980000,5187490.49470000,1.18031413,45.87292506
87085_2581_00008,rue Jacqueline Auriol,8,,SB0024,1558753.52230000,5187483.67770000,1.18045435,45.87286595
87085_2581_00009,rue Jacqueline Auriol,9,,SC0238,1558758.35990000,5187514.10430000,1.18050769,45.87314064
87085_2583_00001,rue Jacques Anquetil,1,,BW0108,1565110.74240000,5186243.32120000,1.26267032,45.86298548
87085_2583_00003,rue Jacques Anquetil,3,,BW0109,1565086.93000000,5186220.94420000,1.26237001,45.86277951
87085_2583_00005,rue Jacques Anquetil,5,,BW0110,1565073.31740000,5186204.73310000,1.26219930,45.86263101
87085_2583_00007,rue Jacques Anquetil,7,,BW0111,1565057.13780000,5186184.76890000,1.26199658,45.86244824
87085_2583_00009,rue Jacques Anquetil,9,,BW0138,1565097.96570000,5186136.30570000,1.26253588,45.86202031
87085_2583_00011,rue Jacques Anquetil,11,,BW0139,1565125.77590000,5186154.55310000,1.26288882,45.86218991
87085_2583_00012,rue Jacques Anquetil,12,,BW0112,1565048.15160000,5186157.38720000,1.26188858,45.86220017
87085_2583_00014,rue Jacques Anquetil,14,,BW0132,1565087.48420000,5186126.71670000,1.26240362,45.86193199
87085_2583_00015,rue Jacques Anquetil,15,,BW0137,1565145.77210000,5186146.32030000,1.26314859,45.86211977
87085_2583_00016,rue Jacques Anquetil,16,,BW0133,1565114.67650000,5186129.68880000,1.26275289,45.86196406
87085_2583_00018,rue Jacques Anquetil,18,,BW0134,1565138.67840000,5186136.10500000,1.26306012,45.86202649
87085_2583_00020,rue Jacques Anquetil,20,,BW0135,1565166.12820000,5186135.48260000,1.26341373,45.86202628
87085_2583_00022,rue Jacques Anquetil,22,,BW0136,1565188.97170000,5186137.35420000,1.26370732,45.86204759
87085_2583_00024,rue Jacques Anquetil,24,,BW0156,1565219.45420000,5186150.43080000,1.26409612,45.86217120
87085_2588_00008,rue Jacques Bernis,8,,PY0003,1562048.21550000,5184265.87810000,1.22380678,45.84458960
87085_2588_00011,rue Jacques Bernis,11,,PY0073,1562023.78750000,5184359.92580000,1.22346536,45.84543071
87085_2588_00025,rue Jacques Bernis,25,,PY0060,1561930.95150000,5184505.15730000,1.22222870,45.84671850
87085_2588_00027,rue Jacques Bernis,27,,PY0059,1561921.20150000,5184512.16310000,1.22210119,45.84677956
87085_2588_00029,rue Jacques Bernis,29,,PY0058,1561911.39720000,5184519.02080000,1.22197302,45.84683928
87085_2588_00031,rue Jacques Bernis,31,,PY0057,1561903.69170000,5184525.17700001,1.22187207,45.84689311
87085_2588_00033,rue Jacques Bernis,33,,PY0056,1561894.37570000,5184532.30830000,1.22175010,45.84695539
87085_2588_00035,rue Jacques Bernis,35,,PY0055,1561885.01120000,5184539.19020000,1.22162759,45.84701541
87085_2588_00042,rue Jacques Bernis,42,,PY0099,1561946.84060000,5184510.96560000,1.22243155,45.84677394
87085_2588_00042_b,rue Jacques Bernis,42,b,PY0074,1561940.49060000,5184515.46350000,1.22234852,45.84681312
87085_2588_00046,rue Jacques Bernis,46,,PY0067,1561910.57710000,5184536.08850000,1.22196244,45.84699987
87085_2584_00001,rue Jacques Brel,1,,NW0285,1560510.37670000,5183678.93570000,1.20418343,45.83899953
87085_2584_00003,rue Jacques Brel,3,,NW0284,1560519.91790000,5183693.64020000,1.20430195,45.83913374
87085_2584_00005,rue Jacques Brel,5,,NW0006,1560536.66510000,5183718.00070000,1.20451042,45.83935627
87085_2584_00011,rue Jacques Brel,11,,NW0011,1560537.23730000,5183775.65180000,1.20450106,45.83987498
87085_2584_00012,rue Jacques Brel,12,,NW0017,1560561.73120000,5183770.94400000,1.20481766,45.83983760
87085_2584_00014,rue Jacques Brel,14,,NW0015,1560550.27910000,5183787.19620000,1.20466555,45.83998148
87085_2584_00016,rue Jacques Brel,16,,NW0014,1560532.48800000,5183795.17950000,1.20443427,45.84004968
87085_2584_00018,rue Jacques Brel,18,,NW0013,1560513.34700000,5183793.65860000,1.20418836,45.84003212
87085_2584_00021,rue Jacques Brel,21,,NW0283,1560473.89090000,5183727.52040002,1.20369976,45.83942917
87085_2595_00001,rue Jacques Chardonne,1,,IX0635,1562357.91080000,5182946.08610000,1.22817089,45.83277947
87085_2595_00004,rue Jacques Chardonne,4,,IX0728,1562461.19760000,5182909.69580000,1.22951045,45.83247279
87085_2595_00010,rue Jacques Chardonne,10,,IX0624,1562443.14220000,5182942.53510000,1.22926871,45.83276458
87085_2595_00010_bis,rue Jacques Chardonne,10,bis,IX0625,1562455.03800000,5182951.82330000,1.22941913,45.83285052
87085_2595_00012,rue Jacques Chardonne,12,,IX0623,1562405.98520000,5182930.46670000,1.22879401,45.83264859
87085_2595_00014,rue Jacques Chardonne,14,,None,1562377.48630000,5182936.34910000,1.22842559,45.83269580
87085_2595_00015,rue Jacques Chardonne,15,,IX0076,1562385.31450000,5182925.04110000,1.22852956,45.83259565
87085_2595_00016,rue Jacques Chardonne,16,,None,1562361.97420000,5182941.75930000,1.22822442,45.83274137
87085_2589_00002,rue Jacques Goddet,2,,MP0299,1567336.38180000,5189169.71830000,1.29051812,45.88974339
87085_2589_00006,rue Jacques Goddet,6,,MP0287,1567233.83010000,5189179.29039999,1.28919442,45.88980969
87085_2589_00007,rue Jacques Goddet,7,,MP0210,1567183.97690000,5189160.36910000,1.28855745,45.88962984
87085_2589_00016,rue Jacques Goddet,16,,MR0040,1566747.33410000,5189107.71610000,1.28294732,45.88907165
87085_2589_00021,rue Jacques Goddet,21,,MR0094,1566721.89770000,5189085.11460000,1.28262593,45.88886340
87085_2598_00001,rue Jacques-Henri Pradeaux,1,,PO0008,1559621.21760000,5184362.80890000,1.19254038,45.84497031
87085_2598_00005,rue Jacques-Henri Pradeaux,5,,PO0009,1559578.41000000,5184376.55530000,1.19198537,45.84508522
87085_2598_00006,rue Jacques-Henri Pradeaux,6,,PO0015,1559588.57430000,5184387.49650000,1.19211300,45.84518572
87085_2598_00008,rue Jacques-Henri Pradeaux,8,,PO0014,1559561.55860000,5184395.94800000,1.19176281,45.84525622
87085_2598_00010,rue Jacques-Henri Pradeaux,10,,PO0013,1559546.64270000,5184401.09900000,1.19156932,45.84529951
87085_2598_00012,rue Jacques-Henri Pradeaux,12,,PO0012,1559528.08740000,5184406.79440000,1.19132882,45.84534695
87085_2596_00001,rue Jacques Monod,1,,NZ0089,1564837.17340000,5186215.21710000,1.25915587,45.86267892
87085_2596_00003,rue Jacques Monod,3,,NZ0070,1564871.38570000,5186209.37180000,1.25959802,45.86263307
87085_2596_00005,rue Jacques Monod,5,,NZ0069,1564893.61270000,5186205.80370000,1.25988521,45.86260534
87085_2596_00006,rue Jacques Monod,6,,NZ0027,1564885.54320000,5186193.04750000,1.25978490,45.86248901
87085_2596_00007,rue Jacques Monod,7,,NZ0068,1564917.11220000,5186214.49020000,1.26018533,45.86268810
87085_2596_00008,rue Jacques Monod,8,,NZ0030,1564903.09350000,5186191.09620000,1.26001141,45.86247490
87085_2596_00009,rue Jacques Monod,9,,NZ0066,1564929.55340000,5186229.49050000,1.26034130,45.86282548
87085_2596_00010,rue Jacques Monod,10,,NZ0031,1564907.46740000,5186192.07390000,1.26006746,45.86248456
87085_2596_00011,rue Jacques Monod,11,,NZ0065,1564943.27040000,5186246.50970000,1.26051313,45.86298127
87085_2596_00012,rue Jacques Monod,12,,NZ0032,1564917.00360000,5186195.80160000,1.26018919,45.86251996
87085_2596_00013,rue Jacques Monod,13,,NZ0076,1564957.25420000,5186263.44690000,1.26068841,45.86313638
87085_2596_00014,rue Jacques Monod,14,,NZ0033,1564930.10410000,5186208.25750000,1.26035436,45.86263459
87085_2596_00016,rue Jacques Monod,16,,NZ0064,1564948.63040000,5186230.95420000,1.26058651,45.86284240
87085_2596_00018,rue Jacques Monod,18,,NZ0057,1564960.24520000,5186245.15880000,1.26073207,45.86297246
87085_2596_00020,rue Jacques Monod,20,,NZ0056,1564971.16860000,5186258.45250000,1.26086897,45.86309419
87085_2596_00024,rue Jacques Monod,24,,NZ0052,1565003.74440000,5186298.01840000,1.26127728,45.86345650
87085_2596_00026,rue Jacques Monod,26,,NZ0051,1565015.03800000,5186311.75810000,1.26141883,45.86358232
87085_2597_00004,rue Jacques Thénard,4,,MD0014,1565208.33350000,5187857.77510000,1.26347358,45.87752753
87085_2597_00006,rue Jacques Thénard,6,,MD0015,1565193.72490000,5187882.06160000,1.26327862,45.87774314
87085_2597_00008,rue Jacques Thénard,8,,MD0020,1565184.62510000,5187900.11330000,1.26315635,45.87790374
87085_2597_00016,rue Jacques Thénard,16,,MD0258,1565139.59630000,5188002.07660000,1.26254777,45.87881212
87085_2597_00018,rue Jacques Thénard,18,,MD0257,1565151.08150000,5188008.15610000,1.26269399,45.87886906
87085_2597_00020,rue Jacques Thénard,20,,MD0256,1565162.45770000,5188014.68530000,1.26283867,45.87893003
87085_2597_00022,rue Jacques Thénard,22,,MD0255,1565168.43890000,5188022.22320001,1.26291359,45.87899901
87085_2597_00024,rue Jacques Thénard,24,,MD0254,1565174.43160000,5188033.13580000,1.26298770,45.87909835
87085_2597_00026,rue Jacques Thénard,26,,MD0253,1565181.81830000,5188045.20510000,1.26307945,45.87920837
87085_2597_00027,rue Jacques Thénard,27,,MD0267,1565156.48230000,5188059.34830000,1.26274916,45.87933062
87085_2597_00028,rue Jacques Thénard,28,,MD0252,1565187.46130000,5188054.97620000,1.26314938,45.87929737
87085_2597_00029,rue Jacques Thénard,29,,MD0266,1565154.14140000,5188063.93010000,1.26271773,45.87937138
87085_2597_00030,rue Jacques Thénard,30,,MD0251,1565194.43470000,5188066.89550000,1.26323585,45.87940596
87085_2597_00031,rue Jacques Thénard,31,,MD0265,1565151.13770000,5188069.70130000,1.26267742,45.87942270
87085_2597_00032,rue Jacques Thénard,32,,MD0250,1565199.84840000,5188076.28610000,1.26330293,45.87949149
87085_2597_00033,rue Jacques Thénard,33,,MD0264,1565148.15800000,5188075.32760000,1.26263746,45.87947273
87085_2597_00034,rue Jacques Thénard,34,,MD0249,1565206.81550000,5188088.28300000,1.26338930,45.87960078
87085_2597_00035,rue Jacques Thénard,35,,MD0263,1565144.80590000,5188081.74520000,1.26259248,45.87952980
87085_2597_00036,rue Jacques Thénard,36,,MD0248,1565211.75120000,5188096.47840000,1.26345056,45.87967547
87085_2597_00037,rue Jacques Thénard,37,,MD0262,1565141.66870000,5188087.97950000,1.26255033,45.87958527
87085_2597_00038,rue Jacques Thénard,38,,MD0247,1565217.00480000,5188108.14010000,1.26351495,45.87978140
87085_2597_00039,rue Jacques Thénard,39,,MD0261,1565138.32740000,5188094.24840000,1.26250553,45.87964100
87085_2597_00040,rue Jacques Thénard,40,,MD0246,1565220.35290000,5188117.62640000,1.26355541,45.87986740
87085_2597_00041,rue Jacques Thénard,41,,MD0260,1565135.09820000,5188099.76450000,1.26246239,45.87968999
87085_2597_00042,rue Jacques Thénard,42,,MD0245,1565224.48530000,5188130.49950000,1.26360502,45.87998401
87085_2597_00043,rue Jacques Thénard,43,,MD0259,1565132.40710000,5188105.65480000,1.26242608,45.87974245
87085_2597_00044,rue Jacques Thénard,44,,MD0242,1565227.89950000,5188142.28480000,1.26364568,45.88009069
87085_2597_00046,rue Jacques Thénard,46,,MD0241,1565230.99120000,5188152.02430000,1.26368277,45.88017891
87085_2597_00048,rue Jacques Thénard,48,,MD0240,1565233.85360000,5188161.14520000,1.26371707,45.88026152
87085_2597_00057,rue Jacques Thénard,57,,MD0239,1565199.73790000,5188100.48680000,1.26329471,45.87970917
87085_2597_00059,rue Jacques Thénard,59,,MD0238,1565202.90520000,5188110.79460000,1.26333261,45.87980252
87085_2610_00002,rue Jauvion,2,,DY0089,1564670.39680000,5182497.92680000,1.25805547,45.82920696
87085_2610_00003,rue Jauvion,3,,DY0554,1564671.66800000,5182493.78290000,1.25807300,45.82916994
87085_2610_00005,rue Jauvion,5,,DY0150,1564658.78990000,5182485.37730000,1.25790965,45.82909179
87085_2610_00006,rue Jauvion,6,,DY0090,1564650.44080000,5182489.57390000,1.25780103,45.82912790
87085_2610_00007,rue Jauvion,7,,DY0149,1564654.03230000,5182481.86330000,1.25784942,45.82905924
87085_2610_00008,rue Jauvion,8,,DY0091,1564644.36890000,5182490.41180000,1.25772267,45.82913424
87085_2610_00009,rue Jauvion,9,,DY0148,1564645.48760000,5182485.06530000,1.25773857,45.82908636
87085_2610_00010,rue Jauvion,10,,DY0094,1564637.49900000,5182492.45620000,1.25763369,45.82915128
87085_2610_00011,rue Jauvion,11,,DY0096,1564636.15340000,5182489.76390000,1.25761713,45.82912679
87085_2610_00012,rue Jauvion,12,,DY0095,1564630.23970000,5182495.37480000,1.25753946,45.82917610
87085_2610_00013,rue Jauvion,13,,DY0098,1564624.94360000,5182493.03450000,1.25747197,45.82915401
87085_2617_00004,rue Jean Authier,4,,NH0122,1561701.10130000,5181728.97240000,1.22006884,45.82169916
87085_2617_00006,rue Jean Authier,6,,NH0127,1561717.05050000,5181703.73460000,1.22028130,45.82147534
87085_2617_00008,rue Jean Authier,8,,NH0128,1561723.10960000,5181693.83620000,1.22036210,45.82138752
87085_2620_00001,rue Jean-Baptiste Blanc,1,,BC0187,1563946.28440000,5183121.35140000,1.24856136,45.83467215
87085_2620_00002,rue Jean-Baptiste Blanc,2,,DH0314,1563955.01430000,5183133.54140000,1.24867026,45.83478354
87085_2620_00004,rue Jean-Baptiste Blanc,4,,DH0315,1563951.58620000,5183141.11870000,1.24862399,45.83485102
87085_2620_00005,rue Jean-Baptiste Blanc,5,,BC0186,1563940.24250000,5183135.74890000,1.24847953,45.83480047
87085_2620_00006,rue Jean-Baptiste Blanc,6,,DH0316,1563948.69760000,5183148.64270000,1.24858469,45.83491813
87085_2620_00007,rue Jean-Baptiste Blanc,7,,BC0185,1563937.38080000,5183142.89160000,1.24844068,45.83486416
87085_2620_00008,rue Jean-Baptiste Blanc,8,,DH0335,1563945.16270000,5183156.61090000,1.24853695,45.83498911
87085_2620_00009,rue Jean-Baptiste Blanc,9,,BC0184,1563934.02580000,5183149.49410000,1.24839564,45.83492289
87085_2620_00010,rue Jean-Baptiste Blanc,10,,BD0131,1563933.30940000,5183177.11820000,1.24837860,45.83517124
87085_2620_00011,rue Jean-Baptiste Blanc,11,,BC0182,1563931.07150000,5183157.21960000,1.24835543,45.83499180
87085_2620_00013,rue Jean-Baptiste Blanc,13,,BC0181,1563928.26730000,5183163.16510000,1.24831766,45.83504473
87085_2620_00015,rue Jean-Baptiste Blanc,15,,BC0295,1563924.31370000,5183193.59210000,1.24825817,45.83531765
87085_2620_00017,rue Jean-Baptiste Blanc,17,,BC0269,1563928.43540000,5183204.88770000,1.24830801,45.83542008
87085_2620_00018,rue Jean-Baptiste Blanc,18,,BD0260,1563950.27470000,5183231.77330000,1.24858146,45.83566625
87085_2620_00019,rue Jean-Baptiste Blanc,19,,BC0317,1563934.36120000,5183219.42260000,1.24838016,45.83555200
87085_2620_00020,rue Jean-Baptiste Blanc,20,,BD0125,1563955.17740000,5183244.25230000,1.24864102,45.83577948
87085_2620_00020_b,rue Jean-Baptiste Blanc,20,b,BD0261,1563959.20010000,5183254.49640000,1.24868989,45.83587242
87085_2620_00023,rue Jean-Baptiste Blanc,23,,BD0132,1563945.79950000,5183248.78320000,1.24851905,45.83581838
87085_2620_00024,rue Jean-Baptiste Blanc,24,,BD0216,1563966.69630000,5183270.15720000,1.24878193,45.83601478
87085_2620_00026,rue Jean-Baptiste Blanc,26,,BD0119,1563970.49510000,5183277.60880000,1.24882871,45.83608257
87085_2620_00027,rue Jean-Baptiste Blanc,27,,BD0134,1563954.09460000,5183270.72960000,1.24861959,45.83601744
87085_2620_00028,rue Jean-Baptiste Blanc,28,,BD0116,1563974.66850000,5183283.83960000,1.24888065,45.83613944
87085_2620_00033,rue Jean-Baptiste Blanc,33,,BD0135,1563936.15510000,5183300.72790000,1.24838023,45.83628374
87085_2620_00042,rue Jean-Baptiste Blanc,42,,BD0088,1563907.62510000,5183338.86750000,1.24800227,45.83662118
87085_2620_00043,rue Jean-Baptiste Blanc,43,,BD0246,1563899.54280000,5183335.75580000,1.24789914,45.83659159
87085_2620_00044,rue Jean-Baptiste Blanc,44,,BD0087,1563904.27460000,5183348.39430000,1.24795645,45.83670622
87085_2620_00045,rue Jean-Baptiste Blanc,45,,BD0253,1563895.49390000,5183354.88290000,1.24784161,45.83676285
87085_2620_00046,rue Jean-Baptiste Blanc,46,,BD0196,1563902.45690000,5183356.51240000,1.24793076,45.83677889
87085_2620_00047,rue Jean-Baptiste Blanc,47,,BD0169,1563889.47880000,5183378.56010000,1.24775750,45.83697465
87085_2620_00048,rue Jean-Baptiste Blanc,48,,BD0194,1563900.33150000,5183364.50810000,1.24790115,45.83685039
87085_2630_00001,rue Jean-Baptiste Chastaingt,1,,BE0498,1564289.11790000,5184143.62650000,1.25268463,45.84393584
87085_2632_00001,rue Jean-Baptiste Chèze,1,,TC0139,1566870.56830000,5181175.16450000,1.28673317,45.81773724
87085_2632_00002,rue Jean-Baptiste Chèze,2,,TC0111,1566868.98400000,5181159.92050000,1.28671700,45.81759981
87085_2632_00003,rue Jean-Baptiste Chèze,3,,TC0140,1566885.96630000,5181185.30990000,1.28692846,45.81783149
87085_2632_00004,rue Jean-Baptiste Chèze,4,,TC0138,1566902.90920000,5181156.40640000,1.28715443,45.81757476
87085_2632_00005,rue Jean-Baptiste Chèze,5,,TC0141,1566896.38970000,5181187.87410000,1.28706185,45.81785657
87085_2632_00006,rue Jean-Baptiste Chèze,6,,TC0135,1566911.51910000,5181126.56350000,1.28727345,45.81730797
87085_2632_00007,rue Jean-Baptiste Chèze,7,,TC0142,1566904.13250000,5181176.07880000,1.28716472,45.81775196
87085_2632_00008,rue Jean-Baptiste Chèze,8,,TC0134,1566909.85530000,5181105.18870000,1.28725796,45.81711537
87085_2632_00009,rue Jean-Baptiste Chèze,9,,TC0143,1566914.08010000,5181161.64260000,1.28729670,45.81762402
87085_2632_00010,rue Jean-Baptiste Chèze,10,,TC0129,1566903.86470000,5181043.28260000,1.28719802,45.81655732
87085_2632_00011,rue Jean-Baptiste Chèze,11,,TC0137,1566922.28000000,5181146.67540000,1.28740633,45.81749097
87085_2632_00012,rue Jean-Baptiste Chèze,12,,TC0124,1566901.09830000,5181006.47130000,1.28717262,45.81622564
87085_2632_00015,rue Jean-Baptiste Chèze,15,,TC0136,1566922.63630000,5181130.59080000,1.28741536,45.81734635
87085_2632_00017,rue Jean-Baptiste Chèze,17,,TC0133,1566921.08360000,5181111.96340000,1.28740054,45.81717848
87085_2632_00019,rue Jean-Baptiste Chèze,19,,TC0132,1566919.51330000,5181091.75230000,1.28738593,45.81699636
87085_2632_00021,rue Jean-Baptiste Chèze,21,,TC0131,1566917.78520000,5181074.58830000,1.28736845,45.81684163
87085_2632_00023,rue Jean-Baptiste Chèze,23,,TC0128,1566916.48200000,5181056.68990000,1.28735663,45.81668037
87085_2632_00025,rue Jean-Baptiste Chèze,25,,TC0127,1566915.12100000,5181039.15730000,1.28734398,45.81652239
87085_2632_00027,rue Jean-Baptiste Chèze,27,,TC0126,1566913.76870000,5181022.52690000,1.28733118,45.81637252
87085_2632_00029,rue Jean-Baptiste Chèze,29,,TC0125,1566912.27320000,5181001.90040000,1.28731765,45.81618669
87085_2632_00031,rue Jean-Baptiste Chèze,31,,TC0093,1566909.82270000,5180979.01620000,1.28729245,45.81598035
87085_2631_00004,rue Jean-Baptiste Couty,4,,BC0309,1563778.88470000,5183243.26960000,1.24637255,45.83573574
87085_2631_00006,rue Jean-Baptiste Couty,6,,BC0324,1563768.12880000,5183235.37480000,1.24623636,45.83566259
87085_2631_00008,rue Jean-Baptiste Couty,8,,BC0322,1563759.01750000,5183228.86090000,1.24612095,45.83560219
87085_2631_00012,rue Jean-Baptiste Couty,12,,BC0304,1563745.48480000,5183219.20360000,1.24594954,45.83551263
87085_2631_00018,rue Jean-Baptiste Couty,18,,BC0338,1563729.31010000,5183208.10620000,1.24574453,45.83540960
87085_2635_00001,rue Jean-Baptiste Laplagne,1,,BV0569,1564151.73950000,5185573.61080000,1.25051207,45.85677220
87085_2635_00002,rue Jean-Baptiste Laplagne,2,,BV0691,1564156.43240000,5185593.71950000,1.25056680,45.85695402
87085_2635_00003,rue Jean-Baptiste Laplagne,3,,BV0617,1564146.89040000,5185586.62420000,1.25044596,45.85688831
87085_2635_00004,rue Jean-Baptiste Laplagne,4,,BV0705,1564152.26810000,5185606.05600000,1.25050970,45.85706417
87085_2635_00005,rue Jean-Baptiste Laplagne,5,,BV0708,1564140.38960000,5185604.90410000,1.25035710,45.85705146
87085_2635_00007,rue Jean-Baptiste Laplagne,7,,BV0712,1564121.53510000,5185602.51670000,1.25011504,45.85702626
87085_2635_00009,rue Jean-Baptiste Laplagne,9,,BV0710,1564110.74160000,5185592.65040000,1.24997887,45.85693537
87085_2635_00011,rue Jean-Baptiste Laplagne,11,,BV0577,1564100.27660000,5185582.95200000,1.24984689,45.85684606
87085_2635_00013,rue Jean-Baptiste Laplagne,13,,BV0578,1564093.67310000,5185576.85750000,1.24976360,45.85678993
87085_2635_00015,rue Jean-Baptiste Laplagne,15,,BV0579,1564087.64370000,5185570.74360000,1.24968770,45.85673374
87085_2635_00017,rue Jean-Baptiste Laplagne,17,,BV0580,1564082.19400000,5185566.02990000,1.24961888,45.85669026
87085_2635_00019,rue Jean-Baptiste Laplagne,19,,BV0584,1564076.22520000,5185560.35890000,1.24954364,45.85663807
87085_2635_00021,rue Jean-Baptiste Laplagne,21,,BV0585,1564069.62550000,5185554.01500000,1.24946047,45.85657970
87085_2635_00022,rue Jean-Baptiste Laplagne,22,,BV0720,1564068.81890000,5185567.06640000,1.24944639,45.85669694
87085_2635_00023,rue Jean-Baptiste Laplagne,23,,BV0586,1564063.48340000,5185548.50960000,1.24938296,45.85652896
87085_2635_00025,rue Jean-Baptiste Laplagne,25,,BV0587,1564057.10670000,5185542.23440000,1.24930264,45.85647125
87085_2635_00026,rue Jean-Baptiste Laplagne,26,,BV0717,1564051.71720000,5185550.48670000,1.24923092,45.85654442
87085_2635_00027,rue Jean-Baptiste Laplagne,27,,BV0591,1564050.07940000,5185535.92650000,1.24921395,45.85641311
87085_2635_00028,rue Jean-Baptiste Laplagne,28,,BV0715,1564043.63860000,5185543.47930000,1.24912890,45.85647978
87085_2635_00029,rue Jean-Baptiste Laplagne,29,,BV0592,1564045.30860000,5185531.31570000,1.24915384,45.85637069
87085_2635_00031,rue Jean-Baptiste Laplagne,31,,BV0594,1564039.49860000,5185526.09210000,1.24908052,45.85632256
87085_2635_00032,rue Jean-Baptiste Laplagne,32,,BV0003,1564021.23200000,5185522.60480000,1.24884634,45.85628757
87085_2635_00033,rue Jean-Baptiste Laplagne,33,,BV0596,1564033.57680000,5185520.47320000,1.24900587,45.85627084
87085_2635_00035,rue Jean-Baptiste Laplagne,35,,BV0598,1564028.07720000,5185514.86640000,1.24893666,45.85621932
87085_2635_00036,rue Jean-Baptiste Laplagne,36,,BV0620,1564001.38680000,5185504.00390000,1.24859612,45.85611632
87085_2635_00037,rue Jean-Baptiste Laplagne,37,,BV0599,1564021.45310000,5185508.69030000,1.24885313,45.85616245
87085_2635_00038,rue Jean-Baptiste Laplagne,38,,BV0632,1563991.67410000,5185494.98660000,1.24847363,45.85603329
87085_2635_00039,rue Jean-Baptiste Laplagne,39,,BV0699,1564006.67370000,5185497.97990000,1.24866589,45.85606318
87085_2640_00001,rue Jean-Baptiste Mapataud,1,,ES0322,1566307.74070000,5182417.75500000,1.27914684,45.82880600
87085_2640_00002,rue Jean-Baptiste Mapataud,2,,ER0485,1566294.61320000,5182419.46820000,1.27897744,45.82881886
87085_2640_00007,rue Jean-Baptiste Mapataud,7,,ES0324,1566289.96170000,5182380.59630000,1.27892840,45.82846827
87085_2640_00008,rue Jean-Baptiste Mapataud,8,,ER0487,1566283.48250000,5182395.01600000,1.27884101,45.82859673
87085_2640_00009,rue Jean-Baptiste Mapataud,9,,ES0326,1566285.80140000,5182370.98600001,1.27887754,45.82838101
87085_2640_00010,rue Jean-Baptiste Mapataud,10,,ER0489,1566278.55820000,5182384.67010000,1.27878053,45.82850270
87085_2640_00011,rue Jean-Baptiste Mapataud,11,,ES0328,1566281.78530000,5182362.16150001,1.27882831,45.82830085
87085_2640_00012,rue Jean-Baptiste Mapataud,12,,ER0491,1566273.63630000,5182374.15550000,1.27872012,45.82840716
87085_2640_00015,rue Jean-Baptiste Mapataud,15,,ES0330,1566275.51140000,5182348.68090000,1.27875133,45.82817836
87085_2645_00011,rue Jean-Baptiste Ruchaud,11,,NS0051,1563664.47790000,5181406.50710000,1.24542102,45.81919036
87085_2645_00013,rue Jean-Baptiste Ruchaud,13,,NS0051,1563663.28370000,5181378.98670000,1.24541346,45.81894256
87085_2645_00015,rue Jean-Baptiste Ruchaud,15,,NS0051,1563662.11750000,5181348.71850000,1.24540703,45.81867005
87085_2645_00017,rue Jean-Baptiste Ruchaud,17,,NS0051,1563660.53200000,5181322.21340000,1.24539415,45.81843131
87085_2645_00019,rue Jean-Baptiste Ruchaud,19,,NS0051,1563659.59100000,5181301.18270000,1.24538801,45.81824194
87085_2645_00021,rue Jean-Baptiste Ruchaud,21,,NS0051,1563658.38720000,5181267.51500000,1.24538206,45.81793884
87085_2645_00023,rue Jean-Baptiste Ruchaud,23,,NS0051,1563656.96780000,5181235.66670000,1.24537283,45.81765206
87085_2645_00034,rue Jean-Baptiste Ruchaud,34,,NP0001,1563604.27640000,5181169.02420000,1.24471385,45.81704213
87085_2645_00039,rue Jean-Baptiste Ruchaud,39,,NS0049,1563594.20550000,5181129.04530000,1.24459562,45.81668050
87085_2645_00040,rue Jean-Baptiste Ruchaud,40,,NP0018,1563581.64300000,5181139.84740000,1.24443095,45.81677518
87085_2645_00042,rue Jean-Baptiste Ruchaud,42,,NP0019,1563574.38010000,5181130.75620000,1.24434009,45.81669196
87085_2644_00002,rue Jean-Baptiste Say,2,,HP0314,1565327.27880000,5180391.76850000,1.26709784,45.81038970
87085_2644_00008,rue Jean-Baptiste Say,8,,HP0069,1565391.55200000,5180387.81900000,1.26792572,45.81036675
87085_2644_00009,rue Jean-Baptiste Say,9,,HP0316,1565418.86630000,5180396.37640000,1.26827468,45.81044907
87085_2646_00002,rue Jean Bart,2,,PR0176,1560113.44770000,5184051.28660000,1.19896665,45.84226835
87085_2646_00004,rue Jean Bart,4,,PR0176,1560110.61120000,5184061.60790000,1.19892714,45.84236062
87085_2646_00006,rue Jean Bart,6,,PR0176,1560108.07270000,5184071.39250000,1.19889162,45.84244812
87085_2646_00008,rue Jean Bart,8,,PR0176,1560105.26310000,5184081.83830000,1.19885241,45.84254151
87085_2646_00010,rue Jean Bart,10,,PR0176,1560102.39020000,5184091.65140000,1.19881258,45.84262920
87085_2646_00012,rue Jean Bart,12,,PR0176,1560100.19850000,5184100.29400000,1.19878186,45.84270650
87085_2646_00014,rue Jean Bart,14,,PR0176,1560097.27160000,5184111.41070000,1.19874095,45.84280590
87085_2646_00016,rue Jean Bart,16,,PR0176,1560094.89900000,5184121.74610000,1.19870740,45.84289839
87085_2652_00001,rue Jean Charcot,1,,NN0017,1562978.59550000,5181242.06050000,1.23664374,45.81757479
87085_2652_00003,rue Jean Charcot,3,,NN0015,1562973.40920000,5181250.90350000,1.23657450,45.81765330
87085_2652_00004,rue Jean Charcot,4,,NN0150,1562988.20180000,5181247.99160000,1.23676560,45.81763000
87085_2652_00005,rue Jean Charcot,5,,NN0014,1562970.09980000,5181257.01920000,1.23653018,45.81770766
87085_2652_00006,rue Jean Charcot,6,,NN0150,1562972.36020000,5181273.82860000,1.23655450,45.81785930
87085_2652_00007,rue Jean Charcot,7,,NN0013,1562965.36350000,5181264.80730000,1.23646703,45.81777677
87085_2652_00007_bis,rue Jean Charcot,7,bis,NN0012,1562961.24700000,5181270.70360000,1.23641239,45.81782899
87085_2652_00009,rue Jean Charcot,9,,NN0011,1562952.52610000,5181282.49140000,1.23629683,45.81793329
87085_2652_00010,rue Jean Charcot,10,,NN0020,1562949.44540000,5181303.94930000,1.23625109,45.81812571
87085_2652_00015,rue Jean Charcot,15,,NN0010,1562934.09470000,5181305.61610000,1.23605312,45.81813764
87085_2652_00018,rue Jean Charcot,18,,NN0021,1562922.42700000,5181344.49110000,1.23589194,45.81848502
87085_2652_00019,rue Jean Charcot,19,,NN0010,1562908.33510000,5181324.44640000,1.23571636,45.81830190
87085_2652_00020,rue Jean Charcot,20,,NN0022,1562921.01580000,5181353.62760000,1.23587118,45.81856692
87085_2652_00022,rue Jean Charcot,22,,NN0023,1562918.61820000,5181369.68900000,1.23583575,45.81871093
87085_2652_00023,rue Jean Charcot,23,,NN0009,1562909.85320000,5181351.22870000,1.23572825,45.81854312
87085_2652_00024,rue Jean Charcot,24,,NN0028,1562916.32960000,5181385.16360000,1.23580190,45.81884967
87085_2652_00025,rue Jean Charcot,25,,NN0008,1562907.54860000,5181360.82200000,1.23569587,45.81862896
87085_2652_00027,rue Jean Charcot,27,,NN0008,1562905.78050000,5181375.96650000,1.23566881,45.81876484
87085_2652_00029,rue Jean Charcot,29,,NN0007,1562903.17230000,5181393.52500000,1.23563025,45.81892227
87085_2652_00030,rue Jean Charcot,30,,NN0149,1562913.78080000,5181405.72560000,1.23576325,45.81903413
87085_1252_00001,rue Jean Clouet,1,,OM0059,1562234.91810000,5182245.06990000,1.22678903,45.82644885
87085_1252_00003,rue Jean Clouet,3,,OM0059,1562235.87060000,5182275.39120000,1.22679260,45.82672179
87085_1252_00011,rue Jean Clouet,11,,OM0059,1562246.32970000,5182291.24450000,1.22692264,45.82686650
87085_2611_00002,rue Jean Coralli,2,,OA0301,1565258.17660000,5179633.87530000,1.26642117,45.80355844
87085_2611_00004,rue Jean Coralli,4,,OA0325,1565276.75040000,5179637.84410000,1.26665895,45.80359778
87085_2611_00005,rue Jean Coralli,5,,OA0298,1565290.40290000,5179661.49790000,1.26682793,45.80381323
87085_2611_00006,rue Jean Coralli,6,,OA0325,1565283.47430000,5179639.31010000,1.26674503,45.80361228
87085_2611_00009,rue Jean Coralli,9,,OA0323,1565311.56970000,5179630.27700000,1.26710891,45.80353652
87085_2611_00011,rue Jean Coralli,11,,OA0322,1565316.06750000,5179609.50720000,1.26717258,45.80335057
87085_2611_00015,rue Jean Coralli,15,,OA0321,1565320.16850000,5179589.53110000,1.26723091,45.80317167
87085_2611_00016,rue Jean Coralli,16,,OA0314,1565285.61400000,5179468.66920000,1.26682031,45.80207768
87085_2611_00017,rue Jean Coralli,17,,OA0320,1565324.26960000,5179570.34879999,1.26728903,45.80299992
87085_2611_00018,rue Jean Coralli,18,,OA0315,1565303.87030000,5179477.77090000,1.26705257,45.80216313
87085_2611_00019,rue Jean Coralli,19,,OA0319,1565328.50290000,5179548.91750000,1.26734947,45.80280796
87085_2611_00020,rue Jean Coralli,20,,OA0316,1565321.35930000,5179486.29050000,1.26727512,45.80224319
87085_2611_00021,rue Jean Coralli,21,,OA0318,1565332.86850000,5179527.75070000,1.26741155,45.80261840
87085_2611_00022,rue Jean Coralli,22,,OA0317,1565344.69560000,5179497.98510000,1.26757199,45.80235296
87085_0327_00003,rue Jean de Baïf,3,,EW0506,1566007.50520000,5181587.01150000,1.27551497,45.82127450
87085_0327_00007,rue Jean de Baïf,7,,EW0506,1566012.17300000,5181570.47480000,1.27557964,45.82112665
87085_0327_00009,rue Jean de Baïf,9,,EW0506,1566013.70150000,5181564.00580000,1.27560110,45.82106876
87085_0327_00011,rue Jean de Baïf,11,,EW0505,1566015.76210000,5181555.92370000,1.27562987,45.82099646
87085_0327_00016,rue Jean de Baïf,16,,EW0453,1566016.69140000,5181508.11270000,1.27565514,45.82056655
87085_0327_00018,rue Jean de Baïf,18,,EW0453,1566030.88960000,5181511.42370000,1.27583689,45.82059910
87085_0327_00020,rue Jean de Baïf,20,,EW0454,1566046.92940000,5181515.27490000,1.27604218,45.82063686
87085_0327_00022,rue Jean de Baïf,22,,EW0139,1566056.24880000,5181517.35650000,1.27616151,45.82065740
87085_0327_00024,rue Jean de Baïf,24,,EW0140,1566068.47540000,5181520.56100000,1.27631792,45.82068861
87085_0327_00026,rue Jean de Baïf,26,,EW0141,1566079.68050000,5181523.73960000,1.27646120,45.82071939
87085_2654_00006,rue Jean de Vienne,6,,NV0099,1559811.72710000,5183610.94440000,1.19521178,45.83824584
87085_2654_00009,rue Jean de Vienne,9,,NV0003,1559842.86480000,5183625.19700000,1.19560835,45.83838040
87085_2654_00010,rue Jean de Vienne,10,,NV0127,1559852.37490000,5183546.57750000,1.19575400,45.83767500
87085_2654_00010_b,rue Jean de Vienne,10,b,NV0136,1559853.12650000,5183604.89399999,1.19574600,45.83820000
87085_2654_00014,rue Jean de Vienne,14,,NV0163,1559897.76260000,5183603.48080000,1.19632100,45.83819600
87085_2654_00015,rue Jean de Vienne,15,,NV0081,1559882.51690000,5183621.36580000,1.19611978,45.83835401
87085_2654_00016,rue Jean de Vienne,16,,NV0129,1559921.69780000,5183602.64679999,1.19662900,45.83819400
87085_2654_00016_bis,rue Jean de Vienne,16,bis,NV0161,1559935.30620000,5183560.60260000,1.19681700,45.83781800
87085_2654_00018,rue Jean de Vienne,18,,NV0160,1559939.85710000,5183601.98350000,1.19686338,45.83819134
87085_2654_00019,rue Jean de Vienne,19,,NV0086,1559940.18810000,5183618.76270000,1.19686275,45.83834235
87085_2654_00021,rue Jean de Vienne,21,,NV0087,1559962.02800000,5183618.02380000,1.19714403,45.83834015
87085_2654_00023,rue Jean de Vienne,23,,NV0068,1559977.48120000,5183617.26100000,1.19734313,45.83833643
87085_2654_00025,rue Jean de Vienne,25,,NV0089,1559993.71460000,5183616.66220000,1.19755223,45.83833435
87085_2654_00027,rue Jean de Vienne,27,,NV0090,1560012.62390000,5183616.09160000,1.19779575,45.83833307
87085_2654_00030,rue Jean de Vienne,30,,NV0121,1560042.95220000,5183603.05010000,1.19818986,45.83822193
87085_2654_00031,rue Jean de Vienne,31,,NV0037,1560074.54350000,5183611.13790000,1.19859407,45.83830111
87085_2654_00037,rue Jean de Vienne,37,,NV0152,1560153.94980000,5183611.22200000,1.19961598,45.83831802
87085_2654_00037_a,rue Jean de Vienne,37,a,NV0054,1560175.35870000,5183641.84230000,1.19988260,45.83859782
87085_2654_00037_b,rue Jean de Vienne,37,b,NV0052,1560181.79090000,5183665.54830000,1.19995848,45.83881237
87085_2654_00037_c,rue Jean de Vienne,37,c,NV0050,1560187.73280000,5183686.59420000,1.20002883,45.83900290
87085_2654_00037_d,rue Jean de Vienne,37,d,NV0048,1560192.47530000,5183705.79800000,1.20008428,45.83917661
87085_2654_00041,rue Jean de Vienne,41,,NV0115,1560191.02180000,5183609.70080000,1.20009353,45.83831188
87085_2654_00043,rue Jean de Vienne,43,,NV0114,1560212.74290000,5183608.02630000,1.20037356,45.83830123
87085_2654_00051,rue Jean de Vienne,51,,NV0155,1560313.78680000,5183602.90090000,1.20167545,45.83827566
87085_2654_00053,rue Jean de Vienne,53,,NW0269,1560348.67030000,5183598.62640000,1.20212563,45.83824429
87085_2654_00055,rue Jean de Vienne,55,,NW0268,1560370.98750000,5183596.31140000,1.20241352,45.83822800
87085_2654_00057,rue Jean de Vienne,57,,NW0267,1560385.85270000,5183594.78930000,1.20260527,45.83821733
87085_2654_00059,rue Jean de Vienne,59,,NW0264,1560403.30890000,5183592.57000000,1.20283057,45.83820091
87085_2654_00063,rue Jean de Vienne,63,,NW0262,1560456.77110000,5183586.32440000,1.20352042,45.83815557
87085_2654_00064,rue Jean de Vienne,64,,NY0159,1560576.77940000,5183554.86710000,1.20507401,45.83789694
87085_2654_00065,rue Jean de Vienne,65,,NW0261,1560481.79780000,5183583.66360000,1.20384328,45.83813672
87085_2654_00066,rue Jean de Vienne,66,,NY0159,1560604.59220000,5183551.46680000,1.20543294,45.83787200
87085_2654_00067,rue Jean de Vienne,67,,NW0260,1560506.03070000,5183581.00070000,1.20415592,45.83811768
87085_2654_00068,rue Jean de Vienne,68,,NY0157,1560643.34830000,5183547.42000000,1.20593288,45.83784345
87085_2654_00069,rue Jean de Vienne,69,,NW0251,1560525.38570000,5183578.69980000,1.20440568,45.83810091
87085_2654_00070,rue Jean de Vienne,70,,NY0158,1560655.34560000,5183545.85470000,1.20608774,45.83783180
87085_2654_00071,rue Jean de Vienne,71,,NW0250,1560544.67170000,5183576.54170000,1.20465451,45.83808541
87085_2654_00072,rue Jean de Vienne,72,,NY0105,1560665.52050000,5183544.48780000,1.20621908,45.83782157
87085_2654_00073,rue Jean de Vienne,73,,NW0248,1560568.17470000,5183573.88000000,1.20495776,45.83806623
87085_2654_00074,rue Jean de Vienne,74,,NY0106,1560676.68060000,5183543.11210000,1.20636310,45.83781145
87085_2654_00076,rue Jean de Vienne,76,,NY0107,1560687.17620000,5183540.96060000,1.20649880,45.83779422
87085_2654_00078,rue Jean de Vienne,78,,NY0108,1560699.23490000,5183537.45930000,1.20665501,45.83776517
87085_2654_00079,rue Jean de Vienne,79,,NW0244,1560689.73420000,5183558.56860000,1.20652662,45.83795313
87085_2654_00080,rue Jean de Vienne,80,,NY0109,1560710.25750000,5183533.67330000,1.20679796,45.83773335
87085_2654_00081,rue Jean de Vienne,81,,NW0242,1560706.39170000,5183553.68900000,1.20674241,45.83791261
87085_2654_00082,rue Jean de Vienne,82,,NY0110,1560720.62850000,5183529.50550000,1.20693264,45.83769796
87085_2654_00083,rue Jean de Vienne,83,,NW0240,1560725.76030000,5183546.34640000,1.20699380,45.83785049
87085_2654_00084,rue Jean de Vienne,84,,NY0111,1560740.36690000,5183521.90930000,1.20718886,45.83763362
87085_2654_00085,rue Jean de Vienne,85,,NW0238,1560735.29390000,5183542.48060000,1.20711762,45.83781764
87085_2654_00086,rue Jean de Vienne,86,,NY0112,1560751.17240000,5183517.78500000,1.20732912,45.83759871
87085_2654_00087,rue Jean de Vienne,87,,NW0237,1560744.73930000,5183538.78180000,1.20724025,45.83778628
87085_2654_00088,rue Jean de Vienne,88,,NY0113,1560760.05990000,5183514.23510000,1.20744453,45.83756858
87085_2654_00089,rue Jean de Vienne,89,,NW0236,1560754.94820000,5183534.89500000,1.20737276,45.83775339
87085_2654_00090,rue Jean de Vienne,90,,NY0114,1560770.64990000,5183509.64140000,1.20758214,45.83752940
87085_2654_00091,rue Jean de Vienne,91,,NW0233,1560767.94390000,5183529.91220000,1.20754145,45.83771120
87085_2654_00093,rue Jean de Vienne,93,,NW0232,1560782.98440000,5183524.12330000,1.20773669,45.83766217
87085_2654_00095,rue Jean de Vienne,95,,NW0229,1560795.23390000,5183519.24410000,1.20789575,45.83762076
87085_2654_00096,rue Jean de Vienne,96,,NY0014,1560855.51820000,5183481.22330000,1.20868258,45.83729094
87085_2654_00097,rue Jean de Vienne,97,,NW0228,1560811.31260000,5183512.92580000,1.20810450,45.83756718
87085_2654_00098,rue Jean de Vienne,98,,NY0017,1560880.19250000,5183471.54970000,1.20900293,45.83720892
87085_2654_00098_a,rue Jean de Vienne,98,a,NY0018,1560895.06960000,5183465.44220000,1.20919616,45.83715699
87085_2654_00099,rue Jean de Vienne,99,,NW0225,1560830.12170000,5183505.57340000,1.20834869,45.83750484
87085_2654_00101,rue Jean de Vienne,101,,NW0224,1560845.98210000,5183499.52880000,1.20855456,45.83745368
87085_2654_00106,rue Jean de Vienne,106,,NY0171,1561005.32710000,5183421.23770000,1.21062789,45.83678164
87085_2654_00107,rue Jean de Vienne,107,,NW0163,1560974.48640000,5183447.70340000,1.21022334,45.83701348
87085_2654_00108,rue Jean de Vienne,108,,NY0172,1561020.53770000,5183415.66230001,1.21082525,45.83673456
87085_2654_00109,rue Jean de Vienne,109,,NX0001,1561011.46640000,5183434.47120000,1.21070307,45.83690192
87085_2654_00110,rue Jean de Vienne,110,,NY0043,1561040.41450000,5183407.75070000,1.21108334,45.83666741
87085_2654_00112,rue Jean de Vienne,112,,NY0044,1561055.92070000,5183400.83250000,1.21128490,45.83660831
87085_2654_00114,rue Jean de Vienne,114,,NY0179,1561067.32930000,5183396.06540000,1.21143309,45.83656774
87085_2654_00115,rue Jean de Vienne,115,,NX0042,1561053.68540000,5183417.54930000,1.21125130,45.83675824
87085_2654_00117,rue Jean de Vienne,117,,NX0040,1561072.18000000,5183410.16830000,1.21149144,45.83669558
87085_2654_00119,rue Jean de Vienne,119,,NX0075,1561089.09680000,5183403.00800000,1.21171122,45.83663458
87085_2654_00120,rue Jean de Vienne,120,,NX0033,1561137.91000000,5183365.44210000,1.21235026,45.83630652
87085_2654_00121,rue Jean de Vienne,121,,NX0077,1561134.82740000,5183426.04640000,1.21229309,45.83685106
87085_2654_00123,rue Jean de Vienne,123,,NX0045,1561179.56000000,5183456.39890000,1.21286000,45.83713313
87085_2654_00123_bis,rue Jean de Vienne,123,bis,NX0045,1561200.22290000,5183472.97750000,1.21312113,45.83728643
87085_2654_00123_ter,rue Jean de Vienne,123,ter,NX0045,1561217.61620000,5183486.07140000,1.21334119,45.83740773
87085_2654_00125,rue Jean de Vienne,125,,NX0064,1561146.12090000,5183378.77530000,1.21245208,45.83642812
87085_2654_00125_b,rue Jean de Vienne,125,b,NX0073,1561165.29490000,5183432.17140000,1.21268341,45.83691231
87085_2654_00126,rue Jean de Vienne,126,,NX0032,1561242.86200000,5183303.27510000,1.21371886,45.83576848
87085_2654_00128,rue Jean de Vienne,128,,NX0031,1561263.94540000,5183293.53810000,1.21399300,45.83568515
87085_2654_00133,rue Jean de Vienne,133,,NX0011,1561228.67930000,5183332.50600000,1.21352791,45.83602857
87085_2654_00134,rue Jean de Vienne,134,,NX0030,1561322.30100000,5183265.85490000,1.21475197,45.83544790
87085_2654_00135,rue Jean de Vienne,135,,NX0011,1561249.47560000,5183319.48850000,1.21379929,45.83591567
87085_2650_00001,rue Jean Dorat,1,,BE0249,1564151.31790000,5183848.57400000,1.25099440,45.84125446
87085_2650_00006,rue Jean Dorat,6,,BE0213,1564135.74430000,5183871.39900000,1.25078750,45.84145671
87085_2650_00007,rue Jean Dorat,7,,BE0248,1564123.88700000,5183862.87340000,1.25063730,45.84137768
87085_2650_00009,rue Jean Dorat,9,,BE0579,1564116.42810000,5183871.96730000,1.25053873,45.84145801
87085_2650_00009_bis,rue Jean Dorat,9,bis,BE0240,1564114.66680000,5183877.55920000,1.25051448,45.84150796
87085_2650_00010,rue Jean Dorat,10,,BE0214,1564125.38560000,5183890.83000000,1.25064869,45.84162946
87085_2650_00011,rue Jean Dorat,11,,BE0216,1564115.19100000,5183882.01200000,1.25051997,45.84154812
87085_2650_00012,rue Jean Dorat,12,,BE0201,1564122.69430000,5183918.64370000,1.25060618,45.84187913
87085_2650_00013,rue Jean Dorat,13,,BE0215,1564114.28150000,5183892.02080000,1.25050543,45.84163798
87085_2650_00014,rue Jean Dorat,14,,BE0200,1564121.73080000,5183928.82080000,1.25059091,45.84197048
87085_2650_00015,rue Jean Dorat,15,,BE0219,1564112.37910000,5183908.38520000,1.25047632,45.84178481
87085_2650_00016,rue Jean Dorat,16,,BE0199,1564120.92320000,5183937.62590000,1.25057802,45.84204953
87085_2650_00017,rue Jean Dorat,17,,BE0220,1564111.72900000,5183916.45980000,1.25046567,45.84185731
87085_2650_00018,rue Jean Dorat,18,,BE0198,1564120.36800000,5183944.35650000,1.25056897,45.84210997
87085_2650_00019,rue Jean Dorat,19,,BE0222,1564110.78530000,5183925.29700000,1.25045103,45.84193662
87085_2650_00020,rue Jean Dorat,20,,BE0197,1564119.37650000,5183951.73700000,1.25055412,45.84217616
87085_2650_00021,rue Jean Dorat,21,,BE0223,1564108.36300000,5183949.24380000,1.25041308,45.84215156
87085_2650_00022,rue Jean Dorat,22,,BE0196,1564118.91170000,5183958.36970000,1.25054627,45.84223574
87085_2650_00023,rue Jean Dorat,23,,BE0224,1564107.24730000,5183964.74060000,1.25039434,45.84229074
87085_2650_00024,rue Jean Dorat,24,,BE0195,1564117.78100000,5183968.98460000,1.25052871,45.84233100
87085_2650_00028,rue Jean Dorat,28,,BE0168,1564115.09990000,5184002.56400000,1.25048471,45.84263253
87085_2650_00032,rue Jean Dorat,32,,BE0167,1564113.95540000,5184013.55450000,1.25046687,45.84273117
87085_2650_00034,rue Jean Dorat,34,,BE0166,1564112.64950000,5184024.93430000,1.25044685,45.84283328
87085_2650_00035,rue Jean Dorat,35,,BE0716,1564100.67010000,5184033.15500000,1.25029000,45.84290500
87085_2650_00036,rue Jean Dorat,36,,BE0503,1564111.48140000,5184036.92290000,1.25042842,45.84294090
87085_2650_00040,rue Jean Dorat,40,,BE0161,1564109.94540000,5184052.79210000,1.25040416,45.84308335
87085_2650_00041,rue Jean Dorat,41,,BE0106,1564097.72810000,5184062.52230000,1.25024416,45.84316846
87085_2650_00042,rue Jean Dorat,42,,BE0159,1564108.66880000,5184061.15110000,1.25038537,45.84315829
87085_2650_00043,rue Jean Dorat,43,,BE0482,1564096.49470000,5184072.50040000,1.25022547,45.84325797
87085_2650_00044,rue Jean Dorat,44,,BE0158,1564107.99550000,5184069.33600000,1.25037439,45.84323178
87085_2650_00045,rue Jean Dorat,45,,BE0110,1564095.44310000,5184083.35820000,1.25020886,45.84335544
87085_2650_00046,rue Jean Dorat,46,,BE0157,1564107.68850000,5184075.03920000,1.25036882,45.84328302
87085_2650_00047,rue Jean Dorat,47,,BE0111,1564094.46320000,5184093.71550000,1.25019332,45.84344841
87085_2650_00048,rue Jean Dorat,48,,BE0154,1564106.51000000,5184085.04390000,1.25035083,45.84337279
87085_2650_00049,rue Jean Dorat,49,,BE0114,1564092.73770000,5184105.13870000,1.25016788,45.84355083
87085_2650_00050,rue Jean Dorat,50,,BE0153,1564105.53840000,5184095.01170000,1.25033550,45.84346226
87085_2650_00051,rue Jean Dorat,51,,BE0115,1564091.63320000,5184116.29390000,1.25015051,45.84365096
87085_2650_00052,rue Jean Dorat,52,,BE0149,1564104.18930000,5184106.81850000,1.25031480,45.84356821
87085_2650_00053,rue Jean Dorat,53,,BE0118,1564090.60440000,5184126.31460000,1.25013443,45.84374090
87085_2650_00054,rue Jean Dorat,54,,BE0148,1564103.17640000,5184116.82190000,1.25029893,45.84365799
87085_2650_00055,rue Jean Dorat,55,,BE0119,1564089.52130000,5184136.99260000,1.25011747,45.84383674
87085_2650_00056,rue Jean Dorat,56,,BE0147,1564102.34490000,5184124.70380000,1.25028600,45.84372873
87085_2650_00057,rue Jean Dorat,57,,BE0122,1564088.88570000,5184147.24520000,1.25010639,45.84392884
87085_2650_00058,rue Jean Dorat,58,,BE0144,1564101.51900000,5184131.87560000,1.25027334,45.84379308
87085_2650_00059,rue Jean Dorat,59,,BE0526,1564088.82620000,5184159.29080000,1.25010222,45.84403719
87085_2650_00060,rue Jean Dorat,60,,BE0143,1564100.80030000,5184138.84480000,1.25026212,45.84385563
87085_2650_00062,rue Jean Dorat,62,,BE0142,1564100.07490000,5184145.58510000,1.25025088,45.84391612
87085_2650_00064,rue Jean Dorat,64,,BE0141,1564099.53450000,5184154.30140000,1.25024146,45.84399442
87085_2650_00066,rue Jean Dorat,66,,BE0140,1564099.58090000,5184162.99460000,1.25023960,45.84407263
87085_2650_00068,rue Jean Dorat,68,,BE0134,1564099.58740000,5184179.95920000,1.25023488,45.84422524
87085_2658_00015,rue Jean Effel,15,,RS0144,1561782.81240000,5185231.57990000,1.22011292,45.85322325
87085_2658_00017,rue Jean Effel,17,,RS0145,1561769.76990000,5185252.64730000,1.21993896,45.85341014
87085_2658_00019,rue Jean Effel,19,,RS0146,1561759.63380000,5185268.44650000,1.21980393,45.85355022
87085_2658_00023,rue Jean Effel,23,,RS0148,1561736.14950000,5185291.04290000,1.21949510,45.85374876
87085_2666_00001,rue Jean Ferrat,1,,MD0277,1565134.76990000,5188020.55740000,1.26248042,45.87897741
87085_2666_00003,rue Jean Ferrat,3,,MD0278,1565130.67890000,5188028.36410000,1.26242554,45.87904684
87085_2666_00005,rue Jean Ferrat,5,,MD0268,1565121.52510000,5188039.83070000,1.26230442,45.87914819
87085_2666_00007,rue Jean Ferrat,7,,MD0269,1565117.96140000,5188046.56090000,1.26225663,45.87920803
87085_2666_00009,rue Jean Ferrat,9,,MD0270,1565114.66140000,5188052.75290000,1.26221239,45.87926308
87085_2666_00011,rue Jean Ferrat,11,,MD0271,1565111.62500000,5188058.40670000,1.26217169,45.87931335
87085_2666_00014,rue Jean Ferrat,14,,MD0228,1565099.99200000,5188123.29779999,1.26200363,45.87989479
87085_2666_00015,rue Jean Ferrat,15,,MD0272,1565108.19750000,5188065.40390000,1.26212558,45.87937562
87085_2666_00016,rue Jean Ferrat,16,,MD0229,1565108.27870000,5188127.72800000,1.26210911,45.87993627
87085_2666_00017,rue Jean Ferrat,17,,MD0273,1565105.28970000,5188070.38650000,1.26208673,45.87941987
87085_2666_00018,rue Jean Ferrat,18,,MD0230,1565116.45710000,5188131.89740000,1.26221327,45.87997538
87085_2666_00019,rue Jean Ferrat,19,,MD0274,1565102.12040000,5188076.17540000,1.26204429,45.87947132
87085_2666_00020,rue Jean Ferrat,20,,MD0231,1565125.24690000,5188136.59680000,1.26232516,45.88001938
87085_2666_00021,rue Jean Ferrat,21,,MD0275,1565098.95220000,5188082.09830000,1.26200182,45.87952398
87085_2666_00022,rue Jean Ferrat,22,,MD0232,1565135.99530000,5188142.11360000,1.26246204,45.88007112
87085_2666_00023,rue Jean Ferrat,23,,MD0276,1565095.25560000,5188088.96360000,1.26195228,45.87958501
87085_2666_00024,rue Jean Ferrat,24,,MD0233,1565146.08300000,5188147.41600000,1.26259048,45.88012080
87085_2666_00025,rue Jean Ferrat,25,,MD0227,1565079.78250000,5188112.79440000,1.26174629,45.87979634
87085_2666_00026,rue Jean Ferrat,26,,MD0234,1565178.19560000,5188151.47230000,1.26300294,45.88016359
87085_2666_00027,rue Jean Ferrat,27,,MD0226,1565069.24650000,5188107.46000000,1.26161209,45.87974629
87085_2666_00028,rue Jean Ferrat,28,,MD0235,1565188.44700000,5188148.32310000,1.26313585,45.88013727
87085_2666_00029,rue Jean Ferrat,29,,MD0225,1565064.81570000,5188115.96890000,1.26155264,45.87982196
87085_2666_00030,rue Jean Ferrat,30,,MD0236,1565196.84410000,5188145.78640000,1.26324472,45.88011610
87085_2666_00031,rue Jean Ferrat,31,,MD0224,1565077.12060000,5188122.54440000,1.26170927,45.87988353
87085_2666_00032,rue Jean Ferrat,32,,MD0237,1565206.14520000,5188142.82580001,1.26336534,45.88009129
87085_2666_00033,rue Jean Ferrat,33,,MD0223,1565086.93110000,5188127.55880001,1.26183421,45.87993056
87085_2666_00035,rue Jean Ferrat,35,,MD0222,1565097.49510000,5188133.57560000,1.26196858,45.87998676
87085_2666_00037,rue Jean Ferrat,37,,MD0221,1565108.66130000,5188139.03820000,1.26211086,45.88003809
87085_2666_00039,rue Jean Ferrat,39,,MD0220,1565120.01060000,5188144.73560000,1.26225543,45.88009157
87085_2666_00041,rue Jean Ferrat,41,,MD0219,1565129.98100000,5188149.88399999,1.26238240,45.88013984
87085_2666_00043,rue Jean Ferrat,43,,MD0218,1565140.89120000,5188155.52640000,1.26252133,45.88019274
87085_2666_00045,rue Jean Ferrat,45,,MD0217,1565151.80260000,5188161.30290000,1.26266024,45.88024684
87085_2666_00047,rue Jean Ferrat,47,,MD0216,1565161.67610000,5188165.57700000,1.26278621,45.88028723
87085_2666_00049,rue Jean Ferrat,49,,MD0215,1565172.44370000,5188163.65800000,1.26292543,45.88027208
87085_2666_00051,rue Jean Ferrat,51,,MD0214,1565183.03740000,5188160.35120000,1.26306280,45.88024441
87085_2666_00053,rue Jean Ferrat,53,,MD0213,1565191.38490000,5188157.73290000,1.26317105,45.88022249
87085_2666_00055,rue Jean Ferrat,55,,MD0212,1565199.89120000,5188155.11460000,1.26328134,45.88020061
87085_2666_00057,rue Jean Ferrat,57,,MD0211,1565210.96230000,5188151.70360000,1.26342489,45.88017210
87085_2655_00003,rue Jean Fredon,3,,None,1565768.95290000,5183174.29080000,1.27200263,45.83550656
87085_2655_00004,rue Jean Fredon,4,,EL0869,1565772.58750000,5183170.96350000,1.27205034,45.83547734
87085_2655_00005,rue Jean Fredon,5,,EL0810,1565776.56070000,5183183.63540000,1.27209793,45.83559211
87085_2655_00006,rue Jean Fredon,6,,EL0869,1565780.62020000,5183178.08450000,1.27215172,45.83554297
87085_2655_00007,rue Jean Fredon,7,,EL0782,1565787.73270000,5183193.55920000,1.27223894,45.83568356
87085_2655_00008,rue Jean Fredon,8,,EL0869,1565785.32410000,5183182.32910000,1.27221107,45.83558207
87085_2655_00009,rue Jean Fredon,9,,EL0806,1565796.61610000,5183201.31110000,1.27235109,45.83575503
87085_2655_00010,rue Jean Fredon,10,,EL0796,1565797.66930000,5183190.60549999,1.27236764,45.83565893
87085_2655_00011,rue Jean Fredon,11,,EL0420,1565806.43190000,5183207.52900000,1.27247568,45.83581287
87085_2655_00012,rue Jean Fredon,12,,EL0803,1565804.81990000,5183197.14270000,1.27245784,45.83571913
87085_2655_00012_bis,rue Jean Fredon,12,bis,EL0804,1565814.09560000,5183205.64970000,1.27257483,45.83579746
87085_2655_00012_ter,rue Jean Fredon,12,ter,EL0804,1565817.09150000,5183207.95380000,1.27261275,45.83581878
87085_2655_00015,rue Jean Fredon,15,,EL0776,1565811.65480000,5183214.91380001,1.27254084,45.83588032
87085_2655_00016,rue Jean Fredon,16,,EL0739,1565836.60470000,5183227.33380000,1.27285846,45.83599692
87085_2655_00017,rue Jean Fredon,17,,EL0780,1565820.62910000,5183223.60630000,1.27265390,45.83596027
87085_2655_00018,rue Jean Fredon,18,,EL0199,1565854.52980000,5183245.16880000,1.27308417,45.83616085
87085_2655_00019,rue Jean Fredon,19,,EL0774,1565832.55690000,5183235.57630000,1.27280406,45.83607028
87085_2655_00020,rue Jean Fredon,20,,EL0200,1565859.73160000,5183251.88060000,1.27314924,45.83622224
87085_2655_00022,rue Jean Fredon,22,,EL0200,1565866.01220000,5183259.83460000,1.27322784,45.83629502
87085_2655_00024,rue Jean Fredon,24,,EL0201,1565873.42950000,5183269.58580000,1.27332058,45.83638418
87085_2655_00025,rue Jean Fredon,25,,EL0763,1565878.87710000,5183293.55200000,1.27338400,45.83660084
87085_2655_00028,rue Jean Fredon,28,,EL0363,1565891.46870000,5183300.90290000,1.27354400,45.83666942
87085_2655_00029,rue Jean Fredon,29,,EL0689,1565868.05400000,5183318.04910000,1.27323788,45.83681909
87085_2655_00030,rue Jean Fredon,30,,EL0366,1565887.60830000,5183305.30000000,1.27349309,45.83670822
87085_2655_00031,rue Jean Fredon,31,,EL0610,1565854.69860000,5183334.13110000,1.27306151,45.83696116
87085_2655_00033,rue Jean Fredon,33,,EL0610,1565842.67270000,5183352.15670000,1.27290171,45.83712096
87085_2655_00035,rue Jean Fredon,35,,EL0610,1565812.27980000,5183344.94900000,1.27251258,45.83705019
87085_2655_00037,rue Jean Fredon,37,,EL0610,1565795.47460000,5183332.93930000,1.27229965,45.83693888
87085_2655_00039,rue Jean Fredon,39,,EL0610,1565778.92600000,5183321.68000000,1.27208982,45.83683437
87085_2659_00001,rue Jean Gabin,1,,ER0629,1566285.02240000,5182566.34930000,1.27881318,45.83013828
87085_2659_00003,rue Jean Gabin,3,,ER0629,1566286.29140000,5182604.79030000,1.27881882,45.83048433
87085_2659_00005,rue Jean Gabin,5,,ER0390,1566258.43660000,5182638.35450000,1.27845104,45.83078084
87085_2659_00007,rue Jean Gabin,7,,ER0629,1566236.01380000,5182662.16290000,1.27815588,45.83099066
87085_2665_00001,rue Jean Goujon,1,,IV0477,1563038.24290000,5181844.85980000,1.23723944,45.82300918
87085_2665_00005,rue Jean Goujon,5,,IV0193,1563012.80240000,5181851.66650000,1.23691018,45.82306534
87085_2665_00007,rue Jean Goujon,7,,IV0192,1563002.91590000,5181854.22920000,1.23678224,45.82308642
87085_2665_00008,rue Jean Goujon,8,,IV0194,1563017.06960000,5181862.13490000,1.23696210,45.82316036
87085_2665_00009,rue Jean Goujon,9,,IV0698,1562987.83940000,5181858.38840000,1.23658708,45.82312084
87085_2665_00010,rue Jean Goujon,10,,IV0202,1563005.60010000,5181865.09050000,1.23681369,45.82318466
87085_2665_00012,rue Jean Goujon,12,,IV0798,1562992.11260000,5181868.65240000,1.23663914,45.82321402
87085_2665_00014,rue Jean Goujon,14,,IV0204,1562982.99990000,5181871.06550000,1.23652120,45.82323391
87085_2665_00018,rue Jean Goujon,18,,IV0207,1562967.71270000,5181875.01910000,1.23632339,45.82326643
87085_2665_00020,rue Jean Goujon,20,,IV0208,1562959.41710000,5181877.19990000,1.23621603,45.82328439
87085_2665_00021,rue Jean Goujon,21,,IV0459,1562930.82700000,5181873.98090000,1.23584910,45.82324974
87085_2665_00023,rue Jean Goujon,23,,IV0460,1562921.04920000,5181876.65000000,1.23572253,45.82327180
87085_2665_00024,rue Jean Goujon,24,,IV0366,1562923.71410000,5181886.87040000,1.23575391,45.82336427
87085_2665_00027,rue Jean Goujon,27,,IV0222,1562899.32460000,5181882.35450000,1.23544139,45.82331879
87085_2665_00029,rue Jean Goujon,29,,IV0221,1562881.84580000,5181886.94740000,1.23521520,45.82335662
87085_2665_00031,rue Jean Goujon,31,,IV0220,1562864.74040000,5181891.42350000,1.23499384,45.82339347
87085_2665_00032,rue Jean Goujon,32,,IV0455,1562889.37620000,5181895.83990000,1.23530955,45.82343811
87085_2665_00033,rue Jean Goujon,33,,IV0220,1562850.43480000,5181895.15680000,1.23480871,45.82342420
87085_2665_00034,rue Jean Goujon,34,,IV0455,1562879.38810000,5181898.59570000,1.23518025,45.82346091
87085_2665_00035,rue Jean Goujon,35,,IV0220,1562833.39960000,5181900.01690000,1.23458814,45.82346453
87085_2665_00036,rue Jean Goujon,36,,IV0456,1562869.71870000,5181901.14240000,1.23505512,45.82348189
87085_2665_00038,rue Jean Goujon,38,,IV0216,1562858.16440000,5181904.10190000,1.23490561,45.82350621
87085_2665_00040,rue Jean Goujon,40,,IV0217,1562851.81860000,5181905.94250000,1.23482344,45.82352150
87085_2665_00042,rue Jean Goujon,42,,IV0219,1562836.19910000,5181910.07800000,1.23462129,45.82355559
87085_2668_00001,rue Jean Jacques Caffieri,1,,IX0781,1562786.03000000,5182674.61150000,1.23375763,45.83042297
87085_2668_00002,rue Jean Jacques Caffieri,2,,IX0781,1562780.63770000,5182653.94920000,1.23369414,45.83023603
87085_2668_00003,rue Jean Jacques Caffieri,3,,IX0781,1562799.21560000,5182659.15960000,1.23393171,45.83028660
87085_2668_00004,rue Jean Jacques Caffieri,4,,IX0781,1562790.12870000,5182643.08280000,1.23381937,45.83014017
87085_2668_00005,rue Jean Jacques Caffieri,5,,IX0781,1562811.97330000,5182644.23690000,1.23410013,45.83015491
87085_4305_00003,rue Jean-Jacques Pradier,3,,BH0942,1563609.03310000,5183439.71980000,1.24413095,45.83746925
87085_4305_00005,rue Jean-Jacques Pradier,5,,BH0468,1563606.04540000,5183448.58730000,1.24408998,45.83754842
87085_4305_00007,rue Jean-Jacques Pradier,7,,BH0469,1563603.22970000,5183456.46400000,1.24405151,45.83761872
87085_4305_00008,rue Jean-Jacques Pradier,8,,BH0463,1563613.95190000,5183465.66130000,1.24418689,45.83770358
87085_4305_00009,rue Jean-Jacques Pradier,9,,BH0470,1563600.69190000,5183464.09400000,1.24401668,45.83768685
87085_4305_00010,rue Jean-Jacques Pradier,10,,BH0457,1563608.17540000,5183481.90630000,1.24410794,45.83784857
87085_4305_00011,rue Jean-Jacques Pradier,11,,BH0471,1563596.81480000,5183474.78920000,1.24396375,45.83778229
87085_4305_00012,rue Jean-Jacques Pradier,12,,BH0456,1563603.20560000,5183496.43820000,1.24403985,45.83797830
87085_4305_00013,rue Jean-Jacques Pradier,13,,BH0472,1563593.02150000,5183485.48800000,1.24391189,45.83787778
87085_4305_00014,rue Jean-Jacques Pradier,14,,BH0450,1563598.99120000,5183507.89170000,1.24398236,45.83808050
87085_4305_00015,rue Jean-Jacques Pradier,15,,BH0473,1563588.10400000,5183500.53120000,1.24384434,45.83801213
87085_4305_00016,rue Jean-Jacques Pradier,16,,BH0449,1563595.26800000,5183519.06110000,1.24393128,45.83818024
87085_4305_00017,rue Jean-Jacques Pradier,17,,BH0796,1563585.28070000,5183507.47370000,1.24380603,45.83807402
87085_4305_00018,rue Jean-Jacques Pradier,18,,BH0448,1563590.71050000,5183531.59920000,1.24386906,45.83829212
87085_4305_00019,rue Jean-Jacques Pradier,19,,BH0475,1563582.31050000,5183517.32950000,1.24376501,45.83816209
87085_4305_00020,rue Jean-Jacques Pradier,20,,BH0443,1563586.57770000,5183543.77820000,1.24381242,45.83840086
87085_4305_00021,rue Jean-Jacques Pradier,21,,BH0476,1563579.17710000,5183526.42390000,1.24372210,45.83824328
87085_4305_00022,rue Jean-Jacques Pradier,22,,BH0442,1563580.91570000,5183559.50750000,1.24373509,45.83854123
87085_4305_00023,rue Jean-Jacques Pradier,23,,BH0477,1563575.75200000,5183536.11400000,1.24367527,45.83832976
87085_4305_00024,rue Jean-Jacques Pradier,24,,BH0435,1563570.26190000,5183587.24710000,1.24359010,45.83878865
87085_4305_00025,rue Jean-Jacques Pradier,25,,BH0478,1563571.57180000,5183547.79380000,1.24361816,45.83843400
87085_4305_00027,rue Jean-Jacques Pradier,27,,BH0792,1563569.74930000,5183552.53890000,1.24359335,45.83847632
87085_4305_00027_bis,rue Jean-Jacques Pradier,27,bis,BH0793,1563566.66270000,5183561.56460000,1.24355107,45.83855690
87085_4305_00028,rue Jean-Jacques Pradier,28,,BH0434,1563561.30810000,5183607.37850000,1.24346915,45.83896796
87085_4305_00029,rue Jean-Jacques Pradier,29,,BH0745,1563563.26410000,5183569.90560000,1.24350496,45.83863126
87085_4305_00031,rue Jean-Jacques Pradier,31,,BH0481,1563557.91820000,5183583.35380000,1.24343234,45.83875117
87085_4305_00032,rue Jean-Jacques Pradier,32,,BH0432,1563552.72620000,5183625.97890000,1.24335342,45.83913358
87085_4305_00033,rue Jean-Jacques Pradier,33,,BH0482,1563554.57680000,5183590.18120000,1.24338740,45.83881193
87085_4305_00034,rue Jean-Jacques Pradier,34,,BH0431,1563547.41980000,5183637.44120000,1.24328187,45.83923564
87085_4305_00035,rue Jean-Jacques Pradier,35,,BH0483,1563551.19100000,5183598.04390000,1.24334159,45.83888198
87085_4305_00041,rue Jean-Jacques Pradier,41,,BH0485,1563537.73960000,5183626.93200000,1.24316027,45.83913918
87085_4305_00043,rue Jean-Jacques Pradier,43,,BH0486,1563533.62360000,5183636.85210000,1.24310448,45.83922760
87085_4305_00045,rue Jean-Jacques Pradier,45,,BH0487,1563528.33450000,5183649.23200000,1.24303290,45.83933791
87085_2670_00001,rue Jean-Jacques Rousseau,1,,NN0144,1563282.21640000,5181501.59530000,1.24047605,45.81996986
87085_2670_00003,rue Jean-Jacques Rousseau,3,,NN0144,1563266.67210000,5181497.29580000,1.24027729,45.81992809
87085_2670_00005,rue Jean-Jacques Rousseau,5,,NN0144,1563248.31160000,5181494.73240000,1.24004180,45.81990138
87085_2670_00007,rue Jean-Jacques Rousseau,7,,NN0144,1563228.51140000,5181494.53350000,1.23978711,45.81989566
87085_2670_00009,rue Jean-Jacques Rousseau,9,,NN0144,1563204.81840000,5181493.95620000,1.23948245,45.81988575
87085_2670_00011,rue Jean-Jacques Rousseau,11,,NN0144,1563186.56290000,5181473.89770000,1.23925329,45.81970169
87085_2670_00013,rue Jean-Jacques Rousseau,13,,NN0144,1563175.09670000,5181467.46650000,1.23910760,45.81964155
87085_2670_00014,rue Jean-Jacques Rousseau,14,,NN0031,1563143.99730000,5181510.90980000,1.23869500,45.82002600
87085_2670_00015,rue Jean-Jacques Rousseau,15,,NN0144,1563166.19510000,5181476.97700000,1.23899038,45.81972533
87085_2675_00001,rue Jean Jaurès,1,,DY0265,1564935.50140000,5182432.94930000,1.26148503,45.82867456
87085_2675_00002,rue Jean Jaurès,2,,EH0139,1564948.74070000,5182447.03840000,1.26165143,45.82880390
87085_2675_00003,rue Jean Jaurès,3,,DY0480,1564915.98120000,5182461.80080000,1.26122575,45.82893027
87085_2675_00004,rue Jean Jaurès,4,,EH0140,1564940.97580000,5182458.66080000,1.26154825,45.82890693
87085_2675_00005,rue Jean Jaurès,5,,DY0254,1564894.34560000,5182495.14100000,1.26093798,45.82922593
87085_2675_00006,rue Jean Jaurès,6,,EH0175,1564930.19460000,5182475.28480000,1.26140485,45.82905436
87085_2675_00006_bis,rue Jean Jaurès,6,bis,EH0207,1564921.58170000,5182487.81110000,1.26129050,45.82916535
87085_2675_00007,rue Jean Jaurès,7,,DY0246,1564868.93200000,5182532.49230000,1.26060046,45.82955694
87085_2675_00008,rue Jean Jaurès,8,,EH0207,1564913.58570000,5182498.66090000,1.26118457,45.82926138
87085_2675_00008_bis,rue Jean Jaurès,8,bis,EH0207,1564908.53490000,5182506.79390000,1.26111729,45.82933354
87085_2675_00009,rue Jean Jaurès,9,,DY0238,1564863.25000000,5182541.20040000,1.26052490,45.82963415
87085_2675_00010,rue Jean Jaurès,10,,EH0150,1564901.01410000,5182527.53690000,1.26101468,45.82951866
87085_2675_00011,rue Jean Jaurès,11,,DY0238,1564857.25310000,5182550.89180000,1.26044501,45.82972016
87085_2675_00012,rue Jean Jaurès,12,,EH0162,1564880.26210000,5182548.45210000,1.26074177,45.82970273
87085_2675_00013,rue Jean Jaurès,13,,DY0219,1564840.20140000,5182574.90490000,1.26021884,45.82993282
87085_2675_00014,rue Jean Jaurès,14,,EH0001,1564862.83040000,5182575.29880000,1.26050992,45.82994081
87085_2675_00015,rue Jean Jaurès,15,,DY0218,1564830.73060000,5182589.09260000,1.26009298,45.83005858
87085_2675_00016,rue Jean Jaurès,16,,DY0223,1564848.34860000,5182596.07650000,1.26031773,45.83012487
87085_2675_00017,rue Jean Jaurès,17,,DY0570,1564825.67910000,5182596.47790000,1.26002590,45.83012403
87085_2675_00018,rue Jean Jaurès,18,,DY0222,1564844.18230000,5182602.07720000,1.26026243,45.83017803
87085_2675_00019,rue Jean Jaurès,19,,DY0215,1564819.16770000,5182606.63470000,1.25993926,45.83021411
87085_2675_00020,rue Jean Jaurès,20,,DY0221,1564838.79590000,5182610.09190000,1.26019086,45.83024907
87085_2675_00021,rue Jean Jaurès,21,,DX0121,1564800.37920000,5182633.98030000,1.25968980,45.83045641
87085_2675_00022,rue Jean Jaurès,22,,DY0220,1564833.72770000,5182617.74620000,1.26012349,45.83031693
87085_2675_00023,rue Jean Jaurès,23,,DX0120,1564792.18670000,5182647.14090000,1.25958067,45.83057319
87085_2675_00024,rue Jean Jaurès,24,,DW0102,1564817.33540000,5182641.58320000,1.25990585,45.83052813
87085_2675_00025,rue Jean Jaurès,25,,DX0119,1564786.08340000,5182655.29000000,1.25949984,45.83064529
87085_2675_00026,rue Jean Jaurès,26,,DW0217,1564811.61080000,5182649.99440000,1.25982982,45.83060267
87085_2675_00027,rue Jean Jaurès,27,,DX0073,1564770.14630000,5182678.82960000,1.25928814,45.83085391
87085_2675_00028,rue Jean Jaurès,28,,DW0104,1564808.30270000,5182655.12090000,1.25978581,45.83064814
87085_2675_00029,rue Jean Jaurès,29,,DX0072,1564763.04290000,5182689.40660000,1.25919376,45.83094766
87085_2675_00030,rue Jean Jaurès,30,,DW0105,1564796.67340000,5182672.50860000,1.25963128,45.83080227
87085_2675_00032,rue Jean Jaurès,32,,DW0106,1564792.29700000,5182678.98320000,1.25957314,45.83085965
87085_2675_00034,rue Jean Jaurès,34,,DW0108,1564783.84320000,5182691.29270000,1.25946089,45.83096872
87085_2675_00035,rue Jean Jaurès,35,,DX0068,1564734.47480000,5182716.66670000,1.25881847,45.83118726
87085_2675_00036,rue Jean Jaurès,36,,DW0109,1564778.55850000,5182699.05630000,1.25939070,45.83103752
87085_2675_00037,rue Jean Jaurès,37,,DX0067,1564733.67400000,5182722.31280000,1.25880658,45.83123790
87085_2675_00038,rue Jean Jaurès,38,,DW0125,1564767.98230000,5182714.75740000,1.25925019,45.83117668
87085_2675_00039,rue Jean Jaurès,39,,DX0066,1564726.69310000,5182732.40440000,1.25871391,45.83132730
87085_2675_00040,rue Jean Jaurès,40,,DW0126,1564761.94580000,5182723.80640000,1.25916997,45.83125689
87085_2675_00041,rue Jean Jaurès,41,,DX0029,1564719.36500000,5182750.64460000,1.25861447,45.83148994
87085_2675_00042,rue Jean Jaurès,42,,DW0128,1564752.42880000,5182737.74260000,1.25904358,45.83138038
87085_2675_00043,rue Jean Jaurès,43,,DX0028,1564714.86000000,5182760.66020000,1.25855368,45.83157915
87085_2675_00044,rue Jean Jaurès,44,,DW0129,1564746.07880000,5182749.64890000,1.25895852,45.83148624
87085_2675_00044_a,rue Jean Jaurès,44,a,DW0186,1564735.33780000,5182766.70960001,1.25881550,45.83163760
87085_2675_00045,rue Jean Jaurès,45,,DX0027,1564707.57640000,5182771.20870000,1.25845699,45.83167261
87085_2675_00046,rue Jean Jaurès,46,,DW0185,1564719.67520000,5182789.43540000,1.25860755,45.83183895
87085_2675_00048,rue Jean Jaurès,48,,DW0140,1564712.55610000,5182808.37060000,1.25851061,45.83200788
87085_2677_00002,rue Jean Le Bail,2,,OS0024,1562488.45790000,5183531.43530000,1.22968338,45.83807111
87085_2677_00004,rue Jean Le Bail,4,,OS0022,1562429.39840000,5183562.55050000,1.22891440,45.83833919
87085_2677_00006,rue Jean Le Bail,6,,OS0017,1562384.53130000,5183591.86510000,1.22832858,45.83859391
87085_2677_00008,rue Jean Le Bail,8,,OS0011,1562348.37470000,5183603.44760000,1.22785993,45.83869087
87085_2677_00009,rue Jean Le Bail,9,,OS0010,1562342.19640000,5183582.10200000,1.22778653,45.83849761
87085_2677_00010,rue Jean Le Bail,10,,OS0011,1562332.78930000,5183609.70650000,1.22765756,45.83874405
87085_2677_00011,rue Jean Le Bail,11,,OS0010,1562279.39130000,5183608.98930000,1.22697054,45.83872690
87085_2677_00012,rue Jean Le Bail,12,,OS0012,1562270.11600000,5183624.40000000,1.22684675,45.83886367
87085_2677_00014,rue Jean Le Bail,14,,OS0012,1562256.06480000,5183630.15010000,1.22666426,45.83891258
87085_2677_00016,rue Jean Le Bail,16,,OS0012,1562240.43880000,5183637.90920000,1.22646094,45.83897925
87085_2677_00018,rue Jean Le Bail,18,,OS0012,1562228.01940000,5183647.00920000,1.22629849,45.83905862
87085_2677_00020,rue Jean Le Bail,20,,OS0012,1562212.58630000,5183661.70490000,1.22609566,45.83918772
87085_2677_00021,rue Jean Le Bail,21,,OS0042,1562187.95110000,5183680.95610000,1.22577308,45.83935596
87085_2677_00022,rue Jean Le Bail,22,,OS0012,1562203.96710000,5183676.50160000,1.22598048,45.83931910
87085_2677_00024,rue Jean Le Bail,24,,OS0012,1562196.75650000,5183697.92670000,1.22588154,45.83951039
87085_2677_00026,rue Jean Le Bail,26,,OS0012,1562195.38570000,5183713.13990000,1.22585954,45.83964696
87085_2677_00028,rue Jean Le Bail,28,,OS0012,1562198.07510000,5183735.11790000,1.22588785,45.83984520
87085_2677_00030,rue Jean Le Bail,30,,OS0012,1562203.43880000,5183749.99570000,1.22595261,45.83998011
87085_2677_00031,rue Jean Le Bail,31,,OI0178,1562339.57790000,5183806.35580000,1.22768860,45.84051437
87085_2677_00032,rue Jean Le Bail,32,,OS0012,1562215.69710000,5183768.24440000,1.22610515,45.84014672
87085_2677_00034,rue Jean Le Bail,34,,OS0012,1562230.16220000,5183781.11170000,1.22628763,45.84026537
87085_2677_00036,rue Jean Le Bail,36,,OS0012,1562249.00010000,5183790.98220000,1.22652725,45.84035793
87085_2677_00038,rue Jean Le Bail,38,,OS0012,1562264.88000000,5183795.63710000,1.22673029,45.84040299
87085_2677_00040,rue Jean Le Bail,40,,OS0013,1562322.87450000,5183792.53970000,1.22747758,45.84038674
87085_2677_00042,rue Jean Le Bail,42,,OS0013,1562338.34480000,5183790.08740000,1.22767739,45.84036778
87085_2677_00044,rue Jean Le Bail,44,,OS0013,1562353.54940000,5183786.25530000,1.22787417,45.84033635
87085_2677_00046,rue Jean Le Bail,46,,OS0013,1562366.45040000,5183781.50520000,1.22804157,45.84029620
87085_2677_00048,rue Jean Le Bail,48,,OS0013,1562385.08860000,5183772.87910000,1.22828392,45.84022234
87085_2677_00050,rue Jean Le Bail,50,,OS0013,1562399.43990000,5183763.23300000,1.22847139,45.84013844
87085_2685_00003,rue Jean Macé,3,,BM0065,1563721.74620000,5184015.27630000,1.24541832,45.84266904
87085_2685_00005,rue Jean Macé,5,,BM0064,1563708.89670000,5184013.54920000,1.24525343,45.84265096
87085_2685_00005_bis,rue Jean Macé,5,bis,BM0063,1563698.37720000,5184012.42510000,1.24511835,45.84263876
87085_2685_00007,rue Jean Macé,7,,BM0063,1563690.68820000,5184011.32850000,1.24501970,45.84262737
87085_2685_00009,rue Jean Macé,9,,BM0062,1563677.80800000,5184009.97290000,1.24485430,45.84261262
87085_2685_00019,rue Jean Macé,19,,BM0128,1563614.56900000,5184000.52710000,1.24404305,45.84251511
87085_2685_00021,rue Jean Macé,21,,BM0129,1563597.83450000,5183998.69560000,1.24382818,45.84249532
87085_2685_00023,rue Jean Macé,23,,BM0130,1563586.32240000,5183997.20610000,1.24368043,45.84247963
87085_2685_00025,rue Jean Macé,25,,BM0045,1563574.44900000,5183995.95810000,1.24352797,45.84246605
87085_2685_00027,rue Jean Macé,27,,BM0046,1563563.35900000,5183994.64060000,1.24338561,45.84245200
87085_2685_00029,rue Jean Macé,29,,BM0161,1563549.56000000,5183992.72800000,1.24320854,45.84243206
87085_2681_00001,rue Jean Marais,1,,PN0032,1559315.71370000,5184350.99350000,1.18861165,45.84480158
87085_2681_00003,rue Jean Marais,3,,PN0033,1559314.56040000,5184372.05230000,1.18859064,45.84499078
87085_2681_00004,rue Jean Marais,4,,PN0031,1559348.07930000,5184360.09850000,1.18902556,45.84489011
87085_2681_00005,rue Jean Marais,5,,PN0055,1559311.67360000,5184403.16560000,1.18854437,45.84527006
87085_2681_00006,rue Jean Marais,6,,PN0030,1559374.01980000,5184356.72900000,1.18936043,45.84486510
87085_2681_00007,rue Jean Marais,7,,PN0056,1559314.80860000,5184418.19940000,1.18858032,45.84540594
87085_2681_00008,rue Jean Marais,8,,PN0029,1559398.86200000,5184352.38650000,1.18968145,45.84483112
87085_2681_00009,rue Jean Marais,9,,PN0057,1559328.39850000,5184407.75540000,1.18875830,45.84531477
87085_2681_00010,rue Jean Marais,10,,PN0028,1559421.95500000,5184348.76680000,1.18997974,45.84480328
87085_2681_00012,rue Jean Marais,12,,PN0027,1559444.89270000,5184344.82110000,1.19027613,45.84477248
87085_2681_00014,rue Jean Marais,14,,PN0026,1559462.52730000,5184345.64220000,1.19050287,45.84478347
87085_2681_00015,rue Jean Marais,15,,PN0035,1559358.64130000,5184370.60740000,1.18915843,45.84498680
87085_2681_00017,rue Jean Marais,17,,PN0036,1559385.33110000,5184366.28070000,1.18950323,45.84495334
87085_2681_00018,rue Jean Marais,18,,PN0023,1559479.81180000,5184358.27800000,1.19072164,45.84490067
87085_2681_00019,rue Jean Marais,19,,PN0037,1559407.34180000,5184362.91700000,1.18978751,45.84492758
87085_2681_00020,rue Jean Marais,20,,PN0022,1559496.40280000,5184374.87250000,1.19093034,45.84505333
87085_2681_00023,rue Jean Marais,23,,PN0054,1559483.53740000,5184378.62810000,1.19076365,45.84508448
87085_2689_00009,rue Jean Montalat,9,,LS0095,1567739.02840000,5187781.00430000,1.29608774,45.87732869
87085_2689_00015,rue Jean Montalat,15,,LS0044,1567716.07580000,5187742.32740000,1.29580279,45.87697634
87085_2730_00005,rue Jeanne d'Arc,5,,IV0149,1563171.80160000,5181877.41470000,1.23894858,45.82332861
87085_2730_00006,rue Jeanne d'Arc,6,,IV0120,1563166.32350000,5181892.19730000,1.23887389,45.82346050
87085_2730_00007,rue Jeanne d'Arc,7,,IV0148,1563160.98490000,5181880.34310000,1.23880857,45.82335280
87085_2730_00011,rue Jeanne d'Arc,11,,IV0402,1563135.38800000,5181886.66740000,1.23847744,45.82340460
87085_2730_00014,rue Jeanne d'Arc,14,,IV0121,1563128.71460000,5181901.79950000,1.23838727,45.82353939
87085_2730_00015,rue Jeanne d'Arc,15,,IV0362,1563117.69960000,5181891.49130000,1.23824848,45.82344447
87085_2730_00024,rue Jeanne d'Arc,24,,IV0103,1563066.88090000,5181917.86280000,1.23758712,45.82367158
87085_2730_00025,rue Jeanne d'Arc,25,,IV0197,1563052.63000000,5181908.65510000,1.23740638,45.82358592
87085_2730_00027,rue Jeanne d'Arc,27,,IV0198,1563044.23690000,5181910.65330000,1.23729782,45.82360222
87085_2730_00028,rue Jeanne d'Arc,28,,IV0102,1563045.66120000,5181923.57190000,1.23731247,45.82371871
87085_2730_00029,rue Jeanne d'Arc,29,,IV0415,1563036.68490000,5181912.87450000,1.23720002,45.82362070
87085_2730_00030,rue Jeanne d'Arc,30,,IV0440,1563033.66570000,5181926.92890000,1.23715717,45.82374652
87085_2730_00031,rue Jeanne d'Arc,31,,IV0414,1563026.36190000,5181915.48030000,1.23706646,45.82364208
87085_2730_00032,rue Jeanne d'Arc,32,,IV0441,1563022.58190000,5181929.84780000,1.23701373,45.82377057
87085_2730_00033,rue Jeanne d'Arc,33,,IV0200,1563012.21560000,5181919.27420000,1.23688337,45.82367339
87085_2730_00035,rue Jeanne d'Arc,35,,IV0464,1563003.60230000,5181921.63660000,1.23677187,45.82369293
87085_2730_00036,rue Jeanne d'Arc,36,,IV0442,1563007.64390000,5181934.10080000,1.23682032,45.82380586
87085_2730_00037,rue Jeanne d'Arc,37,,IV0715,1562992.76710000,5181924.58450000,1.23663162,45.82371729
87085_2730_00039,rue Jeanne d'Arc,39,,IV0206,1562981.33730000,5181927.52350000,1.23648373,45.82374145
87085_2730_00040,rue Jeanne d'Arc,40,,IV0095,1562987.96970000,5181939.14580000,1.23656575,45.82384732
87085_2730_00041,rue Jeanne d'Arc,41,,IV0210,1562966.77010000,5181931.36230000,1.23629520,45.82377308
87085_2730_00045,rue Jeanne d'Arc,45,,IV0365,1562936.87100000,5181939.72000000,1.23590813,45.82384230
87085_2730_00048,rue Jeanne d'Arc,48,,IV0086,1562929.03740000,5181954.72120000,1.23580306,45.82397569
87085_2730_00050,rue Jeanne d'Arc,50,,IV0085,1562914.39740000,5181958.58040000,1.23561360,45.82400748
87085_2730_00051,rue Jeanne d'Arc,51,,IV0213,1562897.34330000,5181950.09330000,1.23539659,45.82392774
87085_2730_00052,rue Jeanne d'Arc,52,,IV0084,1562896.17730000,5181963.53590000,1.23537775,45.82404843
87085_2730_00053,rue Jeanne d'Arc,53,,IV0680,1562882.91160000,5181954.06960000,1.23520977,45.82396063
87085_2730_00054,rue Jeanne d'Arc,54,,IV0084,1562885.71980000,5181966.21070000,1.23524244,45.82407041
87085_2730_00055,rue Jeanne d'Arc,55,,IV0756,1562870.83750000,5181957.15150000,1.23505354,45.82398595
87085_2730_00056,rue Jeanne d'Arc,56,,IV0083,1562874.57720000,5181969.24890000,1.23509821,45.82409552
87085_2730_00058,rue Jeanne d'Arc,58,,IV0082,1562866.64350000,5181971.44130000,1.23499550,45.82411366
87085_2730_00061,rue Jeanne d'Arc,61,,IV0754,1562837.35310000,5181965.97920000,1.23462020,45.82405868
87085_2730_00062,rue Jeanne d'Arc,62,,IV0716,1562833.76400000,5181980.28810000,1.23456994,45.82418668
87085_2731_00002,rue Jeanne Moreau,2,,PP0091,1560261.37300000,5184366.50550000,1.20077887,45.84513396
87085_2731_00003,rue Jeanne Moreau,3,,PP0142,1560219.67460000,5184331.63320000,1.20025230,45.84481179
87085_2731_00004,rue Jeanne Moreau,4,,PP0159,1560226.23630000,5184360.26130001,1.20032843,45.84507065
87085_2731_00005,rue Jeanne Moreau,5,,PP0143,1560222.37340000,5184317.50450000,1.20029115,45.84468525
87085_2731_00006,rue Jeanne Moreau,6,,PP0160,1560206.71000000,5184359.46750000,1.20007734,45.84505954
87085_2731_00007,rue Jeanne Moreau,7,,PP0144,1560227.13590000,5184297.02570000,1.20035840,45.84450200
87085_2731_00007_b,rue Jeanne Moreau,7,b,PP0145,1560231.36920000,5184278.18730000,1.20041837,45.84433340
87085_2731_00008,rue Jeanne Moreau,8,,PP0158,1560207.23920000,5184337.34830000,1.20009058,45.84486068
87085_2731_00009,rue Jeanne Moreau,9,,PP0146,1560223.35230000,5184264.66710000,1.20031912,45.84421015
87085_2731_00010,rue Jeanne Moreau,10,,PP0157,1560209.88500000,5184322.16120000,1.20012905,45.84472460
87085_2731_00011,rue Jeanne Moreau,11,,PP0147,1560211.18150000,5184248.52740000,1.20016716,45.84406250
87085_2731_00012,rue Jeanne Moreau,12,,PP0156,1560213.06000000,5184308.87900000,1.20017378,45.84460577
87085_2731_00015,rue Jeanne Moreau,15,,PP0148,1560198.74600000,5184232.65240000,1.20001172,45.84391717
87085_2731_00016,rue Jeanne Moreau,16,,PP0154,1560189.59140000,5184239.16120000,1.19989200,45.84397385
87085_2731_00017,rue Jeanne Moreau,17,,PP0149,1560181.23060000,5184216.11590000,1.19979110,45.84376485
87085_2731_00018,rue Jeanne Moreau,18,,PP0153,1560165.46140000,5184223.28620000,1.19958604,45.84382614
87085_2731_00019,rue Jeanne Moreau,19,,PP0150,1560163.21240000,5184210.87720000,1.19956071,45.84371406
87085_2731_00020,rue Jeanne Moreau,20,,PP0152,1560147.99890000,5184217.88870000,1.19936286,45.84377404
87085_2695_00001,rue Jean Nouailher,1,,IM0757,1563930.70760000,5182319.86620000,1.24858774,45.82745926
87085_2695_00001_bis,rue Jean Nouailher,1,bis,IM1128,1563922.81650000,5182321.33450000,1.24848579,45.82747091
87085_2695_00003,rue Jean Nouailher,3,,IM1129,1563913.24790000,5182323.36560000,1.24836209,45.82748729
87085_2695_00004,rue Jean Nouailher,4,,IL0143,1563936.11910000,5182332.36400000,1.24865384,45.82757276
87085_2695_00005,rue Jean Nouailher,5,,IM0319,1563904.31430000,5182325.30520000,1.24824659,45.82750297
87085_2695_00006,rue Jean Nouailher,6,,IL0144,1563919.37450000,5182335.83120000,1.24843740,45.82760063
87085_2695_00007,rue Jean Nouailher,7,,IM0318,1563886.66320000,5182329.04850000,1.24801841,45.82753315
87085_2695_00008,rue Jean Nouailher,8,,IL0177,1563900.03050000,5182340.07830000,1.24818729,45.82763501
87085_2695_00009,rue Jean Nouailher,9,,IM0317,1563862.66300000,5182334.06470000,1.24770817,45.82757352
87085_2695_00010,rue Jean Nouailher,10,,IL0146,1563878.07680000,5182344.49490000,1.24790355,45.82767040
87085_2695_00011,rue Jean Nouailher,11,,IM0315,1563844.55850000,5182337.99920000,1.24747410,45.82760533
87085_2695_00012,rue Jean Nouailher,12,,IL0147,1563857.66420000,5182348.77440000,1.24763969,45.82770485
87085_2695_00014,rue Jean Nouailher,14,,IL0148,1563846.87420000,5182351.12770000,1.24750018,45.82772388
87085_2695_00016,rue Jean Nouailher,16,,IL0149,1563837.36080000,5182353.07780000,1.24737722,45.82773954
87085_2695_00018,rue Jean Nouailher,18,,IL0153,1563830.27370000,5182354.61100000,1.24728559,45.82775193
87085_2705_00001,rue Jean-Pierre Timbaud,1,,HS0548,1564910.14680000,5182088.64260000,1.26125551,45.82557234
87085_2705_00002,rue Jean-Pierre Timbaud,2,,DZ0238,1564965.08990000,5182123.79320000,1.26195259,45.82589933
87085_2705_00003,rue Jean-Pierre Timbaud,3,,HS0548,1564951.63430000,5182117.55300000,1.26178121,45.82584055
87085_2705_00003_b,rue Jean-Pierre Timbaud,3,b,HS0548,1564918.13580000,5182107.57810000,1.26135299,45.82574424
87085_2705_00003_c,rue Jean-Pierre Timbaud,3,c,HS0548,1564951.71490000,5182103.29810000,1.26178625,45.82571234
87085_2705_00003_d,rue Jean-Pierre Timbaud,3,d,HS0548,1564932.00540000,5182088.54370000,1.26153679,45.82557574
87085_2705_00004,rue Jean-Pierre Timbaud,4,,DZ0241,1564950.99750000,5182143.39340000,1.26176576,45.82607288
87085_2705_00005,rue Jean-Pierre Timbaud,5,,HS0550,1564905.49610000,5182183.50190000,1.26116902,45.82642474
87085_2705_00006,rue Jean-Pierre Timbaud,6,,DZ0241,1564947.60600000,5182148.08070000,1.26172080,45.82611438
87085_2705_00008,rue Jean-Pierre Timbaud,8,,DZ0241,1564943.64010000,5182153.47250000,1.26166826,45.82616210
87085_2706_00006,rue Jean-Pierre Verspieren,6,,SP0252,1565526.44640000,5185357.70520000,1.26827073,45.85510030
87085_2706_00008,rue Jean-Pierre Verspieren,8,,SP0253,1565534.11930000,5185360.21870000,1.26836880,45.85512441
87085_2706_00010,rue Jean-Pierre Verspieren,10,,SP0255,1565538.74950000,5185361.93850000,1.26842793,45.85514079
87085_2706_00012,rue Jean-Pierre Verspieren,12,,SP0254,1565550.65580000,5185366.70100000,1.26857988,45.85518596
87085_2706_00014,rue Jean-Pierre Verspieren,14,,SP0256,1565567.06000000,5185373.18330000,1.26878925,45.85524748
87085_2706_00015,rue Jean-Pierre Verspieren,15,,SP0270,1565583.61500000,5185395.66010001,1.26899600,45.85545300
87085_2706_00016,rue Jean-Pierre Verspieren,16,,SP0257,1565581.87670000,5185379.26870001,1.26897829,45.85530512
87085_2706_00018,rue Jean-Pierre Verspieren,18,,SP0258,1565594.70900000,5185384.03120000,1.26914216,45.85535047
87085_2706_00020,rue Jean-Pierre Verspieren,20,,SP0260,1565598.94230000,5185386.14790000,1.26919607,45.85537034
87085_2706_00022,rue Jean-Pierre Verspieren,22,,SP0259,1565612.83300000,5185391.04270000,1.26937352,45.85541709
87085_2710_00004,rue Jean Pouyat,4,,BR0335,1564616.63940000,5184189.34260000,1.25688734,45.84441165
87085_2710_00005,rue Jean Pouyat,5,,BR0342,1564604.59940000,5184192.82030000,1.25673139,45.84444056
87085_2710_00006,rue Jean Pouyat,6,,BR0334,1564615.18800000,5184198.98370000,1.25686594,45.84449809
87085_2710_00008,rue Jean Pouyat,8,,BR0331,1564613.10760000,5184209.72990000,1.25683613,45.84459435
87085_2710_00010,rue Jean Pouyat,10,,BR0330,1564611.31190000,5184220.36100000,1.25681002,45.84468963
87085_2710_00011,rue Jean Pouyat,11,,BR0346,1564600.33730000,5184214.81480000,1.25667033,45.84463757
87085_2710_00012,rue Jean Pouyat,12,,BR0327,1564609.04320000,5184232.33760000,1.25677745,45.84479692
87085_2710_00013,rue Jean Pouyat,13,,BR0690,1564598.56470000,5184226.70320000,1.25664416,45.84474417
87085_2710_00014,rue Jean Pouyat,14,,BR0326,1564607.42500000,5184243.20000000,1.25675356,45.84489431
87085_2710_00016,rue Jean Pouyat,16,,BR0806,1564605.80770000,5184252.94250000,1.25673000,45.84498163
87085_2710_00018,rue Jean Pouyat,18,,BR0803,1564604.01950000,5184262.56630000,1.25670427,45.84506785
87085_2710_00020,rue Jean Pouyat,20,,BR0320,1564602.36840000,5184271.81150000,1.25668041,45.84515069
87085_2710_00022,rue Jean Pouyat,22,,BR0319,1564601.17390000,5184279.39640000,1.25666290,45.84521869
87085_2710_00023,rue Jean Pouyat,23,,BR0355,1564589.83100000,5184278.52880000,1.25651714,45.84520865
87085_2710_00026,rue Jean Pouyat,26,,BR0315,1564598.64660000,5184293.62940000,1.25662636,45.84534622
87085_2710_00033,rue Jean Pouyat,33,,BR0363,1564577.51100000,5184353.08540000,1.25633756,45.84587690
87085_2710_00035,rue Jean Pouyat,35,,BR0366,1564576.48440000,5184359.80450000,1.25632245,45.84593714
87085_2710_00039,rue Jean Pouyat,39,,BR0369,1564572.65960000,5184380.45480000,1.25626740,45.84612215
87085_2710_00041,rue Jean Pouyat,41,,BR0370,1564571.38840000,5184388.11000000,1.25624888,45.84619076
87085_2710_00043,rue Jean Pouyat,43,,BR0375,1564569.52440000,5184398.22160000,1.25622203,45.84628135
87085_2710_00045,rue Jean Pouyat,45,,BR0376,1564567.20800000,5184412.39890000,1.25618822,45.84640843
87085_2710_00047,rue Jean Pouyat,47,,BR0381,1564565.18650000,5184423.26270000,1.25615914,45.84650576
87085_2710_00048,rue Jean Pouyat,48,,BR0776,1564574.94820000,5184431.84270000,1.25628237,45.84658486
87085_2710_00049,rue Jean Pouyat,49,,BR0382,1564563.45780000,5184432.53610000,1.25613427,45.84658884
87085_2710_00051,rue Jean Pouyat,51,,BR0734,1564561.90550000,5184441.98020000,1.25611163,45.84667349
87085_2710_00053,rue Jean Pouyat,53,,BR0388,1564561.03160000,5184447.44050000,1.25609884,45.84672243
87085_2710_00055,rue Jean Pouyat,55,,BR0389,1564560.08720000,5184452.63590000,1.25608522,45.84676898
87085_2710_00057,rue Jean Pouyat,57,,BR0389,1564558.95170000,5184460.72080000,1.25606833,45.84684149
87085_2715_00004,rue Jean Rougerie,4,,ON0258,1562062.84730000,5182241.29040000,1.22457608,45.82638036
87085_2715_00006,rue Jean Rougerie,6,,ON0312,1562051.48670000,5182220.69630000,1.22443581,45.82619283
87085_2715_00008,rue Jean Rougerie,8,,ON0311,1562044.79230000,5182208.27560000,1.22435324,45.82607976
87085_2715_00010,rue Jean Rougerie,10,,ON0310,1562039.88580000,5182199.60740000,1.22429259,45.82600080
87085_2715_00012,rue Jean Rougerie,12,,ON0309,1562034.88390000,5182190.06370000,1.22423097,45.82591394
87085_2715_00014,rue Jean Rougerie,14,,ON0308,1562028.13070000,5182178.46520000,1.22414741,45.82580825
87085_2715_00016,rue Jean Rougerie,16,,ON0307,1562020.64260000,5182164.74520000,1.22405500,45.82568333
87085_2715_00018,rue Jean Rougerie,18,,ON0306,1562005.55230000,5182148.84620000,1.22386540,45.82553729
87085_2715_00019,rue Jean Rougerie,19,,ON0340,1562006.97510000,5182128.43780000,1.22388956,45.82535399
87085_2715_00021,rue Jean Rougerie,21,,ON0341,1561979.04940000,5182120.48040000,1.22353253,45.82527680
87085_2715_00022,rue Jean Rougerie,22,,ON0305,1561979.55010000,5182134.15030000,1.22353505,45.82539987
87085_2715_00024,rue Jean Rougerie,24,,ON0304,1561968.91460000,5182131.45150000,1.22339898,45.82537346
87085_2715_00025,rue Jean Rougerie,25,,ON0377,1561946.38970000,5182106.56890000,1.22311630,45.82514511
87085_2715_00026,rue Jean Rougerie,26,,ON0303,1561957.63360000,5182128.71800000,1.22325461,45.82534661
87085_2715_00027,rue Jean Rougerie,27,,ON0378,1561935.18450000,5182103.91540000,1.22297289,45.82511899
87085_2715_00029,rue Jean Rougerie,29,,ON0379,1561922.83160000,5182100.95600000,1.22281480,45.82508989
87085_2715_00030,rue Jean Rougerie,30,,ON0302,1561938.85170000,5182130.32240000,1.22301249,45.82535727
87085_2715_00031,rue Jean Rougerie,31,,ON0380,1561912.29850000,5182098.47860000,1.22267998,45.82506549
87085_2715_00032,rue Jean Rougerie,32,,ON0301,1561929.37420000,5182128.15350000,1.22289117,45.82533586
87085_2715_00034,rue Jean Rougerie,34,,ON0300,1561919.25190000,5182125.61770000,1.22276166,45.82531101
87085_2715_00035,rue Jean Rougerie,35,,ON0382,1561890.36710000,5182093.64660000,1.22239919,45.82501762
87085_2715_00036,rue Jean Rougerie,36,,ON0299,1561909.47740000,5182123.60190000,1.22263647,45.82529092
87085_2715_00037,rue Jean Rougerie,37,,ON0383,1561879.27520000,5182090.96600000,1.22225724,45.82499128
87085_2715_00037_bis,rue Jean Rougerie,37,bis,ON0384,1561866.80370000,5182087.93360000,1.22209764,45.82496149
87085_2715_00038,rue Jean Rougerie,38,,ON0298,1561900.02700000,5182121.32260000,1.22251553,45.82526852
87085_2715_00039,rue Jean Rougerie,39,,ON0385,1561853.66130000,5182084.79620000,1.22192945,45.82493063
87085_2715_00040,rue Jean Rougerie,40,,ON0297,1561890.89270000,5182119.29650000,1.22239858,45.82524846
87085_2715_00041,rue Jean Rougerie,41,,ON0386,1561843.09820000,5182082.45450000,1.22179421,45.82490745
87085_2715_00042,rue Jean Rougerie,42,,ON0296,1561880.19980000,5182116.60290000,1.22226177,45.82522208
87085_2715_00044,rue Jean Rougerie,44,,ON0295,1561870.27370000,5182114.38020000,1.22213470,45.82520009
87085_2715_00045,rue Jean Rougerie,45,,ON0516,1561825.97320000,5182078.51150000,1.22157500,45.82486854
87085_2715_00046,rue Jean Rougerie,46,,ON0294,1561860.86300000,5182112.05940000,1.22201428,45.82517733
87085_2715_00047,rue Jean Rougerie,47,,ON0502,1561807.09750000,5182080.03930000,1.22133169,45.82487849
87085_2715_00048,rue Jean Rougerie,48,,ON0293,1561851.55700000,5182109.73370000,1.22189521,45.82515454
87085_2715_00049,rue Jean Rougerie,49,,ON0389,1561788.88920000,5182075.89200000,1.22109861,45.82483752
87085_2715_00050,rue Jean Rougerie,50,,ON0292,1561841.58100000,5182107.39480000,1.22176752,45.82513149
87085_2715_00052,rue Jean Rougerie,52,,ON0291,1561831.71750000,5182105.08560000,1.22164127,45.82510874
87085_2715_00054,rue Jean Rougerie,54,,ON0290,1561823.08060000,5182103.23220000,1.22153068,45.82509033
87085_2719_00004,rue Jean Tissier,4,,MB0027,1566670.76470000,5187540.57800000,1.28239638,45.87495947
87085_2735_00002,rue Jeanty-Sarre,2,,DY0247,1564864.70980000,5182518.66410000,1.26055002,45.82943171
87085_2735_00003,rue Jeanty-Sarre,3,,DY0254,1564877.36490000,5182504.85500000,1.26071674,45.82930998
87085_2735_00004,rue Jeanty-Sarre,4,,DY0245,1564849.00130000,5182514.36760000,1.26034909,45.82938998
87085_2735_00005,rue Jeanty-Sarre,5,,DY0254,1564869.85580000,5182503.36910000,1.26062054,45.82929514
87085_2735_00006,rue Jeanty-Sarre,6,,DY0244,1564827.66490000,5182510.01920000,1.26007576,45.82934667
87085_2735_00007,rue Jeanty-Sarre,7,,DY0248,1564857.46030000,5182500.97090000,1.26046171,45.82927113
87085_2735_00009,rue Jeanty-Sarre,9,,DY0249,1564847.07610000,5182499.16930000,1.26032859,45.82925288
87085_2735_00011,rue Jeanty-Sarre,11,,DY0250,1564833.50030000,5182495.92980000,1.26015481,45.82922107
87085_2722_00005,rue Jean Varin,5,,RP0288,1561632.97370000,5184957.56280000,1.21826294,45.85072819
87085_2722_00007,rue Jean Varin,7,,RP0287,1561617.41130000,5184944.60970000,1.21806634,45.85060854
87085_2722_00009,rue Jean Varin,9,,RP0276,1561591.69660000,5184922.73480000,1.21774163,45.85040659
87085_2722_00011,rue Jean Varin,11,,RP0276,1561583.29170000,5184915.72570000,1.21763546,45.85034185
87085_2722_00014,rue Jean Varin,14,,RP0002,1561549.49440000,5184899.44920000,1.21720509,45.85018863
87085_2722_00015,rue Jean Varin,15,,RP0274,1561548.97240000,5184887.10050000,1.21720193,45.85007744
87085_2722_00017,rue Jean Varin,17,,RP0011,1561537.45850000,5184877.45980000,1.21705650,45.84998840
87085_2722_00023,rue Jean Varin,23,,RP0083,1561501.57540000,5184847.94300000,1.21660311,45.84971565
87085_2721_00011,rue Jean Verspieren,11,,EY0305,1566395.11140000,5181119.04670000,1.28063191,45.81714025
87085_2721_00015,rue Jean Verspieren,15,,EY0304,1566401.45970000,5181149.91570000,1.28070501,45.81741917
87085_2721_00017,rue Jean Verspieren,17,,EY0303,1566402.31430000,5181165.73200000,1.28071161,45.81756161
87085_2721_00019,rue Jean Verspieren,19,,EY0302,1566399.36480000,5181196.26240000,1.28066518,45.81783568
87085_2721_00021,rue Jean Verspieren,21,,EY0195,1566397.19380000,5181216.65980000,1.28063159,45.81801875
87085_2721_00023,rue Jean Verspieren,23,,EY0196,1566392.64290000,5181248.91940000,1.28056408,45.81830806
87085_2721_00025,rue Jean Verspieren,25,,EY0199,1566394.68190000,5181289.73920000,1.28057897,45.81867565
87085_2721_00027,rue Jean Verspieren,27,,EY0200,1566397.23690000,5181316.51740000,1.28060440,45.81891704
87085_2721_00029,rue Jean Verspieren,29,,EY0201,1566401.47440000,5181336.90110000,1.28065326,45.81910123
87085_2721_00031,rue Jean Verspieren,31,,EY0202,1566407.02250000,5181359.05680000,1.28071848,45.81930161
87085_2721_00033,rue Jean Verspieren,33,,EY0203,1566413.75100000,5181378.75430000,1.28079958,45.81948011
87085_2721_00035,rue Jean Verspieren,35,,EY0204,1566411.16400000,5181410.24840000,1.28075755,45.81976291
87085_2721_00036,rue Jean Verspieren,36,,EY0251,1566368.81950000,5181439.62850000,1.28020460,45.82001898
87085_2721_00037,rue Jean Verspieren,37,,EY0233,1566369.65970000,5181428.68750000,1.28021844,45.81992073
87085_2721_00038,rue Jean Verspieren,38,,EY0240,1566352.87880000,5181437.56490000,1.28000008,45.81999732
87085_2721_00039,rue Jean Verspieren,39,,EY0234,1566341.16830000,5181422.64240000,1.27985356,45.81986081
87085_2721_00040,rue Jean Verspieren,40,,EY0239,1566332.26770000,5181431.00510000,1.27973673,45.81993431
87085_2721_00041,rue Jean Verspieren,41,,EY0235,1566316.78140000,5181407.90200000,1.27954391,45.81972347
87085_2721_00042,rue Jean Verspieren,42,,EY0238,1566312.68380000,5181419.36010000,1.27948800,45.81982575
87085_2721_00043,rue Jean Verspieren,43,,EY0232,1566327.44400000,5181379.43750000,1.27968900,45.81946949
87085_2721_00044,rue Jean Verspieren,44,,EY0237,1566299.45990000,5181404.75800000,1.27932193,45.81969182
87085_2721_00045,rue Jean Verspieren,45,,EY0231,1566329.93860000,5181364.44170000,1.27972526,45.81933507
87085_2721_00046,rue Jean Verspieren,46,,EY0236,1566289.61740000,5181386.50169999,1.27920037,45.81952568
87085_2721_00047,rue Jean Verspieren,47,,EY0230,1566323.87690000,5181351.69410000,1.27965082,45.81921922
87085_2721_00049,rue Jean Verspieren,49,,EY0228,1566312.85920000,5181344.44600000,1.27951108,45.81915188
87085_2721_00050,rue Jean Verspieren,50,,EY0227,1566294.66660000,5181332.66570000,1.27928030,45.81904237
87085_2721_00051,rue Jean Verspieren,51,,EY0229,1566328.14380000,5181301.66990000,1.27971962,45.81877005
87085_2721_00052,rue Jean Verspieren,52,,EY0226,1566305.69840000,5181310.24350000,1.27942846,45.81884282
87085_2721_00053,rue Jean Verspieren,53,,EY0198,1566356.33180000,5181286.60530000,1.28008645,45.81864001
87085_2721_00054,rue Jean Verspieren,54,,EY0225,1566318.90680000,5181276.47790000,1.27960778,45.81854164
87085_2721_00056,rue Jean Verspieren,56,,EY0224,1566294.10540000,5181269.62060000,1.27929061,45.81847513
87085_2721_00058,rue Jean Verspieren,58,,EY0223,1566292.98720000,5181260.09900000,1.27927887,45.81838926
87085_2721_00060,rue Jean Verspieren,60,,EY0222,1566286.20870000,5181244.52140000,1.27919599,45.81824781
87085_2721_00062,rue Jean Verspieren,62,,EY0221,1566287.33980000,5181231.84020000,1.27921407,45.81813396
87085_2721_00064,rue Jean Verspieren,64,,EY0220,1566295.12160000,5181221.33190000,1.27931710,45.81804094
87085_2721_00066,rue Jean Verspieren,66,,EY0219,1566308.17700000,5181217.48650000,1.27948613,45.81800889
87085_2721_00068,rue Jean Verspieren,68,,EY0218,1566319.60240000,5181196.01830000,1.27963909,45.81781799
87085_2721_00070,rue Jean Verspieren,70,,EY0217,1566323.91370000,5181209.12080000,1.27969091,45.81793669
87085_2721_00072,rue Jean Verspieren,72,,EY0216,1566327.39270000,5181230.46780000,1.27972974,45.81812940
87085_2721_00074,rue Jean Verspieren,74,,EY0215,1566344.80870000,5181279.49780000,1.27994018,45.81857384
87085_2721_00076,rue Jean Verspieren,76,,EY0197,1566365.97750000,5181270.28880000,1.28021508,45.81849511
87085_2724_00001,rue Jean Vilar,1,,NW0223,1560873.73480000,5183501.69430000,1.20891110,45.83747878
87085_2724_00003,rue Jean Vilar,3,,NW0222,1560874.72050000,5183525.58380000,1.20891687,45.83769387
87085_2724_00005,rue Jean Vilar,5,,NW0221,1560882.16530000,5183544.72160000,1.20900714,45.83786753
87085_2724_00009,rue Jean Vilar,9,,NW0210,1560900.01550000,5183569.69490000,1.20922964,45.83809579
87085_2741_00002,rue Jenner,2,,ON0365,1561964.77020000,5182020.63990000,1.22337746,45.82437582
87085_2741_00003,rue Jenner,3,,ON0363,1561968.45500000,5182012.68800000,1.22342716,45.82430503
87085_2741_00004,rue Jenner,4,,ON0366,1561942.64760000,5182014.62510000,1.22309455,45.82431728
87085_2741_00005,rue Jenner,5,,ON0362,1561958.66390000,5182009.77720000,1.22330201,45.82427688
87085_2741_00007,rue Jenner,7,,ON0361,1561949.20300000,5182007.15220000,1.22318104,45.82425137
87085_2741_00009,rue Jenner,9,,ON0360,1561938.81300000,5182004.56890000,1.22304810,45.82422604
87085_2741_00011,rue Jenner,11,,ON0359,1561929.12340000,5182001.83620000,1.22292421,45.82419952
87085_2742_00003,rue Joan Miró,3,,ND0068,1566903.00210000,5192531.87430000,1.28400213,45.91990406
87085_2742_00004,rue Joan Miró,4,,ND0039,1566877.88020000,5192539.14730000,1.28367631,45.91996461
87085_2742_00006,rue Joan Miró,6,,ND0040,1566890.66820000,5192527.88080000,1.28384426,45.91986574
87085_2742_00008,rue Joan Miró,8,,NE0082,1566918.51350000,5192505.07610000,1.28420949,45.91966600
87085_2742_00031,rue Joan Miró,31,,NC0009,1567508.16930000,5192342.72660000,1.29185434,45.91831960
87085_2742_00033,rue Joan Miró,33,,NC0082,1567520.53890000,5192410.82930000,1.29199494,45.91893461
87085_2742_00035,rue Joan Miró,35,,NC0084,1567562.73840000,5192396.74740000,1.29254273,45.91881608
87085_2742_00037,rue Joan Miró,37,,NC0066,1567546.28720000,5192333.56260000,1.29234816,45.91824452
87085_2742_00039,rue Joan Miró,39,,NC0067,1567559.14390000,5192330.22180000,1.29251478,45.91821695
87085_2750_00006,rue Joinville,6,,BS0078,1565029.75930000,5184706.41470000,1.26205948,45.84914423
87085_2750_00008,rue Joinville,8,,BS0079,1565024.23800000,5184709.01650000,1.26198767,45.84916655
87085_2750_00008_bis,rue Joinville,8,bis,BS0080,1565017.05930000,5184711.93440000,1.26189445,45.84919139
87085_2750_00010,rue Joinville,10,,BS0081,1565008.56530000,5184715.67730000,1.26178406,45.84922339
87085_2750_00012,rue Joinville,12,,BS0082,1564998.36730000,5184719.89370000,1.26165160,45.84925932
87085_2750_00014,rue Joinville,14,,BS0083,1564986.70620000,5184724.58600000,1.26150017,45.84929924
87085_2750_00015,rue Joinville,15,,BS0258,1564978.78490000,5184716.00100000,1.26140062,45.84922046
87085_2750_00017,rue Joinville,17,,BS0692,1564971.58890000,5184718.89170000,1.26130718,45.84924505
87085_2750_00018,rue Joinville,18,,BS0861,1564967.76190000,5184732.09290000,1.26125421,45.84936305
87085_2750_00019,rue Joinville,19,,BS0253,1564963.25830000,5184721.20470000,1.26119929,45.84926422
87085_2752_00002,rue Joseph Guillemot,2,,OD0005,1563524.27670000,5184820.65790000,1.24264798,45.84987471
87085_2752_00004,rue Joseph Guillemot,4,,OD0004,1563508.80350000,5184822.17460000,1.24244837,45.84988528
87085_2752_00010,rue Joseph Guillemot,10,,OD0001,1563449.29260000,5184828.78340000,1.24168044,45.84993291
87085_2761_00001,rue Joséphine Baker,1,,MY0150,1567809.26890000,5190869.68380000,1.29614127,45.90512676
87085_2761_00002,rue Joséphine Baker,2,,MY0088,1567805.97240000,5190848.71110000,1.29610458,45.90493746
87085_2761_00003,rue Joséphine Baker,3,,MY0148,1567813.16300000,5190889.53690000,1.29618598,45.90530610
87085_2761_00004,rue Joséphine Baker,4,,MY0125,1567816.09130000,5190859.51150000,1.29623199,45.90503657
87085_2761_00005,rue Joséphine Baker,5,,MY0154,1567817.46130000,5190901.43620000,1.29623808,45.90541397
87085_2761_00006,rue Joséphine Baker,6,,MY0124,1567819.98480000,5190877.87860000,1.29627709,45.90520254
87085_2761_00007,rue Joséphine Baker,7,,MY0144,1567818.09580000,5190914.11410000,1.29624276,45.90552813
87085_2761_00008,rue Joséphine Baker,8,,MY0123,1567823.79150000,5190898.23540000,1.29632053,45.90538639
87085_2761_00009,rue Joséphine Baker,9,,MY0142,1567820.26030000,5190925.12780000,1.29626762,45.90562763
87085_2761_00010,rue Joséphine Baker,10,,MY0122,1567827.93760000,5190919.58390000,1.29636807,45.90557923
87085_2761_00011,rue Joséphine Baker,11,,MY0140,1567823.02400000,5190939.54900000,1.29629925,45.90575788
87085_2761_00012,rue Joséphine Baker,12,,MY0121,1567831.31610000,5190936.46330000,1.29640695,45.90573172
87085_2761_00014,rue Joséphine Baker,14,,MY0120,1567836.41820000,5190963.60550000,1.29646522,45.90597686
87085_2761_00015,rue Joséphine Baker,15,,MY0138,1567825.18440000,5190951.46570000,1.29632381,45.90586550
87085_2761_00016,rue Joséphine Baker,16,,MY0119,1567840.30690000,5190982.80130000,1.29651003,45.90615029
87085_2761_00017,rue Joséphine Baker,17,,MY0136,1567827.33770000,5190962.51920000,1.29634851,45.90596535
87085_2761_00018,rue Joséphine Baker,18,,MY0118,1567844.29550000,5191003.73400000,1.29655566,45.90633936
87085_2761_00019,rue Joséphine Baker,19,,MY0134,1567829.42460000,5190973.11040000,1.29637248,45.90606102
87085_2761_00020,rue Joséphine Baker,20,,MY0117,1567848.09170000,5191023.51350000,1.29659912,45.90651802
87085_2761_00021,rue Joséphine Baker,21,,MY0132,1567831.68550000,5190984.73510000,1.29639841,45.90616603
87085_2761_00022,rue Joséphine Baker,22,,MY0116,1567851.82000000,5191043.37370000,1.29664169,45.90669739
87085_2761_00023,rue Joséphine Baker,23,,MY0131,1567833.40140000,5190993.30010000,1.29641816,45.90624340
87085_2761_00024,rue Joséphine Baker,24,,MY0115,1567847.70110000,5191058.36550000,1.29658448,45.90683146
87085_2761_00025,rue Joséphine Baker,25,,MY0130,1567835.32130000,5191003.75000000,1.29644002,45.90633778
87085_2761_00027,rue Joséphine Baker,27,,MY0129,1567837.12570000,5191012.66880000,1.29646081,45.90641835
87085_2761_00029,rue Joséphine Baker,29,,MY0128,1567839.37310000,5191024.02480000,1.29648664,45.90652094
87085_2761_00031,rue Joséphine Baker,31,,MY0126,1567840.29960000,5191053.56130000,1.29649043,45.90678682
87085_2761_00033,rue Joséphine Baker,33,,MY0127,1567822.85630000,5191055.74930000,1.29626506,45.90680314
87085_2753_00001,rue Joseph Le Brix,1,,ET0176,1566277.06860000,5181648.92580000,1.27896596,45.82188392
87085_2753_00002,rue Joseph Le Brix,2,,ET0148,1566265.28470000,5181652.79210000,1.27881327,45.82191641
87085_2753_00003,rue Joseph Le Brix,3,,ET0177,1566279.64030000,5181628.74710000,1.27900466,45.82170290
87085_2753_00004,rue Joseph Le Brix,4,,ET0104,1566265.95870000,5181641.00750000,1.27882522,45.82181053
87085_2753_00005,rue Joseph Le Brix,5,,ET0178,1566283.35650000,5181607.10840000,1.27905849,45.82150897
87085_2753_00006,rue Joseph Le Brix,6,,ET0103,1566268.15900000,5181627.55060000,1.27885727,45.82168990
87085_2753_00007,rue Joseph Le Brix,7,,ET0179,1566288.21050000,5181587.34480000,1.27912643,45.82133212
87085_2753_00008,rue Joseph Le Brix,8,,ET0102,1566270.67940000,5181613.20120000,1.27889369,45.82156131
87085_2753_00010,rue Joseph Le Brix,10,,ET0101,1566273.26230000,5181599.31840000,1.27893078,45.82143693
87085_2753_00012,rue Joseph Le Brix,12,,ET0100,1566276.27300000,5181588.73370000,1.27897246,45.82134230
87085_2753_00014,rue Joseph Le Brix,14,,ET0180,1566285.88230000,5181554.47600000,1.27910562,45.82103599
87085_2885_00002,rue Joseph-Louis Lagrange,2,,CX0032,1564716.79440000,5184079.90600001,1.25820727,45.84344692
87085_2885_00002_b,rue Joseph-Louis Lagrange,2,b,CX0032,1564710.84130000,5184080.54100000,1.25813000,45.84345100
87085_2885_00004,rue Joseph-Louis Lagrange,4,,CX0306,1564697.08570000,5184082.01970000,1.25795300,45.84346205
87085_2885_00005,rue Joseph-Louis Lagrange,5,,CX0026,1564685.41720000,5184073.50710000,1.25780521,45.84338318
87085_2885_00006,rue Joseph-Louis Lagrange,6,,CX0038,1564685.84040000,5184082.70880000,1.25780807,45.84346604
87085_2885_00006_bis,rue Joseph-Louis Lagrange,6,bis,CX0038,1564674.24090000,5184083.89310000,1.25765844,45.84347441
87085_2885_00007,rue Joseph-Louis Lagrange,7,,CX0025,1564672.57770000,5184074.70150000,1.25763962,45.84339140
87085_2885_00009,rue Joseph-Louis Lagrange,9,,CX0022,1564663.15440000,5184075.43550000,1.25751812,45.84339615
87085_2885_00010,rue Joseph-Louis Lagrange,10,,CX0270,1564661.94190000,5184085.29230000,1.25749974,45.84348457
87085_2885_00011,rue Joseph-Louis Lagrange,11,,CX0021,1564654.39890000,5184076.15460000,1.25740523,45.84340089
87085_2885_00012,rue Joseph-Louis Lagrange,12,,CX0042,1564640.49770000,5184087.16550000,1.25722320,45.84349720
87085_2885_00013,rue Joseph-Louis Lagrange,13,,CX0018,1564646.57460000,5184077.00220000,1.25730428,45.84340698
87085_2885_00014,rue Joseph-Louis Lagrange,14,,CX0043,1564626.58790000,5184088.50240000,1.25704379,45.84350649
87085_2885_00015,rue Joseph-Louis Lagrange,15,,CX0017,1564636.22360000,5184078.02640000,1.25717077,45.84341415
87085_2885_00016,rue Joseph-Louis Lagrange,16,,CX0045,1564618.40410000,5184089.19900000,1.25693826,45.84351115
87085_2885_00017,rue Joseph-Louis Lagrange,17,,CX0016,1564624.95260000,5184079.04090000,1.25702541,45.84342106
87085_2755_00002,rue Joseph Mazabraud,2,,HS0293,1564953.45580000,5181846.79350000,1.26188068,45.82340527
87085_2755_00003,rue Joseph Mazabraud,3,,HS0291,1564936.89340000,5181845.24990000,1.26166802,45.82338813
87085_2755_00004,rue Joseph Mazabraud,4,,HS0294,1564945.93510000,5181854.34120000,1.26178180,45.82347168
87085_2755_00005,rue Joseph Mazabraud,5,,HS0290,1564932.10770000,5181850.28700000,1.26160503,45.82343250
87085_2755_00006,rue Joseph Mazabraud,6,,HS0295,1564940.82630000,5181859.56240000,1.26171460,45.82351765
87085_2755_00007,rue Joseph Mazabraud,7,,HS0289,1564927.13860000,5181855.09710000,1.26153974,45.82347479
87085_2755_00008,rue Joseph Mazabraud,8,,HS0296,1564935.86700000,5181864.34390000,1.26164945,45.82355969
87085_2755_00009,rue Joseph Mazabraud,9,,HS0288,1564918.32300000,5181864.18240000,1.26142377,45.82355479
87085_2755_00010,rue Joseph Mazabraud,10,,HS0297,1564929.78020000,5181870.47720000,1.26156941,45.82361367
87085_2755_00012,rue Joseph Mazabraud,12,,HS0374,1564922.10200000,5181878.20990000,1.26146845,45.82368172
87085_2755_00014,rue Joseph Mazabraud,14,,HS0375,1564911.06160000,5181891.83100000,1.26132257,45.82380208
87085_2755_00016,rue Joseph Mazabraud,16,,HS0300,1564905.31900000,5181899.88150000,1.26124642,45.82387337
87085_2755_00017,rue Joseph Mazabraud,17,,HS0285,1564898.87140000,5181887.41780000,1.26116696,45.82375999
87085_2755_00018,rue Joseph Mazabraud,18,,HS0301,1564899.36890000,5181908.41920000,1.26116747,45.82394900
87085_2755_00019,rue Joseph Mazabraud,19,,HS0284,1564892.83180000,5181896.02050000,1.26108684,45.82383619
87085_2755_00020,rue Joseph Mazabraud,20,,HS0302,1564893.75670000,5181916.46080000,1.26109300,45.82402024
87085_2755_00021,rue Joseph Mazabraud,21,,HS0283,1564882.64340000,5181910.34100000,1.26095173,45.82396301
87085_2755_00023,rue Joseph Mazabraud,23,,HS0282,1564875.18850000,5181920.59390000,1.26085293,45.82405377
87085_2755_00024,rue Joseph Mazabraud,24,,HS0304,1564885.58550000,5181927.74720000,1.26098469,45.82412016
87085_2755_00025,rue Joseph Mazabraud,25,,HS0281,1564867.81220000,5181931.52160000,1.26075495,45.82415063
87085_2755_00026,rue Joseph Mazabraud,26,,HS0305,1564879.86400000,5181936.14030000,1.26090872,45.82419454
87085_2760_00006,rue Joseph Roux,6,,BT0220,1564631.78320000,5184880.83630000,1.25688744,45.85063501
87085_2760_00007,rue Joseph Roux,7,,BT0234,1564623.85880000,5184874.26680000,1.25678728,45.85057435
87085_2760_00008,rue Joseph Roux,8,,BT0222,1564629.65120000,5184896.01850000,1.25685571,45.85077116
87085_2760_00009,rue Joseph Roux,9,,BT0335,1564620.63400000,5184895.07160000,1.25673991,45.85076087
87085_2760_00010,rue Joseph Roux,10,,BT0223,1564627.96780000,5184908.05130000,1.25683065,45.85087907
87085_2760_00011,rue Joseph Roux,11,,BT0233,1564619.69760000,5184903.07790000,1.25672560,45.85083270
87085_2760_00012,rue Joseph Roux,12,,BT0385,1564625.83130000,5184924.80320000,1.25679843,45.85102934
87085_2760_00013,rue Joseph Roux,13,,BT0232,1564616.78210000,5184921.35410000,1.25668291,45.85099653
87085_2760_00015,rue Joseph Roux,15,,BT0231,1564615.19240000,5184934.90160000,1.25665863,45.85111809
87085_2760_00016,rue Joseph Roux,16,,BT0386,1564624.04770000,5184937.33130000,1.25677194,45.85114169
87085_2760_00018,rue Joseph Roux,18,,BT0228,1564621.52580000,5184953.59070000,1.25673490,45.85128745
87085_2760_00019,rue Joseph Roux,19,,BT0229,1564612.71690000,5184951.94050000,1.25662196,45.85127088
87085_2756_00003,rue Joseph Wresinski,3,,NH0380,1561330.71350000,5181518.16700000,1.21536426,45.81972829
87085_2756_00004,rue Joseph Wresinski,4,,NH0359,1561337.63830000,5181511.86880000,1.21545517,45.81967303
87085_2756_00005,rue Joseph Wresinski,5,,NH0379,1561336.87880000,5181532.46030000,1.21543946,45.81985811
87085_2756_00006,rue Joseph Wresinski,6,,NH0358,1561344.72210000,5181527.31690000,1.21554185,45.81981342
87085_2756_00007,rue Joseph Wresinski,7,,NH0329,1561358.89340000,5181547.02650000,1.21571849,45.81999358
87085_2756_00008,rue Joseph Wresinski,8,,NH0357,1561362.56470000,5181538.99230000,1.21576804,45.81992205
87085_2756_00009,rue Joseph Wresinski,9,,NH0330,1561374.09460000,5181559.34270000,1.21591051,45.82010743
87085_2756_00010,rue Joseph Wresinski,10,,NH0349,1561395.91810000,5181545.87230000,1.21619516,45.81999066
87085_2756_00012,rue Joseph Wresinski,12,,NH0364,1561408.29090000,5181524.43040000,1.21636052,45.81980027
87085_2756_00015,rue Joseph Wresinski,15,,NH0331,1561379.96130000,5181589.90900000,1.21597718,45.82038357
87085_2756_00017,rue Joseph Wresinski,17,,NH0332,1561383.80560000,5181577.09670000,1.21603033,45.82026910
87085_2756_00019,rue Joseph Wresinski,19,,NH0333,1561393.09270000,5181563.14860000,1.21615383,45.82014550
87085_2756_00021,rue Joseph Wresinski,21,,NH0349,1561404.87350000,5181542.69700000,1.21631129,45.81996390
87085_2756_00023,rue Joseph Wresinski,23,,NH0367,1561419.10590000,5181523.97590000,1.21649979,45.81979836
87085_0625_00001,rue Jules Bobillot,1,,CZ0058,1564547.79160000,5183421.28490000,1.25621765,45.83748897
87085_0625_00002,rue Jules Bobillot,2,,CZ0118,1564548.59810000,5183431.05500000,1.25622527,45.83757702
87085_0625_00004,rue Jules Bobillot,4,,CZ0117,1564533.97440000,5183437.85350000,1.25603516,45.83763529
87085_0625_00007,rue Jules Bobillot,7,,CZ0061,1564514.37810000,5183437.33260000,1.25578310,45.83762675
87085_0625_00008,rue Jules Bobillot,8,,CZ0115,1564512.27060000,5183448.23610000,1.25575291,45.83772441
87085_0625_00009,rue Jules Bobillot,9,,CZ0206,1564506.25930000,5183441.05870000,1.25567757,45.83765866
87085_0625_00028,rue Jules Bobillot,28,,CZ0088,1564361.89140000,5183530.93340000,1.25379423,45.83843868
87085_0625_00030,rue Jules Bobillot,30,,CZ0241,1564354.37220000,5183535.80030000,1.25369609,45.83848097
87085_0625_00032,rue Jules Bobillot,32,,CZ0090,1564344.83130000,5183542.20670000,1.25357149,45.83853672
87085_0625_00034,rue Jules Bobillot,34,,CZ0091,1564334.54270000,5183548.57540000,1.25343728,45.83859198
87085_0625_00036,rue Jules Bobillot,36,,CZ0258,1564324.78000000,5183554.73880000,1.25330989,45.83864550
87085_0625_00038,rue Jules Bobillot,38,,CZ0258,1564301.82700000,5183570.15890000,1.25301014,45.83877968
87085_0625_00039,rue Jules Bobillot,39,,CZ0081,1564402.28610000,5183494.91670000,1.25432427,45.83812265
87085_0625_00041,rue Jules Bobillot,41,,CZ0082,1564395.58590000,5183499.00300000,1.25423689,45.83815809
87085_0625_00043,rue Jules Bobillot,43,,CZ0086,1564388.32720000,5183503.36200000,1.25414224,45.83819587
87085_0625_00047,rue Jules Bobillot,47,,BN0019,1564350.25260000,5183528.24100000,1.25364520,45.83841216
87085_0625_00049,rue Jules Bobillot,49,,BN0010,1564342.48280000,5183532.94810000,1.25354388,45.83845297
87085_0625_00051,rue Jules Bobillot,51,,BN0052,1564334.40280000,5183538.31190000,1.25343838,45.83849963
87085_0625_00053,rue Jules Bobillot,53,,BN0023,1564314.75140000,5183546.82220000,1.25318306,45.83857231
87085_0625_00055,rue Jules Bobillot,55,,BN0023,1564302.94430000,5183547.07830000,1.25303103,45.83857228
87085_0625_00057,rue Jules Bobillot,57,,BN0050,1564287.82640000,5183541.20960000,1.25283812,45.83851650
87085_0625_00059,rue Jules Bobillot,59,,BN0049,1564283.39350000,5183534.66620000,1.25278292,45.83845677
87085_0625_00061,rue Jules Bobillot,61,,BN0051,1564275.00340000,5183521.80740000,1.25267857,45.83833944
87085_2775_00007,rue Jules Claretie,7,,AY0068,1562888.37050000,5182867.40480000,1.23501956,45.83217766
87085_2775_00009,rue Jules Claretie,9,,AY0067,1562891.36150000,5182880.32520000,1.23505436,45.83229448
87085_2775_00011,rue Jules Claretie,11,,AY0066,1562894.60590000,5182894.96290000,1.23509194,45.83242680
87085_2775_00012,rue Jules Claretie,12,,AZ0457,1562904.01460000,5182877.87310000,1.23521789,45.83227494
87085_2775_00013,rue Jules Claretie,13,,AY0218,1562896.76670000,5182905.14520000,1.23511684,45.83251883
87085_2775_00014,rue Jules Claretie,14,,AZ0459,1562905.76770000,5182884.68830000,1.23523850,45.83233660
87085_2775_00015,rue Jules Claretie,15,,AY0218,1562898.75860000,5182913.38830000,1.23514012,45.83259337
87085_2775_00016,rue Jules Claretie,16,,AZ0460,1562907.08180000,5182891.67710000,1.23525342,45.83239973
87085_2775_00018,rue Jules Claretie,18,,AZ0463,1562908.87040000,5182898.57210000,1.23527447,45.83246211
87085_2775_00025,rue Jules Claretie,25,,AY0064,1562910.46580000,5182964.21740000,1.23527628,45.83305294
87085_2775_00027,rue Jules Claretie,27,,AY0063,1562913.31960000,5182975.94340000,1.23530966,45.83315899
87085_2775_00029,rue Jules Claretie,29,,AY0062,1562915.58450000,5182987.78230000,1.23533543,45.83326594
87085_2775_00031,rue Jules Claretie,31,,AY0061,1562918.22940000,5182998.40250000,1.23536644,45.83336200
87085_2775_00033,rue Jules Claretie,33,,AY0060,1562920.46260000,5183008.01750000,1.23539243,45.83344894
87085_2775_00034,rue Jules Claretie,34,,AZ0506,1562931.04810000,5182992.71800000,1.23553302,45.83331342
87085_2775_00035,rue Jules Claretie,35,,AY0059,1562922.92740000,5183018.31480000,1.23542122,45.83354206
87085_2775_00036,rue Jules Claretie,36,,AZ0507,1562934.21990000,5183007.84110000,1.23556952,45.83345010
87085_2775_00037,rue Jules Claretie,37,,AY0058,1562924.73840000,5183026.68450000,1.23544214,45.83361771
87085_2775_00038,rue Jules Claretie,38,,AZ0508,1562937.28120000,5183019.66540000,1.23560555,45.83355707
87085_2775_00039,rue Jules Claretie,39,,AY0057,1562927.44620000,5183036.58110000,1.23547416,45.83370728
87085_2780_00005,rue Jules Ferry,5,,IW0235,1563195.35600000,5182357.09430000,1.23911517,45.82764827
87085_2780_00007,rue Jules Ferry,7,,IW0439,1563189.06780000,5182364.66510000,1.23903210,45.82771513
87085_2780_00009,rue Jules Ferry,9,,IW0229,1563184.86690000,5182370.34360000,1.23897643,45.82776537
87085_2780_00011,rue Jules Ferry,11,,IW0228,1563178.87780000,5182378.20350000,1.23889713,45.82783488
87085_2780_00015,rue Jules Ferry,15,,IW0225,1563157.03300000,5182407.04820000,1.23860784,45.82809001
87085_2780_00017,rue Jules Ferry,17,,IW0224,1563127.73160000,5182445.34080000,1.23821990,45.82842864
87085_2780_00019,rue Jules Ferry,19,,IW0223,1563121.47070000,5182453.45100000,1.23813703,45.82850035
87085_2780_00021,rue Jules Ferry,21,,IW0222,1563114.51880000,5182463.33720000,1.23804476,45.82858790
87085_2780_00022,rue Jules Ferry,22,,IM1194,1563144.73770000,5182440.97640000,1.23843997,45.82839277
87085_2780_00024,rue Jules Ferry,24,,IM1194,1563136.36530000,5182452.30340000,1.23832901,45.82849300
87085_2780_00026,rue Jules Ferry,26,,IM1194,1563125.01330000,5182467.15110000,1.23817872,45.82862430
87085_2780_00027,rue Jules Ferry,27,,IW0560,1563099.94980000,5182482.20840000,1.23785192,45.82875476
87085_2780_00029,rue Jules Ferry,29,,IW0219,1563093.64540000,5182490.52920000,1.23776843,45.82882835
87085_2780_00030_a,rue Jules Ferry,30,a,IM0705,1563130.55870000,5182508.18050000,1.23823839,45.82899448
87085_2780_00030_b,rue Jules Ferry,30,b,IM0705,1563141.98760000,5182504.48610000,1.23838651,45.82896353
87085_2780_00031,rue Jules Ferry,31,,IW0218,1563087.46380000,5182498.45460000,1.23768663,45.82889842
87085_2780_00032,rue Jules Ferry,32,,IM0705,1563110.33180000,5182487.86670000,1.23798390,45.82880773
87085_2780_00033,rue Jules Ferry,33,,IW0464,1563082.98820000,5182504.17370000,1.23762741,45.82894897
87085_2780_00034,rue Jules Ferry,34,,IM0704,1563094.39740000,5182507.37480000,1.23777331,45.82898004
87085_2780_00037,rue Jules Ferry,37,,IW0463,1563063.98540000,5182529.90500000,1.23737556,45.82917666
87085_2780_00038,rue Jules Ferry,38,,IM0002,1563080.86180000,5182525.36870000,1.23759402,45.82913921
87085_2780_00040,rue Jules Ferry,40,,IM0001,1563075.83140000,5182531.95990000,1.23752741,45.82919750
87085_2785_00001,rue Jules Guesde,1,,EH0145,1564990.59100000,5182528.40700000,1.26216710,45.82954408
87085_2785_00002,rue Jules Guesde,2,,EH0156,1564988.92980000,5182542.63540000,1.26214173,45.82967175
87085_2785_00003,rue Jules Guesde,3,,EH0146,1564969.86020000,5182524.02700000,1.26190157,45.82950061
87085_2785_00004,rue Jules Guesde,4,,EH0155,1564975.91980000,5182540.07140000,1.26197504,45.82964613
87085_2785_00005,rue Jules Guesde,5,,EH0147,1564946.88660000,5182519.53990000,1.26160721,45.82945573
87085_2785_00006,rue Jules Guesde,6,,EH0178,1564960.65480000,5182536.86020000,1.26177951,45.82961424
87085_2785_00007,rue Jules Guesde,7,,EH0207,1564929.43480000,5182515.63770000,1.26138374,45.82941720
87085_2785_00008,rue Jules Guesde,8,,EH0153,1564944.40150000,5182533.17830000,1.26157140,45.82957793
87085_2785_00009,rue Jules Guesde,9,,EH0207,1564912.70960000,5182512.39830000,1.26116943,45.82938478
87085_2785_00010,rue Jules Guesde,10,,EH0152,1564928.64030000,5182530.18110000,1.26136943,45.82954788
87085_2785_00012,rue Jules Guesde,12,,EH0150,1564921.42140000,5182528.89620000,1.26127690,45.82953490
87085_2785_00014,rue Jules Guesde,14,,EH0150,1564905.01580000,5182525.45270000,1.26106676,45.82950070
87085_2788_00013,rue Jules Ladoumègue,13,,PX0055,1561862.70890000,5183352.79590000,1.22168153,45.83633874
87085_2788_00038,rue Jules Ladoumègue,38,,OS0040,1561958.26540000,5183410.58230000,1.22289468,45.83687775
87085_2790_00002,rue Jules Michelet,2,,VA0008,1566534.16260000,5184334.95000000,1.28152802,45.84609637
87085_2790_00005,rue Jules Michelet,5,,CN0109,1566519.20710000,5184339.31820000,1.28133431,45.84613276
87085_2790_00007,rue Jules Michelet,7,,CN0791,1566515.17290000,5184342.85690000,1.28128140,45.84616381
87085_2790_00008,rue Jules Michelet,8,,VA0007,1566514.15060000,5184369.82590000,1.28126074,45.84640621
87085_2790_00010,rue Jules Michelet,10,,VA0160,1566505.70400000,5184384.57300000,1.28114792,45.84653723
87085_2790_00010_b,rue Jules Michelet,10,b,VA0161,1566502.50030000,5184390.73470000,1.28110497,45.84659204
87085_2790_00011,rue Jules Michelet,11,,CN0467,1566508.46310000,5184354.27309999,1.28119186,45.84626520
87085_2790_00012,rue Jules Michelet,12,,VA0005,1566496.41350000,5184400.81200000,1.28102383,45.84668151
87085_2790_00013,rue Jules Michelet,13,,CN0106,1566502.15540000,5184365.70670000,1.28110749,45.84636683
87085_2790_00015,rue Jules Michelet,15,,CN0822,1566496.76720000,5184374.87440000,1.28103559,45.84644825
87085_2790_00016,rue Jules Michelet,16,,VA0004,1566486.70040000,5184418.04220000,1.28089401,45.84683462
87085_2790_00017,rue Jules Michelet,17,,CN0821,1566489.41600000,5184388.05710000,1.28093730,45.84656541
87085_2790_00018,rue Jules Michelet,18,,VA0003,1566481.72940000,5184426.62630000,1.28082764,45.84691087
87085_2790_00019,rue Jules Michelet,19,,CN0104,1566485.38420000,5184395.02600000,1.28088347,45.84662732
87085_2790_00021,rue Jules Michelet,21,,CN0103,1566481.22070000,5184402.35820000,1.28082784,45.84669247
87085_2790_00022,rue Jules Michelet,22,,VA0002,1566471.28250000,5184445.13870000,1.28068802,45.84707537
87085_2790_00023,rue Jules Michelet,23,,CN0102,1566475.38070000,5184412.59450000,1.28074982,45.84678342
87085_2790_00025,rue Jules Michelet,25,,CN0101,1566467.87400000,5184425.09030000,1.28064972,45.84689437
87085_2790_00027,rue Jules Michelet,27,,CN0100,1566461.95130000,5184436.15610000,1.28057041,45.84699276
87085_2790_00031,rue Jules Michelet,31,,CN0099,1566448.26130000,5184459.75900000,1.28038763,45.84720242
87085_2793_00008,rue Jules Noël,8,,TD0012,1567030.38320000,5180668.72100000,1.28892921,45.81321235
87085_2793_00018,rue Jules Noël,18,,VB0075,1567080.52750000,5180823.53470000,1.28953150,45.81461469
87085_2793_00019,rue Jules Noël,19,,TC0267,1567059.27660000,5180805.95160000,1.28926298,45.81445242
87085_2793_00021,rue Jules Noël,21,,TC0269,1567066.48860000,5180829.03790000,1.28934938,45.81466149
87085_2793_00023,rue Jules Noël,23,,TC0268,1567073.85160000,5180849.07850000,1.28943856,45.81484319
87085_2793_00027,rue Jules Noël,27,,TC0074,1567086.56110000,5180874.78530000,1.28959496,45.81507689
87085_2793_00031,rue Jules Noël,31,,TC0077,1567124.25640000,5180923.49420000,1.29006644,45.81552235
87085_2795_00001,rue Jules Noriac,1,,DO0111,1564631.21900000,5183003.24870000,1.25740906,45.83374492
87085_2795_00004,rue Jules Noriac,4,,DV0052,1564645.77530000,5183001.24740000,1.25759694,45.83372978
87085_2795_00006,rue Jules Noriac,6,,DV0052,1564637.51590000,5183006.51580000,1.25748917,45.83377555
87085_2795_00006_bis,rue Jules Noriac,6,bis,DV0163,1564667.26730000,5183037.53270000,1.25786330,45.83406042
87085_2795_00008,rue Jules Noriac,8,,DV0165,1564633.49540000,5183013.68910000,1.25743541,45.83383928
87085_2795_00008_a,rue Jules Noriac,8,a,DV0158,1564693.16120000,5183080.78100000,1.25818436,45.83445456
87085_2795_00008_b,rue Jules Noriac,8,b,DV0158,1564710.55330000,5183093.31610000,1.25840465,45.83457074
87085_2795_00008_c,rue Jules Noriac,8,c,DV0158,1564727.60560000,5183105.45230000,1.25862068,45.83468327
87085_2795_00010,rue Jules Noriac,10,,DV0182,1564670.32510000,5183050.00680000,1.25789914,45.83417323
87085_2795_00010_bis,rue Jules Noriac,10,bis,DV0182,1564674.53480000,5183063.84990000,1.25794942,45.83429859
87085_2795_00011,rue Jules Noriac,11,,DO0110,1564616.78680000,5183026.91170000,1.25721667,45.83395494
87085_2795_00013,rue Jules Noriac,13,,DO0196,1564608.79500000,5183039.95350000,1.25711015,45.83407069
87085_2795_00019,rue Jules Noriac,19,,DO0087,1564596.72240000,5183062.92470000,1.25694832,45.83427495
87085_2795_00021,rue Jules Noriac,21,,DO0086,1564598.79220000,5183075.44890000,1.25697143,45.83438802
87085_2795_00022,rue Jules Noriac,22,,DV0183,1564606.57900000,5183081.19260000,1.25707002,45.83444122
87085_2795_00027,rue Jules Noriac,27,,DO0083,1564602.73650000,5183103.34080000,1.25701433,45.83463970
87085_2795_00028,rue Jules Noriac,28,,DV0046,1564611.20470000,5183109.53960000,1.25712156,45.83469713
87085_2795_00031,rue Jules Noriac,31,,DO0082,1564605.70680000,5183122.52950000,1.25704715,45.83481290
87085_2795_00032,rue Jules Noriac,32,,DV0128,1564614.93980000,5183133.06740000,1.25716300,45.83490951
87085_2795_00033,rue Jules Noriac,33,,DO0130,1564607.22370000,5183133.51040000,1.25706358,45.83491198
87085_2795_00034,rue Jules Noriac,34,,DV0128,1564616.66990000,5183144.18880000,1.25718213,45.83500989
87085_2795_00035,rue Jules Noriac,35,,DO0080,1564608.93740000,5183143.85000000,1.25708272,45.83500532
87085_2795_00039,rue Jules Noriac,39,,DO0065,1564612.37070000,5183166.61980000,1.25712049,45.83521083
87085_2795_00040,rue Jules Noriac,40,,None,1564621.19040000,5183174.16310000,1.25723187,45.83528042
87085_2795_00041,rue Jules Noriac,41,,DO0065,1564614.37030000,5183179.56880000,1.25714258,45.83532770
87085_2795_00043,rue Jules Noriac,43,,DO0064,1564615.69890000,5183188.53720000,1.25715715,45.83540864
87085_2795_00044,rue Jules Noriac,44,,DV0001,1564625.08710000,5183198.62400000,1.25727513,45.83550123
87085_2795_00046,rue Jules Noriac,46,,DV0001,1564628.33830000,5183220.44600000,1.25731082,45.83569817
87085_2795_00047,rue Jules Noriac,47,,DO0132,1564617.80660000,5183201.79300000,1.25718054,45.83552830
87085_2795_00048,rue Jules Noriac,48,,DV0001,1564632.17490000,5183244.88310000,1.25735331,45.83591875
87085_2795_00049,rue Jules Noriac,49,,DO0055,1564619.94410000,5183216.26270000,1.25720397,45.83565888
87085_2795_00050,rue Jules Noriac,50,,DV0001,1564637.81110000,5183278.98490000,1.25741624,45.83622662
87085_2795_00051,rue Jules Noriac,51,,DO0055,1564622.42390000,5183232.70340000,1.25723125,45.83580727
87085_2795_00055,rue Jules Noriac,55,,DO0054,1564624.17780000,5183243.53820000,1.25725077,45.83590508
87085_2795_00057,rue Jules Noriac,57,,DO0053,1564625.81290000,5183254.42410000,1.25726875,45.83600332
87085_2795_00059,rue Jules Noriac,59,,DO0052,1564626.91410000,5183263.73250000,1.25728030,45.83608728
87085_2795_00061,rue Jules Noriac,61,,DO0052,1564628.72820000,5183274.22910000,1.25730069,45.83618206
87085_2797_00001,rue Jules Renard,1,,OH0015,1563030.52190000,5184598.79960000,1.23635538,45.84778079
87085_2797_00004,rue Jules Renard,4,,OR0073,1563004.73630000,5184632.86970000,1.23601376,45.84808213
87085_2797_00005,rue Jules Renard,5,,OH0013,1562972.84680000,5184624.58720000,1.23560564,45.84800127
87085_2797_00006,rue Jules Renard,6,,OR0074,1562991.91830000,5184640.28680000,1.23584665,45.84814630
87085_2797_00007,rue Jules Renard,7,,OH0011,1562960.69370000,5184616.28510000,1.23545157,45.84792417
87085_2797_00008,rue Jules Renard,8,,OR0075,1562979.06150000,5184642.03720000,1.23568066,45.84815948
87085_2797_00009,rue Jules Renard,9,,OH0009,1562950.57800000,5184609.22580000,1.23532337,45.84785865
87085_2797_00010,rue Jules Renard,10,,OR0076,1562967.39370000,5184638.70720000,1.23553142,45.84812720
87085_2797_00011,rue Jules Renard,11,,OH0007,1562937.83930000,5184600.69550000,1.23516183,45.84777937
87085_2797_00012,rue Jules Renard,12,,OR0077,1562959.01820000,5184633.10820000,1.23542520,45.84807516
87085_2797_00013,rue Jules Renard,13,,OH0005,1562927.38060000,5184593.56860000,1.23502924,45.84771318
87085_2797_00014,rue Jules Renard,14,,OR0078,1562948.72400000,5184626.04570000,1.23529471,45.84800958
87085_2797_00015,rue Jules Renard,15,,OH0003,1562917.21600000,5184585.77130000,1.23490063,45.84764101
87085_2797_00016,rue Jules Renard,16,,OR0079,1562938.87940000,5184619.13980000,1.23516996,45.84794550
87085_2797_00018,rue Jules Renard,18,,OR0080,1562929.33100000,5184612.65350000,1.23504890,45.84788525
87085_2797_00020,rue Jules Renard,20,,OR0081,1562919.22020000,5184605.65180000,1.23492076,45.84782025
87085_2797_00022,rue Jules Renard,22,,OR0082,1562908.47660000,5184598.16640000,1.23478460,45.84775077
87085_2800_00002,rue Jules Sandeau,2,,EV0211,1565778.32280000,5181795.70070000,1.27250807,45.82310711
87085_2800_00003,rue Jules Sandeau,3,,EV0192,1565796.33810000,5181806.43650000,1.27273687,45.82320720
87085_2800_00004,rue Jules Sandeau,4,,EV0212,1565787.96320000,5181798.74300000,1.27263126,45.82313636
87085_2800_00006,rue Jules Sandeau,6,,EV0210,1565795.25910000,5181799.53620000,1.27272491,45.82314492
87085_2800_00007,rue Jules Sandeau,7,,EV0350,1565808.58000000,5181812.34530000,1.27289273,45.82326274
87085_2800_00008,rue Jules Sandeau,8,,EV0465,1565810.31240000,5181803.24350000,1.27291756,45.82318120
87085_2800_00009,rue Jules Sandeau,9,,EV0195,1565824.20690000,5181815.46960000,1.27309292,45.82329390
87085_2800_00010,rue Jules Sandeau,10,,EV0469,1565814.80360000,5181804.98230000,1.27297486,45.82319772
87085_2800_00011,rue Jules Sandeau,11,,EV0196,1565837.46860000,5181819.47150000,1.27326243,45.82333248
87085_2800_00012,rue Jules Sandeau,12,,EV0199,1565821.70580000,5181807.41500000,1.27306299,45.82322095
87085_2800_00014,rue Jules Sandeau,14,,EV0198,1565827.92900000,5181809.54740000,1.27314246,45.82324135
87085_2800_00015,rue Jules Sandeau,15,,EV0481,1565848.65350000,5181821.00100000,1.27340592,45.82334842
87085_2800_00016,rue Jules Sandeau,16,,EV0460,1565839.61850000,5181809.92030000,1.27329276,45.82324698
87085_2800_00017,rue Jules Sandeau,17,,EV0262,1565851.16440000,5181813.74990000,1.27344025,45.82328369
87085_2800_00018,rue Jules Sandeau,18,,EV0266,1565851.06480000,5181793.72470000,1.27344455,45.82310353
87085_2800_00019,rue Jules Sandeau,19,,EV0262,1565854.03050000,5181806.69320000,1.27347909,45.82322076
87085_2800_00020,rue Jules Sandeau,20,,EV0266,1565854.75560000,5181782.88930000,1.27349506,45.82300677
87085_2800_00021,rue Jules Sandeau,21,,EV0262,1565856.36130000,5181799.66650000,1.27351104,45.82315801
87085_2800_00023,rue Jules Sandeau,23,,EV0182,1565859.98000000,5181790.16430000,1.27356025,45.82307324
87085_2800_00024,rue Jules Sandeau,24,,EV0202,1565865.13990000,5181751.99160000,1.27363729,45.82273086
87085_2800_00025,rue Jules Sandeau,25,,EV0423,1565863.16100000,5181780.86820000,1.27360377,45.82299023
87085_2800_00029,rue Jules Sandeau,29,,EV0180,1565871.26150000,5181762.43340000,1.27371314,45.82282598
87085_2800_00031,rue Jules Sandeau,31,,EV0179,1565874.46200000,5181753.65220000,1.27375677,45.82274761
87085_2800_00033,rue Jules Sandeau,33,,EV0178,1565877.71770000,5181742.98210000,1.27380163,45.82265226
87085_2800_00037,rue Jules Sandeau,37,,EV0177,1565885.07980000,5181720.10020000,1.27390273,45.82244786
87085_2802_00001,rue Jules Supervielle,1,,PR0096,1559891.21060000,5184455.12280000,1.19598859,45.84585578
87085_2802_00002,rue Jules Supervielle,2,,PR0096,1559903.64400000,5184439.62640000,1.19615314,45.84571892
87085_2802_00003,rue Jules Supervielle,3,,PR0096,1559899.29240000,5184452.52510000,1.19609337,45.84583406
87085_2802_00004,rue Jules Supervielle,4,,PR0096,1559929.92300000,5184420.37120000,1.19649700,45.84555106
87085_2802_00005,rue Jules Supervielle,5,,PR0096,1559905.65640000,5184450.44760000,1.19617589,45.84581667
87085_2802_00006,rue Jules Supervielle,6,,PR0096,1559924.48120000,5184398.84180000,1.19643323,45.84535629
87085_2802_00007,rue Jules Supervielle,7,,PR0096,1559911.91920000,5184448.37090000,1.19625710,45.84579926
87085_2802_00008,rue Jules Supervielle,8,,PR0096,1559925.83980000,5184391.53820000,1.19645285,45.84529087
87085_2802_00009,rue Jules Supervielle,9,,PR0096,1559918.68590000,5184445.98640000,1.19634490,45.84577919
87085_2802_00010,rue Jules Supervielle,10,,PR0096,1560042.96460000,5184421.27560000,1.19795173,45.84558222
87085_2802_00011,rue Jules Supervielle,11,,PR0096,1559926.15990000,5184443.39350000,1.19644185,45.84575739
87085_2802_00012,rue Jules Supervielle,12,,PR0096,1560046.46480000,5184428.23580000,1.19799476,45.84564554
87085_2802_00014,rue Jules Supervielle,14,,PR0096,1560049.04700000,5184434.39320000,1.19802620,45.84570145
87085_2802_00015,rue Jules Supervielle,15,,PR0096,1559961.42810000,5184383.65260000,1.19691321,45.84522718
87085_2802_00016,rue Jules Supervielle,16,,PR0096,1560051.12020000,5184440.25090000,1.19805118,45.84575457
87085_2802_00017,rue Jules Supervielle,17,,PR0096,1559968.22620000,5184385.11660000,1.19700029,45.84524174
87085_2802_00018,rue Jules Supervielle,18,,PR0096,1560052.91360000,5184449.04810000,1.19807170,45.84583407
87085_2802_00019,rue Jules Supervielle,19,,PR0096,1559973.09820000,5184386.39380000,1.19706262,45.84525422
87085_2802_00020,rue Jules Supervielle,20,,PR0096,1560054.38250000,5184455.31580000,1.19808878,45.84589075
87085_2802_00021,rue Jules Supervielle,21,,PR0096,1559978.57800000,5184387.66590000,1.19713278,45.84526678
87085_2802_00022,rue Jules Supervielle,22,,PR0096,1560055.34590000,5184461.68900000,1.19809933,45.84594827
87085_2802_00023,rue Jules Supervielle,23,,PR0096,1559984.87040000,5184389.23530000,1.19721332,45.84528217
87085_2802_00024,rue Jules Supervielle,24,,PR0096,1560056.71680000,5184468.36260000,1.19811503,45.84600859
87085_2802_00025,rue Jules Supervielle,25,,PR0096,1559994.00600000,5184391.69310000,1.19733019,45.84530614
87085_2802_00026,rue Jules Supervielle,26,,PR0096,1560057.98980000,5184475.44230000,1.19812935,45.84607253
87085_2802_00027,rue Jules Supervielle,27,,PR0096,1559999.28570000,5184393.27080000,1.19739769,45.84532141
87085_2802_00028,rue Jules Supervielle,28,,PR0096,1560060.91280000,5184486.15470000,1.19816385,45.84616949
87085_2802_00029,rue Jules Supervielle,29,,PR0096,1560004.36360000,5184394.95130000,1.19746256,45.84533756
87085_2802_00030,rue Jules Supervielle,30,,PR0096,1560062.27800000,5184492.11940000,1.19817969,45.84622342
87085_2802_00031,rue Jules Supervielle,31,,PR0096,1560009.04050000,5184397.14160000,1.19752211,45.84535822
87085_2802_00032,rue Jules Supervielle,32,,PR0096,1560064.15540000,5184498.78900000,1.19820191,45.84628380
87085_2802_00033,rue Jules Supervielle,33,,PR0096,1560013.92490000,5184399.93790000,1.19758417,45.84538437
87085_2802_00034,rue Jules Supervielle,34,,PR0096,1560065.93460000,5184505.86450000,1.19822275,45.84634781
87085_2802_00035,rue Jules Supervielle,35,,PR0096,1560025.45990000,5184410.98550000,1.19772942,45.84548609
87085_2802_00037,rue Jules Supervielle,37,,PR0096,1560028.53280000,5184415.21450000,1.19776774,45.84552476
87085_2802_00039,rue Jules Supervielle,39,,PR0096,1560031.40320000,5184419.44510000,1.19780345,45.84556340
87085_2802_00041,rue Jules Supervielle,41,,PR0096,1560034.47690000,5184423.77540000,1.19784176,45.84560298
87085_2802_00043,rue Jules Supervielle,43,,PR0096,1560038.07920000,5184430.83620000,1.19788607,45.84566723
87085_2802_00045,rue Jules Supervielle,45,,PR0096,1560042.21760000,5184441.53870000,1.19793622,45.84576434
87085_2802_00047,rue Jules Supervielle,47,,PR0096,1560043.88580000,5184447.39960000,1.19795598,45.84581740
87085_2802_00049,rue Jules Supervielle,49,,PR0096,1560044.94140000,5184452.65790000,1.19796804,45.84586492
87085_2802_00051,rue Jules Supervielle,51,,PR0096,1560045.79450000,5184457.91780000,1.19797748,45.84591241
87085_2802_00053,rue Jules Supervielle,53,,PR0096,1560046.74710000,5184462.97430000,1.19798827,45.84595809
87085_2802_00055,rue Jules Supervielle,55,,PR0096,1560050.04960000,5184483.00190000,1.19802495,45.84613891
87085_2802_00057,rue Jules Supervielle,57,,PR0096,1560051.01710000,5184489.88140000,1.19803540,45.84620100
87085_2802_00059,rue Jules Supervielle,59,,PR0096,1560052.88950000,5184495.94330000,1.19805773,45.84625591
87085_2802_00061,rue Jules Supervielle,61,,PR0096,1560055.07970000,5184503.72450000,1.19808366,45.84632635
87085_2805_00007,rue Jules Vallès,7,,IV0370,1563078.51000000,5182029.28420000,1.23770502,45.82467619
87085_2805_00010,rue Jules Vallès,10,,IV0028,1563089.74640000,5182023.93680000,1.23785111,45.82463033
87085_2805_00012,rue Jules Vallès,12,,IV0028,1563085.56590000,5182039.01400000,1.23779303,45.82476512
87085_2805_00013,rue Jules Vallès,13,,IV0472,1563052.72380000,5182057.20060000,1.23736528,45.82492218
87085_2805_00014,rue Jules Vallès,14,,IV0667,1563078.71290000,5182055.13830000,1.23770027,45.82490880
87085_2805_00015,rue Jules Vallès,15,,IV0472,1563036.58770000,5182046.09990000,1.23716083,45.82481911
87085_2805_00018,rue Jules Vallès,18,,IV0474,1563061.57280000,5182080.79760000,1.23747242,45.82513621
87085_2805_00019,rue Jules Vallès,19,,IV0668,1563023.99350000,5182110.84700000,1.23698034,45.82539904
87085_2805_00023,rue Jules Vallès,23,,IV0475,1563008.09610000,5182131.90840000,1.23676979,45.82558533
87085_2805_00025,rue Jules Vallès,25,,IV0443,1563000.37360000,5182142.63710000,1.23666737,45.82568030
87085_2805_00027,rue Jules Vallès,27,,IV0050,1562990.68670000,5182153.82150000,1.23653954,45.82577898
87085_2805_00029,rue Jules Vallès,29,,IV0052,1562989.05660000,5182156.55580000,1.23651779,45.82580326
87085_2805_00031,rue Jules Vallès,31,,IV0052,1562987.52010000,5182159.56930000,1.23649716,45.82583006
87085_5170_00001,rue Jules Védrines,1,,BP0561,1563971.72350000,5184894.48250000,1.24838684,45.85062748
87085_5170_00002,rue Jules Védrines,2,,BP0233,1564008.78410000,5184917.19090000,1.24885748,45.85083909
87085_5170_00003,rue Jules Védrines,3,,BP0204,1563965.12060000,5184900.21300000,1.24830022,45.85067772
87085_5170_00004,rue Jules Védrines,4,,BP0232,1564001.33120000,5184916.77160000,1.24876166,45.85083384
87085_5170_00005,rue Jules Védrines,5,,BP0205,1563960.85060000,5184904.28480000,1.24824410,45.85071351
87085_5170_00006,rue Jules Védrines,6,,BP0231,1563990.25910000,5184916.42160000,1.24861923,45.85082850
87085_5170_00008,rue Jules Védrines,8,,BP0230,1563977.28240000,5184915.76490000,1.24845237,45.85082003
87085_5170_00012,rue Jules Védrines,12,,BP0229,1563956.73440000,5184915.21860000,1.24818801,45.85081105
87085_5170_00013,rue Jules Védrines,13,,BP0207,1563879.95850000,5184902.23650000,1.24720338,45.85067907
87085_5170_00014,rue Jules Védrines,14,,BP0228,1563946.42310000,5184914.71370000,1.24805542,45.85080446
87085_5170_00015,rue Jules Védrines,15,,BP0208,1563865.62790000,5184902.04640000,1.24701896,45.85067452
87085_5170_00017,rue Jules Védrines,17,,BP0209,1563854.25890000,5184902.07550000,1.24687260,45.85067253
87085_5170_00019,rue Jules Védrines,19,,BP0210,1563839.41200000,5184901.78730000,1.24668156,45.85066700
87085_5170_00021,rue Jules Védrines,21,,BP0211,1563826.49010000,5184901.45240000,1.24651532,45.85066143
87085_5170_00023,rue Jules Védrines,23,,BP0212,1563814.10560000,5184901.38180000,1.24635592,45.85065834
87085_5170_00025,rue Jules Védrines,25,,BP0213,1563804.75700000,5184901.19000000,1.24623563,45.85065476
87085_5170_00027,rue Jules Védrines,27,,BP0214,1563793.02850000,5184901.28540000,1.24608462,45.85065330
87085_5170_00029,rue Jules Védrines,29,,BP0215,1563780.54690000,5184900.97790000,1.24592404,45.85064806
87085_5170_00030,rue Jules Védrines,30,,BP0226,1563817.71740000,5184912.52670000,1.24639925,45.85075931
87085_5170_00031,rue Jules Védrines,31,,BP0216,1563768.10340000,5184900.71510000,1.24576393,45.85064323
87085_5170_00033,rue Jules Védrines,33,,BP0217,1563755.02010000,5184900.49450000,1.24559558,45.85063865
87085_5170_00035,rue Jules Védrines,35,,BP0218,1563742.60770000,5184900.41840000,1.24543582,45.85063551
87085_5170_00036,rue Jules Védrines,36,,BP0223,1563784.29210000,5184911.77320000,1.24596919,45.85074591
87085_5170_00037,rue Jules Védrines,37,,BP0416,1563732.82600000,5184898.36040000,1.24531049,45.85061505
87085_5170_00038,rue Jules Védrines,38,,BP0222,1563772.19070000,5184911.50160000,1.24581349,45.85074107
87085_5170_00039,rue Jules Védrines,39,,BP0468,1563719.98170000,5184897.72490000,1.24514533,45.85060679
87085_5170_00040,rue Jules Védrines,40,,BP0221,1563761.01100000,5184911.28880000,1.24566964,45.85073694
87085_5170_00042,rue Jules Védrines,42,,BP0220,1563748.78940000,5184911.15650000,1.24551235,45.85073333
87085_5170_00044,rue Jules Védrines,44,,BP0162,1563738.96970000,5184911.11290000,1.24538596,45.85073099
87085_2810_00003,rue Jules Verne,3,,IV0147,1563139.94720000,5181862.47390000,1.23854298,45.82318787
87085_2810_00005_bis,rue Jules Verne,5,bis,IV0342,1563130.34840000,5181846.46730000,1.23842404,45.82304197
87085_2810_00006,rue Jules Verne,6,,IV0404,1563121.72930000,5181853.19330000,1.23831123,45.82310076
87085_2810_00007,rue Jules Verne,7,,IV0690,1563124.99190000,5181837.63110000,1.23835763,45.82296142
87085_2810_00008,rue Jules Verne,8,,IV0131,1563116.78280000,5181844.58910000,1.23825003,45.82302238
87085_2810_00009,rue Jules Verne,9,,IV0505,1563119.41140000,5181828.30720000,1.23828849,45.82287644
87085_2810_00010,rue Jules Verne,10,,IV0134,1563111.34490000,5181835.74060000,1.23818258,45.82294170
87085_2810_00011,rue Jules Verne,11,,IV0506,1563113.35730000,5181817.95580000,1.23821354,45.82278211
87085_2810_00012,rue Jules Verne,12,,IV0135,1563106.27280000,5181827.29700000,1.23811973,45.82286473
87085_2810_00013,rue Jules Verne,13,,IV0343,1563107.62070000,5181808.16170000,1.23814252,45.82269287
87085_2810_00014,rue Jules Verne,14,,IV0136,1563102.49270000,5181821.09950000,1.23807286,45.82280823
87085_2810_00015,rue Jules Verne,15,,IV0139,1563099.93740000,5181795.17510000,1.23804736,45.82257452
87085_2875_00001,rue Julien Laferrière,1,,EW0263,1565623.28810000,5181664.04420000,1.27055012,45.82189251
87085_2875_00006,rue Julien Laferrière,6,,EW0103,1565617.03120000,5181598.18190000,1.27048802,45.82129881
87085_2875_00007,rue Julien Laferrière,7,,EW0266,1565627.22830000,5181624.44650000,1.27061188,45.82153707
87085_2875_00008,rue Julien Laferrière,8,,EW0104,1565618.34720000,5181584.03220000,1.27050891,45.82117178
87085_2875_00009,rue Julien Laferrière,9,,EW0267,1565628.15660000,5181615.63960000,1.27062628,45.82145803
87085_2875_00010,rue Julien Laferrière,10,,EW0105,1565619.61020000,5181572.43410000,1.27052840,45.82106770
87085_2875_00011,rue Julien Laferrière,11,,EW0268,1565629.32760000,5181603.79250000,1.27064466,45.82135169
87085_2875_00012,rue Julien Laferrière,12,,EW0106,1565621.06200000,5181560.46360000,1.27055042,45.82096030
87085_2875_00013,rue Julien Laferrière,13,,EW0117,1565630.75140000,5181589.39350000,1.27066700,45.82122244
87085_2875_00014,rue Julien Laferrière,14,,EW0107,1565621.97140000,5181549.74700000,1.27056512,45.82086407
87085_2875_00015,rue Julien Laferrière,15,,EW0116,1565632.21570000,5181575.63170000,1.27068969,45.82109893
87085_2875_00016,rue Julien Laferrière,16,,EW0089,1565628.14140000,5181486.72160000,1.27066211,45.82029833
87085_2875_00017,rue Julien Laferrière,17,,EW0115,1565633.27900000,5181563.54400000,1.27070674,45.82099040
87085_2875_00019,rue Julien Laferrière,19,,EW0114,1565634.09900000,5181553.72800000,1.27072004,45.82090226
87085_2875_00020,rue Julien Laferrière,20,,EW0516,1565654.75680000,5181429.65900000,1.27102047,45.81979021
87085_2875_00021,rue Julien Laferrière,21,,EW0113,1565635.23320000,5181542.77960000,1.27073769,45.82080399
87085_2875_00023,rue Julien Laferrière,23,,EW0112,1565636.72390000,5181528.13460000,1.27076096,45.82067254
87085_2875_00025,rue Julien Laferrière,25,,EW0111,1565638.22380000,5181513.59830000,1.27078432,45.82054207
87085_2875_00027,rue Julien Laferrière,27,,EW0110,1565639.24210000,5181501.51090000,1.27080080,45.82043353
87085_2875_00029,rue Julien Laferrière,29,,EW0109,1565640.44960000,5181491.00050000,1.27081927,45.82033922
87085_2875_00031,rue Julien Laferrière,31,,EW0346,1565641.72460000,5181479.11160000,1.27083899,45.82023252
87085_2815_00002,rue Justin Ninard,2,,CS0059,1566091.13400000,5183760.80160000,1.27598547,45.84084541
87085_2815_00003,rue Justin Ninard,3,,CS0099,1566093.90270000,5183776.39550000,1.27601676,45.84098622
87085_2815_00004,rue Justin Ninard,4,,CS0060,1566099.93690000,5183765.48230000,1.27609746,45.84088923
87085_2815_00005,rue Justin Ninard,5,,CS0098,1566100.37000000,5183779.80190000,1.27609905,45.84101812
87085_2815_00006,rue Justin Ninard,6,,CS0061,1566105.97660000,5183768.61370000,1.27617432,45.84091857
87085_2815_00007,rue Justin Ninard,7,,CS0097,1566107.84060000,5183783.62720000,1.27619413,45.84105399
87085_2815_00008,rue Justin Ninard,8,,CS0062,1566115.60270000,5183773.73770000,1.27629679,45.84096654
87085_2815_00009,rue Justin Ninard,9,,CS0096,1566115.92810000,5183787.93010000,1.27629702,45.84109427
87085_2815_00010,rue Justin Ninard,10,,CS0063,1566122.93910000,5183777.59860000,1.27639014,45.84100270
87085_2815_00011,rue Justin Ninard,11,,CS0095,1566124.04360000,5183792.18810000,1.27640029,45.84113415
87085_2815_00012,rue Justin Ninard,12,,CS0064,1566131.74590000,5183782.28120000,1.27650218,45.84104654
87085_2815_00013,rue Justin Ninard,13,,CS0094,1566131.38400000,5183795.92940000,1.27649372,45.84116924
87085_2815_00014,rue Justin Ninard,14,,CS0065,1566138.42700000,5183785.66960000,1.27658723,45.84107832
87085_2815_00015,rue Justin Ninard,15,,CS0093,1566137.30370000,5183799.15190000,1.27656901,45.84119938
87085_2815_00016,rue Justin Ninard,16,,CS0066,1566146.62380000,5183790.01760000,1.27669151,45.84111903
87085_2815_00017,rue Justin Ninard,17,,CS0092,1566145.95490000,5183803.67230000,1.27667910,45.84124173
87085_2815_00018,rue Justin Ninard,18,,CS0067,1566152.79180000,5183793.26310000,1.27677000,45.84114942
87085_2815_00019,rue Justin Ninard,19,,CS0091,1566145.27270000,5183822.34430000,1.27666512,45.84140956
87085_2815_00020,rue Justin Ninard,20,,CS0068,1566158.80860000,5183796.47170000,1.27684654,45.84117946
87085_2815_00022,rue Justin Ninard,22,,CS0069,1566165.06400000,5183799.73210000,1.27692614,45.84121000
87085_2815_00023,rue Justin Ninard,23,,CS0090,1566126.00690000,5183841.18200000,1.27641191,45.84157527
87085_2815_00024,rue Justin Ninard,24,,CS0264,1566193.14980000,5183819.77680000,1.27728204,45.84139578
87085_2815_00024_bis,rue Justin Ninard,24,bis,CS0264,1566159.96280000,5183821.24070000,1.27685450,45.84140249
87085_2815_00025,rue Justin Ninard,25,,CS0089,1566118.53990000,5183837.43300000,1.27631685,45.84154009
87085_2815_00026,rue Justin Ninard,26,,CS0071,1566151.38870000,5183838.44520000,1.27673935,45.84155559
87085_2815_00027,rue Justin Ninard,27,,CS0088,1566110.79420000,5183833.58740000,1.27621823,45.84150399
87085_2815_00028,rue Justin Ninard,28,,CS0072,1566148.84230000,5183843.65850000,1.27670513,45.84160199
87085_2815_00028_bis,rue Justin Ninard,28,bis,CS0264,1566143.54650000,5183854.19790000,1.27663403,45.84169577
87085_2815_00028_qua,rue Justin Ninard,28,qua,CS0074,1566135.07440000,5183858.92900000,1.27652367,45.84173668
87085_2815_00028_ter,rue Justin Ninard,28,ter,CS0264,1566168.34060000,5183871.51760000,1.27694833,45.84185640
87085_2815_00029,rue Justin Ninard,29,,CS0087,1566102.17490000,5183829.31680000,1.27610848,45.84146389
87085_2815_00030,rue Justin Ninard,30,,CS0075,1566125.54720000,5183854.59660000,1.27640226,45.84169585
87085_2815_00031,rue Justin Ninard,31,,CS0086,1566093.95030000,5183825.32330000,1.27600374,45.84142637
87085_2815_00032,rue Justin Ninard,32,,CS0076,1566119.03830000,5183851.38610000,1.27631938,45.84166570
87085_2815_00033,rue Justin Ninard,33,,CS0085,1566087.61390000,5183822.07180000,1.27592309,45.84139588
87085_2815_00034,rue Justin Ninard,34,,CS0077,1566111.58980000,5183847.68800000,1.27622454,45.84163099
87085_2815_00036,rue Justin Ninard,36,,CS0078,1566105.17120000,5183844.50450000,1.27614281,45.84160110
87085_2815_00038,rue Justin Ninard,38,,CS0079,1566099.58490000,5183841.83710000,1.27607166,45.84157602
87085_2815_00042,rue Justin Ninard,42,,CS0080,1566088.08910000,5183836.21810000,1.27592526,45.84152323
87085_2820_00001,rue Kléber,1,,CV1354,1565497.40820000,5183935.85980000,1.26829493,45.84230428
87085_2820_00002,rue Kléber,2,,CV1350,1565499.66480000,5183957.06950000,1.26831804,45.84249551
87085_2820_00003,rue Kléber,3,,CV1356,1565487.29830000,5183952.21130000,1.26816023,45.84244939
87085_2820_00003_bis,rue Kléber,3,bis,CV1358,1565481.58770000,5183961.31050000,1.26808419,45.84253013
87085_2820_00004,rue Kléber,4,,CV1348,1565487.40580000,5183977.11330000,1.26815465,45.84267342
87085_2820_00005,rue Kléber,5,,CV1360,1565477.20920000,5183968.63230000,1.26802578,45.84259514
87085_2820_00006,rue Kléber,6,,CV1346,1565482.60320000,5183985.05400000,1.26809061,45.84274391
87085_2820_00007,rue Kléber,7,,CV1362,1565472.42900000,5183976.10920000,1.26796216,45.84266146
87085_2820_00008,rue Kléber,8,,CV1344,1565478.29850000,5183992.86030000,1.26803302,45.84281329
87085_2820_00009,rue Kléber,9,,CV1364,1565468.24970000,5183983.06160000,1.26790643,45.84272318
87085_2820_00009_bis,rue Kléber,9,bis,CV1366,1565465.92390000,5183992.29010000,1.26787391,45.84280574
87085_2820_00011,rue Kléber,11,,CV1368,1565466.27840000,5184003.57370000,1.26787531,45.84290732
87085_2820_00013,rue Kléber,13,,CV1370,1565466.63240000,5184016.18310000,1.26787634,45.84302081
87085_2820_00014,rue Kléber,14,,CV1615,1565479.76950000,5184033.02570000,1.26804071,45.84317489
87085_2820_00015,rue Kléber,15,,CV1082,1565466.93490000,5184028.65210000,1.26787674,45.84313304
87085_2820_00017,rue Kléber,17,,CV1372,1565467.30860000,5184038.51520000,1.26787879,45.84322184
87085_2820_00019,rue Kléber,19,,CV1251,1565467.67270000,5184045.27600001,1.26788158,45.84328273
87085_2820_00021,rue Kléber,21,,CV1251,1565467.72950000,5184052.25700000,1.26788036,45.84334553
87085_2830_00002,rue Kruger,2,,BS0862,1564951.38570000,5184681.76720000,1.26105755,45.84890712
87085_2830_00003,rue Kruger,3,,BS0234,1564943.92310000,5184689.94630000,1.26095919,45.84897923
87085_2830_00005,rue Kruger,5,,BS0237,1564947.16570000,5184700.97820000,1.26099783,45.84907911
87085_2830_00007,rue Kruger,7,,BS0238,1564948.86760000,5184708.48710000,1.26101763,45.84914699
87085_2830_00009,rue Kruger,9,,BS0239,1564950.88720000,5184716.72900000,1.26104131,45.84922153
87085_2830_00011,rue Kruger,11,,BS0252,1564953.21860000,5184729.09740000,1.26106784,45.84933324
87085_2830_00013,rue Kruger,13,,BS0251,1564954.35140000,5184740.88080000,1.26107911,45.84943947
87085_2830_00015,rue Kruger,15,,BS0250,1564955.42200000,5184750.97730000,1.26109005,45.84953050
87085_2830_00019,rue Kruger,19,,BS0847,1564956.56320000,5184766.32380000,1.26110043,45.84966877
87085_2830_00020,rue Kruger,20,,BS0786,1564967.80460000,5184773.63260000,1.26124308,45.84973673
87085_2830_00021,rue Kruger,21,,BS0118,1564958.27430000,5184788.48620000,1.26111623,45.84986847
87085_2830_00022,rue Kruger,22,,BS0672,1564987.45580000,5184784.57020000,1.26149297,45.84983898
87085_2830_00023,rue Kruger,23,,BS0117,1564958.87030000,5184796.49660000,1.26112160,45.84994060
87085_2830_00024,rue Kruger,24,,BS0804,1564969.82580000,5184794.79720000,1.26126315,45.84992751
87085_2830_00025,rue Kruger,25,,BS0117,1564959.00260000,5184798.41480000,1.26112281,45.84995793
87085_2830_00026,rue Kruger,26,,BS0869,1564970.44170000,5184802.42170000,1.26126893,45.84999622
87085_2830_00027,rue Kruger,27,,BS0117,1564959.86390000,5184811.77340000,1.26113014,45.85007827
87085_2830_00028,rue Kruger,28,,BS0871,1564971.11090000,5184808.49130001,1.26127584,45.85005095
87085_2830_00029,rue Kruger,29,,BS0116,1564960.55210000,5184823.86020000,1.26113560,45.85018713
87085_2830_00030,rue Kruger,30,,BS0865,1564971.64630000,5184815.02059999,1.26128090,45.85010979
87085_2830_00031,rue Kruger,31,,BS0115,1564962.16960000,5184836.82430000,1.26115278,45.85030407
87085_2830_00032,rue Kruger,32,,BS0089,1564970.03670000,5184821.16370000,1.26125845,45.85016474
87085_2830_00033,rue Kruger,33,,BS0114,1564963.06600000,5184849.49930000,1.26116076,45.85041826
87085_2830_00035,rue Kruger,35,,BS0113,1564963.73510000,5184859.22680000,1.26116664,45.85050590
87085_2830_00036,rue Kruger,36,,BS0091,1564971.18580000,5184833.83350000,1.26126968,45.85027894
87085_2830_00037,rue Kruger,37,,BS0651,1564964.22110000,5184867.65780000,1.26117052,45.85058184
87085_2830_00038,rue Kruger,38,,BS0092,1564972.09800000,5184843.17540000,1.26127880,45.85036315
87085_2830_00042,rue Kruger,42,,BS0878,1564973.54260000,5184865.40210000,1.26129115,45.85056338
87085_2830_00043,rue Kruger,43,,BS0112,1564966.15140000,5184886.29900000,1.26119013,45.85074990
87085_2830_00045,rue Kruger,45,,BS0111,1564967.37380000,5184900.93100000,1.26120176,45.85088177
87085_2830_00047,rue Kruger,47,,BS0109,1564968.07320000,5184912.54670000,1.26120749,45.85098639
87085_2830_00048,rue Kruger,48,,BS0107,1564975.96640000,5184897.32620000,1.26131338,45.85085103
87085_2830_00053,rue Kruger,53,,BS0109,1564969.30630000,5184925.41380000,1.26121975,45.85110238
87085_2830_00056,rue Kruger,56,,BS0740,1564980.06380000,5184944.00740000,1.26135300,45.85127176
87085_2855_00005,rue La Bruyère,5,,BP0336,1564197.34280000,5184755.46820000,1.25133046,45.84942157
87085_2855_00007,rue La Bruyère,7,,BP0335,1564194.83770000,5184765.10260000,1.25129549,45.84950775
87085_2855_00008,rue La Bruyère,8,,BP0484,1564205.77650000,5184770.12460000,1.25143488,45.84955508
87085_2855_00009,rue La Bruyère,9,,BP0334,1564192.35920000,5184774.92200000,1.25126081,45.84959559
87085_2855_00010,rue La Bruyère,10,,BP0484,1564201.46540000,5184784.63330000,1.25137528,45.84968474
87085_2855_00011,rue La Bruyère,11,,BP0332,1564187.06190000,5184795.18420000,1.25118689,45.84977681
87085_2855_00012,rue La Bruyère,12,,BP0578,1564198.03600000,5184796.11630000,1.25132789,45.84978736
87085_2855_00013,rue La Bruyère,13,,BP0309,1564181.20640000,5184805.56940000,1.25110858,45.84986907
87085_2855_00016,rue La Bruyère,16,,BP0440,1564185.77710000,5184812.61780000,1.25116542,45.84993338
87085_2870_00001,rue La Fayette,1,,CV0211,1565408.72030000,5184433.29970000,1.26701412,45.84676169
87085_2870_00002,rue La Fayette,2,,BS0497,1565407.33950000,5184447.57850000,1.26699235,45.84688987
87085_2870_00003,rue La Fayette,3,,CV0210,1565395.42560000,5184438.31770000,1.26684159,45.84680423
87085_2870_00004,rue La Fayette,4,,BS0498,1565394.67180000,5184452.44590000,1.26682793,45.84693117
87085_2870_00005,rue La Fayette,5,,CV0209,1565384.37060000,5184442.30240000,1.26669817,45.84683791
87085_2870_00006,rue La Fayette,6,,BS0499,1565383.58250000,5184456.82840000,1.26668396,45.84696843
87085_2870_00007,rue La Fayette,7,,CV0208,1565374.85540000,5184445.92930000,1.26657468,45.84686867
87085_2870_00008,rue La Fayette,8,,BS0500,1565372.32510000,5184460.83610000,1.26653793,45.84700227
87085_2870_00009,rue La Fayette,9,,CV0207,1565366.45470000,5184449.29380000,1.26646560,45.84689729
87085_2870_00010,rue La Fayette,10,,BS0501,1565363.15390000,5184464.31580000,1.26641891,45.84703178
87085_2870_00011,rue La Fayette,11,,CV0206,1565355.90170000,5184453.26500000,1.26632865,45.84693095
87085_2870_00012,rue La Fayette,12,,BS0503,1565353.95790000,5184467.88310000,1.26629954,45.84706207
87085_2870_00013,rue La Fayette,13,,CV1773,1565345.03660000,5184457.60330000,1.26618758,45.84696785
87085_2870_00014,rue La Fayette,14,,BS0504,1565345.55340000,5184470.94660000,1.26619050,45.84708798
87085_2870_00015,rue La Fayette,15,,CV0204,1565334.70880000,5184461.47700000,1.26605356,45.84700067
87085_2870_00016,rue La Fayette,16,,BS0505,1565337.40300000,5184473.98380000,1.26608473,45.84711371
87085_2870_00017,rue La Fayette,17,,CV0203,1565324.48630000,5184465.29170000,1.26592091,45.84703298
87085_2870_00018,rue La Fayette,18,,BS0506,1565329.35680000,5184477.07550000,1.26598030,45.84713994
87085_2870_00019,rue La Fayette,19,,CV0202,1565314.60660000,5184468.94190000,1.26579271,45.84706389
87085_2870_00020,rue La Fayette,20,,BS0507,1565322.50590000,5184479.63840000,1.26589139,45.84716165
87085_2870_00021,rue La Fayette,21,,CV0201,1565306.96170000,5184472.08940000,1.26569343,45.84709070
87085_2870_00022,rue La Fayette,22,,BS0508,1565315.32620000,5184482.46050000,1.26579819,45.84718563
87085_2870_00023,rue La Fayette,23,,CV0200,1565298.69010000,5184475.29850000,1.26558605,45.84711795
87085_2870_00024,rue La Fayette,24,,BS0509,1565301.79030000,5184487.46580000,1.26562255,45.84722801
87085_2870_00027,rue La Fayette,27,,CV0199,1565266.40440000,5184487.45440000,1.26516707,45.84722097
87085_2870_00032,rue La Fayette,32,,BS0513,1565239.06330000,5184511.17510000,1.26480848,45.84742899
87085_2870_00033,rue La Fayette,33,,BS0638,1565222.67960000,5184503.71270000,1.26459968,45.84735865
87085_2870_00034,rue La Fayette,34,,BS0514,1565227.83290000,5184515.43400000,1.26466273,45.84746510
87085_2870_00035,rue La Fayette,35,,BS0636,1565214.84450000,5184506.71620000,1.26449799,45.84738414
87085_2870_00036,rue La Fayette,36,,BS0520,1565216.27900000,5184519.77770000,1.26451279,45.84750191
87085_2870_00038,rue La Fayette,38,,BS0521,1565202.65700000,5184524.96710000,1.26433599,45.84754593
87085_2870_00039,rue La Fayette,39,,BS0634,1565193.49420000,5184515.09820000,1.26422081,45.84745535
87085_2870_00039_bis,rue La Fayette,39,bis,BS0631,1565171.96720000,5184522.85600000,1.26394154,45.84752092
87085_2870_00040,rue La Fayette,40,,BS0524,1565193.86630000,5184528.39140000,1.26422187,45.84757501
87085_2870_00041,rue La Fayette,41,,BS0630,1565161.59760000,5184526.80050000,1.26380696,45.84755437
87085_2870_00042,rue La Fayette,42,,BS0525,1565182.32410000,5184532.72810000,1.26407209,45.84761175
87085_2870_00043,rue La Fayette,43,,BS0629,1565154.30160000,5184529.86010000,1.26371218,45.84758046
87085_2870_00044,rue La Fayette,44,,BS0529,1565171.56880000,5184536.90530000,1.26393247,45.84764722
87085_2870_00045,rue La Fayette,45,,BS0625,1565147.32040000,5184532.44980000,1.26362160,45.84760238
87085_2870_00046,rue La Fayette,46,,BS0530,1565160.66890000,5184540.90100000,1.26379105,45.84768103
87085_2870_00047,rue La Fayette,47,,BS0624,1565139.80400000,5184535.28080000,1.26352405,45.84762638
87085_2870_00048,rue La Fayette,48,,BS0532,1565152.03680000,5184544.26110000,1.26367899,45.84770956
87085_2870_00049,rue La Fayette,49,,BS0838,1565132.61410000,5184538.26650000,1.26343066,45.84765182
87085_2870_00050,rue La Fayette,50,,BS0533,1565142.93760000,5184547.72650000,1.26356089,45.84773895
87085_2870_00051,rue La Fayette,51,,BS0621,1565122.90230000,5184541.87320000,1.26330464,45.84768236
87085_2870_00052,rue La Fayette,52,,BS0536,1565129.77400000,5184552.59430000,1.26339008,45.84778015
87085_2870_00054,rue La Fayette,54,,BS0537,1565118.04360000,5184557.03890000,1.26323784,45.84781784
87085_2870_00056,rue La Fayette,56,,BS0539,1565106.58950000,5184561.42070000,1.26308917,45.84785500
87085_2870_00058,rue La Fayette,58,,BS0540,1565097.00600000,5184565.05950000,1.26296479,45.84788586
87085_2870_00060,rue La Fayette,60,,BS0541,1565087.66170000,5184568.86430000,1.26284344,45.84791825
87085_2880_00002,rue La Fontaine,2,,BO0352,1564050.47330000,5184221.98300000,1.24959084,45.84459355
87085_2880_00002_b,rue La Fontaine,2,b,BO0409,1564050.14880000,5184228.01960000,1.24958495,45.84464779
87085_2880_00004,rue La Fontaine,4,,BO0351,1564050.78580000,5184237.74930000,1.24959040,45.84473544
87085_2880_00005,rue La Fontaine,5,,BO0246,1564038.09120000,5184248.51180000,1.24942396,45.84482975
87085_2880_00006,rue La Fontaine,6,,BO0350,1564051.18820000,5184247.87540000,1.24959271,45.84482661
87085_2880_00007,rue La Fontaine,7,,BO0247,1564038.52660000,5184258.77760000,1.24942666,45.84492218
87085_2880_00008,rue La Fontaine,8,,BO0349,1564050.88510000,5184255.91730000,1.24958654,45.84489889
87085_2880_00009,rue La Fontaine,9,,BO0248,1564038.22310000,5184266.75950000,1.24942049,45.84499392
87085_2880_00010,rue La Fontaine,10,,BO0348,1564051.58880000,5184265.98710000,1.24959275,45.84498962
87085_2880_00011,rue La Fontaine,11,,BO0473,1564038.85940000,5184277.59120000,1.24942562,45.84509148
87085_2880_00012,rue La Fontaine,12,,BO0347,1564051.54990000,5184274.82990000,1.24958974,45.84506915
87085_2880_00013,rue La Fontaine,13,,BO0474,1564038.73200000,5184285.12920000,1.24942184,45.84515927
87085_2880_00014,rue La Fontaine,14,,BO0346,1564051.62640000,5184284.22870000,1.24958807,45.84515372
87085_2880_00015,rue La Fontaine,15,,BO0250,1564038.88010000,5184300.17690000,1.24941949,45.84529466
87085_2880_00016,rue La Fontaine,16,,BO0345,1564051.88500000,5184293.38160000,1.24958881,45.84523610
87085_2880_00017,rue La Fontaine,17,,BO0251,1564039.16530000,5184310.65390000,1.24942020,45.84538896
87085_2880_00018,rue La Fontaine,18,,BO0344,1564051.94250000,5184300.44480000,1.24958755,45.84529965
87085_2880_00019,rue La Fontaine,19,,BO0252,1564039.25410000,5184321.57240000,1.24941825,45.84548720
87085_2880_00020,rue La Fontaine,20,,BO0343,1564051.97250000,5184307.93870000,1.24958582,45.84536707
87085_2880_00021,rue La Fontaine,21,,BO0253,1564039.34930000,5184333.27080000,1.24941617,45.84559245
87085_2880_00022,rue La Fontaine,22,,BO0342,1564052.33650000,5184317.47390000,1.24958780,45.84545292
87085_2880_00023,rue La Fontaine,23,,BO0698,1564039.64670000,5184344.56510000,1.24941680,45.84569411
87085_2880_00023_bis,rue La Fontaine,23,bis,BO0571,1564039.74890000,5184354.16010000,1.24991000,45.84580600
87085_2880_00025,rue La Fontaine,25,,BO0572,1564039.85470000,5184360.51010000,1.24941500,45.84583800
87085_2880_00027,rue La Fontaine,27,,BO0465,1564039.90340000,5184369.27140000,1.24941311,45.84591641
87085_2880_00029,rue La Fontaine,29,,BO0256,1564040.53800000,5184379.32550000,1.24941844,45.84600697
87085_2880_00030,rue La Fontaine,30,,BO0356,1564052.76520000,5184347.24950000,1.24958490,45.84572085
87085_2880_00031,rue La Fontaine,31,,BO0257,1564040.26800000,5184387.71950000,1.24941259,45.84608243
87085_2880_00032,rue La Fontaine,32,,BO0356,1564052.94800000,5184369.72190000,1.24958089,45.84592304
87085_2880_00034,rue La Fontaine,34,,BO0356,1564053.53110000,5184387.23350000,1.24958344,45.84608068
87085_2880_00036,rue La Fontaine,36,,BO0356,1564053.77450000,5184403.61010000,1.24958194,45.84622804
87085_2880_00038,rue La Fontaine,38,,BO0356,1564054.40400000,5184422.14900000,1.24958480,45.84639494
87085_2880_00041,rue La Fontaine,41,,BO0261,1564040.94660000,5184422.88990000,1.24941137,45.84639894
87085_2880_00043,rue La Fontaine,43,,BO0500,1564041.36500000,5184440.24280000,1.24941185,45.84655512
87085_2880_00044,rue La Fontaine,44,,BO0340,1564054.34510000,5184429.17960000,1.24958205,45.84645817
87085_2880_00045,rue La Fontaine,45,,BO0263,1564041.73660000,5184463.26830000,1.24941011,45.84676232
87085_2880_00047,rue La Fontaine,47,,BO0683,1564042.05140000,5184473.70500000,1.24941121,45.84685627
87085_2880_00048,rue La Fontaine,48,,BO0434,1564055.02990000,5184454.06010000,1.24958383,45.84668212
87085_2880_00048_a,rue La Fontaine,48,a,BO0339,1564070.19500000,5184445.99030000,1.24978131,45.84661252
87085_2880_00048_b,rue La Fontaine,48,b,BO0335,1564071.28980000,5184472.02830000,1.24978804,45.84684697
87085_2880_00048_c,rue La Fontaine,48,c,BO0331,1564096.19210000,5184494.12010000,1.25010233,45.84705062
87085_2880_00054,rue La Fontaine,54,,BO0471,1564055.47120000,5184486.99660000,1.24958019,45.84697849
87085_2880_00056,rue La Fontaine,56,,BO0471,1564055.26980000,5184494.19770000,1.24957556,45.84704322
87085_2880_00058,rue La Fontaine,58,,BO0329,1564055.14440000,5184501.44100000,1.24957190,45.84710836
87085_2880_00060,rue La Fontaine,60,,BO0328,1564055.47720000,5184510.11900000,1.24957372,45.84718649
87085_2880_00061,rue La Fontaine,61,,BO0498,1564043.20180000,5184545.76300000,1.24940563,45.84750470
87085_2880_00062,rue La Fontaine,62,,BO0327,1564055.89240000,5184516.13120000,1.24957737,45.84724065
87085_2880_00063,rue La Fontaine,63,,BO0497,1564043.44510000,5184554.39030000,1.24940632,45.84758235
87085_2880_00064,rue La Fontaine,64,,BO0326,1564055.95570000,5184523.91010000,1.24957598,45.84731064
87085_2880_00065,rue La Fontaine,65,,BO0267,1564043.53010000,5184564.83880000,1.24940446,45.84767636
87085_2880_00066,rue La Fontaine,66,,BO0325,1564056.37180000,5184529.75620000,1.24957968,45.84736331
87085_2880_00067,rue La Fontaine,67,,BO0268,1564043.61540000,5184575.32740000,1.24940259,45.84777073
87085_2880_00068,rue La Fontaine,68,,BO0324,1564056.42400000,5184536.17530000,1.24957854,45.84742106
87085_2880_00070,rue La Fontaine,70,,BO0323,1564056.37990000,5184543.81650000,1.24957581,45.84748979
87085_2880_00072,rue La Fontaine,72,,BO0322,1564056.45440000,5184550.90420000,1.24957476,45.84755356
87085_2880_00074,rue La Fontaine,74,,BO0321,1564056.51290000,5184558.10320000,1.24957348,45.84761834
87085_2890_00002,rue Lakanal,2,,BE0176,1564201.16850000,5184028.78560000,1.25158508,45.84288542
87085_2890_00004,rue Lakanal,4,,BE0174,1564191.01440000,5184019.10240000,1.25145712,45.84279630
87085_2890_00006,rue Lakanal,6,,BE0173,1564185.76980000,5184013.80020000,1.25139112,45.84274757
87085_2890_00008,rue Lakanal,8,,BE0172,1564179.52120000,5184008.20750000,1.25131227,45.84269603
87085_2890_00010,rue Lakanal,10,,BE0171,1564174.02720000,5184002.79760000,1.25124309,45.84264628
87085_2890_00012,rue Lakanal,12,,BE0170,1564167.65860000,5183997.02450000,1.25116275,45.84259309
87085_2890_00014,rue Lakanal,14,,BE0517,1564155.23710000,5183989.50030000,1.25100500,45.84252295
87085_2890_00020,rue Lakanal,20,,BE0516,1564121.40800000,5183986.13140000,1.25057055,45.84248596
87085_2890_00021,rue Lakanal,21,,BE0555,1564086.79770000,5183971.23270000,1.25012930,45.84234510
87085_2905_00002,rue Lamartine,2,,DT0242,1565107.30100000,5183452.10960000,1.26340971,45.83787624
87085_2905_00005,rue Lamartine,5,,DT0223,1565095.70660000,5183442.41390000,1.26326322,45.83778675
87085_2905_00006,rue Lamartine,6,,DT0244,1565085.02140000,5183454.23180000,1.26312238,45.83789096
87085_2905_00007,rue Lamartine,7,,DT0224,1565090.55960000,5183442.74320000,1.26319688,45.83778870
87085_2905_00009,rue Lamartine,9,,DT0225,1565082.05700000,5183443.57600000,1.26308722,45.83779452
87085_2905_00011,rue Lamartine,11,,DT0334,1565071.65640000,5183444.81070000,1.26295302,45.83780359
87085_2905_00013,rue Lamartine,13,,DT0335,1565063.42630000,5183445.58510000,1.26284689,45.83780894
87085_2905_00014,rue Lamartine,14,,DT0353,1565046.36930000,5183458.06530000,1.26262386,45.83791786
87085_2905_00015,rue Lamartine,15,,DT0335,1565057.34620000,5183446.25080000,1.26276845,45.83781373
87085_2905_00016,rue Lamartine,16,,DT0354,1565040.49540000,5183458.76040000,1.26254807,45.83792296
87085_2905_00017,rue Lamartine,17,,DT0227,1565048.27070000,5183447.11460000,1.26265141,45.83781972
87085_2905_00018,rue Lamartine,18,,DT0240,1565030.66830000,5183459.72400000,1.26242133,45.83792970
87085_2905_00019,rue Lamartine,19,,DT0228,1565040.21090000,5183448.10010000,1.26254740,45.83782701
87085_2905_00020,rue Lamartine,20,,DT0239,1565022.35730000,5183460.58080000,1.26231413,45.83793577
87085_2905_00021,rue Lamartine,21,,DT0229,1565033.28440000,5183448.66640000,1.26245810,45.83783074
87085_2905_00022,rue Lamartine,22,,DT0238,1565015.19780000,5183461.30360000,1.26222178,45.83794087
87085_2905_00023,rue Lamartine,23,,DT0230,1565027.28300000,5183449.25540000,1.26238070,45.83783486
87085_2905_00024,rue Lamartine,24,,DT0237,1565006.62810000,5183462.11690000,1.26211126,45.83794650
87085_2905_00025,rue Lamartine,25,,DT0230,1565019.40370000,5183450.18570000,1.26227903,45.83784168
87085_2905_00027,rue Lamartine,27,,DT0231,1565014.32860000,5183450.54440000,1.26221362,45.83784391
87085_2905_00028,rue Lamartine,28,,DT0254,1564987.70620000,5183464.05700000,1.26186720,45.83796024
87085_2905_00029,rue Lamartine,29,,DT0232,1565006.38710000,5183451.31640000,1.26211120,45.83784930
87085_2905_00030,rue Lamartine,30,,DT0255,1564981.08230000,5183464.60640000,1.26178180,45.83796388
87085_2905_00031,rue Lamartine,31,,DT0233,1564993.78500000,5183452.74020000,1.26194861,45.83785963
87085_2905_00032,rue Lamartine,32,,DT0256,1564974.85060000,5183465.32520000,1.26170139,45.83796913
87085_2925_00001,rue Lansecot,1,,DY0087,1564653.71690000,5182515.95870000,1.25783576,45.82936589
87085_2925_00002,rue Lansecot,2,,DY0086,1564641.07710000,5182517.72040000,1.25767262,45.82937925
87085_2925_00003,rue Lansecot,3,,DY0088,1564646.42140000,5182512.08810000,1.25774298,45.82932963
87085_2925_00004,rue Lansecot,4,,DY0085,1564636.08560000,5182513.43430000,1.25760960,45.82933971
87085_2925_00005,rue Lansecot,5,,DY0092,1564642.12670000,5182510.07620000,1.25768828,45.82931069
87085_2925_00006,rue Lansecot,6,,DY0084,1564631.85380000,5182511.21740000,1.25755577,45.82931893
87085_2925_00006_bis,rue Lansecot,6,bis,DY0084,1564628.35910000,5182509.50540000,1.25751128,45.82930285
87085_2925_00007,rue Lansecot,7,,DY0093,1564637.40760000,5182508.30580000,1.25762805,45.82929384
87085_2925_00009,rue Lansecot,9,,DY0094,1564632.58780000,5182506.44520000,1.25756656,45.82927615
87085_2925_00010,rue Lansecot,10,,DY0083,1564623.46390000,5182506.86600000,1.25744903,45.82927814
87085_2925_00011,rue Lansecot,11,,DY0095,1564626.21300000,5182501.67430000,1.25748587,45.82923198
87085_2925_00012,rue Lansecot,12,,DY0082,1564619.34680000,5182504.62230000,1.25739669,45.82925715
87085_2925_00013,rue Lansecot,13,,DY0099,1564620.35770000,5182494.06520000,1.25741267,45.82916238
87085_2925_00014,rue Lansecot,14,,DY0081,1564615.42280000,5182502.11690000,1.25734690,45.82923384
87085_2925_00015,rue Lansecot,15,,DY0100,1564616.37080000,5182494.22320000,1.25736132,45.82916301
87085_2925_00017,rue Lansecot,17,,DY0101,1564611.64630000,5182493.21140000,1.25730081,45.82915298
87085_2925_00018,rue Lansecot,18,,DY0079,1564602.69940000,5182500.16870000,1.25718373,45.82921381
87085_2925_00019,rue Lansecot,19,,DY0102,1564605.93430000,5182491.83250000,1.25722770,45.82913945
87085_2925_00021,rue Lansecot,21,,DY0103,1564600.17130000,5182490.17950000,1.25715401,45.82912345
87085_2928_00001,rue la Pérouse,1,,NV0082,1559913.63290000,5183632.58760000,1.19651696,45.83846130
87085_2928_00002,rue la Pérouse,2,,NV0085,1559924.09520000,5183641.77300000,1.19664893,45.83854606
87085_2928_00003,rue la Pérouse,3,,NV0096,1559895.36870000,5183656.36460000,1.19627498,45.83867146
87085_2928_00004,rue la Pérouse,4,,NV0093,1559994.41340000,5183666.83390000,1.19754661,45.83878581
87085_2928_00005,rue la Pérouse,5,,NV0079,1559895.73240000,5183674.73830000,1.19627430,45.83883682
87085_2928_00006,rue la Pérouse,6,,NV0092,1560013.67640000,5183666.49940000,1.19779461,45.83878672
87085_2928_00007,rue la Pérouse,7,,NV0078,1559907.34520000,5183680.19090000,1.19642217,45.83888823
87085_2928_00009,rue la Pérouse,9,,NV0077,1559923.55510000,5183679.79660000,1.19663090,45.83888799
87085_2928_00011,rue la Pérouse,11,,NV0076,1559939.94220000,5183679.33550000,1.19684193,45.83888718
87085_2928_00013,rue la Pérouse,13,,NV0075,1559958.57930000,5183678.65580000,1.19708198,45.83888486
87085_2928_00015,rue la Pérouse,15,,NV0074,1559978.22710000,5183678.07850000,1.19733502,45.83888367
87085_2928_00017,rue la Pérouse,17,,NV0073,1559994.29950000,5183677.65220000,1.19754199,45.83888310
87085_2928_00019,rue la Pérouse,19,,NV0072,1560012.01060000,5183677.00070000,1.19777012,45.83888085
87085_2930_00006,rue Laplace,6,,SV0145,1566760.00120000,5184944.78060000,1.28426600,45.85162600
87085_2930_00010,rue Laplace,10,,SV0133,1566736.57230000,5184957.08380000,1.28396083,45.85173212
87085_2930_00011,rue Laplace,11,,SV0054,1566701.27580000,5184956.39300000,1.28350665,45.85171906
87085_2930_00012,rue Laplace,12,,SV0055,1566712.57740000,5184956.08940000,1.28365222,45.85171852
87085_2930_00016,rue Laplace,16,,SV0132,1566667.67760000,5185009.93220000,1.28305928,45.85219416
87085_2930_00018,rue Laplace,18,,SV0140,1566652.95120000,5185031.04400000,1.28286384,45.85238122
87085_2930_00020,rue Laplace,20,,SV0140,1566645.75450000,5185041.41570000,1.28276832,45.85247312
87085_2930_00021,rue Laplace,21,,SV0049,1566651.50170000,5185019.85640000,1.28284829,45.85228030
87085_2930_00027,rue Laplace,27,,SV0143,1566625.20170000,5185057.96499999,1.28249900,45.85261800
87085_4540_00004,rue la Reynie,4,,DH0267,1564026.52070000,5183004.07310000,1.24962709,45.83363304
87085_4540_00007,rue la Reynie,7,,DH0318,1564026.11500000,5182984.79940000,1.24962732,45.83345958
87085_4540_00008,rue la Reynie,8,,DH0287,1564006.08130000,5182974.30150000,1.24937249,45.83336119
87085_4540_00009,rue la Reynie,9,,DH0366,1564040.84580000,5182946.94610000,1.24982760,45.83312198
87085_4540_00010,rue la Reynie,10,,DH0288,1563998.21070000,5182962.85170000,1.24927444,45.83325663
87085_4540_00012,rue la Reynie,12,,DH0288,1563993.56090000,5182956.31890000,1.24921645,45.83319695
87085_4540_00015,rue la Reynie,15,,DH0366,1564009.30620000,5182960.48210000,1.24941790,45.83323751
87085_4540_00017,rue la Reynie,17,,DH0255,1564005.20770000,5182954.48590000,1.24936685,45.83318276
87085_4540_00019,rue la Reynie,19,,DH0254,1563999.41690000,5182945.40760000,1.24929490,45.83309995
87085_4540_00021,rue la Reynie,21,,DH0378,1563994.20740000,5182937.74300000,1.24923003,45.83302997
87085_2943_00004,rue La Rochefoucauld,4,,OH0267,1563091.64200000,5184030.62060000,1.23730400,45.84268190
87085_2943_00008,rue La Rochefoucauld,8,,OH0159,1563079.76370000,5184047.36880000,1.23714635,45.84283019
87085_2943_00009,rue La Rochefoucauld,9,,OI0085,1563072.00680000,5184039.98590000,1.23704861,45.84276223
87085_2943_00011,rue La Rochefoucauld,11,,OI0084,1563059.61740000,5184053.23180000,1.23688538,45.84287892
87085_2943_00012,rue La Rochefoucauld,12,,OH0161,1563054.91560000,5184066.28280000,1.23682114,45.84299538
87085_2943_00013,rue La Rochefoucauld,13,,OI0083,1563045.66240000,5184060.52000000,1.23670369,45.84294170
87085_2943_00015,rue La Rochefoucauld,15,,OI0082,1563027.60840000,5184070.02750000,1.23646861,45.84302363
87085_2943_00018,rue La Rochefoucauld,18,,OH0163,1563011.32480000,5184088.53300000,1.23625375,45.84318685
87085_2960_00001,rue Lavoisier,1,,AZ0150,1563678.35210000,5182763.44750000,1.24521484,45.83139955
87085_2960_00004,rue Lavoisier,4,,AZ0146,1563676.04910000,5182789.15580000,1.24517791,45.83163035
87085_2960_00006,rue Lavoisier,6,,AZ0144,1563670.83820000,5182796.89330000,1.24510866,45.83169892
87085_2960_00008,rue Lavoisier,8,,AZ0143,1563665.02900000,5182805.53990000,1.24503145,45.83177555
87085_2960_00010,rue Lavoisier,10,,AZ0142,1563659.60060000,5182813.74310000,1.24495927,45.83184827
87085_2960_00011,rue Lavoisier,11,,AZ0665,1563646.58410000,5182810.18420000,1.24479278,45.83181367
87085_2960_00012,rue Lavoisier,12,,AZ0132,1563652.49780000,5182824.51960000,1.24486482,45.83194380
87085_2960_00014,rue Lavoisier,14,,AZ0131,1563647.50760000,5182831.82970000,1.24479853,45.83200857
87085_2960_00016,rue Lavoisier,16,,AZ0130,1563633.63820000,5182853.20610000,1.24461399,45.83219811
87085_2960_00017,rue Lavoisier,17,,AZ0701,1563623.63420000,5182844.84020000,1.24448763,45.83212087
87085_2960_00018,rue Lavoisier,18,,AZ0129,1563627.61710000,5182862.67440000,1.24453382,45.83228209
87085_2960_00020,rue Lavoisier,20,,AZ0102,1563618.12660000,5182876.64820000,1.24440773,45.83240591
87085_2960_00021,rue Lavoisier,21,,AZ0702,1563612.35740000,5182861.29650000,1.24433784,45.83226667
87085_2960_00022,rue Lavoisier,22,,AZ0101,1563610.15920000,5182887.31000000,1.24430217,45.83250024
87085_2960_00024,rue Lavoisier,24,,AZ0100,1563603.64180000,5182895.66370000,1.24421594,45.83257409
87085_2960_00025,rue Lavoisier,25,,AZ0166,1563604.08920000,5182878.16800000,1.24422666,45.83241680
87085_2960_00026,rue Lavoisier,26,,AZ0099,1563598.69040000,5182901.51890000,1.24415056,45.83262578
87085_2960_00027,rue Lavoisier,27,,AZ0167,1563598.54420000,5182889.04870000,1.24415221,45.83251358
87085_2960_00030,rue Lavoisier,30,,AZ0096,1563589.48060000,5182917.22650000,1.24402758,45.83276526
87085_2960_00031,rue Lavoisier,31,,AZ0168,1563592.37560000,5182900.91650000,1.24406947,45.83261911
87085_2960_00033,rue Lavoisier,33,,AZ0169,1563589.51790000,5182905.75530000,1.24403132,45.83266207
87085_2960_00035,rue Lavoisier,35,,AZ0170,1563586.89920000,5182910.64340000,1.24399623,45.83270552
87085_2974_00001,rue Le Cid,1,,LT0340,1567679.85180000,5187450.73520000,1.29541665,45.87434632
87085_2974_00003,rue Le Cid,3,,LT0355,1567687.85610000,5187441.61570000,1.29552225,45.87426582
87085_2974_00004,rue Le Cid,4,,LT0336,1567683.48000000,5187432.08320000,1.29546852,45.87417923
87085_2974_00005,rue Le Cid,5,,LT0354,1567698.92720000,5187429.09020000,1.29566828,45.87415528
87085_2974_00006,rue Le Cid,6,,LT0335,1567690.77310000,5187423.96790000,1.29556468,45.87410763
87085_2974_00007,rue Le Cid,7,,LT0353,1567709.25140000,5187417.39930000,1.29580446,45.87405210
87085_2974_00008,rue Le Cid,8,,LT0334,1567699.67110000,5187413.89400000,1.29568204,45.87401872
87085_2974_00009,rue Le Cid,9,,LT0359,1567718.14470000,5187394.44540000,1.29592531,45.87384733
87085_2974_00010,rue Le Cid,10,,LT0333,1567701.21780000,5187388.13070000,1.29570906,45.87378726
87085_2974_00011,rue Le Cid,11,,LT0358,1567711.64590000,5187385.14270000,1.29584418,45.87376239
87085_2974_00012,rue Le Cid,12,,LT0332,1567700.14820000,5187379.02000000,1.29569780,45.87370510
87085_2974_00014,rue Le Cid,14,,LT0331,1567699.44340000,5187372.03140000,1.29569065,45.87364210
87085_2974_00015,rue Le Cid,15,,LT0357,1567709.52450000,5187376.69840000,1.29581919,45.87368602
87085_2974_00016,rue Le Cid,16,,LT0330,1567698.24210000,5187362.58610000,1.29567778,45.87355690
87085_2974_00017,rue Le Cid,17,,LT0356,1567708.39370000,5187366.23140000,1.29580751,45.87359165
87085_2974_00018,rue Le Cid,18,,LT0329,1567688.32850000,5187335.47480000,1.29555759,45.87331111
87085_2974_00020,rue Le Cid,20,,LT0328,1567681.38850000,5187336.19330000,1.29546801,45.87331623
87085_2974_00022,rue Le Cid,22,,LT0285,1567678.42500000,5187333.77270000,1.29543052,45.87329389
87085_2974_00023,rue Le Cid,23,,LT0239,1567694.06570000,5187279.24480000,1.29564697,45.87280639
87085_2974_00024,rue Le Cid,24,,LT0285,1567678.01790000,5187328.61030000,1.29542670,45.87324737
87085_2974_00025,rue Le Cid,25,,LT0302,1567677.74030000,5187265.74940000,1.29544045,45.87268185
87085_2974_00026,rue Le Cid,26,,LT0286,1567677.02970000,5187321.00310000,1.29541607,45.87317875
87085_2974_00027,rue Le Cid,27,,LT0301,1567671.02220000,5187259.79440000,1.29535558,45.87262698
87085_2974_00028,rue Le Cid,28,,LT0287,1567676.23420000,5187312.74220000,1.29540810,45.87310428
87085_2974_00029,rue Le Cid,29,,LT0300,1567659.13650000,5187249.18420000,1.29520544,45.87252925
87085_2974_00030,rue Le Cid,30,,LT0288,1567678.48380000,5187302.94130000,1.29543977,45.87301655
87085_2974_00031,rue Le Cid,31,,LT0299,1567650.97550000,5187241.73450000,1.29510239,45.87246066
87085_2974_00032,rue Le Cid,32,,LT0289,1567684.28910000,5187296.40450000,1.29551634,45.87295887
87085_2974_00033,rue Le Cid,33,,LT0298,1567642.32490000,5187234.12200000,1.29499309,45.87239052
87085_2974_00034,rue Le Cid,34,,LT0290,1567665.45440000,5187268.84340000,1.29528138,45.87270731
87085_2974_00035,rue Le Cid,35,,LT0297,1567630.93560000,5187224.30540000,1.29484913,45.87230002
87085_2974_00036,rue Le Cid,36,,LT0291,1567656.29460000,5187261.14130000,1.29516554,45.87263626
87085_2974_00037,rue Le Cid,37,,LT0296,1567620.95420000,5187215.45720000,1.29472303,45.87221850
87085_2974_00038,rue Le Cid,38,,LT0292,1567647.08930000,5187253.04680000,1.29504923,45.87256167
87085_2974_00040,rue Le Cid,40,,LT0274,1567637.68910000,5187244.40550000,1.29493056,45.87248213
87085_2974_00042,rue Le Cid,42,,LT0258,1567615.66060000,5187224.46510000,1.29465238,45.87229851
87085_2974_00044,rue Le Cid,44,,LT0257,1567606.94130000,5187218.40190000,1.29454176,45.87224229
87085_2974_00046,rue Le Cid,46,,LT0256,1567593.60150000,5187215.62170000,1.29437074,45.87221471
87085_2975_00003,rue Leconte de Lisle,3,,IV0285,1562629.56520000,5181730.27830000,1.23201403,45.82189696
87085_2975_00004,rue Leconte de Lisle,4,,IV0283,1562642.95220000,5181727.11920000,1.23218716,45.82187121
87085_2975_00005,rue Leconte de Lisle,5,,IV0286,1562625.27990000,5181744.91200000,1.23195471,45.82202774
87085_2975_00006,rue Leconte de Lisle,6,,IV0282,1562640.23030000,5181737.65420000,1.23214914,45.82196544
87085_2975_00007,rue Leconte de Lisle,7,,IV0436,1562623.27840000,5181752.46770000,1.23192680,45.82209531
87085_2975_00008,rue Leconte de Lisle,8,,IV0281,1562637.88090000,5181746.31270000,1.23211644,45.82204286
87085_2975_00009,rue Leconte de Lisle,9,,IV0439,1562621.70750000,5181759.23000000,1.23190466,45.82215582
87085_2975_00010,rue Leconte de Lisle,10,,IV0280,1562635.10250000,5181756.53340000,1.23207777,45.82213424
87085_2975_00011,rue Leconte de Lisle,11,,IV0686,1562617.68420000,5181772.72410000,1.23184904,45.82227641
87085_2975_00012,rue Leconte de Lisle,12,,IV0279,1562631.10050000,5181771.92400000,1.23202188,45.82227189
87085_2975_00013,rue Leconte de Lisle,13,,IV0377,1562614.25680000,5181785.34690000,1.23180134,45.82238927
87085_2975_00014,rue Leconte de Lisle,14,,IV0278,1562627.51700000,5181784.72430000,1.23197212,45.82238632
87085_2975_00016,rue Leconte de Lisle,16,,IV0277,1562623.77800000,5181798.59930000,1.23192005,45.82251039
87085_2975_00017,rue Leconte de Lisle,17,,IV0765,1562605.99590000,5181814.94410000,1.23168659,45.82265386
87085_2975_00018,rue Leconte de Lisle,18,,IV0276,1562619.31330000,5181813.97450000,1.23185822,45.82264780
87085_2975_00024,rue Leconte de Lisle,24,,IV0275,1562609.88000000,5181848.33270000,1.23172703,45.82295499
87085_2980_00001,rue Ledru-Rollin,1,,HZ0120,1564227.03340000,5182023.21400000,1.25248443,45.82484926
87085_2980_00003,rue Ledru-Rollin,3,,HZ0121,1564234.95080000,5182029.42480000,1.25258455,45.82490670
87085_2980_00005,rue Ledru-Rollin,5,,HZ0238,1564243.78430000,5182035.94320000,1.25269637,45.82496708
87085_2980_00007,rue Ledru-Rollin,7,,HZ0242,1564254.85750000,5182044.46060000,1.25283644,45.82504588
87085_2980_00008,rue Ledru-Rollin,8,,HZ0118,1564256.05220000,5182034.34440000,1.25285467,45.82495511
87085_2980_00010,rue Ledru-Rollin,10,,HZ0117,1564267.42010000,5182042.89220000,1.25299852,45.82503425
87085_2980_00011,rue Ledru-Rollin,11,,HZ0134,1564264.01700000,5182062.25160000,1.25294927,45.82520773
87085_2980_00012,rue Ledru-Rollin,12,,HZ0116,1564275.04740000,5182048.47940000,1.25309508,45.82508602
87085_2980_00013,rue Ledru-Rollin,13,,HZ0135,1564258.50260000,5182071.95420000,1.25287558,45.82529392
87085_2980_00015,rue Ledru-Rollin,15,,HZ0136,1564254.85630000,5182078.29150000,1.25282687,45.82535021
87085_2980_00018,rue Ledru-Rollin,18,,HZ0234,1564268.44880000,5182073.95440000,1.25300299,45.82531388
87085_2985_00001,rue Legouve,1,,ER0316,1566073.31000000,5182328.21770000,1.27615519,45.82795494
87085_2985_00002,rue Legouve,2,,ER0593,1566060.08560000,5182326.43340000,1.27598552,45.82793632
87085_2985_00003,rue Legouve,3,,ER0068,1566072.10210000,5182313.98650000,1.27614361,45.82782669
87085_2985_00004,rue Legouve,4,,ER0307,1566056.29710000,5182273.39820000,1.27595154,45.82745849
87085_2985_00005,rue Legouve,5,,ER0067,1566071.31350000,5182305.90360000,1.27613571,45.82775382
87085_2985_00006,rue Legouve,6,,ER0053,1566052.95730000,5182226.71460000,1.27592157,45.82703789
87085_2985_00007,rue Legouve,7,,ER0066,1566070.77390000,5182297.85850000,1.27613101,45.82768135
87085_2985_00009,rue Legouve,9,,ER0352,1566069.00530000,5182273.80470000,1.27611495,45.82746462
87085_2985_00011,rue Legouve,11,,ER0060,1566068.28570000,5182261.64960000,1.27610908,45.82735514
87085_2985_00013_bis,rue Legouve,13,bis,ER0059,1566067.36900000,5182248.09600000,1.27610106,45.82723304
87085_2993_00001,rue Le Nôtre,1,,OD0113,1563643.72550000,5185066.07010000,1.24411593,45.85210603
87085_2993_00002,rue Le Nôtre,2,,OD0084,1563647.19920000,5185080.31960000,1.24415660,45.85223490
87085_2993_00003,rue Le Nôtre,3,,OD0112,1563629.49600000,5185062.47690000,1.24393377,45.85207088
87085_2993_00004,rue Le Nôtre,4,,OD0085,1563633.98420000,5185076.69440000,1.24398751,45.85219966
87085_2993_00006,rue Le Nôtre,6,,OD0086,1563618.99540000,5185072.51490000,1.24379574,45.85215909
87085_2993_00007,rue Le Nôtre,7,,OD0111,1563612.62180000,5185057.69500000,1.24371790,45.85202452
87085_2993_00008,rue Le Nôtre,8,,OD0087,1563607.13300000,5185068.85250000,1.24364408,45.85212380
87085_2993_00009,rue Le Nôtre,9,,OD0110,1563602.89580000,5185055.04630000,1.24359345,45.85199876
87085_2993_00010,rue Le Nôtre,10,,OD0088,1563589.15500000,5185063.95960000,1.24341404,45.85207621
87085_2993_00011,rue Le Nôtre,11,,OD0108,1563593.05300000,5185051.86730000,1.24346765,45.85196821
87085_2993_00013,rue Le Nôtre,13,,OD0107,1563584.70510000,5185049.68720000,1.24336081,45.85194694
87085_2993_00015,rue Le Nôtre,15,,OD0106,1563572.90440000,5185046.35680000,1.24320984,45.85191464
87085_2993_00016,rue Le Nôtre,16,,OD0089,1563569.22410000,5185058.40850000,1.24315904,45.85202232
87085_2993_00017,rue Le Nôtre,17,,OD0105,1563550.88960000,5185036.94520000,1.24292912,45.85182561
87085_2993_00020,rue Le Nôtre,20,,OD0090,1563556.57640000,5185055.01820000,1.24299719,45.85198932
87085_2993_00021,rue Le Nôtre,21,,OD0104,1563536.59260000,5185023.82350000,1.24274880,45.85170474
87085_2993_00022,rue Le Nôtre,22,,OD0091,1563546.02310000,5185050.10400000,1.24286274,45.85194302
87085_2993_00023,rue Le Nôtre,23,,OD0103,1563527.94350000,5185014.73530000,1.24264005,45.85162127
87085_2993_00025,rue Le Nôtre,25,,OD0102,1563517.84420000,5185005.36550000,1.24251270,45.85153498
87085_2993_00026,rue Le Nôtre,26,,OD0095,1563520.21890000,5185025.08800000,1.24253767,45.85171286
87085_2993_00027,rue Le Nôtre,27,,OD0101,1563510.25980000,5184998.09740000,1.24241713,45.85146809
87085_2993_00029,rue Le Nôtre,29,,OD0097,1563501.63480000,5184989.51050000,1.24230854,45.85138913
87085_2995_00001,rue Léo Delibes,1,,IW0143,1562632.02300000,5182107.54670000,1.23193788,45.82529118
87085_2995_00003,rue Léo Delibes,3,,IW0143,1562610.85190000,5182112.01390000,1.23166420,45.82532714
87085_2995_00005,rue Léo Delibes,5,,IW0138,1562591.22590000,5182116.02050000,1.23141053,45.82535926
87085_2995_00013,rue Léo Delibes,13,,IW0137,1562551.88120000,5182130.45000000,1.23090017,45.82548120
87085_2995_00015,rue Léo Delibes,15,,IW0133,1562544.58790000,5182133.67910000,1.23080540,45.82550879
87085_2995_00017,rue Léo Delibes,17,,IW0132,1562536.59240000,5182137.84940000,1.23070133,45.82554470
87085_2995_00019,rue Léo Delibes,19,,IW0451,1562524.67010000,5182142.37600000,1.23054664,45.82558304
87085_3041_00001,rue Léonard Bretagne,1,,LA0202,1568335.55320000,5191612.80330000,1.30271862,45.91191266
87085_3041_00003,rue Léonard Bretagne,3,,LA0202,1568323.88810000,5191610.27260000,1.30256899,45.91188765
87085_3041_00005,rue Léonard Bretagne,5,,LA0202,1568313.15780000,5191610.35990000,1.30243068,45.91188638
87085_3041_00007,rue Léonard Bretagne,7,,LA0202,1568301.64130000,5191612.05200000,1.30228180,45.91189940
87085_3041_00041,rue Léonard Bretagne,41,,LA0202,1568324.50130000,5191624.75200000,1.30257291,45.91201802
87085_3043_00002,rue Léonard de Vinci,2,,OS0011,1562310.78700000,5183625.70080000,1.22736981,45.83888352
87085_3043_00003,rue Léonard de Vinci,3,,OS0012,1562279.10890000,5183672.93630000,1.22694858,45.83930208
87085_3043_00004,rue Léonard de Vinci,4,,OS0011,1562304.51270000,5183639.67310000,1.22728506,45.83900795
87085_3043_00005,rue Léonard de Vinci,5,,OS0012,1562276.87810000,5183686.37010000,1.22691602,45.83942248
87085_3043_00006,rue Léonard de Vinci,6,,OS0011,1562298.55170000,5183657.63540000,1.22720319,45.83916834
87085_3043_00007,rue Léonard de Vinci,7,,OS0012,1562275.98930000,5183702.86270000,1.22689986,45.83957066
87085_3043_00008,rue Léonard de Vinci,8,,OS0011,1562295.98050000,5183670.39790000,1.22716644,45.83928263
87085_3043_00009,rue Léonard de Vinci,9,,OS0012,1562276.36750000,5183720.75100000,1.22689960,45.83973165
87085_3043_00011,rue Léonard de Vinci,11,,OS0012,1562276.93020000,5183737.12130000,1.22690215,45.83987902
87085_3043_00011_bis,rue Léonard de Vinci,11,bis,OS0012,1562278.34990000,5183748.25130000,1.22691723,45.83997943
87085_3048_00001,rue Léonard Jeanton,1,,KY0019,1568287.28220000,5192353.70150000,1.30189295,45.91856822
87085_3048_00002,rue Léonard Jeanton,2,,KY0006,1568274.70420000,5192365.45170000,1.30172761,45.91867151
87085_3048_00003,rue Léonard Jeanton,3,,KY0018,1568265.64580000,5192349.69730000,1.30161519,45.91852805
87085_3048_00004,rue Léonard Jeanton,4,,KY0007,1568244.10280000,5192355.66480000,1.30133589,45.91857760
87085_3048_00005,rue Léonard Jeanton,5,,KY0017,1568246.52290000,5192312.12840000,1.30137905,45.91818642
87085_3048_00006,rue Léonard Jeanton,6,,KY0008,1568239.26240000,5192342.77600000,1.30127705,45.91846072
87085_3048_00007,rue Léonard Jeanton,7,,KY0016,1568243.32300000,5192283.90590000,1.30134557,45.91793193
87085_3048_00008,rue Léonard Jeanton,8,,KY0009,1568237.15580000,5192325.80400000,1.30125457,45.91830765
87085_3048_00010,rue Léonard Jeanton,10,,KY0012,1568229.02480000,5192303.83010000,1.30115581,45.91810842
87085_3048_00012,rue Léonard Jeanton,12,,KY0013,1568233.02550000,5192282.78050000,1.30121316,45.91791983
87085_3045_00002,rue Léonard Limosin,2,,DL0088,1564507.68390000,5182474.30050000,1.25596838,45.82896239
87085_3045_00003,rue Léonard Limosin,3,,DL0091,1564510.45220000,5182505.90060000,1.25599510,45.82924720
87085_3045_00004,rue Léonard Limosin,4,,DL0080,1564511.87960000,5182483.54820000,1.25601976,45.82904641
87085_3045_00005,rue Léonard Limosin,5,,DL0092,1564516.37030000,5182519.65140000,1.25606738,45.82937206
87085_3045_00006,rue Léonard Limosin,6,,DL0079,1564520.09370000,5182501.84230000,1.25612031,45.82921259
87085_3045_00008,rue Léonard Limosin,8,,DL0078,1564524.81020000,5182511.82320000,1.25617818,45.82930331
87085_3046_00001,rue Léonard Samie,1,,TH0048,1565156.70160000,5180062.52510000,1.26499590,45.80739454
87085_3046_00001_b,rue Léonard Samie,1,b,TH0048,1565140.93240000,5180068.55760000,1.26479137,45.80744571
87085_3046_00009,rue Léonard Samie,9,,TH0005,1565278.98520000,5180013.17890000,1.26658262,45.80697459
87085_3046_00011,rue Léonard Samie,11,,TH0006,1565314.82430000,5179993.63450000,1.26704907,45.80680579
87085_3046_00018,rue Léonard Samie,18,,TH0067,1565387.85390000,5179925.07560000,1.26800761,45.80620335
87085_3046_00019,rue Léonard Samie,19,,TH0029,1565428.14880000,5179906.09230000,1.26853121,45.80604047
87085_3046_00024,rue Léonard Samie,24,,TH0030,1565441.83340000,5179869.00880000,1.26871759,45.80570956
87085_3046_00027,rue Léonard Samie,27,,TH0029,1565510.65360000,5179790.98710000,1.26962459,45.80502116
87085_3046_00038,rue Léonard Samie,38,,TI0067,1565554.82110000,5179691.27320000,1.27022054,45.80413280
87085_3046_00042,rue Léonard Samie,42,,TI0027,1565590.57900000,5179642.10950000,1.27069419,45.80369752
87085_3046_00044,rue Léonard Samie,44,,TI0026,1565616.62070000,5179619.64660000,1.27103541,45.80350054
87085_3046_00046,rue Léonard Samie,46,,TI0069,1565632.53500000,5179609.62370000,1.27124000,45.80341300
87085_3046_00048,rue Léonard Samie,48,,TI0023,1565678.28590000,5179583.77540000,1.27183855,45.80318990
87085_3046_00050,rue Léonard Samie,50,,TI0022,1565707.59540000,5179569.37920000,1.27221954,45.80306611
87085_3046_00050_bis,rue Léonard Samie,50,bis,TI0054,1565725.85170000,5179559.06040000,1.27245723,45.80297685
87085_3046_00051,rue Léonard Samie,51,,TI0007,1565727.50130000,5179572.29720000,1.27247475,45.80309625
87085_3046_00052,rue Léonard Samie,52,,TI0054,1565734.48070000,5179554.21310000,1.27256957,45.80293493
87085_3046_00052_bis,rue Léonard Samie,52,bis,TI0053,1565751.87640000,5179545.13630000,1.27279584,45.80285667
87085_3046_00054,rue Léonard Samie,54,,TI0020,1565776.50080000,5179534.28710000,1.27311558,45.80276388
87085_3046_00056,rue Léonard Samie,56,,TI0018,1565816.01260000,5179524.63870000,1.27362646,45.80268480
87085_3046_00058,rue Léonard Samie,58,,TI0047,1565840.63310000,5179522.84900000,1.27394362,45.80267350
87085_3046_00060,rue Léonard Samie,60,,TI0016,1565865.52270000,5179522.92920000,1.27426372,45.80267907
87085_3046_00061,rue Léonard Samie,61,,TI0008,1565890.68700000,5179538.27430000,1.27458310,45.80282201
87085_3046_00062,rue Léonard Samie,62,,TI0015,1565892.95680000,5179525.09000000,1.27461596,45.80270386
87085_3046_00064,rue Léonard Samie,64,,TI0014,1565928.57540000,5179526.86760000,1.27507358,45.80272679
87085_3046_00071,rue Léonard Samie,71,,TI0009,1566068.00650000,5179547.89580000,1.27686105,45.80294310
87085_3047_00006,rue Léonard Trompillon,6,,CM0644,1565285.89300000,5185099.54220000,1.26524629,45.85273088
87085_3047_00008,rue Léonard Trompillon,8,,CM0644,1565267.42080000,5185088.07320000,1.26501171,45.85262409
87085_3047_00012,rue Léonard Trompillon,12,,CM0641,1565245.63700000,5185074.22700000,1.26473517,45.85249526
87085_3015_00001,rue Léon Bourgeois,1,,BM0119,1563620.83310000,5183872.98430000,1.24415987,45.84136904
87085_3015_00009,rue Léon Bourgeois,9,,BM0140,1563631.45940000,5183925.27030000,1.24428180,45.84184149
87085_3015_00012,rue Léon Bourgeois,12,,BM0059,1563645.13800000,5183929.09650000,1.24445676,45.84187862
87085_3015_00013,rue Léon Bourgeois,13,,BM0051,1563639.19770000,5183962.46010000,1.24437084,45.84217756
87085_3015_00015,rue Léon Bourgeois,15,,BM0043,1563641.14490000,5183971.96400000,1.24439320,45.84226344
87085_3015_00016,rue Léon Bourgeois,16,,BM0060,1563650.74090000,5183957.58670000,1.24452079,45.84213601
87085_3015_00017,rue Léon Bourgeois,17,,BM0042,1563643.70400000,5183984.16240000,1.24442268,45.84237368
87085_3015_00018,rue Léon Bourgeois,18,,BM0061,1563653.33520000,5183971.61960000,1.24455020,45.84226276
87085_3015_00019,rue Léon Bourgeois,19,,BM0041,1563645.86280000,5183994.58180000,1.24444751,45.84246784
87085_3015_00020,rue Léon Bourgeois,20,,BM0068,1563655.75290000,5183982.80510000,1.24457814,45.84236386
87085_3049_00001,rue Léonce Bourliaguet,1,,LT0108,1567775.85280000,5187126.74280000,1.29674222,45.87145028
87085_3049_00002,rue Léonce Bourliaguet,2,,LT0107,1567763.97730000,5187127.88870000,1.29658898,45.87145830
87085_3049_00003,rue Léonce Bourliaguet,3,,LT0123,1567789.06710000,5187139.54240000,1.29690887,45.87156796
87085_3049_00004,rue Léonce Bourliaguet,4,,LT0106,1567773.94840000,5187137.55170000,1.29671472,45.87154714
87085_3049_00005,rue Léonce Bourliaguet,5,,LT0124,1567799.31450000,5187149.50830000,1.29703809,45.87165958
87085_3049_00006,rue Léonce Bourliaguet,6,,LT0105,1567788.03190000,5187151.05750000,1.29689237,45.87167135
87085_3049_00008,rue Léonce Bourliaguet,8,,LT0104,1567802.61890000,5187165.21910000,1.29707631,45.87180154
87085_3049_00010,rue Léonce Bourliaguet,10,,LT0103,1567815.64270000,5187177.69480000,1.29724060,45.87191628
87085_3049_00011,rue Léonce Bourliaguet,11,,LT0128,1567860.67740000,5187191.49910000,1.29781674,45.87204912
87085_3049_00012,rue Léonce Bourliaguet,12,,LT0102,1567827.58510000,5187189.15920000,1.29739123,45.87202170
87085_3049_00014,rue Léonce Bourliaguet,14,,LT0101,1567840.47200000,5187200.47850000,1.29755407,45.87212601
87085_3049_00016,rue Léonce Bourliaguet,16,,LT0100,1567853.79160000,5187206.22940000,1.29772401,45.87218030
87085_3020_00001,rue Léon Cladel,1,,AY0130,1562805.28640000,5183074.44840000,1.23389131,45.83402355
87085_3020_00003,rue Léon Cladel,3,,AY0129,1562799.97100000,5183067.22810000,1.23382497,45.83395754
87085_3020_00004,rue Léon Cladel,4,,AY0131,1562786.79080000,5183068.36290000,1.23365503,45.83396512
87085_3020_00006,rue Léon Cladel,6,,AY0132,1562781.51690000,5183060.77120000,1.23358933,45.83389578
87085_3020_00007,rue Léon Cladel,7,,AY0128,1562790.83790000,5183055.08580000,1.23371090,45.83384650
87085_3020_00009,rue Léon Cladel,9,,AY0126,1562785.46600000,5183048.35990000,1.23364369,45.83378492
87085_3020_00010,rue Léon Cladel,10,,AY0133,1562768.08530000,5183043.31150000,1.23342147,45.83373604
87085_3020_00011,rue Léon Cladel,11,,AY0125,1562779.73160000,5183040.54930000,1.23357213,45.83371352
87085_3020_00012,rue Léon Cladel,12,,AY0223,1562761.15080000,5183034.02080000,1.23333488,45.83365108
87085_3020_00013,rue Léon Cladel,13,,AY0124,1562772.98930000,5183031.74700000,1.23348788,45.83363299
87085_3020_00014,rue Léon Cladel,14,,AY0135,1562753.69920000,5183023.90210000,1.23324188,45.83355857
87085_3020_00015,rue Léon Cladel,15,,AY0123,1562768.14920000,5183025.23930000,1.23342745,45.83357348
87085_3020_00016,rue Léon Cladel,16,,AY0136,1562745.30210000,5183013.13870000,1.23313689,45.83346007
87085_3020_00017,rue Léon Cladel,17,,AY0122,1562761.54150000,5183016.56120000,1.23334489,45.83349410
87085_3020_00018,rue Léon Cladel,18,,AY0137,1562737.88650000,5183003.16230000,1.23304431,45.83336885
87085_3020_00019,rue Léon Cladel,19,,AY0121,1562754.74570000,5183007.79950000,1.23325994,45.83341393
87085_3020_00020,rue Léon Cladel,20,,AY0138,1562729.10920000,5182991.66170000,1.23293464,45.83326364
87085_3020_00021,rue Léon Cladel,21,,AY0120,1562749.10760000,5183000.60590000,1.23318944,45.83334809
87085_3020_00022,rue Léon Cladel,22,,AY0139,1562718.93640000,5182978.24510000,1.23280757,45.83314092
87085_3020_00023,rue Léon Cladel,23,,AY0119,1562744.10610000,5182993.76180000,1.23312703,45.83328553
87085_3020_00024,rue Léon Cladel,24,,AY0140,1562710.37970000,5182967.50820000,1.23270052,45.83304263
87085_3020_00027,rue Léon Cladel,27,,AY0255,1562728.69170000,5182973.80770000,1.23293437,45.83310295
87085_3020_00027_bis,rue Léon Cladel,27,bis,AY0256,1562725.39100000,5182969.29810000,1.23289318,45.83306173
87085_3020_00029,rue Léon Cladel,29,,AY0117,1562718.37010000,5182960.28960000,1.23280541,45.83297929
87085_3020_00031,rue Léon Cladel,31,,AY0116,1562711.48170000,5182950.93760000,1.23271943,45.83289379
87085_3024_00001,rue Léon Dheralde,1,,LP0009,1567549.00640000,5188369.67690000,1.29347798,45.88258756
87085_3024_00002,rue Léon Dheralde,2,,LP0007,1567529.34760000,5188396.71390000,1.29321731,45.88282698
87085_3024_00003,rue Léon Dheralde,3,,LP0009,1567553.28060000,5188358.33820000,1.29353616,45.88248638
87085_3024_00004,rue Léon Dheralde,4,,LP0007,1567523.82030000,5188407.16060000,1.29314323,45.88291989
87085_3024_00005,rue Léon Dheralde,5,,LP0009,1567555.46820000,5188351.98310000,1.29356609,45.88242964
87085_3024_00006,rue Léon Dheralde,6,,LP0007,1567518.42640000,5188419.01360000,1.29307048,45.88302548
87085_3024_00007,rue Léon Dheralde,7,,LP0009,1567554.68890000,5188344.96580000,1.29355799,45.88236636
87085_3024_00008,rue Léon Dheralde,8,,LP0007,1567514.46380000,5188429.18840001,1.29301663,45.88311624
87085_3024_00009,rue Léon Dheralde,9,,LP0009,1567549.67980000,5188344.20080000,1.29349369,45.88235852
87085_3024_00010,rue Léon Dheralde,10,,LP0007,1567511.21770000,5188439.16749999,1.29297207,45.88320538
87085_3024_00011,rue Léon Dheralde,11,,LP0009,1567530.76260000,5188360.66760000,1.29324548,45.88250300
87085_3024_00012,rue Léon Dheralde,12,,LP0007,1567507.86570000,5188452.53290000,1.29292520,45.88332497
87085_3024_00014,rue Léon Dheralde,14,,LP0007,1567505.86240000,5188464.31270000,1.29289615,45.88343055
87085_3024_00015,rue Léon Dheralde,15,,LP0009,1567520.91610000,5188358.97059999,1.29311913,45.88248583
87085_3024_00017,rue Léon Dheralde,17,,LP0009,1567511.02280000,5188357.43180000,1.29299212,45.88247008
87085_3024_00019,rue Léon Dheralde,19,,LP0008,1567504.81810000,5188402.36240000,1.29289980,45.88287307
87085_3024_00021,rue Léon Dheralde,21,,LP0008,1567494.15720000,5188400.87210000,1.29276290,45.88285760
87085_3024_00023,rue Léon Dheralde,23,,LP0005,1567474.70840000,5188387.17790000,1.29251617,45.88273066
87085_3024_00025,rue Léon Dheralde,25,,LP0005,1567467.19460000,5188384.24830000,1.29242020,45.88270286
87085_3024_00027,rue Léon Dheralde,27,,LP0005,1567463.19900000,5188393.79970000,1.29236610,45.88278801
87085_3024_00029,rue Léon Dheralde,29,,LP0005,1567461.85590000,5188402.39080000,1.29234643,45.88286503
87085_3024_00031,rue Léon Dheralde,31,,LP0005,1567458.39590000,5188409.88120000,1.29229979,45.88293175
87085_3024_00033,rue Léon Dheralde,33,,LP0006,1567471.71270000,5188410.49900000,1.29247115,45.88293987
87085_3024_00035,rue Léon Dheralde,35,,LP0006,1567485.41030000,5188409.54570000,1.29264784,45.88293394
87085_3024_00037,rue Léon Dheralde,37,,LP0006,1567497.58840000,5188410.69420000,1.29280438,45.88294662
87085_3024_00039,rue Léon Dheralde,39,,LP0006,1567489.56650000,5188470.86710000,1.29268444,45.88348637
87085_3024_00041,rue Léon Dheralde,41,,LP0006,1567477.96970000,5188469.40630000,1.29253547,45.88347099
87085_3024_00043,rue Léon Dheralde,43,,LP0006,1567468.25730000,5188465.26010000,1.29241151,45.88343182
87085_3024_00045,rue Léon Dheralde,45,,LP0006,1567454.64670000,5188456.74070000,1.29223856,45.88335255
87085_3024_00047,rue Léon Dheralde,47,,LP0004,1567445.90770000,5188452.38870000,1.29212720,45.88331172
87085_3024_00049,rue Léon Dheralde,49,,LP0004,1567443.34080000,5188464.07550000,1.29209091,45.88341635
87085_3024_00051,rue Léon Dheralde,51,,LP0004,1567441.14630000,5188474.31990000,1.29205981,45.88350809
87085_3024_00053,rue Léon Dheralde,53,,LP0004,1567441.80020000,5188481.32550000,1.29206630,45.88357123
87085_3024_00055,rue Léon Dheralde,55,,LP0004,1567449.09830000,5188482.69920000,1.29215992,45.88358500
87085_3024_00057,rue Léon Dheralde,57,,LP0004,1567461.50410000,5188482.70870000,1.29231971,45.88358748
87085_3024_00059,rue Léon Dheralde,59,,LP0004,1567475.75550000,5188480.78190000,1.29250381,45.88357289
87085_3024_00061,rue Léon Dheralde,61,,LP0003,1567496.89730000,5188496.73350000,1.29277172,45.88372046
87085_3024_00063,rue Léon Dheralde,63,,LP0003,1567501.71490000,5188497.39710000,1.29283359,45.88372736
87085_3024_00065,rue Léon Dheralde,65,,LP0003,1567506.55410000,5188487.09260000,1.29289877,45.88363560
87085_1577_00003,rue Léon Jouhaud,3,,TZ0001,1565985.80070000,5185555.18940000,1.27412927,45.85696649
87085_1577_00005,rue Léon Jouhaud,5,,TZ0003,1565993.34250000,5185533.42030000,1.27423243,45.85677214
87085_1577_00011,rue Léon Jouhaud,11,,TZ0002,1565989.62390000,5185486.74270000,1.27419758,45.85635152
87085_1577_00014,rue Léon Jouhaud,14,,TZ0053,1565980.36330000,5185473.26450000,1.27408212,45.85622847
87085_1577_00017,rue Léon Jouhaud,17,,TZ0004,1566080.22330000,5185513.94550000,1.27535638,45.85661388
87085_1577_00018,rue Léon Jouhaud,18,,TZ0052,1566009.65160000,5185482.34230000,1.27445665,45.85631584
87085_1577_00020,rue Léon Jouhaud,20,,TZ0051,1566025.46700000,5185487.08380000,1.27465894,45.85636158
87085_1577_00022,rue Léon Jouhaud,22,,TZ0050,1566049.47450000,5185494.30510000,1.27496600,45.85643121
87085_1577_00024,rue Léon Jouhaud,24,,TZ0094,1566062.96830000,5185498.40610000,1.27513857,45.85647073
87085_1577_00026,rue Léon Jouhaud,26,,TZ0095,1566077.99670000,5185503.06280000,1.27533075,45.85651555
87085_1577_00028,rue Léon Jouhaud,28,,TZ0096,1566089.74420000,5185506.55530000,1.27548102,45.85654926
87085_1577_00030,rue Léon Jouhaud,30,,TZ0097,1566104.87840000,5185511.00030000,1.27567462,45.85659219
87085_1577_00032,rue Léon Jouhaud,32,,TZ0098,1566115.03840000,5185513.96360000,1.27580459,45.85662083
87085_3025_00003,rue Léon Morane,3,,ET0181,1566258.58580000,5181558.87090000,1.27875320,45.82107022
87085_3025_00005,rue Léon Morane,5,,ET0182,1566241.57050000,5181553.09500000,1.27853589,45.82101496
87085_3025_00007,rue Léon Morane,7,,ET0183,1566226.87760000,5181545.56990000,1.27834894,45.82094441
87085_3025_00011,rue Léon Morane,11,,ET0184,1566209.77110000,5181531.42250000,1.27813279,45.82081381
87085_3030_00003,rue Léon Roby,3,,IM0107,1563297.22110000,5182728.50850000,1.24032030,45.83100960
87085_3030_00004,rue Léon Roby,4,,IM0102,1563284.75260000,5182721.47040000,1.24016185,45.83094381
87085_3030_00005,rue Léon Roby,5,,IM0108,1563296.59760000,5182721.15410000,1.24031437,45.83094332
87085_3030_00006,rue Léon Roby,6,,IM0101,1563283.41400000,5182713.02190000,1.24014703,45.83086755
87085_3030_00007,rue Léon Roby,7,,IM0109,1563295.17120000,5182713.30370000,1.24029824,45.83087242
87085_3030_00008,rue Léon Roby,8,,IM0100,1563282.41810000,5182705.24070000,1.24013643,45.83079735
87085_3030_00009,rue Léon Roby,9,,IM0113,1563293.78600000,5182704.04830000,1.24028305,45.83078889
87085_3030_00010,rue Léon Roby,10,,IM0099,1563280.76660000,5182695.38470000,1.24011798,45.83070836
87085_3030_00011,rue Léon Roby,11,,IM0114,1563292.74780000,5182695.61730000,1.24027209,45.83071284
87085_3030_00012,rue Léon Roby,12,,IM0098,1563279.24420000,5182686.67950000,1.24010087,45.83062975
87085_3030_00013,rue Léon Roby,13,,IM0115,1563290.95510000,5182686.84700000,1.24025151,45.83063359
87085_3030_00014,rue Léon Roby,14,,IM0097,1563277.83480000,5182675.99990000,1.24008577,45.83053340
87085_3030_00015,rue Léon Roby,15,,IM0119,1563289.44050000,5182677.00540000,1.24023482,45.83054476
87085_3030_00016,rue Léon Roby,16,,IM0096,1563276.06860000,5182666.28490000,1.24006580,45.83044566
87085_3030_00017,rue Léon Roby,17,,IM0120,1563288.09680000,5182667.92700000,1.24022011,45.83046282
87085_3030_00018,rue Léon Roby,18,,IM0095,1563274.42150000,5182655.89910000,1.24004756,45.83035191
87085_3030_00019,rue Léon Roby,19,,IM0121,1563286.67470000,5182659.38380000,1.24020424,45.83038569
87085_3030_00020,rue Léon Roby,20,,IM0094,1563272.94120000,5182647.12180000,1.24003101,45.83027266
87085_3030_00022,rue Léon Roby,22,,IM0093,1563272.09180000,5182639.21920000,1.24002233,45.83020140
87085_3032_00003,rue Léon Roche,3,,SH0166,1558626.73940000,5186884.88740000,1.17899802,45.86745355
87085_3032_00004,rue Léon Roche,4,,SH0169,1558630.82600000,5186887.82570000,1.17904977,45.86748083
87085_3032_00006,rue Léon Roche,6,,SH0170,1558622.97890000,5186902.18410000,1.17894500,45.86760800
87085_3035_00001,rue Léon Sazerat,1,,HZ0201,1564077.35740000,5182161.78860000,1.25051942,45.82606626
87085_3035_00005,rue Léon Sazerat,5,,HZ0201,1564052.42160000,5182175.35080000,1.25019474,45.82618333
87085_3035_00006,rue Léon Sazerat,6,,HZ0056,1564070.15980000,5182180.07140000,1.25042164,45.82622930
87085_3035_00007,rue Léon Sazerat,7,,HZ0164,1564043.46180000,5182180.21330000,1.25007808,45.82622530
87085_3035_00008,rue Léon Sazerat,8,,HZ0054,1564059.23020000,5182186.15990000,1.25027929,45.82628191
87085_3035_00010,rue Léon Sazerat,10,,HZ0039,1564044.30250000,5182194.13720000,1.25008496,45.82635072
87085_3035_00012,rue Léon Sazerat,12,,HZ0038,1564027.21550000,5182203.24560000,1.24986252,45.82642928
87085_3035_00014,rue Léon Sazerat,14,,HZ0202,1564017.90730000,5182208.30100000,1.24974132,45.82647291
87085_3035_00015,rue Léon Sazerat,15,,HZ0207,1563994.75710000,5182206.80550000,1.24944387,45.82645488
87085_3035_00016,rue Léon Sazerat,16,,HZ0202,1563998.50520000,5182218.93510000,1.24948867,45.82656474
87085_3035_00018,rue Léon Sazerat,18,,HZ0037,1563984.26150000,5182226.60610000,1.24930322,45.82663093
87085_3035_00019,rue Léon Sazerat,19,,HZ0172,1563967.52240000,5182221.61160000,1.24908925,45.82658269
87085_3036_00002,rue Léon Serpollet,2,,MK0086,1566978.38010000,5188332.66710000,1.28613845,45.88214440
87085_3036_00003,rue Léon Serpollet,3,,MK0023,1566988.07730000,5188317.61960000,1.28626753,45.88201091
87085_3036_00008,rue Léon Serpollet,8,,MK0016,1566952.47330000,5188268.18930000,1.28582265,45.88155937
87085_3036_00009,rue Léon Serpollet,9,,MK0022,1566951.34020000,5188226.87700000,1.28581951,45.88118752
87085_3036_00012,rue Léon Serpollet,12,,MK0074,1566916.36860000,5188178.96930000,1.28538236,45.88074979
87085_3036_00015,rue Léon Serpollet,15,,MK0020,1566920.92020000,5188152.48920000,1.28544833,45.88051246
87085_3036_00019,rue Léon Serpollet,19,,MI0165,1566878.59640000,5188046.98090000,1.28493248,45.87955516
87085_3036_00020,rue Léon Serpollet,20,,MK0076,1566888.82080000,5188111.11880000,1.28504637,45.88013410
87085_3036_00023,rue Léon Serpollet,23,,MI0165,1566868.01270000,5188021.80460000,1.28480315,45.87932663
87085_3036_00025,rue Léon Serpollet,25,,MI0141,1566855.44420000,5187991.51340000,1.28464968,45.87905171
87085_3036_00026,rue Léon Serpollet,26,,MI0224,1566862.38140000,5188046.93470000,1.28472365,45.87955160
87085_3036_00027,rue Léon Serpollet,27,,MI0164,1566828.51340000,5187927.41910000,1.28432061,45.87846992
87085_3036_00031,rue Léon Serpollet,31,,MI0149,1566782.80470000,5187892.41590000,1.28374163,45.87814619
87085_3036_00032,rue Léon Serpollet,32,,MI0224,1566638.80640000,5187969.54170000,1.28186562,45.87881205
87085_3036_00033,rue Léon Serpollet,33,,MI0172,1566753.93120000,5187898.41930000,1.28336810,45.87819459
87085_3036_00035,rue Léon Serpollet,35,,MI0192,1566708.81950000,5187920.06910000,1.28278108,45.87838060
87085_3036_00037,rue Léon Serpollet,37,,MI0193,1566676.89000000,5187935.72160000,1.28236551,45.87851521
87085_3036_00039,rue Léon Serpollet,39,,MI0221,1566629.68800000,5187958.31160000,1.28175130,45.87870926
87085_3036_00049,rue Léon Serpollet,49,,MI0223,1566536.02530000,5188000.38039999,1.28053330,45.87906950
87085_3040_00001,rue Léon Tolstoï,1,,CV1073,1565066.56720000,5184173.08310000,1.26268305,45.84435383
87085_3040_00003,rue Léon Tolstoï,3,,CV1397,1565074.16510000,5184181.08460000,1.26277860,45.84442730
87085_3040_00005,rue Léon Tolstoï,5,,CV1399,1565082.14090000,5184189.34390000,1.26287894,45.84450316
87085_3040_00006,rue Léon Tolstoï,6,,CV1421,1565075.34510000,5184166.55420000,1.26279787,45.84429682
87085_3040_00007,rue Léon Tolstoï,7,,CV1401,1565092.33570000,5184199.84710000,1.26300721,45.84459964
87085_3040_00008,rue Léon Tolstoï,8,,CV1419,1565083.24590000,5184174.76840000,1.26289726,45.84437226
87085_3040_00009,rue Léon Tolstoï,9,,CV1403,1565100.69420000,5184208.18499999,1.26311246,45.84467629
87085_3040_00010,rue Léon Tolstoï,10,,CV1417,1565089.98410000,5184181.63050000,1.26298206,45.84443531
87085_3040_00011,rue Léon Tolstoï,11,,CV1405,1565108.25380000,5184215.90579999,1.26320759,45.84474722
87085_3040_00011_bis,rue Léon Tolstoï,11,bis,CV1407,1565112.10000000,5184219.88180000,1.26325598,45.84478374
87085_3040_00012,rue Léon Tolstoï,12,,CV1415,1565097.76370000,5184189.28940000,1.26308004,45.84450574
87085_3040_00014,rue Léon Tolstoï,14,,CV1413,1565103.78160000,5184195.50890000,1.26315575,45.84456286
87085_3042_00006,rue Léon Walras,6,,TN0024,1566454.57830000,5179927.19440000,1.28172779,45.80643029
87085_3042_00007,rue Léon Walras,7,,TN0031,1566468.34650000,5179935.45860000,1.28190260,45.80650730
87085_3042_00009,rue Léon Walras,9,,TN0030,1566490.19650000,5179926.58350000,1.28218611,45.80643170
87085_3042_00010,rue Léon Walras,10,,TN0026,1566512.15110000,5179903.29800000,1.28247496,45.80622650
87085_3042_00013,rue Léon Walras,13,,TN0028,1566539.33090000,5179931.69490000,1.28281668,45.80648722
87085_3042_00014,rue Léon Walras,14,,TN0017,1566606.01770000,5179892.59330000,1.28368529,45.80614840
87085_3042_00015,rue Léon Walras,15,,TN0028,1566557.79270000,5179924.00370000,1.28305628,45.80642161
87085_3055_00001,rue Lesage,1,,DE0372,1564298.60600000,5183313.09660000,1.25304126,45.83646663
87085_3055_00007,rue Lesage,7,,DE0053,1564277.54180000,5183316.94570000,1.25276909,45.83649709
87085_3055_00010,rue Lesage,10,,DE0016,1564270.22750000,5183331.16020000,1.25267094,45.83662352
87085_3055_00011,rue Lesage,11,,DE0052,1564255.39290000,5183320.55040000,1.25248303,45.83652515
87085_3055_00013,rue Lesage,13,,DE0050,1564244.55190000,5183322.54280000,1.25234295,45.83654093
87085_3055_00014,rue Lesage,14,,DE0370,1564252.21290000,5183334.13440000,1.25243826,45.83664672
87085_3055_00015,rue Lesage,15,,DE0046,1564236.56330000,5183323.88770000,1.25223976,45.83655145
87085_3055_00017,rue Lesage,17,,DE0045,1564230.17200000,5183324.89960000,1.25215722,45.83655929
87085_3055_00018,rue Lesage,18,,DE0370,1564233.71380000,5183337.05470000,1.25219937,45.83666933
87085_3055_00021,rue Lesage,21,,DE0320,1564210.65920000,5183328.56050000,1.25190507,45.83658837
87085_3055_00022,rue Lesage,22,,DE0019,1564208.39340000,5183341.32890000,1.25187230,45.83670278
87085_3055_00024,rue Lesage,24,,DE0021,1564197.18000000,5183343.28000000,1.25172744,45.83671812
87085_3055_00029,rue Lesage,29,,DE0426,1564162.09390000,5183336.29460000,1.25127787,45.83664835
87085_3055_00034,rue Lesage,34,,DE0025,1564148.70820000,5183350.82780000,1.25110150,45.83677644
87085_3067_00002,rue les Provinciales,2,,LW0244,1567288.50260000,5187060.42210000,1.29048464,45.87075974
87085_3067_00003,rue les Provinciales,3,,LW0229,1567247.47050000,5187024.02320000,1.28996631,45.87042439
87085_3067_00004,rue les Provinciales,4,,LW0245,1567272.87500000,5187055.28180000,1.29028481,45.87071048
87085_3067_00005,rue les Provinciales,5,,LW0230,1567253.43550000,5187006.53690000,1.29004796,45.87026824
87085_3067_00006,rue les Provinciales,6,,LW0246,1567254.46700000,5187049.12530000,1.29004947,45.87065155
87085_3067_00007,rue les Provinciales,7,,LW0231,1567262.65240000,5186988.07860000,1.29017175,45.87010398
87085_3067_00008,rue les Provinciales,8,,LW0247,1567234.17860000,5187042.47540000,1.28979004,45.87058781
87085_3067_00009,rue les Provinciales,9,,LW0232,1567278.04550000,5186969.46620000,1.29037512,45.86993952
87085_3067_00010,rue les Provinciales,10,,LW0248,1567210.78860000,5187034.41210000,1.28949107,45.87051075
87085_3067_00011,rue les Provinciales,11,,LW0233,1567296.17530000,5186956.22610000,1.29061224,45.86982392
87085_3067_00012,rue les Provinciales,12,,LW0228,1567224.57130000,5187018.80810000,1.28967287,45.87037305
87085_3067_00014,rue les Provinciales,14,,LW0227,1567244.86650000,5187001.59840000,1.28993898,45.87022216
87085_3067_00015,rue les Provinciales,15,,LW0234,1567314.22630000,5186946.70890000,1.29084732,45.86974179
87085_3067_00016,rue les Provinciales,16,,LW0226,1567260.36830000,5186975.46880000,1.29014583,45.86999010
87085_3067_00017,rue les Provinciales,17,,LW0235,1567332.52710000,5186937.12280000,1.29108563,45.86965909
87085_3067_00018,rue les Provinciales,18,,LW0225,1567275.85860000,5186959.25370000,1.29034978,45.86984723
87085_3067_00019,rue les Provinciales,19,,LW0236,1567350.77060000,5186927.58260000,1.29132319,45.86957679
87085_3067_00020,rue les Provinciales,20,,LW0224,1567293.65750000,5186947.06340000,1.29058235,45.86974101
87085_3067_00022,rue les Provinciales,22,,LW0223,1567312.29900000,5186937.47810000,1.29082505,45.86965838
87085_3067_00023,rue les Provinciales,23,,LW0187,1567400.94610000,5186934.05670000,1.29196753,45.86964471
87085_3067_00024,rue les Provinciales,24,,LW0222,1567327.78450000,5186929.39480000,1.29102670,45.86958865
87085_3067_00025,rue les Provinciales,25,,LW0188,1567393.62510000,5186919.82160000,1.29187718,45.86951524
87085_3067_00026,rue les Provinciales,26,,LW0221,1567352.62810000,5186916.51340000,1.29135017,45.86947757
87085_3067_00027,rue les Provinciales,27,,LW0189,1567383.25690000,5186899.30520000,1.29174934,45.86932869
87085_3067_00028,rue les Provinciales,28,,LW0220,1567364.53280000,5186880.74980000,1.29151335,45.86915816
87085_3067_00029,rue les Provinciales,29,,LW0190,1567376.29050000,5186876.58460000,1.29166591,45.86912296
87085_3067_00030,rue les Provinciales,30,,LW0219,1567362.52840000,5186862.81620000,1.29149250,45.86899644
87085_3067_00031,rue les Provinciales,31,,LW0191,1567375.13790000,5186851.42760000,1.29165801,45.86889643
87085_3067_00032,rue les Provinciales,32,,LW0218,1567365.04280000,5186835.47800000,1.29153243,45.86875101
87085_3067_00033,rue les Provinciales,33,,LW0192,1567378.54680000,5186831.99450000,1.29170728,45.86872228
87085_3067_00035,rue les Provinciales,35,,LW0193,1567382.21340000,5186814.89220000,1.29175922,45.86856914
87085_3067_00036,rue les Provinciales,36,,LW0202,1567347.00990000,5186770.55010000,1.29131815,45.86816346
87085_3067_00037,rue les Provinciales,37,,LW0194,1567379.56850000,5186789.46750000,1.29173218,45.86833992
87085_3067_00038,rue les Provinciales,38,,LW0201,1567321.70860000,5186766.48610000,1.29099348,45.86812202
87085_3067_00039,rue les Provinciales,39,,LW0195,1567371.35000000,5186774.91650000,1.29163037,45.86820743
87085_3067_00040,rue les Provinciales,40,,LW0200,1567304.03590000,5186766.14720000,1.29076600,45.86811556
87085_3067_00041,rue les Provinciales,41,,LW0196,1567361.41180000,5186764.56700000,1.29150526,45.86811242
87085_3067_00042,rue les Provinciales,42,,LW0169,1567289.24990000,5186765.92230000,1.29057566,45.86811068
87085_3067_00043,rue les Provinciales,43,,LW0197,1567351.04580000,5186758.40760000,1.29137348,45.86805501
87085_3067_00045,rue les Provinciales,45,,LW0198,1567335.74880000,5186754.70880000,1.29117752,45.86801878
87085_3067_00047,rue les Provinciales,47,,LW0199,1567318.78570000,5186754.31290000,1.29095920,45.86801195
87085_3067_00049,rue les Provinciales,49,,LW0170,1567298.76340000,5186754.08380000,1.29070144,45.86800602
87085_3060_00006,rue Le Sueur,6,,AZ0271,1563187.88270000,5182814.46960000,1.23888886,45.83176113
87085_3060_00007,rue Le Sueur,7,,AZ0389,1563174.87540000,5182816.37530000,1.23872093,45.83177568
87085_3060_00008,rue Le Sueur,8,,AZ0272,1563187.56060000,5182822.81160000,1.23888234,45.83183610
87085_3060_00010,rue Le Sueur,10,,AZ0273,1563187.23330000,5182833.94690000,1.23887496,45.83193621
87085_3060_00011,rue Le Sueur,11,,AZ0388,1563174.41170000,5182835.17000000,1.23870962,45.83194466
87085_3060_00012,rue Le Sueur,12,,AZ0274,1563187.04380000,5182841.11170000,1.23887048,45.83200062
87085_3060_00012_bis,rue Le Sueur,12,bis,AZ0274,1563186.84510000,5182846.35020000,1.23886643,45.83204770
87085_3060_00013,rue Le Sueur,13,,AZ0387,1563174.13340000,5182848.08360000,1.23870236,45.83206077
87085_3060_00014,rue Le Sueur,14,,AZ0849,1563186.21430000,5182855.17470000,1.23885580,45.83212696
87085_3060_00015,rue Le Sueur,15,,AZ0384,1563173.70150000,5182859.57620000,1.23869353,45.83216406
87085_3060_00016,rue Le Sueur,16,,AZ0276,1563185.93820000,5182868.02610000,1.23884859,45.83224251
87085_3060_00017,rue Le Sueur,17,,AZ0383,1563173.39260000,5182870.68800000,1.23868639,45.83226396
87085_3060_00018,rue Le Sueur,18,,AZ0277,1563185.32070000,5182884.87990000,1.23883585,45.83239400
87085_3060_00019,rue Le Sueur,19,,AZ1086,1563173.02530000,5182881.98010000,1.23867845,45.83236546
87085_3060_00020,rue Le Sueur,20,,AZ0278,1563184.86330000,5182894.35410000,1.23882727,45.83247913
87085_3060_00022,rue Le Sueur,22,,AZ0279,1563184.55400000,5182902.47320000,1.23882098,45.83255210
87085_3060_00023,rue Le Sueur,23,,AZ1066,1563172.07670000,5182906.13830000,1.23865937,45.83258259
87085_3060_00024,rue Le Sueur,24,,AZ0280,1563184.25080000,5182910.67510000,1.23881474,45.83262582
87085_3060_00025,rue Le Sueur,25,,AZ0376,1563171.78890000,5182916.41990000,1.23865274,45.83267502
87085_3060_00026,rue Le Sueur,26,,AZ0281,1563183.74960000,5182924.70670000,1.23880430,45.83275195
87085_3060_00027,rue Le Sueur,27,,AZ0375,1563171.28700000,5182927.91310000,1.23864301,45.83277831
87085_3060_00028,rue Le Sueur,28,,AZ0282,1563183.50410000,5182934.51800000,1.23879835,45.83284016
87085_3060_00029,rue Le Sueur,29,,AZ0372,1563170.79130000,5182941.38620000,1.23863280,45.83289941
87085_3060_00030,rue Le Sueur,30,,AZ0283,1563183.15690000,5182942.16450000,1.23879170,45.83290887
87085_3060_00031,rue Le Sueur,31,,AZ0371,1563170.25370000,5182955.86730000,1.23862176,45.83302957
87085_3060_00032,rue Le Sueur,32,,AZ0284,1563182.83250000,5182949.64200000,1.23878540,45.83297607
87085_3060_00033,rue Le Sueur,33,,AZ0368,1563169.62360000,5182970.49900000,1.23860948,45.83316106
87085_3060_00034,rue Le Sueur,34,,AZ0285,1563182.53720000,5182959.48900000,1.23877880,45.83306459
87085_3060_00035,rue Le Sueur,35,,AZ0367,1563169.25320000,5182983.97560000,1.23860088,45.83328222
87085_3060_00036,rue Le Sueur,36,,AZ0286,1563182.15230000,5182971.17520000,1.23877052,45.83316964
87085_3090_00002,rue Lieutenant Ménieux,2,,IN0203,1563583.87410000,5181715.44020000,1.24429640,45.82195341
87085_3090_00004,rue Lieutenant Ménieux,4,,IN0203,1563592.93060000,5181727.37690000,1.24440953,45.82206258
87085_3090_00006,rue Lieutenant Ménieux,6,,IN0203,1563600.36630000,5181742.62800000,1.24450087,45.82220125
87085_3090_00008,rue Lieutenant Ménieux,8,,IN0203,1563603.50470000,5181755.05150000,1.24453773,45.82231362
87085_3090_00010,rue Lieutenant Ménieux,10,,IN0203,1563604.74920000,5181769.26950000,1.24454971,45.82244177
87085_3090_00012,rue Lieutenant Ménieux,12,,IN0203,1563603.00740000,5181788.78340000,1.24452176,45.82261696
87085_3090_00014,rue Lieutenant Ménieux,14,,IN0203,1563600.55430000,5181801.10470000,1.24448671,45.82272731
87085_3090_00016,rue Lieutenant Ménieux,16,,IN0203,1563596.18920000,5181822.41740000,1.24442450,45.82291817
87085_3090_00018,rue Lieutenant Ménieux,18,,IN0203,1563593.64310000,5181834.08730000,1.24438843,45.82302264
87085_3090_00020,rue Lieutenant Ménieux,20,,IN0390,1563590.75490000,5181848.38810000,1.24434721,45.82315071
87085_3090_00022,rue Lieutenant Ménieux,22,,IN0390,1563587.35350000,5181864.10310000,1.24429899,45.82329140
87085_3137_00004,rue Louis Aragon,4,,KY0216,1568264.00720000,5192150.27890000,1.30164889,45.91673385
87085_3137_00006,rue Louis Aragon,6,,KY0217,1568232.96710000,5192131.80940000,1.30125391,45.91656175
87085_3137_00008,rue Louis Aragon,8,,KY0218,1568195.32380000,5192146.01570000,1.30076486,45.91668232
87085_3137_00010,rue Louis Aragon,10,,KY0219,1568180.26110000,5192148.46200000,1.30057005,45.91670143
87085_3137_00012,rue Louis Aragon,12,,KY0232,1568172.83250000,5192139.54630000,1.30047676,45.91661980
87085_3137_00014,rue Louis Aragon,14,,KY0221,1568175.61660000,5192127.32810000,1.30051601,45.91651043
87085_3137_00016,rue Louis Aragon,16,,KY0222,1568189.89340000,5192125.92410000,1.30070039,45.91650054
87085_3137_00018,rue Louis Aragon,18,,KY0223,1568213.89460000,5192127.02340000,1.30100942,45.91651503
87085_3137_00020,rue Louis Aragon,20,,KY0224,1568236.02010000,5192125.11460000,1.30129510,45.91650211
87085_3137_00022,rue Louis Aragon,22,,KY0225,1568258.37530000,5192105.87100000,1.30158851,45.91633329
87085_3137_00024,rue Louis Aragon,24,,KY0226,1568264.20380000,5192104.80880000,1.30166392,45.91632485
87085_3137_00026,rue Louis Aragon,26,,KY0227,1568265.84790000,5192114.61490000,1.30168241,45.91641338
87085_3137_00028,rue Louis Aragon,28,,KY0228,1568272.78280000,5192134.67320000,1.30176628,45.91659515
87085_3140_00001,rue Louis Ardant,1,,CV1529,1565435.71410000,5184244.44770000,1.26741447,45.84506814
87085_3140_00003,rue Louis Ardant,3,,CV0217,1565427.09840000,5184255.31310000,1.26730053,45.84516419
87085_3140_00004,rue Louis Ardant,4,,CT0549,1565433.42670000,5184266.21550000,1.26737893,45.84526351
87085_3140_00005,rue Louis Ardant,5,,CV0216,1565418.43340000,5184265.19310000,1.26718623,45.84525138
87085_3140_00006,rue Louis Ardant,6,,CT0550,1565426.82790000,5184273.80790000,1.26729187,45.84533051
87085_3140_00007,rue Louis Ardant,7,,CV0215,1565411.04180000,5184273.77860000,1.26708868,45.84532716
87085_3140_00008,rue Louis Ardant,8,,CT0551,1565419.82600000,5184282.22990000,1.26719938,45.84540490
87085_3140_00009,rue Louis Ardant,9,,CV0214,1565403.33890000,5184282.40970000,1.26698712,45.84540329
87085_3140_00010,rue Louis Ardant,10,,CT0767,1565413.25290000,5184289.96480000,1.26711261,45.84547320
87085_3140_00011,rue Louis Ardant,11,,CV0212,1565393.10450000,5184294.06990000,1.26685212,45.84550618
87085_3140_00012,rue Louis Ardant,12,,CT0552,1565405.13370000,5184299.24660000,1.26700550,45.84555510
87085_3140_00014,rue Louis Ardant,14,,CT0832,1565397.69340000,5184307.82600000,1.26690733,45.84563082
87085_3140_00016,rue Louis Ardant,16,,CT0554,1565393.84320000,5184319.83380000,1.26685441,45.84573809
87085_3143_00012,rue Louis Armstrong,12,,ST0042,1567352.27510000,5184925.27970000,1.29189561,45.85156509
87085_3143_00021,rue Louis Armstrong,21,,ST0045,1567317.49590000,5184949.14020000,1.29144130,45.85177302
87085_3143_00029,rue Louis Armstrong,29,,ST0045,1567212.30920000,5184895.55040000,1.29010204,45.85127064
87085_0692_00002,rue Louis Braille,2,,NS0061,1563704.31200000,5181512.60680000,1.24590344,45.82015268
87085_0692_00005,rue Louis Braille,5,,NS0061,1563690.83020000,5181528.41770000,1.24572550,45.82029223
87085_0692_00008,rue Louis Braille,8,,NS0061,1563691.76720000,5181516.52280000,1.24574093,45.82018542
87085_0692_00017,rue Louis Braille,17,,NS0061,1563760.71240000,5181478.23290000,1.24663880,45.81985464
87085_0692_00019,rue Louis Braille,19,,NS0061,1563761.16100000,5181463.31040000,1.24664880,45.81972049
87085_0692_00021,rue Louis Braille,21,,NS0061,1563761.55770000,5181446.92840000,1.24665854,45.81957320
87085_0692_00023,rue Louis Braille,23,,NS0061,1563761.59200000,5181428.84700000,1.24666411,45.81941056
87085_0725_00001,rue Louis Bréguet,1,,BM0109,1563675.34480000,5184375.00920000,1.24471904,45.84589583
87085_0725_00007,rue Louis Bréguet,7,,BM0178,1563675.27340000,5184411.92120000,1.24470765,45.84622786
87085_0725_00013,rue Louis Bréguet,13,,BM0107,1563675.18680000,5184422.81460000,1.24470345,45.84632584
87085_0725_00015,rue Louis Bréguet,15,,BM0014,1563675.28300000,5184434.63200000,1.24470133,45.84643216
87085_0725_00017,rue Louis Bréguet,17,,BM0013,1563675.38640000,5184447.35030000,1.24469905,45.84654659
87085_0725_00021,rue Louis Bréguet,21,,BM0100,1563675.40780000,5184473.33930000,1.24469196,45.84678038
87085_0725_00031,rue Louis Bréguet,31,,BM0008,1563675.61130000,5184512.38000000,1.24468350,45.84713161
87085_0725_00033,rue Louis Bréguet,33,,BM0007,1563675.52600000,5184526.21730000,1.24467847,45.84725607
87085_3166_00001,rue Louise Michel,1,,SZ0008,1566621.71540000,5181093.65600000,1.28355422,45.81695581
87085_3166_00002,rue Louise Michel,2,,SZ0008,1566628.82780000,5181077.16270000,1.28365030,45.81680882
87085_3166_00003,rue Louise Michel,3,,SZ0008,1566644.25840000,5181092.38900000,1.28384459,45.81694879
87085_3166_00004,rue Louise Michel,4,,SZ0008,1566635.70690000,5181076.53790000,1.28373897,45.81680454
87085_3166_00005,rue Louise Michel,5,,SZ0008,1566658.16960000,5181092.47730000,1.28402354,45.81695228
87085_3166_00006,rue Louise Michel,6,,SZ0008,1566653.68040000,5181081.72100000,1.28396876,45.81685465
87085_3166_00007,rue Louise Michel,7,,SZ0008,1566672.01450000,5181080.36060000,1.28420501,45.81684596
87085_3166_00008,rue Louise Michel,8,,SZ0008,1566669.00780000,5181066.81000000,1.28417008,45.81672348
87085_3166_00010,rue Louise Michel,10,,SZ0008,1566676.25490000,5181053.91760000,1.28426689,45.81660891
87085_3166_00012,rue Louise Michel,12,,SZ0008,1566682.40950000,5181032.57150000,1.28435199,45.81641808
87085_3166_00014,rue Louise Michel,14,,SZ0008,1566671.86510000,5181017.68510000,1.28422046,45.81628213
87085_3166_00016,rue Louise Michel,16,,SZ0008,1566665.90810000,5181011.12580000,1.28414564,45.81622197
87085_3166_00018,rue Louise Michel,18,,SZ0008,1566669.68470000,5181003.54780000,1.28419633,45.81615453
87085_3166_00020,rue Louise Michel,20,,SZ0008,1566678.04630000,5180996.42740000,1.28430587,45.81609210
87085_3170_00002,rue Louis Guibert,2,,IL0112,1563849.60760000,5182447.07400000,1.24750818,45.82858752
87085_3170_00003,rue Louis Guibert,3,,IL0128,1563836.34710000,5182479.67560000,1.24732832,45.82887816
87085_3170_00004,rue Louis Guibert,4,,IL0113,1563849.27950000,5182465.54180000,1.24749873,45.82875358
87085_3170_00005,rue Louis Guibert,5,,IL0125,1563836.00120000,5182491.24140000,1.24732059,45.82898213
87085_3170_00006,rue Louis Guibert,6,,IL0114,1563849.02260000,5182472.98320000,1.24749332,45.82882047
87085_3170_00007,rue Louis Guibert,7,,IL0124,1563835.69580000,5182501.13710000,1.24731386,45.82907109
87085_3170_00008,rue Louis Guibert,8,,IL0115,1563848.88960000,5182481.00730000,1.24748934,45.82889262
87085_3170_00010,rue Louis Guibert,10,,IL0116,1563848.70410000,5182489.26070000,1.24748461,45.82896683
87085_3170_00012,rue Louis Guibert,12,,IL0118,1563848.44520000,5182500.40190000,1.24747813,45.82906700
87085_3170_00014,rue Louis Guibert,14,,IL0175,1563847.80200000,5182529.27820000,1.24746167,45.82932663
87085_3180_00002,rue Louis Loucheur,2,,OO0122,1561491.50200000,5182119.52590000,1.21725968,45.82517021
87085_3180_00003,rue Louis Loucheur,3,,OO0124,1561482.36450000,5182102.37760000,1.21714705,45.82501411
87085_3180_00004,rue Louis Loucheur,4,,OO0121,1561477.89050000,5182114.70510000,1.21708593,45.82512410
87085_3180_00005,rue Louis Loucheur,5,,OO0125,1561471.14080000,5182098.20600000,1.21700384,45.82497433
87085_3180_00006,rue Louis Loucheur,6,,OO0120,1561466.30150000,5182110.18980000,1.21693812,45.82508115
87085_3180_00007,rue Louis Loucheur,7,,OO0126,1561458.65890000,5182092.99860000,1.21684474,45.82492497
87085_3180_00008,rue Louis Loucheur,8,,OO0119,1561453.95740000,5182105.19230000,1.21678073,45.82503371
87085_3180_00009,rue Louis Loucheur,9,,OO0127,1561447.92000000,5182088.25130000,1.21670793,45.82488010
87085_3180_00010,rue Louis Loucheur,10,,OO0115,1561442.47540000,5182100.29150000,1.21663441,45.82498731
87085_3180_00011,rue Louis Loucheur,11,,OO0128,1561435.34250000,5182083.04630000,1.21654760,45.82483075
87085_3180_00012,rue Louis Loucheur,12,,OO0114,1561430.52240000,5182095.20880000,1.21648208,45.82493918
87085_3180_00013,rue Louis Loucheur,13,,OO0129,1561424.51060000,5182078.39710000,1.21640957,45.82478674
87085_3180_00014,rue Louis Loucheur,14,,OO0111,1561419.36980000,5182090.18210000,1.21634003,45.82489172
87085_3180_00015,rue Louis Loucheur,15,,OO0130,1561412.72000000,5182073.34990000,1.21625932,45.82473896
87085_3180_00016,rue Louis Loucheur,16,,OO0110,1561407.83810000,5182085.03890000,1.21619314,45.82484313
87085_3180_00017,rue Louis Loucheur,17,,OO0131,1561402.00090000,5182068.31840000,1.21612285,45.82469154
87085_3180_00018,rue Louis Loucheur,18,,OO0107,1561395.39850000,5182079.56180000,1.21603466,45.82479135
87085_3180_00020,rue Louis Loucheur,20,,OO0106,1561382.17150000,5182072.68590000,1.21586646,45.82472683
87085_3185_00002,rue Louvrier de Lajolais,2,,DM0076,1564439.10260000,5182849.84790000,1.25498001,45.83232715
87085_3185_00003,rue Louvrier de Lajolais,3,,DM0083,1564429.04230000,5182826.02580000,1.25485726,45.83211087
87085_3185_00004,rue Louvrier de Lajolais,4,,DM0081,1564424.66120000,5182838.79690000,1.25479728,45.83222489
87085_3185_00006,rue Louvrier de Lajolais,6,,DM0080,1564413.15930000,5182829.59900000,1.25465187,45.83213988
87085_3185_00007,rue Louvrier de Lajolais,7,,DM0085,1564414.48860000,5182814.42150000,1.25467325,45.83200361
87085_3185_00008,rue Louvrier de Lajolais,8,,DM0034,1564390.92590000,5182811.80470000,1.25437078,45.83197543
87085_3185_00009,rue Louvrier de Lajolais,9,,DM0139,1564400.78990000,5182803.78060000,1.25449997,45.83190519
87085_3185_00011,rue Louvrier de Lajolais,11,,DM0139,1564389.93080000,5182795.29990000,1.25436263,45.83182676
87085_3185_00013,rue Louvrier de Lajolais,13,,DM0088,1564383.05760000,5182789.81560000,1.25427573,45.83177607
87085_3188_00002,rue Lucie Aubrac,2,,PS0074,1560438.17960000,5183977.99280000,1.20316742,45.84167503
87085_3188_00006,rue Lucie Aubrac,6,,PS0076,1560476.28590000,5183993.35050000,1.20365341,45.84182091
87085_3188_00008,rue Lucie Aubrac,8,,PS0077,1560494.57220000,5183951.16800000,1.20390101,45.84144517
87085_3188_00010,rue Lucie Aubrac,10,,PS0078,1560498.11890000,5183936.93310000,1.20395079,45.84131784
87085_3188_00010_b,rue Lucie Aubrac,10,b,PS0079,1560499.98820000,5183931.62150000,1.20397639,45.84127044
87085_3188_00012,rue Lucie Aubrac,12,,PS0080,1560505.46560000,5183914.41600000,1.20405188,45.84111678
87085_3188_00014,rue Lucie Aubrac,14,,PS0138,1560501.64000000,5183888.74060000,1.20401009,45.84088505
87085_3188_00016,rue Lucie Aubrac,16,,PS0137,1560504.99590000,5183875.73180000,1.20405706,45.84076871
87085_3188_00018,rue Lucie Aubrac,18,,PS0136,1560518.23690000,5183874.94970000,1.20422770,45.84076436
87085_3188_00020,rue Lucie Aubrac,20,,PS0084,1560531.28370000,5183883.52770000,1.20439313,45.84084417
87085_3188_00022,rue Lucie Aubrac,22,,PS0085,1560528.56910000,5183894.71820000,1.20435494,45.84094428
87085_3188_00024,rue Lucie Aubrac,24,,PS0086,1560514.38020000,5183915.17940000,1.20416639,45.84112546
87085_3188_00026,rue Lucie Aubrac,26,,PS0087,1560510.15700000,5183935.47040000,1.20410615,45.84130713
87085_3188_00028,rue Lucie Aubrac,28,,PS0088,1560503.67780000,5183956.09620000,1.20401677,45.84149135
87085_3188_00030,rue Lucie Aubrac,30,,PS0089,1560500.74670000,5183982.23210000,1.20397146,45.84172586
87085_3192_00001,rue Lucien Bossoutrot,1,,ET0117,1566140.76860000,5181597.02150000,1.27722675,45.82139049
87085_3192_00002,rue Lucien Bossoutrot,2,,ET0159,1566131.64880000,5181590.22510000,1.27711131,45.82132758
87085_3192_00003,rue Lucien Bossoutrot,3,,ET0118,1566154.00880000,5181582.83630000,1.27740105,45.82126547
87085_3192_00004,rue Lucien Bossoutrot,4,,ET0158,1566143.11300000,5181577.33270000,1.27726240,45.82121384
87085_3192_00005,rue Lucien Bossoutrot,5,,ET0151,1566165.45230000,5181567.93660000,1.27755243,45.82113366
87085_3192_00006,rue Lucien Bossoutrot,6,,ET0157,1566155.38510000,5181562.05140000,1.27742454,45.82107876
87085_3192_00007,rue Lucien Bossoutrot,7,,ET0152,1566173.20020000,5181556.12850000,1.27765540,45.82102895
87085_3192_00008,rue Lucien Bossoutrot,8,,ET0156,1566166.28950000,5181546.07610000,1.27756928,45.82093717
87085_3192_00009,rue Lucien Bossoutrot,9,,ET0152,1566180.70300000,5181544.89830000,1.27775505,45.82092938
87085_3192_00011,rue Lucien Bossoutrot,11,,ET0153,1566188.70550000,5181531.12340000,1.27786184,45.82080703
87085_3192_00012,rue Lucien Bossoutrot,12,,ET0155,1566177.96550000,5181526.83760000,1.27772486,45.82076638
87085_3192_00014,rue Lucien Bossoutrot,14,,ET0154,1566185.85640000,5181511.03940000,1.27783078,45.82062580
87085_3198_00002,rue Lucien Fontanarosa,2,,RS0160,1561537.49440000,5185186.42400000,1.21696791,45.85276768
87085_3198_00004,rue Lucien Fontanarosa,4,,RS0159,1561543.54770000,5185205.08690000,1.21704046,45.85293678
87085_3198_00005,rue Lucien Fontanarosa,5,,RS0113,1561531.27040000,5185213.13950000,1.21688009,45.85300675
87085_3198_00006,rue Lucien Fontanarosa,6,,RS0158,1561552.08120000,5185228.65780000,1.21714352,45.85315053
87085_3198_00007,rue Lucien Fontanarosa,7,,RS0114,1561537.65190000,5185232.17940000,1.21695675,45.85317931
87085_3198_00008,rue Lucien Fontanarosa,8,,RS0157,1561574.72580000,5185245.24750000,1.21743025,45.85330433
87085_3198_00009,rue Lucien Fontanarosa,9,,RS0115,1561551.53250000,5185246.13060000,1.21713142,45.85330760
87085_3198_00010,rue Lucien Fontanarosa,10,,RS0156,1561596.52080000,5185229.56430000,1.21771534,45.85316764
87085_3198_00011,rue Lucien Fontanarosa,11,,RS0116,1561567.46530000,5185257.02320000,1.21733339,45.85340879
87085_3198_00012,rue Lucien Fontanarosa,12,,RS0155,1561600.25330000,5185238.04980000,1.21776094,45.85324472
87085_3198_00014,rue Lucien Fontanarosa,14,,RS0154,1561604.13360000,5185265.07670000,1.21780311,45.85348862
87085_3198_00015,rue Lucien Fontanarosa,15,,RS0117,1561583.52260000,5185267.93940000,1.21753695,45.85351022
87085_3198_00016,rue Lucien Fontanarosa,16,,RS0153,1561631.56780000,5185265.72710000,1.21815608,45.85349999
87085_3198_00017,rue Lucien Fontanarosa,17,,RS0118,1561601.14970000,5185278.95140000,1.21776070,45.85361283
87085_3198_00018,rue Lucien Fontanarosa,18,,RS0211,1561650.26120000,5185264.12480000,1.21839719,45.85348934
87085_3198_00019,rue Lucien Fontanarosa,19,,RS0119,1561619.58360000,5185281.80070000,1.21799718,45.85364217
87085_3198_00020,rue Lucien Fontanarosa,20,,RS0151,1561668.21990000,5185270.36950000,1.21862658,45.85354913
87085_3198_00022,rue Lucien Fontanarosa,22,,RS0150,1561684.77350000,5185279.71570000,1.21883699,45.85363653
87085_3198_00023,rue Lucien Fontanarosa,23,,RS0121,1561638.80810000,5185279.06820000,1.21824545,45.85362146
87085_3198_00024,rue Lucien Fontanarosa,24,,RS0149,1561700.35750000,5185288.16600000,1.21903517,45.85371568
87085_3198_00025,rue Lucien Fontanarosa,25,,RS0122,1561664.00320000,5185280.91970000,1.21856926,45.85364318
87085_3198_00027,rue Lucien Fontanarosa,27,,RS0123,1561682.72700000,5185291.63140000,1.21880721,45.85374331
87085_3198_00029,rue Lucien Fontanarosa,29,,RS0124,1561702.43440000,5185302.64770000,1.21905774,45.85384637
87085_3199_00001,rue Lucienne Delyle,1,,LY0178,1566786.52340000,5187628.70270000,1.28386272,45.87577465
87085_3199_00003,rue Lucienne Delyle,3,,LY0177,1566796.51860000,5187640.17010000,1.28398826,45.87587974
87085_3199_00004,rue Lucienne Delyle,4,,LY0179,1566806.94470000,5187630.80620000,1.28412513,45.87579753
87085_3199_00008,rue Lucienne Delyle,8,,LY0180,1566828.66090000,5187655.60880000,1.28439792,45.87602485
87085_3199_00009,rue Lucienne Delyle,9,,LY0176,1566833.25340000,5187683.03970000,1.28444946,45.87627250
87085_3199_00010,rue Lucienne Delyle,10,,LY0181,1566839.54260000,5187667.97650000,1.28453463,45.87613822
87085_3199_00011,rue Lucienne Delyle,11,,LY0244,1566841.80220000,5187692.83770000,1.28455684,45.87636230
87085_3199_00011_bis,rue Lucienne Delyle,11,bis,LY0245,1566850.02860000,5187702.60430000,1.28466007,45.87645175
87085_3199_00012,rue Lucienne Delyle,12,,LY0182,1566850.65860000,5187681.61070000,1.28467401,45.87626302
87085_3199_00014,rue Lucienne Delyle,14,,LY0074,1566871.82630000,5187697.74360000,1.28494215,45.87641225
87085_3199_00015,rue Lucienne Delyle,15,,LY0249,1566855.67030000,5187709.59070000,1.28473079,45.87651569
87085_3199_00015_bis,rue Lucienne Delyle,15,bis,LY0250,1566862.38770000,5187719.36700000,1.28481460,45.87660493
87085_3199_00016,rue Lucienne Delyle,16,,LY0258,1566887.51780000,5187728.26830000,1.28513577,45.87668987
87085_3199_00017,rue Lucienne Delyle,17,,LY0251,1566864.53900000,5187723.87380000,1.28484105,45.87664589
87085_3199_00017_bis,rue Lucienne Delyle,17,bis,LY0252,1566867.79560000,5187734.30730000,1.28488010,45.87674038
87085_3199_00018,rue Lucienne Delyle,18,,LY0256,1566887.76190000,5187751.61610000,1.28513244,45.87689995
87085_3199_00019,rue Lucienne Delyle,19,,LY0254,1566869.62930000,5187740.44880000,1.28490201,45.87679598
87085_3199_00019_bis,rue Lucienne Delyle,19,bis,LY0255,1566873.42750000,5187751.98850000,1.28494773,45.87690052
87085_3199_00020,rue Lucienne Delyle,20,,LY0108,1566898.83990000,5187774.03230000,1.28526890,45.87710374
87085_3199_00021,rue Lucienne Delyle,21,,LY0098,1566877.97700000,5187763.47510000,1.28500313,45.87700473
87085_3199_00022,rue Lucienne Delyle,22,,LY0107,1566908.68550000,5187786.41740000,1.28539226,45.87721706
87085_3199_00023,rue Lucienne Delyle,23,,LY0099,1566888.07350000,5187779.50780000,1.28512872,45.87715091
87085_3199_00024,rue Lucienne Delyle,24,,LY0106,1566919.59830000,5187799.96420000,1.28552905,45.87734103
87085_3199_00025,rue Lucienne Delyle,25,,LY0100,1566900.48870000,5187794.85990000,1.28528436,45.87729142
87085_3199_00026,rue Lucienne Delyle,26,,LY0105,1566931.78200000,5187814.00090000,1.28568208,45.87746966
87085_3199_00027,rue Lucienne Delyle,27,,LY0101,1566913.01200000,5187810.09550000,1.28544142,45.87743090
87085_3199_00028,rue Lucienne Delyle,28,,LY0104,1566948.57010000,5187831.41340000,1.28589346,45.87762955
87085_3199_00029,rue Lucienne Delyle,29,,LY0102,1566924.78760000,5187824.58710000,1.28558906,45.87756354
87085_3199_00031,rue Lucienne Delyle,31,,LY0103,1566940.35490000,5187840.96250000,1.28578501,45.87771386
87085_3193_00002,rue Lucien Rougerie,2,,ET0143,1566194.44960000,5181699.78650000,1.27788882,45.82232538
87085_3193_00003,rue Lucien Rougerie,3,,ET0144,1566200.29350000,5181682.81570000,1.27796873,45.82217385
87085_3193_00004,rue Lucien Rougerie,4,,ET0141,1566182.15040000,5181680.37830000,1.27773598,45.82214839
87085_3193_00005,rue Lucien Rougerie,5,,ET0145,1566191.62820000,5181673.21390000,1.27785991,45.82208579
87085_3193_00006,rue Lucien Rougerie,6,,ET0087,1566167.66560000,5181665.23990000,1.27755383,45.82200940
87085_3193_00007,rue Lucien Rougerie,7,,ET0114,1566170.22600000,5181650.64240000,1.27759083,45.82187858
87085_3193_00008,rue Lucien Rougerie,8,,ET0086,1566153.32980000,5181650.25290000,1.27737355,45.82187179
87085_3193_00009,rue Lucien Rougerie,9,,ET0115,1566160.14520000,5181639.71520000,1.27746417,45.82177832
87085_3193_00010,rue Lucien Rougerie,10,,ET0085,1566140.57700000,5181636.91080000,1.27721318,45.82174929
87085_3193_00011,rue Lucien Rougerie,11,,ET0116,1566149.42770000,5181628.25050000,1.27732947,45.82167310
87085_3193_00014,rue Lucien Rougerie,14,,ET0083,1566111.44750000,5181609.49600000,1.27684603,45.82149700
87085_3193_00015,rue Lucien Rougerie,15,,ET0159,1566110.43050000,5181589.91820000,1.27683840,45.82132069
87085_3193_00016,rue Lucien Rougerie,16,,ET0082,1566094.03250000,5181595.91220000,1.27662575,45.82137142
87085_2395_00001,rue Ludovic Halévy,1,,BV0315,1564832.87200000,5185426.32860000,1.25932251,45.85558158
87085_2395_00003,rue Ludovic Halévy,3,,BV0314,1564834.68090000,5185432.92100000,1.25934394,45.85564124
87085_2395_00005,rue Ludovic Halévy,5,,BV0313,1564833.49680000,5185446.00830000,1.25932502,45.85575874
87085_2395_00007,rue Ludovic Halévy,7,,BV0312,1564829.35110000,5185456.89670000,1.25926858,45.85585587
87085_2395_00009,rue Ludovic Halévy,9,,BV0215,1564744.99750000,5185685.23400000,1.25811832,45.85789330
87085_2395_00011,rue Ludovic Halévy,11,,BV0213,1564738.34060000,5185703.56530000,1.25802745,45.85805689
87085_2395_00013,rue Ludovic Halévy,13,,BV0212,1564733.21860000,5185717.73410000,1.25795752,45.85818334
87085_2395_00019,rue Ludovic Halévy,19,,BV0137,1564703.83510000,5185798.61030000,1.25755644,45.85890508
87085_2395_00021,rue Ludovic Halévy,21,,BV0136,1564684.41300000,5185818.21260000,1.25730087,45.85907759
87085_2395_00023,rue Ludovic Halévy,23,,BV0135,1564667.39020000,5185831.31290000,1.25707801,45.85919209
87085_2395_00025,rue Ludovic Halévy,25,,BV0134,1564651.78670000,5185841.52930000,1.25687424,45.85928092
87085_2395_00027,rue Ludovic Halévy,27,,BV0133,1564637.52430000,5185847.64970000,1.25668889,45.85933316
87085_2395_00029,rue Ludovic Halévy,29,,BV0132,1564621.83350000,5185852.54910000,1.25648550,45.85937415
87085_2395_00031,rue Ludovic Halévy,31,,BV0131,1564608.61610000,5185856.21800000,1.25631429,45.85940455
87085_2395_00033,rue Ludovic Halévy,33,,BV0130,1564593.34810000,5185860.94220000,1.25611639,45.85944404
87085_2395_00035,rue Ludovic Halévy,35,,BV0129,1564578.51330000,5185865.32090000,1.25592416,45.85948050
87085_2395_00037,rue Ludovic Halévy,37,,BV0126,1564562.95240000,5185867.97570000,1.25572307,45.85950132
87085_2395_00039,rue Ludovic Halévy,39,,BV0124,1564550.35130000,5185867.74310000,1.25556090,45.85949674
87085_2395_00041,rue Ludovic Halévy,41,,BV0123,1564535.24050000,5185866.33400000,1.25536675,45.85948109
87085_2395_00043,rue Ludovic Halévy,43,,BV0120,1564521.99110000,5185863.43380000,1.25519698,45.85945239
87085_2395_00045,rue Ludovic Halévy,45,,BV0119,1564506.79890000,5185858.76600000,1.25500271,45.85940741
87085_2395_00047,rue Ludovic Halévy,47,,BV0117,1564493.88070000,5185854.56310000,1.25483757,45.85936705
87085_3195_00015,rue Lulli,15,,NS0051,1563693.05460000,5181270.82360000,1.24582712,45.81797547
87085_3195_00017,rue Lulli,17,,NS0051,1563691.44310000,5181236.19930000,1.24581620,45.81766368
87085_4885_00001,rue Madame de Sévigné,1,,BR0464,1564426.11330000,5184619.00080000,1.25431380,45.84823912
87085_4885_00002,rue Madame de Sévigné,2,,BR0465,1564424.64670000,5184632.39870000,1.25429114,45.84835936
87085_4885_00003,rue Madame de Sévigné,3,,BR0463,1564413.19710000,5184611.46830000,1.25414966,45.84816882
87085_4885_00004,rue Madame de Sévigné,4,,BR0466,1564414.66840000,5184626.77460000,1.25416428,45.84830680
87085_4885_00005,rue Madame de Sévigné,5,,BR0462,1564404.75950000,5184606.77730000,1.25404238,45.84812496
87085_4885_00006,rue Madame de Sévigné,6,,BR0467,1564404.58490000,5184621.34700000,1.25403602,45.84825598
87085_4885_00007,rue Madame de Sévigné,7,,BR0461,1564397.67200000,5184602.95140000,1.25395222,45.84808914
87085_4885_00008,rue Madame de Sévigné,8,,BR0468,1564395.88180000,5184616.34870000,1.25392540,45.84820930
87085_4885_00009,rue Madame de Sévigné,9,,BR0460,1564387.58550000,5184597.14700000,1.25382403,45.84803494
87085_4885_00010,rue Madame de Sévigné,10,,BR0469,1564385.82300000,5184610.72230000,1.25379751,45.84815671
87085_4885_00011,rue Madame de Sévigné,11,,BR0459,1564376.54970000,5184590.91220000,1.25368373,45.84797668
87085_4885_00012,rue Madame de Sévigné,12,,BR0470,1564377.56110000,5184606.15980000,1.25369245,45.84811404
87085_4885_00013,rue Madame de Sévigné,13,,BR0458,1564366.59410000,5184585.48120000,1.25355712,45.84792586
87085_4885_00014,rue Madame de Sévigné,14,,BR0471,1564370.13590000,5184601.86680000,1.25359808,45.84807395
87085_4885_00015,rue Madame de Sévigné,15,,BR0457,1564357.42710000,5184580.15860000,1.25344062,45.84787617
87085_4885_00016,rue Madame de Sévigné,16,,BR0472,1564361.01090000,5184596.78390000,1.25348206,45.84802643
87085_4885_00017,rue Madame de Sévigné,17,,BR0456,1564348.58730000,5184575.27020000,1.25332822,45.84783045
87085_4885_00018,rue Madame de Sévigné,18,,BR0473,1564352.91690000,5184592.23190000,1.25337916,45.84798389
87085_4885_00019,rue Madame de Sévigné,19,,BR0455,1564339.70650000,5184570.27340000,1.25321531,45.84778375
87085_4885_00020,rue Madame de Sévigné,20,,BR0474,1564343.10250000,5184586.98200000,1.25325431,45.84793472
87085_4885_00021,rue Madame de Sévigné,21,,BR0454,1564332.48940000,5184566.27240000,1.25312354,45.84774633
87085_4885_00022,rue Madame de Sévigné,22,,BR0475,1564335.42400000,5184582.54300000,1.25315672,45.84789328
87085_4885_00022_bis,rue Madame de Sévigné,22,bis,BR0476,1564329.82590000,5184579.33980000,1.25308557,45.84786336
87085_4885_00023,rue Madame de Sévigné,23,,BR0453,1564325.91680000,5184562.60610000,1.25303998,45.84771206
87085_4885_00024,rue Madame de Sévigné,24,,BR0477,1564325.63740000,5184576.88300000,1.25303235,45.84784043
87085_4885_00025,rue Madame de Sévigné,25,,BR0452,1564315.79470000,5184557.18070000,1.25291122,45.84766125
87085_4885_00026,rue Madame de Sévigné,26,,BR0478,1564319.74700000,5184573.71610000,1.25295742,45.84781078
87085_4885_00027,rue Madame de Sévigné,27,,BR0451,1564306.01180000,5184551.44880000,1.25278691,45.84760776
87085_4885_00028,rue Madame de Sévigné,28,,BR0479,1564309.71750000,5184568.01250000,1.25282993,45.84775749
87085_4885_00029,rue Madame de Sévigné,29,,BR0450,1564295.68310000,5184545.76260000,1.25265556,45.84755457
87085_4885_00030,rue Madame de Sévigné,30,,BR0480,1564300.76110000,5184563.04250000,1.25271605,45.84771102
87085_4885_00031,rue Madame de Sévigné,31,,BR0449,1564288.69070000,5184541.80350000,1.25256668,45.84751758
87085_4885_00032,rue Madame de Sévigné,32,,BR0481,1564289.66490000,5184557.08640000,1.25257490,45.84765525
87085_4885_00033,rue Madame de Sévigné,33,,BR0448,1564280.96910000,5184537.47910000,1.25246851,45.84747715
87085_4885_00034,rue Madame de Sévigné,34,,BR0482,1564280.58040000,5184551.61310000,1.25245951,45.84760422
87085_4885_00035,rue Madame de Sévigné,35,,BR0447,1564268.60410000,5184530.60640000,1.25231129,45.84741289
87085_4885_00036,rue Madame de Sévigné,36,,BR0483,1564270.79960000,5184546.44750000,1.25233507,45.84755582
87085_4885_00037,rue Madame de Sévigné,37,,BR0446,1564255.87240000,5184523.54800000,1.25214940,45.84734688
87085_4885_00038,rue Madame de Sévigné,38,,BR0484,1564261.64540000,5184541.23410000,1.25221871,45.84750712
87085_4885_00039,rue Madame de Sévigné,39,,BR0444,1564246.63980000,5184518.46090000,1.25203199,45.84729930
87085_4885_00040,rue Madame de Sévigné,40,,BR0709,1564252.07680000,5184535.59540000,1.25209714,45.84745451
87085_4885_00042,rue Madame de Sévigné,42,,BR0710,1564244.11240000,5184531.24410000,1.25199585,45.84741379
87085_3201_00002,rue Madeleine Renaud,2,,PP0044,1560185.82510000,5184562.37450000,1.19974948,45.84688053
87085_3201_00003,rue Madeleine Renaud,3,,PP0049,1560241.20750000,5184541.01700000,1.20046856,45.84669967
87085_3201_00004,rue Madeleine Renaud,4,,PP0045,1560206.23100000,5184548.46400000,1.20001619,45.84675955
87085_3201_00005,rue Madeleine Renaud,5,,PP0080,1560244.43830000,5184581.25670000,1.20049844,45.84706230
87085_3201_00006,rue Madeleine Renaud,6,,PP0046,1560224.13470000,5184536.31610000,1.20025017,45.84665391
87085_3201_00007,rue Madeleine Renaud,7,,PP0052,1560229.25980000,5184615.43950000,1.20029312,45.84736670
87085_3201_00008,rue Madeleine Renaud,8,,PP0047,1560242.43030000,5184524.74580000,1.20048903,45.84655355
87085_3201_00010,rue Madeleine Renaud,10,,PP0048,1560257.47940000,5184518.62230000,1.20068451,45.84650153
87085_3201_00012,rue Madeleine Renaud,12,,PP0054,1560253.81310000,5184548.64510000,1.20062859,45.84677085
87085_3201_00014,rue Madeleine Renaud,14,,PP0055,1560251.36720000,5184574.79480000,1.20058950,45.84700558
87085_3201_00016,rue Madeleine Renaud,16,,PP0056,1560249.30610000,5184598.42650000,1.20055610,45.84721774
87085_3201_00018,rue Madeleine Renaud,18,,PP0057,1560242.63930000,5184615.13670000,1.20046543,45.84736670
87085_3201_00020,rue Madeleine Renaud,20,,PP0058,1560232.33160000,5184622.02690000,1.20033074,45.84742658
87085_3200_00004,rue Magellan,4,,BR0205,1564896.61170000,5184381.32240000,1.26043696,45.84619369
87085_3200_00005,rue Magellan,5,,BR0706,1564879.78420000,5184380.05240000,1.26022072,45.84617896
87085_3228_00003,rue Major Labordère,3,,BE0295,1564082.08730000,5183696.18550000,1.25014646,45.83986996
87085_3228_00005,rue Major Labordère,5,,BE0293,1564080.81120000,5183702.80540000,1.25012816,45.83992926
87085_3228_00006,rue Major Labordère,6,,BE0269,1564094.48010000,5183699.66300000,1.25030497,45.83990370
87085_3228_00007,rue Major Labordère,7,,BE0292,1564079.00680000,5183712.07940000,1.25010232,45.84001233
87085_3228_00008,rue Major Labordère,8,,BE0270,1564092.50260000,5183711.00830000,1.25027631,45.84000536
87085_3228_00009,rue Major Labordère,9,,BE0291,1564077.55620000,5183720.06360000,1.25008139,45.84008387
87085_3228_00010,rue Major Labordère,10,,BE0271,1564090.62910000,5183720.27430000,1.25024958,45.84008834
87085_3228_00011,rue Major Labordère,11,,BE0290,1564076.07080000,5183727.31170000,1.25006022,45.84014877
87085_3228_00012,rue Major Labordère,12,,BE0272,1564089.33690000,5183727.75330000,1.25023084,45.84015537
87085_3228_00013,rue Major Labordère,13,,BE0289,1564069.01460000,5183744.94550000,1.24996442,45.84030600
87085_3228_00014,rue Major Labordère,14,,BE0273,1564086.79330000,5183735.68020000,1.25019586,45.84022617
87085_3228_00016,rue Major Labordère,16,,BE0274,1564084.74640000,5183740.45320000,1.25016816,45.84026870
87085_3228_00017,rue Major Labordère,17,,BE0285,1564062.89230000,5183760.37880000,1.24988126,45.84044362
87085_3228_00018,rue Major Labordère,18,,BE0575,1564082.90240000,5183745.04360000,1.25014313,45.84030963
87085_3228_00020,rue Major Labordère,20,,BE0275,1564079.16640000,5183754.63010000,1.25009234,45.84039513
87085_3228_00022,rue Major Labordère,22,,BE0280,1564074.62840000,5183765.59180000,1.25003083,45.84049284
87085_3228_00024,rue Major Labordère,24,,BE0281,1564071.69980000,5183772.73780000,1.24999112,45.84055654
87085_3228_00026,rue Major Labordère,26,,BE0282,1564069.26790000,5183778.63000000,1.24995815,45.84060906
87085_3227_00002,rue Major Staunton,2,,DW0007,1564814.24890000,5183059.75580000,1.25974854,45.83428924
87085_3227_00004,rue Major Staunton,4,,DW0006,1564803.56050000,5183071.08510000,1.25960781,45.83438905
87085_3232_00004,rue Maledent de Savignac,4,,NK0078,1562070.56070000,5181557.08500000,1.22487157,45.82022713
87085_3232_00006,rue Maledent de Savignac,6,,NK0078,1562052.49400000,5181526.58420000,1.22464788,45.81994914
87085_3232_00007,rue Maledent de Savignac,7,,NK0078,1562075.17620000,5181408.16450000,1.22497366,45.81888844
87085_3232_00008,rue Maledent de Savignac,8,,NK0078,1562076.92350000,5181487.37860000,1.22497342,45.81960136
87085_3232_00009,rue Maledent de Savignac,9,,NK0078,1562058.62760000,5181374.98160000,1.22477027,45.81858662
87085_3232_00010,rue Maledent de Savignac,10,,NK0078,1562058.48750000,5181456.93440000,1.22474496,45.81932380
87085_3235_00001,rue Malesherbes,1,,DS0416,1565394.93280000,5183530.73040000,1.26708946,45.83863984
87085_3235_00001_bis,rue Malesherbes,1,bis,DS0417,1565400.18090000,5183536.62460000,1.26715535,45.83869389
87085_3235_00002,rue Malesherbes,2,,DS0160,1565395.21270000,5183509.85340000,1.26709891,45.83845210
87085_3235_00003,rue Malesherbes,3,,DS0418,1565406.10300000,5183543.43299999,1.26722966,45.83875630
87085_3235_00005,rue Malesherbes,5,,DS0419,1565411.70670000,5183549.90610000,1.26729997,45.83881562
87085_3235_00011,rue Malesherbes,11,,DS0336,1565436.67280000,5183579.35170000,1.26761304,45.83908539
87085_3235_00013,rue Malesherbes,13,,DS0199,1565450.75080000,5183594.80000000,1.26778990,45.83922711
87085_3235_00014,rue Malesherbes,14,,DS0183,1565445.76260000,5183570.87040000,1.26773240,45.83901087
87085_3235_00015,rue Malesherbes,15,,DS0200,1565457.70710000,5183602.70710000,1.26787721,45.83929960
87085_3235_00015_bis,rue Malesherbes,15,bis,DS0313,1565471.24240000,5183618.18220000,1.26804708,45.83944146
87085_3235_00023,rue Malesherbes,23,,DS0202,1565490.30700000,5183640.03000000,1.26828633,45.83964172
87085_3235_00024,rue Malesherbes,24,,DS0196,1565494.34350000,5183625.54570000,1.26834234,45.83951222
87085_3235_00025,rue Malesherbes,25,,DS0203,1565498.23480000,5183648.82810000,1.26838590,45.83972242
87085_3235_00026,rue Malesherbes,26,,DS0195,1565506.78520000,5183639.79010000,1.26849848,45.83964279
87085_3235_00027,rue Malesherbes,27,,DS0204,1565504.11350000,5183655.68980000,1.26845964,45.83978529
87085_3235_00028,rue Malesherbes,28,,DS0194,1565523.72250000,5183659.19240000,1.26871104,45.83982064
87085_3235_00029,rue Malesherbes,29,,DS0205,1565510.22170000,5183662.46960000,1.26853636,45.83984748
87085_3235_00030,rue Malesherbes,30,,DS0193,1565537.08620000,5183674.22810000,1.26887882,45.83995850
87085_3235_00031,rue Malesherbes,31,,DS0206,1565515.24710000,5183668.22850000,1.26859943,45.83990026
87085_3235_00033,rue Malesherbes,33,,DS0207,1565520.55400000,5183674.31470000,1.26866602,45.83995605
87085_3235_00035,rue Malesherbes,35,,DS0208,1565530.77240000,5183685.78800000,1.26879433,45.84006126
87085_3240_00002,rue Malherbe,2,,BH0887,1563131.60960000,5183927.94580000,1.23784766,45.84176624
87085_3240_00004,rue Malherbe,4,,BH0888,1563123.76680000,5183920.36270000,1.23774888,45.84169647
87085_3240_00007,rue Malherbe,7,,BH0886,1563106.67060000,5183893.39870000,1.23753652,45.84145051
87085_3240_00009,rue Malherbe,9,,BH0932,1563099.13370000,5183886.34050000,1.23744153,45.84138551
87085_3240_00010,rue Malherbe,10,,BH0890,1563099.40590000,5183892.42660000,1.23744330,45.84144032
87085_3240_00011,rue Malherbe,11,,BH0950,1563090.20760000,5183879.28740000,1.23732865,45.84132029
87085_3240_00012,rue Malherbe,12,,BH0891,1563085.98720000,5183882.58900000,1.23727340,45.84134915
87085_3240_00013,rue Malherbe,13,,BH0712,1563078.08050000,5183871.51610000,1.23717479,45.84124797
87085_3240_00014,rue Malherbe,14,,BH0892,1563076.23790000,5183876.24800000,1.23714972,45.84129017
87085_3240_00015,rue Malherbe,15,,BH0713,1563068.16340000,5183865.03250000,1.23704900,45.84118767
87085_3240_00016,rue Malherbe,16,,BH0893,1563061.01060000,5183866.76980000,1.23695644,45.84120187
87085_3240_00017,rue Malherbe,17,,BH0714,1563058.52440000,5183859.52620000,1.23692651,45.84113622
87085_3240_00019,rue Malherbe,19,,BH0715,1563051.75340000,5183855.65150000,1.23684047,45.84110001
87085_3240_00021,rue Malherbe,21,,BH0716,1563039.55670000,5183847.98630000,1.23668567,45.84102863
87085_3240_00023,rue Malherbe,23,,BH0717,1563030.40900000,5183842.61090000,1.23656947,45.84097846
87085_3240_00025,rue Malherbe,25,,BH0718,1563021.76100000,5183837.26650000,1.23645969,45.84092866
87085_3240_00027,rue Malherbe,27,,BH0721,1563014.70840000,5183836.31310000,1.23636919,45.84091868
87085_3265_00001,rue Marc-Antoine Muret,1,,BE0367,1563946.45080000,5183511.23270000,1.24845315,45.83817939
87085_3265_00003,rue Marc-Antoine Muret,3,,BE0567,1563958.94690000,5183519.00850000,1.24861177,45.83825181
87085_3265_00004,rue Marc-Antoine Muret,4,,BE0384,1563960.25740000,5183505.46140000,1.24863247,45.83813020
87085_3265_00005,rue Marc-Antoine Muret,5,,BE0370,1563974.27740000,5183528.44500000,1.24880640,45.83833973
87085_3265_00006,rue Marc-Antoine Muret,6,,BE0383,1563969.13540000,5183510.84880000,1.24874520,45.83818042
87085_3265_00008,rue Marc-Antoine Muret,8,,BE0382,1563978.48130000,5183515.92420000,1.24886404,45.83822793
87085_3265_00009,rue Marc-Antoine Muret,9,,BE0371,1563995.89940000,5183547.21910000,1.24907936,45.83851289
87085_3265_00010,rue Marc-Antoine Muret,10,,BE0381,1563985.09470000,5183520.08240000,1.24894798,45.83826664
87085_3265_00011,rue Marc-Antoine Muret,11,,BE0372,1564000.06690000,5183562.84690000,1.24912857,45.83865429
87085_3265_00012,rue Marc-Antoine Muret,12,,BE0380,1563993.44540000,5183525.03980000,1.24905405,45.83831289
87085_3265_00013,rue Marc-Antoine Muret,13,,BE0373,1564003.04890000,5183573.48530000,1.24916394,45.83875058
87085_3265_00014,rue Marc-Antoine Muret,14,,BE0379,1564000.26760000,5183529.05240000,1.24914072,45.83835033
87085_3265_00015,rue Marc-Antoine Muret,15,,BE0374,1564003.55930000,5183591.51660000,1.24916541,45.83891288
87085_3265_00016,rue Marc-Antoine Muret,16,,BE0378,1564006.35130000,5183537.55840000,1.24921661,45.83842805
87085_3265_00017,rue Marc-Antoine Muret,17,,BE0523,1563999.00820000,5183601.02100000,1.24910414,45.83899748
87085_3265_00018,rue Marc-Antoine Muret,18,,BE0377,1564008.37190000,5183545.02650000,1.24924050,45.83849563
87085_3265_00019,rue Marc-Antoine Muret,19,,BE0359,1563994.73200000,5183610.39010000,1.24904646,45.83908091
87085_3265_00020,rue Marc-Antoine Muret,20,,BE0376,1564011.66190000,5183556.60600000,1.24927956,45.83860044
87085_3265_00020_bis,rue Marc-Antoine Muret,20,bis,BE0375,1564014.70450000,5183566.87390000,1.24931582,45.83869341
87085_3265_00021,rue Marc-Antoine Muret,21,,BE0355,1563989.89750000,5183620.44790000,1.24898139,45.83917043
87085_3265_00022,rue Marc-Antoine Muret,22,,BE0388,1564018.65350000,5183588.56530000,1.24936050,45.83888932
87085_3265_00024,rue Marc-Antoine Muret,24,,BE0388,1564011.56910000,5183603.94180000,1.24926498,45.83902624
87085_3265_00025,rue Marc-Antoine Muret,25,,BE0354,1563981.58230000,5183638.19400000,1.24886935,45.83932843
87085_3265_00026,rue Marc-Antoine Muret,26,,BE0388,1564023.25830000,5183619.61230000,1.24941098,45.83916951
87085_3265_00028,rue Marc-Antoine Muret,28,,BE0388,1564003.04610000,5183622.26000000,1.24915010,45.83918934
87085_3265_00030,rue Marc-Antoine Muret,30,,BE0389,1563995.08610000,5183638.95660000,1.24904293,45.83933796
87085_3258_00006,rue Marcel Carné,6,,SC0134,1558167.37130000,5188418.95020000,1.17262978,45.88115830
87085_3258_00008,rue Marcel Carné,8,,SC0133,1558155.47690000,5188434.06840000,1.17247212,45.88129184
87085_3258_00019,rue Marcel Carné,19,,SC0129,1558069.36140000,5188517.21930000,1.17133840,45.88202202
87085_3258_00021,rue Marcel Carné,21,,SC0128,1558045.54550000,5188544.11770000,1.17102371,45.88225906
87085_3258_00023,rue Marcel Carné,23,,SC0127,1558031.13740000,5188560.85760000,1.17083318,45.88240667
87085_3268_00001,rue Marcel Deprez,1,,TP0053,1566383.75120000,5179493.81530000,1.28093711,45.80251800
87085_3266_00004,rue Marcel Lalu,4,,TC0155,1567150.17280000,5181088.44050000,1.29035429,45.81701116
87085_3266_00006,rue Marcel Lalu,6,,TC0151,1567137.86970000,5181114.10510000,1.29018892,45.81723965
87085_3272_00001,rue Marcel Madoumier,1,,OK0011,1562226.28660000,5183354.00770000,1.22636018,45.83642258
87085_3272_00002,rue Marcel Madoumier,2,,OS0007,1562235.69510000,5183437.89760000,1.22645721,45.83717910
87085_3272_00003,rue Marcel Madoumier,3,,OK0011,1562173.34630000,5183396.73190000,1.22566662,45.83679630
87085_3272_00004,rue Marcel Madoumier,4,,OS0007,1562219.90300000,5183437.16940000,1.22625419,45.83716938
87085_3272_00005,rue Marcel Madoumier,5,,OK0011,1562109.46050000,5183333.10340000,1.22486270,45.83621112
87085_3272_00006,rue Marcel Madoumier,6,,OS0007,1562203.88410000,5183436.27910000,1.22604829,45.83715816
87085_3272_00007,rue Marcel Madoumier,7,,OK0011,1562136.37080000,5183281.95970000,1.22522369,45.83575645
87085_3272_00008,rue Marcel Madoumier,8,,OS0007,1562188.07430000,5183435.40040000,1.22584507,45.83714709
87085_3272_00010,rue Marcel Madoumier,10,,OS0007,1562171.47820000,5183434.54760000,1.22563174,45.83713609
87085_3272_00012,rue Marcel Madoumier,12,,OS0007,1562153.87410000,5183462.14120000,1.22539727,45.83738078
87085_3272_00014,rue Marcel Madoumier,14,,OS0007,1562136.42840000,5183461.02310000,1.22517307,45.83736723
87085_3272_00016,rue Marcel Madoumier,16,,OS0007,1562119.05120000,5183460.36730000,1.22494962,45.83735784
87085_3272_00018,rue Marcel Madoumier,18,,OS0007,1562103.93350000,5183459.48050000,1.22475532,45.83734683
87085_3272_00020,rue Marcel Madoumier,20,,OS0007,1562091.88950000,5183459.50360000,1.22460031,45.83734463
87085_3272_00022,rue Marcel Madoumier,22,,OS0036,1562074.31290000,5183417.02200000,1.22438630,45.83695896
87085_3272_00026,rue Marcel Madoumier,26,,OS0037,1562096.19350000,5183371.13560000,1.22468105,45.83655058
87085_3273_00003,rue Marcel Pagnol,3,,CM0691,1565504.96990000,5185042.43080000,1.26808251,45.85226002
87085_3273_00004,rue Marcel Pagnol,4,,CM0730,1565524.79060000,5185033.89370000,1.26834006,45.85218710
87085_3273_00005,rue Marcel Pagnol,5,,CM0692,1565488.35420000,5185051.64440000,1.26786604,45.85233965
87085_3273_00006,rue Marcel Pagnol,6,,CM0731,1565512.10620000,5185052.62820000,1.26817152,45.85235315
87085_3273_00007,rue Marcel Pagnol,7,,CM0693,1565476.37170000,5185051.45340000,1.26771184,45.85233559
87085_3273_00008,rue Marcel Pagnol,8,,CM0690,1565506.01360000,5185067.99310000,1.26808879,45.85249017
87085_3273_00009,rue Marcel Pagnol,9,,CM0694,1565460.24460000,5185046.19280000,1.26750570,45.85228511
87085_3273_00010,rue Marcel Pagnol,10,,CM0689,1565496.38140000,5185065.36830000,1.26796553,45.85246468
87085_3273_00011,rue Marcel Pagnol,11,,CM0695,1565440.94260000,5185039.68390000,1.26725905,45.85222278
87085_3273_00012,rue Marcel Pagnol,12,,CM0688,1565484.83750000,5185063.42240000,1.26781747,45.85244492
87085_3273_00014,rue Marcel Pagnol,14,,CM0687,1565468.65130000,5185061.02590000,1.26760977,45.85242019
87085_3273_00015,rue Marcel Pagnol,15,,CM0696,1565427.91170000,5185035.63480000,1.26709244,45.85218381
87085_3273_00016,rue Marcel Pagnol,16,,CM0686,1565454.82000000,5185056.50330000,1.26743299,45.85237680
87085_3273_00017,rue Marcel Pagnol,17,,CM0697,1565415.44440000,5185031.40400000,1.26693313,45.85214331
87085_3273_00018,rue Marcel Pagnol,18,,CM0685,1565442.85050000,5185052.78100000,1.26727994,45.85234097
87085_3273_00019,rue Marcel Pagnol,19,,CM0698,1565401.89460000,5185026.87230000,1.26675997,45.85209989
87085_3273_00020,rue Marcel Pagnol,20,,CM0684,1565431.54310000,5185048.25510000,1.26713565,45.85229805
87085_3273_00021,rue Marcel Pagnol,21,,CM0699,1565382.74050000,5185020.35470000,1.26651523,45.85203751
87085_3273_00022,rue Marcel Pagnol,22,,CM0683,1565419.75990000,5185044.41180000,1.26698504,45.85226117
87085_3273_00023,rue Marcel Pagnol,23,,CM0844,1565366.28380000,5185021.72140000,1.26630299,45.85204658
87085_3273_00024,rue Marcel Pagnol,24,,CM0682,1565408.42170000,5185040.61370000,1.26684015,45.85222478
87085_3273_00026,rue Marcel Pagnol,26,,CM0681,1565395.64240000,5185036.30670000,1.26667684,45.85218354
87085_3273_00028,rue Marcel Pagnol,28,,CM0815,1565372.70010000,5185031.75940000,1.26638278,45.85213814
87085_3273_00028_bis,rue Marcel Pagnol,28,bis,CM0814,1565356.98380000,5185048.50760000,1.26617577,45.85228572
87085_3273_00029,rue Marcel Pagnol,29,,CM0626,1565337.47150000,5185073.62460000,1.26591754,45.85250784
87085_3273_00030,rue Marcel Pagnol,30,,CM0875,1565354.05200000,5185055.74480000,1.26613600,45.85235025
87085_3263_00001,rue Marcel Paul,1,,NI0206,1561937.79600000,5181117.25440000,1.22328973,45.81624399
87085_3263_00003,rue Marcel Paul,3,,NI0206,1561938.89370000,5181107.50840000,1.22330664,45.81615654
87085_3263_00004,rue Marcel Paul,4,,NI0125,1561922.10210000,5181097.95420000,1.22309337,45.81606723
87085_3263_00006,rue Marcel Paul,6,,NI0125,1561917.45020000,5181093.99230000,1.22303466,45.81603065
87085_3263_00008,rue Marcel Paul,8,,NI0125,1561911.67200000,5181090.46960000,1.22296134,45.81599780
87085_3263_00010,rue Marcel Paul,10,,NI0125,1561906.55800000,5181085.85620000,1.22289687,45.81595528
87085_3263_00012,rue Marcel Paul,12,,NI0126,1561897.57000000,5181082.61440000,1.22278218,45.81592431
87085_3263_00014,rue Marcel Paul,14,,NI0126,1561888.45120000,5181077.75890000,1.22266626,45.81587880
87085_3263_00015,rue Marcel Paul,15,,NI0127,1561899.77370000,5181059.87460000,1.22281706,45.81572020
87085_3263_00016,rue Marcel Paul,16,,NI0126,1561884.58440000,5181076.89040000,1.22261677,45.81587022
87085_3263_00017,rue Marcel Paul,17,,NI0127,1561894.01650000,5181063.39290000,1.22274198,45.81575069
87085_3263_00018,rue Marcel Paul,18,,NI0126,1561875.99230000,5181072.86060000,1.22250739,45.81583224
87085_3263_00019,rue Marcel Paul,19,,NI0127,1561883.14600000,5181049.55810000,1.22260611,45.81562406
87085_3263_00021,rue Marcel Paul,21,,NI0127,1561873.95790000,5181048.47290000,1.22248822,45.81561245
87085_3263_00023,rue Marcel Paul,23,,NI0127,1561867.41330000,5181048.07820000,1.22240414,45.81560759
87085_3263_00025,rue Marcel Paul,25,,NI0127,1561863.88150000,5181049.04680000,1.22235843,45.81561559
87085_3263_00027,rue Marcel Paul,27,,NI0127,1561853.83520000,5181048.18860000,1.22222944,45.81560585
87085_3263_00029,rue Marcel Paul,29,,NI0127,1561850.29510000,5181049.36730000,1.22218355,45.81561575
87085_3263_00031,rue Marcel Paul,31,,NI0127,1561840.84900000,5181048.31200000,1.22206234,45.81560436
87085_3263_00033,rue Marcel Paul,33,,NI0127,1561833.46040000,5181049.87410000,1.22196684,45.81561692
87085_3263_00035,rue Marcel Paul,35,,NI0131,1561829.22430000,5181048.96040000,1.22191261,45.81560785
87085_3263_00037,rue Marcel Paul,37,,NI0131,1561818.69950000,5181048.26600000,1.22177741,45.81559949
87085_3263_00039,rue Marcel Paul,39,,NI0131,1561815.19530000,5181046.49460000,1.22173284,45.81558285
87085_3263_00041,rue Marcel Paul,41,,NI0131,1561803.74660000,5181045.16170000,1.22158594,45.81556856
87085_3263_00043,rue Marcel Paul,43,,NI0131,1561800.12620000,5181044.00730000,1.22153970,45.81555745
87085_3263_00045,rue Marcel Paul,45,,NI0131,1561796.52260000,5181045.98640000,1.22149277,45.81557453
87085_3263_00047,rue Marcel Paul,47,,NI0131,1561786.00660000,5181045.16200000,1.22135772,45.81556500
87085_3263_00049,rue Marcel Paul,49,,NI0131,1561780.16030000,5181034.60040000,1.22128555,45.81546882
87085_3263_00051,rue Marcel Paul,51,,NI0131,1561779.74440000,5181040.72330000,1.22127844,45.81552382
87085_3263_00053,rue Marcel Paul,53,,NI0131,1561779.40380000,5181049.78540000,1.22127145,45.81560527
87085_3263_00055,rue Marcel Paul,55,,NI0131,1561777.73980000,5181054.19860000,1.22124878,45.81564463
87085_3263_00057,rue Marcel Paul,57,,NI0131,1561776.14580000,5181063.53080000,1.22122559,45.81572826
87085_3263_00059,rue Marcel Paul,59,,NI0131,1561765.23200000,5181069.74310000,1.22108341,45.81578195
87085_3263_00061,rue Marcel Paul,61,,NI0131,1561771.81320000,5181068.09050000,1.22116855,45.81576840
87085_3263_00063,rue Marcel Paul,63,,NI0131,1561777.92390000,5181066.40020000,1.22124764,45.81575443
87085_3263_00065,rue Marcel Paul,65,,NI0131,1561783.72900000,5181063.39320000,1.22132319,45.81572854
87085_3263_00067,rue Marcel Paul,67,,NI0131,1561793.93530000,5181060.57040000,1.22145530,45.81570520
87085_3263_00069,rue Marcel Paul,69,,NI0131,1561798.36680000,5181060.79440000,1.22151224,45.81570811
87085_3263_00071,rue Marcel Paul,71,,NI0131,1561804.41800000,5181059.13620000,1.22159056,45.81569441
87085_3275_00004,rue Marcel Sembat,4,,EH0002,1564890.84250000,5182596.01050000,1.26086455,45.83013263
87085_3275_00006,rue Marcel Sembat,6,,EH0001,1564880.33870000,5182583.86460000,1.26073281,45.83002130
87085_3274_00004,rue Marcel Vardelle,4,,OI0159,1562736.02490000,5183935.15770000,1.23275420,45.84175226
87085_3274_00006,rue Marcel Vardelle,6,,OI0217,1562721.73740000,5183914.52020000,1.23257621,45.84156376
87085_3274_00008,rue Marcel Vardelle,8,,OI0217,1562719.90190000,5183930.84560000,1.23254792,45.84171025
87085_3274_00010,rue Marcel Vardelle,10,,OI0217,1562719.54340000,5183946.27190000,1.23253890,45.84184895
87085_3274_00012,rue Marcel Vardelle,12,,OI0217,1562718.65180000,5183956.88510000,1.23252439,45.84194424
87085_3274_00014,rue Marcel Vardelle,14,,OI0217,1562719.55260000,5183970.35710000,1.23253214,45.84206561
87085_3274_00016,rue Marcel Vardelle,16,,OI0217,1562714.50630000,5183983.32710000,1.23246348,45.84218127
87085_3274_00018,rue Marcel Vardelle,18,,OI0217,1562694.06090000,5184000.79510000,1.23219534,45.84233432
87085_3274_00029,rue Marcel Vardelle,29,,OI0224,1562663.53910000,5183965.13760000,1.23181270,45.84200747
87085_3274_00031,rue Marcel Vardelle,31,,OI0224,1562661.44550000,5184011.87920000,1.23177239,45.84242752
87085_3277_00001,rue Maréchal Foch,1,,OI0002,1562371.32030000,5183977.39910000,1.22804815,45.84205934
87085_3277_00001_bis,rue Maréchal Foch,1,bis,OI0178,1562380.62750000,5183938.48280000,1.22817908,45.84171113
87085_3277_00003,rue Maréchal Foch,3,,OI0002,1562371.42460000,5183993.81760000,1.22804479,45.84220705
87085_3277_00005,rue Maréchal Foch,5,,OI0002,1562374.28320000,5184009.36250000,1.22807713,45.84234746
87085_3277_00007,rue Maréchal Foch,7,,OI0002,1562374.46610000,5184025.37110000,1.22807490,45.84249150
87085_3277_00009,rue Maréchal Foch,9,,OI0002,1562379.69710000,5184037.81400000,1.22813866,45.84260448
87085_3277_00011,rue Maréchal Foch,11,,OI0002,1562385.69290000,5184049.30120000,1.22821255,45.84270901
87085_3277_00013,rue Maréchal Foch,13,,OI0002,1562392.89810000,5184060.79090000,1.22830199,45.84281381
87085_3277_00015,rue Maréchal Foch,15,,OI0002,1562407.85200000,5184079.44040000,1.22848912,45.84298456
87085_3277_00017,rue Maréchal Foch,17,,OI0002,1562418.54440000,5184090.36190000,1.22862361,45.84308495
87085_3277_00019,rue Maréchal Foch,19,,OI0002,1562430.54460000,5184101.01160000,1.22877502,45.84318315
87085_3277_00021,rue Maréchal Foch,21,,OI0002,1562443.21130000,5184110.34310000,1.22893538,45.84326962
87085_3277_00023,rue Maréchal Foch,23,,OI0002,1562455.96060000,5184117.95470000,1.22909730,45.84334065
87085_3277_00025,rue Maréchal Foch,25,,OI0002,1562468.94940000,5184125.49700000,1.22926232,45.84341109
87085_3277_00027,rue Maréchal Foch,27,,OI0002,1562484.33880000,5184135.71440000,1.22945747,45.84350608
87085_3277_00029,rue Maréchal Foch,29,,OI0002,1562495.53480000,5184144.81720000,1.22959897,45.84359020
87085_3277_00031,rue Maréchal Foch,31,,OI0002,1562507.29170000,5184155.49070000,1.22974724,45.84368857
87085_3277_00033,rue Maréchal Foch,33,,OI0002,1562520.06090000,5184169.45400000,1.22990759,45.84381673
87085_3277_00035,rue Maréchal Foch,35,,OI0002,1562530.97040000,5184184.01860000,1.23004384,45.84394992
87085_3277_00037,rue Maréchal Foch,37,,OI0002,1562540.39620000,5184198.33740000,1.23016107,45.84408061
87085_3277_00039,rue Maréchal Foch,39,,OI0002,1562546.60250000,5184210.51560000,1.23023747,45.84419140
87085_3277_00041,rue Maréchal Foch,41,,OI0002,1562550.81860000,5184222.59820000,1.23028828,45.84430094
87085_3277_00043,rue Maréchal Foch,43,,OI0002,1562555.14900000,5184241.36460000,1.23033865,45.84447061
87085_3277_00045,rue Maréchal Foch,45,,OI0002,1562558.70390000,5184256.11800000,1.23038018,45.84460404
87085_3277_00047,rue Maréchal Foch,47,,OR0065,1562783.17490000,5184491.76740000,1.23320211,45.84676866
87085_3277_00049,rue Maréchal Foch,49,,OR0065,1562794.80390000,5184506.70340000,1.23334753,45.84690534
87085_3277_00051,rue Maréchal Foch,51,,OR0065,1562804.02020000,5184516.39860000,1.23346339,45.84699439
87085_3277_00053,rue Maréchal Foch,53,,OR0065,1562816.04220000,5184527.61790000,1.23361493,45.84709771
87085_3277_00055,rue Maréchal Foch,55,,OR0065,1562829.15350000,5184537.74740000,1.23378080,45.84719145
87085_3277_00057,rue Maréchal Foch,57,,OR0065,1562842.06070000,5184546.30120000,1.23394450,45.84727097
87085_3277_00059,rue Maréchal Foch,59,,OR0065,1562857.75660000,5184557.79540000,1.23414326,45.84737750
87085_3277_00061,rue Maréchal Foch,61,,OR0065,1562870.08810000,5184569.24300000,1.23429872,45.84748293
87085_3277_00063,rue Maréchal Foch,63,,OR0065,1562880.05590000,5184579.76420000,1.23442402,45.84757956
87085_3279_00001,rue Maréchal Joffre,1,,OK0003,1562077.99090000,5183216.37910000,1.22449120,45.83515481
87085_3279_00002,rue Maréchal Joffre,2,,OS0002,1562013.52450000,5183253.11360000,1.22365104,45.83547233
87085_3279_00003,rue Maréchal Joffre,3,,OK0003,1562097.13430000,5183217.60240000,1.22473721,45.83516966
87085_3279_00004,rue Maréchal Joffre,4,,OS0002,1562014.63130000,5183236.55130000,1.22367004,45.83532356
87085_3279_00005,rue Maréchal Joffre,5,,OK0003,1562116.09260000,5183218.25750000,1.22498099,45.83517935
87085_3279_00006,rue Maréchal Joffre,6,,OS0002,1562015.33280000,5183221.02690000,1.22368352,45.83518405
87085_3279_00007,rue Maréchal Joffre,7,,OK0003,1562129.02820000,5183218.62540000,1.22514736,45.83518525
87085_3279_00008,rue Maréchal Joffre,8,,OS0002,1562015.81560000,5183204.05580000,1.22369460,45.83503149
87085_3279_00009,rue Maréchal Joffre,9,,OK0005,1562144.02610000,5183218.46720000,1.22534041,45.83518684
87085_3279_00010,rue Maréchal Joffre,10,,OS0002,1562016.49850000,5183186.25540000,1.22370850,45.83487150
87085_3279_00023,rue Maréchal Joffre,23,,OK0005,1562172.23010000,5183251.45870000,1.22569391,45.83548927
87085_3282_00001,rue Maréchal Juin,1,,OL0076,1561809.39000000,5182642.19660000,1.22119963,45.82993584
87085_3282_00001_bis,rue Maréchal Juin,1,bis,TY0086,1561930.99270000,5182645.05410000,1.22276357,45.82998596
87085_3282_00002,rue Maréchal Juin,2,,OL0031,1562074.09490000,5182703.80980000,1.22458812,45.83054321
87085_3282_00003,rue Maréchal Juin,3,,OL0076,1561784.46720000,5182677.85460000,1.22086867,45.83025159
87085_3282_00004,rue Maréchal Juin,4,,OL0031,1562056.39680000,5182716.72180000,1.22435668,45.83065581
87085_3282_00005,rue Maréchal Juin,5,,OL0075,1561826.45780000,5182686.85240000,1.22140640,45.83034100
87085_3282_00006,rue Maréchal Juin,6,,OL0031,1562042.31360000,5182721.52800000,1.22417408,45.83069622
87085_3282_00007,rue Maréchal Juin,7,,OL0081,1561821.14210000,5182806.98070000,1.22130349,45.83142051
87085_3282_00008,rue Maréchal Juin,8,,OL0031,1562030.97250000,5182722.89950000,1.22402775,45.83070629
87085_3282_00009,rue Maréchal Juin,9,,OL0081,1561836.45080000,5182814.43040000,1.22149834,45.83149060
87085_3282_00010,rue Maréchal Juin,10,,OL0031,1562014.10730000,5182721.04240000,1.22381126,45.83068620
87085_3282_00011,rue Maréchal Juin,11,,OL0081,1561852.05250000,5182828.13340000,1.22169517,45.83161700
87085_3282_00012,rue Maréchal Juin,12,,OL0029,1561996.79360000,5182713.88850000,1.22359052,45.83061837
87085_3282_00013,rue Maréchal Juin,13,,OL0081,1561861.04680000,5182840.90030000,1.22180724,45.83173365
87085_3282_00014,rue Maréchal Juin,14,,OL0029,1561984.70120000,5182703.66170000,1.22343785,45.83052395
87085_3282_00015,rue Maréchal Juin,15,,OL0081,1561868.40150000,5182858.18560000,1.22189692,45.83189062
87085_3282_00016,rue Maréchal Juin,16,,OL0029,1561971.82160000,5182689.44040000,1.22327620,45.83039344
87085_3282_00017,rue Maréchal Juin,17,,OL0081,1561873.48220000,5182874.07300000,1.22195773,45.83203455
87085_3282_00018,rue Maréchal Juin,18,,OL0029,1561956.13980000,5182678.37450000,1.22307759,45.83029074
87085_3282_00019,rue Maréchal Juin,19,,OL0081,1561872.65010000,5182890.03240000,1.22194244,45.83217795
87085_3282_00020,rue Maréchal Juin,20,,OL0029,1561940.34640000,5182672.09000000,1.22287616,45.83023104
87085_3282_00021,rue Maréchal Juin,21,,OL0081,1561877.36070000,5182906.95550000,1.22199820,45.83233113
87085_3282_00022,rue Maréchal Juin,22,,OL0029,1561923.10600000,5182669.32320000,1.22265511,45.83020269
87085_3282_00023,rue Maréchal Juin,23,,OL0081,1561883.54020000,5182922.62440000,1.22207321,45.83247332
87085_3282_00024,rue Maréchal Juin,24,,OL0029,1561906.01860000,5182670.37690000,1.22243493,45.83020874
87085_3282_00026,rue Maréchal Juin,26,,OL0029,1561890.30830000,5182674.83750000,1.22223149,45.83024571
87085_3282_00028,rue Maréchal Juin,28,,OL0029,1561875.40710000,5182682.87870000,1.22203743,45.83031505
87085_3282_00030,rue Maréchal Juin,30,,OL0029,1561857.39220000,5182700.03230000,1.22180069,45.83046574
87085_3282_00032,rue Maréchal Juin,32,,OL0029,1561847.88580000,5182716.11450000,1.22167374,45.83060850
87085_3282_00034,rue Maréchal Juin,34,,OL0029,1561842.75100000,5182733.83560000,1.22160258,45.83076688
87085_3282_00036,rue Maréchal Juin,36,,OL0029,1561841.55180000,5182749.03140000,1.22158278,45.83090333
87085_3282_00038,rue Maréchal Juin,38,,OL0029,1561843.93470000,5182761.62120000,1.22160982,45.83101706
87085_3282_00040,rue Maréchal Juin,40,,OL0029,1561850.37090000,5182782.88290000,1.22168654,45.83120961
87085_3282_00042,rue Maréchal Juin,42,,OL0029,1561860.93090000,5182797.90450000,1.22181811,45.83134686
87085_3282_00044,rue Maréchal Juin,44,,OL0029,1561874.31990000,5182809.53810000,1.22198705,45.83145420
87085_3282_00048,rue Maréchal Juin,48,,OL0028,1561888.90970000,5182852.35990000,1.22216250,45.83184233
87085_3282_00052,rue Maréchal Juin,52,,OL0028,1561895.09310000,5182890.32690000,1.22223116,45.83218511
87085_3282_00054,rue Maréchal Juin,54,,OL0028,1561949.79060000,5182921.28340000,1.22292614,45.83247456
87085_1618_00001,rue Marguerite Duras,1,,NY0121,1560688.24730000,5183466.52080000,1.20653416,45.83712482
87085_1618_00003,rue Marguerite Duras,3,,NY0122,1560679.72250000,5183467.75400000,1.20642410,45.83713419
87085_1618_00004,rue Marguerite Duras,4,,NY0153,1560674.29410000,5183476.72000000,1.20635164,45.83721374
87085_1618_00005,rue Marguerite Duras,5,,NY0152,1560666.92900000,5183468.82780000,1.20625914,45.83714125
87085_1618_00006,rue Marguerite Duras,6,,NY0154,1560662.43420000,5183478.08890000,1.20619861,45.83722365
87085_1618_00007,rue Marguerite Duras,7,,NY0151,1560660.14190000,5183469.07690000,1.20617172,45.83714212
87085_1618_00009,rue Marguerite Duras,9,,NY0160,1560605.73000000,5183475.81179999,1.20546952,45.83719168
87085_1618_00011,rue Marguerite Duras,11,,NY0160,1560595.42110000,5183476.78349999,1.20533657,45.83719833
87085_3291_00001,rue Marguerite Moreno,1,,SR0081,1567135.23170000,5186291.89980000,1.28872356,45.86381679
87085_3291_00003,rue Marguerite Moreno,3,,SR0082,1567154.47330000,5186299.29140000,1.28896927,45.86388700
87085_3291_00004,rue Marguerite Moreno,4,,SR0094,1567152.18260000,5186280.30310000,1.28894502,45.86371575
87085_3291_00005,rue Marguerite Moreno,5,,SR0085,1567175.98720000,5186296.76880000,1.28924697,45.86386847
87085_3291_00006,rue Marguerite Moreno,6,,SR0093,1567166.61090000,5186260.31430000,1.28913633,45.86353873
87085_3291_00008,rue Marguerite Moreno,8,,SR0092,1567179.77950000,5186273.44780000,1.28930225,45.86365942
87085_3291_00010,rue Marguerite Moreno,10,,SR0091,1567189.46940000,5186286.99680000,1.28942327,45.86378317
87085_3291_00012,rue Marguerite Moreno,12,,SR0090,1567198.34080000,5186299.22360000,1.28953412,45.86389487
87085_3291_00014,rue Marguerite Moreno,14,,SR0089,1567198.87810000,5186306.21850000,1.28953910,45.86395790
87085_3296_00009,rue Marguerite Yourcenar,9,,MY0165,1567737.40260000,5191074.48230000,1.29515875,45.90695521
87085_3296_00011,rue Marguerite Yourcenar,11,,MY0166,1567690.77110000,5191062.17160000,1.29456126,45.90683548
87085_3296_00021,rue Marguerite Yourcenar,21,,None,1567346.82320000,5190922.60580000,1.29016781,45.90551366
87085_3296_00023,rue Marguerite Yourcenar,23,,MY0008,1567316.27320000,5190911.64800000,1.28977719,45.90540919
87085_3296_00036,rue Marguerite Yourcenar,36,,NA0098,1567094.99730000,5190833.09570000,1.28694772,45.90465978
87085_3296_00040,rue Marguerite Yourcenar,40,,NA0101,1567006.52150000,5190824.93260000,1.28580994,45.90456923
87085_3296_00042,rue Marguerite Yourcenar,42,,NA0102,1566959.60130000,5190829.12160000,1.28520420,45.90459782
87085_3296_00044,rue Marguerite Yourcenar,44,,NA0103,1566897.03760000,5190834.28390000,1.28439661,45.90463214
87085_3296_00050,rue Marguerite Yourcenar,50,,NA0154,1566804.20100000,5190842.42070000,1.28319812,45.90468734
87085_3296_00052,rue Marguerite Yourcenar,52,,NA0152,1566797.39350000,5190848.85800000,1.28310862,45.90474392
87085_3296_00054,rue Marguerite Yourcenar,54,,NA0151,1566790.50280000,5190844.33440000,1.28302109,45.90470189
87085_3296_00092,rue Marguerite Yourcenar,92,,NA0127,1566198.07130000,5191125.87870000,1.27530887,45.90711938
87085_3296_00094,rue Marguerite Yourcenar,94,,NA0127,1566175.56650000,5191136.51450000,1.27501590,45.90721067
87085_x149_00011,rue Marie Bracquemond,11,,ST0186,1567243.16410000,5185275.68830000,1.29039400,45.85469618
87085_3294_00002,rue Marie Laurencin,2,,KZ0053,1567915.18360000,5192031.76540000,1.29718585,45.91560074
87085_3294_00003,rue Marie Laurencin,3,,KZ0107,1567921.22260000,5192013.85150000,1.29726862,45.91544076
87085_3294_00004,rue Marie Laurencin,4,,KZ0054,1567900.17210000,5192013.37110000,1.29699746,45.91543239
87085_3294_00005,rue Marie Laurencin,5,,KZ0106,1567908.34740000,5191996.86960000,1.29710737,45.91528552
87085_3294_00006,rue Marie Laurencin,6,,KZ0055,1567887.01140000,5191993.68180000,1.29683327,45.91525274
87085_3294_00007,rue Marie Laurencin,7,,KZ0105,1567895.65140000,5191976.17270000,1.29694945,45.91509690
87085_3294_00008,rue Marie Laurencin,8,,KZ0056,1567876.45270000,5191974.60490000,1.29670245,45.91507910
87085_3294_00009,rue Marie Laurencin,9,,KZ0104,1567886.39310000,5191955.06460000,1.29683595,45.91490524
87085_3294_00010,rue Marie Laurencin,10,,KZ0057,1567867.76060000,5191953.72990000,1.29659618,45.91488964
87085_3294_00011,rue Marie Laurencin,11,,KZ0103,1567879.41440000,5191935.22170000,1.29675148,45.91472539
87085_3294_00012,rue Marie Laurencin,12,,KZ0058,1567861.97830000,5191931.37870000,1.29652782,45.91468747
87085_3294_00014,rue Marie Laurencin,14,,KZ0059,1567857.82480000,5191906.07880000,1.29648127,45.91445908
87085_3294_00015,rue Marie Laurencin,15,,KZ0095,1567872.53330000,5191891.74590000,1.29667478,45.91433298
87085_3294_00016,rue Marie Laurencin,16,,KZ0060,1567855.58450000,5191885.55140000,1.29645810,45.91427400
87085_3294_00016_b,rue Marie Laurencin,16,b,KZ0060,1567855.14250000,5191882.48230000,1.29645320,45.91424630
87085_3294_00017,rue Marie Laurencin,17,,KZ0094,1567870.07520000,5191869.96380000,1.29664910,45.91413656
87085_3294_00018,rue Marie Laurencin,18,,KZ0061,1567852.43980000,5191859.78660000,1.29642463,45.91404162
87085_3294_00019,rue Marie Laurencin,19,,KZ0091,1567866.38590000,5191841.02520000,1.29660953,45.91387554
87085_3294_00020,rue Marie Laurencin,20,,KZ0062,1567850.40040000,5191838.40740000,1.29640424,45.91384891
87085_3294_00021,rue Marie Laurencin,21,,KZ0090,1567863.65350000,5191815.29460000,1.29658141,45.91364355
87085_3294_00022,rue Marie Laurencin,22,,KZ0063,1567845.59040000,5191797.45590000,1.29635354,45.91347960
87085_3294_00023,rue Marie Laurencin,23,,KZ0089,1567861.03400000,5191791.23570000,1.29655429,45.91342662
87085_3294_00024,rue Marie Laurencin,24,,KZ0064,1567842.81140000,5191774.38960000,1.29632409,45.91327157
87085_3294_00025,rue Marie Laurencin,25,,KZ0088,1567858.34510000,5191765.11890000,1.29652683,45.91319117
87085_3294_00026,rue Marie Laurencin,26,,KZ0065,1567839.78900000,5191751.36540000,1.29629149,45.91306387
87085_3294_00028,rue Marie Laurencin,28,,KZ0066,1567837.11010000,5191726.26630000,1.29626388,45.91283758
87085_3294_00029,rue Marie Laurencin,29,,KZ0072,1567848.86960000,5191687.65480000,1.29642608,45.91249251
87085_3294_00030,rue Marie Laurencin,30,,KZ0067,1567834.04240000,5191698.61210000,1.29623197,45.91258822
87085_3294_00031,rue Marie Laurencin,31,,KZ0071,1567846.84470000,5191666.29550000,1.29640587,45.91229998
87085_3294_00032,rue Marie Laurencin,32,,KZ0068,1567831.49640000,5191675.29450000,1.29620559,45.91237798
87085_3294_00033,rue Marie Laurencin,33,,KZ0070,1567844.64450000,5191640.34280000,1.29638467,45.91206610
87085_3294_00034,rue Marie Laurencin,34,,KZ0069,1567828.43760000,5191637.25170000,1.29617666,45.91203517
87085_3294_00036,rue Marie Laurencin,36,,KZ0029,1567827.32630000,5191609.77210000,1.29616992,45.91178776
87085_3294_00038,rue Marie Laurencin,38,,KZ0028,1567826.74980000,5191589.48900000,1.29616808,45.91160519
87085_3295_00004,rue Mariette,4,,IN0283,1563186.69290000,5182104.16100000,1.23907566,45.82537128
87085_3295_00006,rue Mariette,6,,IN0355,1563222.18420000,5182100.94270000,1.23953324,45.82534939
87085_3295_00008,rue Mariette,8,,IN0354,1563237.74960000,5182099.53430000,1.23973392,45.82533981
87085_3295_00009,rue Mariette,9,,IN0037,1563244.50670000,5182111.61970000,1.23981742,45.82544987
87085_3295_00010,rue Mariette,10,,IN0281,1563247.07210000,5182098.69630000,1.23985411,45.82533413
87085_3295_00012,rue Mariette,12,,IN0280,1563255.67410000,5182097.86830000,1.23996502,45.82532839
87085_3295_00013,rue Mariette,13,,IN0043,1563269.73580000,5182109.24870000,1.24014271,45.82543356
87085_3295_00014,rue Mariette,14,,IN0315,1563264.24790000,5182097.18870000,1.24007553,45.82532398
87085_3295_00015,rue Mariette,15,,IN0044,1563281.47680000,5182108.24320000,1.24029407,45.82542685
87085_3295_00016,rue Mariette,16,,IN0265,1563273.72990000,5182096.28960000,1.24019779,45.82531778
87085_3295_00017,rue Mariette,17,,IN0047,1563290.11080000,5182107.35120000,1.24040542,45.82542054
87085_3295_00018,rue Mariette,18,,IN0299,1563287.90860000,5182095.03250000,1.24038058,45.82530929
87085_3295_00019,rue Mariette,19,,IN0048,1563298.07850000,5182106.69190000,1.24050812,45.82541619
87085_3295_00020,rue Mariette,20,,IN0263,1563298.60460000,5182093.98110000,1.24051851,45.82530196
87085_3295_00021,rue Mariette,21,,IN0382,1563307.43150000,5182105.85180000,1.24062870,45.82541049
87085_3295_00022,rue Mariette,22,,IN0262,1563305.38690000,5182093.20490000,1.24060599,45.82529632
87085_3295_00023,rue Mariette,23,,IN0052,1563321.19320000,5182104.64580000,1.24080612,45.82540238
87085_3295_00024,rue Mariette,24,,IN0261,1563312.19990000,5182092.67960000,1.24069380,45.82529295
87085_3295_00025,rue Mariette,25,,IN0297,1563336.10510000,5182103.29730000,1.24099837,45.82539321
87085_3295_00026,rue Mariette,26,,IN0260,1563318.62090000,5182092.11930000,1.24077658,45.82528919
87085_3295_00027,rue Mariette,27,,IN0054,1563345.14640000,5182102.31370000,1.24111498,45.82538616
87085_3295_00028,rue Mariette,28,,IN0258,1563330.02430000,5182091.15070000,1.24092358,45.82528274
87085_3295_00029,rue Mariette,29,,IN0055,1563354.42790000,5182101.70640000,1.24123458,45.82538254
87085_3295_00030,rue Mariette,30,,IN0257,1563338.58080000,5182090.65010000,1.24103382,45.82527994
87085_3295_00031,rue Mariette,31,,IN0058,1563362.41380000,5182100.94550000,1.24133755,45.82537728
87085_3295_00032,rue Mariette,32,,IN0407,1563350.97020000,5182089.07460000,1.24119368,45.82526822
87085_3295_00033,rue Mariette,33,,IN0059,1563374.21190000,5182099.80770000,1.24148967,45.82536939
87085_3295_00034,rue Mariette,34,,IN0407,1563358.92410000,5182088.38990000,1.24129621,45.82526365
87085_3295_00035,rue Mariette,35,,IN0060,1563387.76990000,5182098.72930000,1.24166443,45.82536238
87085_3295_00036,rue Mariette,36,,IN0254,1563365.76920000,5182087.86450000,1.24138444,45.82526028
87085_3295_00038,rue Mariette,38,,IN0253,1563375.11120000,5182086.96380000,1.24150489,45.82525403
87085_3298_00002,rue Mario David,2,,PS0152,1560637.04280000,5184084.17800000,1.20569609,45.84267055
87085_3298_00004,rue Mario David,4,,PS0153,1560627.41190000,5184086.50630000,1.20557146,45.84268954
87085_3298_00006,rue Mario David,6,,PS0154,1560617.88690000,5184086.08300000,1.20544899,45.84268380
87085_3298_00008,rue Mario David,8,,PS0155,1560608.25600000,5184085.44800000,1.20532521,45.84267614
87085_3298_00010,rue Mario David,10,,PS0156,1560596.08510000,5184084.60130000,1.20516881,45.84266605
87085_3298_00012,rue Mario David,12,,PS0157,1560584.65510000,5184084.17800000,1.20502182,45.84265993
87085_3298_00014,rue Mario David,14,,PS0158,1560573.75420000,5184083.54300000,1.20488171,45.84265201
87085_3298_00016,rue Mario David,16,,PS0159,1560562.11250000,5184083.01380000,1.20473202,45.84264489
87085_3298_00018,rue Mario David,18,,PS0160,1560552.79910000,5184082.16710000,1.20461240,45.84263538
87085_3298_00020,rue Mario David,20,,PS0161,1560543.37990000,5184080.57959999,1.20449163,45.84261919
87085_3298_00022,rue Mario David,22,,PS0165,1560537.45320000,5184071.37209999,1.20441802,45.84253516
87085_3298_00024,rue Mario David,24,,PS0164,1560535.33650000,5184059.94210001,1.20439409,45.84243191
87085_3298_00025,rue Mario David,25,,PS0169,1560544.38530000,5184043.80240000,1.20451524,45.84228857
87085_3298_00026,rue Mario David,26,,PS0163,1560535.65400000,5184049.88790000,1.20440110,45.84234154
87085_3298_00027,rue Mario David,27,,PS0166,1560542.00400000,5184030.57320000,1.20448843,45.84216908
87085_3298_00028,rue Mario David,28,,PS0162,1560535.65400000,5184037.71700000,1.20440463,45.84223205
87085_3297_00001,rue Mario Marret,1,,MP0045,1567269.08200000,5189672.39790000,1.28951209,45.89425229
87085_3297_00006,rue Mario Marret,6,,MP0022,1567262.60930000,5189661.57910000,1.28943170,45.89415372
87085_3297_00007,rue Mario Marret,7,,MP0026,1567271.71080000,5189647.50000000,1.28955285,45.89402883
87085_3297_00010,rue Mario Marret,10,,MP0024,1567267.90180000,5189643.46000000,1.28950489,45.89399175
87085_3300_00003,rue Marivaux,3,,BH0737,1563208.46240000,5183552.68930000,1.23894361,45.83840590
87085_3300_00005,rue Marivaux,5,,BH0645,1563215.63000000,5183561.81990000,1.23903326,45.83848946
87085_3300_00007,rue Marivaux,7,,BH0644,1563223.54260000,5183572.04480000,1.23913218,45.83858301
87085_3300_00008,rue Marivaux,8,,BH0999,1563236.06500000,5183566.47100000,1.23929493,45.83853537
87085_3300_00009,rue Marivaux,9,,BH0729,1563230.60520000,5183581.02670000,1.23922052,45.83866522
87085_3300_00009_b,rue Marivaux,9,b,BH0851,1563233.39960000,5183584.52380000,1.23925550,45.83869720
87085_3300_00010,rue Marivaux,10,,BH0859,1563242.60790000,5183575.36720000,1.23937660,45.83861669
87085_3300_00011,rue Marivaux,11,,BH0642,1563236.91450000,5183589.41310000,1.23929933,45.83874191
87085_3300_00013,rue Marivaux,13,,BH0641,1563244.02770000,5183598.29110000,1.23938835,45.83882319
87085_3300_00015,rue Marivaux,15,,BH0640,1563251.95030000,5183608.51590000,1.23948741,45.83891674
87085_3300_00017,rue Marivaux,17,,BH0639,1563259.66490000,5183617.98870000,1.23958400,45.83900349
87085_3300_00018,rue Marivaux,18,,BH0574,1563270.01520000,5183610.43610000,1.23971935,45.83893761
87085_3300_00020,rue Marivaux,20,,BH0575,1563276.77220000,5183619.17130000,1.23980383,45.83901753
87085_3300_00021,rue Marivaux,21,,BH0638,1563270.40540000,5183631.42230000,1.23971841,45.83912647
87085_3300_00023,rue Marivaux,23,,BH0606,1563286.15530000,5183651.26540000,1.23991546,45.83930810
87085_3300_00025,rue Marivaux,25,,BH0605,1563292.80510000,5183659.90070000,1.23999859,45.83938710
87085_3300_00025_b,rue Marivaux,25,b,BH0604,1563299.51830000,5183668.79790000,1.24008250,45.83946850
87085_3300_00027,rue Marivaux,27,,BH0603,1563304.07580000,5183674.36560000,1.24013953,45.83951946
87085_3300_00028,rue Marivaux,28,,BH0584,1563310.44590000,5183661.79430000,1.24022509,45.83940764
87085_3300_00029,rue Marivaux,29,,BH0602,1563309.15710000,5183680.71390000,1.24020312,45.83957758
87085_3300_00030,rue Marivaux,30,,BH0585,1563317.78870000,5183671.50970000,1.24031683,45.83949649
87085_3300_00031,rue Marivaux,31,,BH0597,1563315.72980000,5183689.36200000,1.24028525,45.83965668
87085_3300_00033,rue Marivaux,33,,BH0596,1563326.42580000,5183703.07050000,1.24041901,45.83978212
87085_3300_00034,rue Marivaux,34,,BH0846,1563331.88140000,5183689.22190000,1.24049317,45.83965863
87085_3300_00043,rue Marivaux,43,,BH0853,1563359.65220000,5183745.37440000,1.24083461,45.84016927
87085_3300_00044,rue Marivaux,44,,BH0877,1563373.27070000,5183741.59400000,1.24101096,45.84013797
87085_3300_00045,rue Marivaux,45,,BH0187,1563369.32770000,5183757.51670000,1.24095569,45.84028042
87085_3300_00047,rue Marivaux,47,,BH0188,1563374.34660000,5183764.09830000,1.24101841,45.84034062
87085_3300_00049,rue Marivaux,49,,BH1009,1563386.81150000,5183780.10900000,1.24117429,45.84048712
87085_3300_00050,rue Marivaux,50,,BH0880,1563390.22440000,5183763.56600000,1.24122292,45.84033898
87085_3300_00053,rue Marivaux,53,,BH0190,1563395.84310000,5183791.69130000,1.24128724,45.84059310
87085_3311_00002,rue Martial Chaput,2,,PB0029,1560520.52100000,5182247.97720000,1.20472916,45.82612947
87085_3311_00004,rue Martial Chaput,4,,PB0028,1560524.50410000,5182261.46360000,1.20477649,45.82625159
87085_3311_00006,rue Martial Chaput,6,,PB0045,1560528.48320000,5182274.95610000,1.20482378,45.82637377
87085_3311_00007,rue Martial Chaput,7,,PB0048,1560574.25040000,5182301.14630000,1.20540507,45.82661864
87085_3311_00008,rue Martial Chaput,8,,PB0044,1560569.06680000,5182291.91850000,1.20534105,45.82653458
87085_3311_00009,rue Martial Chaput,9,,PB0049,1560590.95300000,5182304.00160000,1.20561915,45.82664771
87085_3311_00010,rue Martial Chaput,10,,PB0043,1560586.44860000,5182293.68040000,1.20556419,45.82655396
87085_3311_00011,rue Martial Chaput,11,,PB0050,1560608.83210000,5182316.06770000,1.20584570,45.82675988
87085_3311_00012,rue Martial Chaput,12,,PB0042,1560601.75700000,5182299.46660000,1.20575948,45.82660911
87085_3311_00013,rue Martial Chaput,13,,PB0051,1560622.34890000,5182329.16170000,1.20601583,45.82688040
87085_3311_00014,rue Martial Chaput,14,,PB0041,1560615.45490000,5182310.59020000,1.20593251,45.82671195
87085_3311_00016,rue Martial Chaput,16,,PB0040,1560629.02830000,5182323.43170000,1.20610343,45.82683021
87085_3315_00001,rue Martial Pradet,1,,DP0047,1564901.09190000,5183574.44950000,1.26072146,45.83893628
87085_3315_00002,rue Martial Pradet,2,,DP0039,1564826.58280000,5183561.05730000,1.25976629,45.83880116
87085_3315_00003,rue Martial Pradet,3,,DP0046,1564891.95090000,5183570.97920000,1.26060479,45.83890326
87085_3315_00004,rue Martial Pradet,4,,DP0039,1564812.29530000,5183554.44270000,1.25958427,45.83873885
87085_3315_00005,rue Martial Pradet,5,,DP0045,1564881.67060000,5183567.18940000,1.26047355,45.83886715
87085_3315_00006,rue Martial Pradet,6,,DP0255,1564801.98530000,5183550.66690000,1.25945265,45.83870286
87085_3315_00007,rue Martial Pradet,7,,DP0044,1564869.44480000,5183562.54290000,1.26031751,45.83882295
87085_3315_00008,rue Martial Pradet,8,,DP0038,1564783.85700000,5183543.48330000,1.25922136,45.83863467
87085_3315_00010,rue Martial Pradet,10,,DP0032,1564773.49840000,5183539.31370000,1.25908922,45.83859513
87085_3315_00014,rue Martial Pradet,14,,DP0037,1564748.14470000,5183529.99400000,1.25876554,45.83850631
87085_3315_00017,rue Martial Pradet,17,,DP0202,1564802.63110000,5183536.90790000,1.25946483,45.83857922
87085_3315_00019,rue Martial Pradet,19,,DP0089,1564784.28240000,5183529.58720000,1.25923074,45.83850975
87085_3315_00021,rue Martial Pradet,21,,DP0090,1564770.50060000,5183524.32970000,1.25905485,45.83845975
87085_3315_00023,rue Martial Pradet,23,,DP0092,1564762.12630000,5183521.28050000,1.25894793,45.83843067
87085_3315_00025,rue Martial Pradet,25,,DP0093,1564755.05460000,5183518.54820000,1.25885769,45.83840470
87085_3323_00001,rue Martin Célérier,1,,PO0079,1559835.16620000,5184382.10030000,1.19528852,45.84518749
87085_3323_00004,rue Martin Célérier,4,,PO0150,1559815.76840000,5184416.93910000,1.19502868,45.84549693
87085_3323_00005,rue Martin Célérier,5,,PO0133,1559796.43550000,5184398.33470000,1.19478527,45.84532563
87085_3323_00006,rue Martin Célérier,6,,PO0137,1559820.79790000,5184433.34990000,1.19508863,45.84564557
87085_3323_00007,rue Martin Célérier,7,,PO0134,1559802.72690000,5184416.52380000,1.19486094,45.84549053
87085_3323_00008,rue Martin Célérier,8,,PO0138,1559827.21300000,5184451.41430000,1.19516593,45.84580938
87085_3323_00009,rue Martin Célérier,9,,PO0135,1559809.52090000,5184436.26260000,1.19494263,45.84566947
87085_3323_00010,rue Martin Célérier,10,,PO0139,1559834.38930000,5184475.48230000,1.19525128,45.84602734
87085_3323_00011,rue Martin Célérier,11,,PO0136,1559815.15310000,5184454.44160000,1.19500982,45.84583415
87085_3323_00012,rue Martin Célérier,12,,PO0140,1559840.12480000,5184492.55630000,1.19532012,45.84618210
87085_3323_00014,rue Martin Célérier,14,,PO0141,1559846.44170000,5184510.25480000,1.19539627,45.84634259
87085_3323_00017,rue Martin Célérier,17,,PO0116,1559834.83980000,5184512.54020000,1.19524627,45.84636078
87085_3323_00019,rue Martin Célérier,19,,PO0117,1559840.59670000,5184530.60010000,1.19531510,45.84652441
87085_3324_00001,rue Martin Freminet,1,,RS0006,1561480.81970000,5185296.72670000,1.21620653,45.85374849
87085_3324_00003,rue Martin Freminet,3,,RS0007,1561502.97670000,5185309.54700000,1.21648807,45.85386828
87085_3324_00005,rue Martin Freminet,5,,RS0008,1561526.92590000,5185323.62170000,1.21679232,45.85399971
87085_3324_00007,rue Martin Freminet,7,,RS0009,1561549.03060000,5185336.45450000,1.21707318,45.85411960
87085_3324_00009,rue Martin Freminet,9,,RS0010,1561570.73910000,5185349.10840000,1.21734899,45.85423780
87085_3324_00011,rue Martin Freminet,11,,RS0011,1561594.52910000,5185363.02320000,1.21765124,45.85436776
87085_3324_00014,rue Martin Freminet,14,,RS0108,1561630.14380000,5185365.11940000,1.21810912,45.85439378
87085_3324_00015,rue Martin Freminet,15,,RS0012,1561617.96100000,5185376.64030000,1.21794897,45.85449497
87085_3324_00016,rue Martin Freminet,16,,RS0107,1561653.38120000,5185378.79960000,1.21840433,45.85452152
87085_3324_00019,rue Martin Freminet,19,,RS0021,1561678.14390000,5185413.56350000,1.21871310,45.85483922
87085_3324_00021,rue Martin Freminet,21,,RS0030,1561711.66620000,5185444.20150000,1.21913583,45.85512157
87085_3324_00022,rue Martin Freminet,22,,RS0103,1561730.35610000,5185441.78740000,1.21937713,45.85510361
87085_3324_00023,rue Martin Freminet,23,,RS0036,1561755.78550000,5185460.41900000,1.21969914,45.85527633
87085_3324_00024,rue Martin Freminet,24,,RS0101,1561764.36000000,5185448.96850000,1.21981282,45.85517505
87085_3324_00025,rue Martin Freminet,25,,RS0037,1561788.58540000,5185458.00890000,1.22012209,45.85526124
87085_3324_00026,rue Martin Freminet,26,,RS0099,1561793.31240000,5185446.22240000,1.22018633,45.85515617
87085_3324_00028,rue Martin Freminet,28,,RS0097,1561822.57250000,5185437.15720000,1.22056562,45.85508050
87085_3324_00029,rue Martin Freminet,29,,RS0047,1561840.18020000,5185439.20420000,1.22079171,45.85510246
87085_3324_00030,rue Martin Freminet,30,,RS0095,1561848.88320000,5185417.30070000,1.22091005,45.85490717
87085_3324_00031,rue Martin Freminet,31,,RS0048,1561858.15190000,5185423.25730000,1.22102766,45.85496262
87085_3324_00032,rue Martin Freminet,32,,RS0093,1561865.61590000,5185396.62470000,1.22113140,45.85472455
87085_3325_00002,rue Martin Nadaud,2,,IW0210,1562929.44090000,5182358.84160000,1.23569306,45.82761105
87085_3325_00003,rue Martin Nadaud,3,,IW0407,1562971.88810000,5182342.94910000,1.23624377,45.82747654
87085_3325_00004,rue Martin Nadaud,4,,IW0205,1562939.92230000,5182354.60430000,1.23582913,45.82757502
87085_3325_00005,rue Martin Nadaud,5,,IW0272,1562970.91320000,5182332.51780000,1.23623419,45.82738251
87085_3325_00007,rue Martin Nadaud,7,,IW0273,1562969.25610000,5182316.86250000,1.23621733,45.82724136
87085_3325_00009,rue Martin Nadaud,9,,IW0274,1562968.06470000,5182304.94300000,1.23620540,45.82713390
87085_3325_00010,rue Martin Nadaud,10,,IW0204,1562958.11310000,5182335.54670000,1.23606863,45.82740721
87085_3325_00011,rue Martin Nadaud,11,,IW0275,1562965.82970000,5182282.30210000,1.23618309,45.82692978
87085_3325_00012,rue Martin Nadaud,12,,IW0203,1562956.62600000,5182319.34920000,1.23605411,45.82726121
87085_3325_00014,rue Martin Nadaud,14,,IW0202,1562952.69830000,5182281.12400000,1.23601447,45.82691657
87085_3325_00016,rue Martin Nadaud,16,,IW0201,1562951.27510000,5182267.19810000,1.23600012,45.82679102
87085_3325_00022,rue Martin Nadaud,22,,IW0595,1562938.60970000,5182251.20080000,1.23584172,45.82664459
87085_3330_00002,rue Marx Dormoy,2,,ON0510,1562169.42430000,5182348.60960000,1.22591664,45.82736712
87085_3330_00002_bis,rue Marx Dormoy,2,bis,ON0172,1562166.57160000,5182325.22410000,1.22588664,45.82715618
87085_3330_00004,rue Marx Dormoy,4,,ON0173,1562165.54400000,5182317.20260000,1.22587572,45.82708382
87085_3330_00004_bis,rue Marx Dormoy,4,bis,ON0174,1562157.78640000,5182299.20340000,1.22578106,45.82692035
87085_3330_00006,rue Marx Dormoy,6,,ON0171,1562136.54810000,5182291.50590000,1.22550999,45.82684685
87085_3330_00006_bis,rue Marx Dormoy,6,bis,ON0175,1562119.44380000,5182287.84770000,1.22529096,45.82681052
87085_3330_00010,rue Marx Dormoy,10,,ON0177,1562066.65350000,5182275.38540000,1.22461527,45.82668783
87085_3330_00012,rue Marx Dormoy,12,,ON0257,1562047.00090000,5182270.90170000,1.22436369,45.82664355
87085_3330_00014,rue Marx Dormoy,14,,ON0256,1562032.12060000,5182267.58160000,1.22417318,45.82661070
87085_3330_00015,rue Marx Dormoy,15,,ON0259,1562030.86640000,5182253.52480000,1.22416107,45.82648400
87085_3330_00016,rue Marx Dormoy,16,,ON0255,1562018.49190000,5182264.39520000,1.22399873,45.82657930
87085_3330_00017,rue Marx Dormoy,17,,ON0260,1562014.06680000,5182249.83680000,1.22394597,45.82644746
87085_3330_00018,rue Marx Dormoy,18,,ON0254,1562003.89390000,5182260.77630000,1.22381194,45.82654382
87085_3330_00020,rue Marx Dormoy,20,,ON0253,1561991.25580000,5182257.51910000,1.22365026,45.82651199
87085_3330_00021,rue Marx Dormoy,21,,ON0261,1561998.37040000,5182246.06930000,1.22374509,45.82641042
87085_3330_00022,rue Marx Dormoy,22,,ON0252,1561981.10780000,5182255.24670000,1.22352033,45.82648951
87085_3330_00023,rue Marx Dormoy,23,,ON0262,1561985.92960000,5182242.76110000,1.22358596,45.82637816
87085_3330_00024,rue Marx Dormoy,24,,ON0251,1561971.53320000,5182253.07300000,1.22339776,45.82646803
87085_3330_00025,rue Marx Dormoy,25,,ON0263,1561975.43590000,5182240.22310000,1.22345167,45.82635322
87085_3330_00026,rue Marx Dormoy,26,,ON0250,1561961.80070000,5182250.85680000,1.22327300,45.82644600
87085_3330_00027,rue Marx Dormoy,27,,ON0264,1561965.42260000,5182238.04200000,1.22332345,45.82633159
87085_3330_00028,rue Marx Dormoy,28,,ON0249,1561952.44190000,5182251.36710000,1.22315260,45.82644886
87085_3330_00029,rue Marx Dormoy,29,,ON0265,1561956.16180000,5182232.39730000,1.22320591,45.82627896
87085_3330_00030,rue Marx Dormoy,30,,ON0248,1561940.68360000,5182251.84660000,1.22300117,45.82645081
87085_3330_00031,rue Marx Dormoy,31,,ON0266,1561947.20540000,5182227.79500000,1.22309199,45.82623576
87085_3330_00032,rue Marx Dormoy,32,,ON0247,1561928.64920000,5182249.11950000,1.22284711,45.82642386
87085_3330_00033,rue Marx Dormoy,33,,ON0267,1561937.21820000,5182225.57720000,1.22296412,45.82621381
87085_3330_00034,rue Marx Dormoy,34,,ON0246,1561916.86030000,5182246.17020000,1.22269627,45.82639496
87085_3330_00035,rue Marx Dormoy,35,,ON0268,1561926.81930000,5182223.09420000,1.22283104,45.82618938
87085_3330_00036,rue Marx Dormoy,36,,ON0245,1561905.22630000,5182243.57320000,1.22254732,45.82636927
87085_3330_00037,rue Marx Dormoy,37,,ON0269,1561917.13120000,5182220.94260000,1.22270700,45.82616808
87085_3330_00039,rue Marx Dormoy,39,,ON0270,1561906.98390000,5182218.65830000,1.22257709,45.82614550
87085_3330_00040,rue Marx Dormoy,40,,ON0243,1561888.63820000,5182239.85020000,1.22233495,45.82633245
87085_3330_00041,rue Marx Dormoy,41,,ON0272,1561890.11720000,5182214.32560000,1.22236131,45.82610314
87085_3330_00042,rue Marx Dormoy,42,,ON0242,1561876.41420000,5182236.87250000,1.22217852,45.82630321
87085_3330_00043,rue Marx Dormoy,43,,ON0273,1561878.09130000,5182211.36050000,1.22220743,45.82607405
87085_3330_00044,rue Marx Dormoy,44,,ON0241,1561864.50230000,5182234.09810000,1.22202605,45.82627586
87085_3330_00045,rue Marx Dormoy,45,,ON0274,1561869.80340000,5182209.95160000,1.22210119,45.82605971
87085_3330_00045_bis,rue Marx Dormoy,45,bis,ON0275,1561859.15590000,5182207.46340000,1.22196491,45.82603519
87085_3330_00046,rue Marx Dormoy,46,,ON0240,1561854.60730000,5182231.68810000,1.22189942,45.82625219
87085_3330_00047,rue Marx Dormoy,47,,ON0276,1561850.37050000,5182205.37060000,1.22185247,45.82601460
87085_3330_00048,rue Marx Dormoy,48,,ON0239,1561844.69580000,5182229.45990000,1.22177253,45.82623015
87085_3330_00049,rue Marx Dormoy,49,,ON0277,1561840.73850000,5182203.23590000,1.22172914,45.82599346
87085_3330_00049_bis,rue Marx Dormoy,49,bis,ON0278,1561831.12100000,5182200.93330000,1.22160606,45.82597082
87085_3330_00050,rue Marx Dormoy,50,,ON0238,1561835.40920000,5182227.29180000,1.22165366,45.82620879
87085_3330_00051,rue Marx Dormoy,51,,ON0279,1561819.38500000,5182201.70490000,1.22145483,45.82597540
87085_3330_00052,rue Marx Dormoy,52,,ON0237,1561825.38870000,5182225.17790000,1.22152534,45.82618776
87085_3330_00054,rue Marx Dormoy,54,,ON0236,1561813.87070000,5182218.00420000,1.22137920,45.82612091
87085_3330_00055,rue Marx Dormoy,55,,ON0281,1561799.43710000,5182199.37150000,1.22119884,45.82595040
87085_3330_00057,rue Marx Dormoy,57,,ON0282,1561789.82990000,5182197.25470000,1.22107583,45.82592943
87085_3330_00058,rue Marx Dormoy,58,,ON0235,1561798.44000000,5182212.72340000,1.22118217,45.82607031
87085_3330_00059,rue Marx Dormoy,59,,ON0283,1561780.06530000,5182194.98470000,1.22095084,45.82590705
87085_3330_00060,rue Marx Dormoy,60,,ON0234,1561787.55850000,5182210.27700000,1.22104286,45.82604612
87085_3330_00061,rue Marx Dormoy,61,,ON0284,1561770.12180000,5182192.93390000,1.22082349,45.82588660
87085_3330_00063,rue Marx Dormoy,63,,ON0053,1561730.75740000,5182183.39860000,1.22031974,45.82579291
87085_3330_00064,rue Marx Dormoy,64,,ON0232,1561767.83440000,5182205.49340000,1.22079045,45.82599912
87085_3330_00066,rue Marx Dormoy,66,,ON0231,1561755.96740000,5182202.74090000,1.22063855,45.82597198
87085_3330_00067,rue Marx Dormoy,67,,ON0054,1561716.19490000,5182179.73910000,1.22013341,45.82575707
87085_3330_00069,rue Marx Dormoy,69,,ON0055,1561705.08540000,5182177.38720000,1.21999115,45.82573368
87085_3330_00072,rue Marx Dormoy,72,,ON0229,1561725.95330000,5182195.88060000,1.22025433,45.82590423
87085_3330_00073,rue Marx Dormoy,73,,ON0056,1561690.20020000,5182173.86580000,1.21980063,45.82569901
87085_3330_00074,rue Marx Dormoy,74,,ON0228,1561716.09230000,5182193.28190000,1.22012820,45.82587887
87085_3330_00075,rue Marx Dormoy,75,,ON0057,1561667.00670000,5182170.70810000,1.21950312,45.82566594
87085_3330_00076,rue Marx Dormoy,76,,ON0227,1561706.48530000,5182190.66820000,1.22000534,45.82585343
87085_3330_00078,rue Marx Dormoy,78,,ON0226,1561696.67130000,5182188.49560000,1.21987969,45.82583191
87085_3330_00079,rue Marx Dormoy,79,,ON0058,1561645.27180000,5182180.94610000,1.21922051,45.82575366
87085_3330_00080,rue Marx Dormoy,80,,ON0225,1561687.14260000,5182186.70900000,1.21975760,45.82581392
87085_3330_00082,rue Marx Dormoy,82,,ON0224,1561674.63130000,5182183.70750000,1.21959748,45.82578441
87085_3330_00083,rue Marx Dormoy,83,,ON0062,1561631.26980000,5182191.03460000,1.21903745,45.82584160
87085_3330_00084,rue Marx Dormoy,84,,ON0223,1561653.51570000,5182192.08600000,1.21932338,45.82585553
87085_3330_00085,rue Marx Dormoy,85,,ON0063,1561625.08740000,5182199.37660000,1.21895550,45.82591539
87085_3330_00087,rue Marx Dormoy,87,,ON0068,1561621.93780000,5182209.23300000,1.21891214,45.82600342
87085_3330_00089,rue Marx Dormoy,89,,ON0070,1561618.85450000,5182222.14620000,1.21886875,45.82611896
87085_3330_00091,rue Marx Dormoy,91,,ON0074,1561615.31290000,5182237.36220000,1.21881880,45.82625513
87085_3330_00092,rue Marx Dormoy,92,,ON0222,1561632.22180000,5182223.90300000,1.21904024,45.82613746
87085_3330_00093,rue Marx Dormoy,93,,ON0075,1561612.83400000,5182250.30960000,1.21878318,45.82637110
87085_3330_00094,rue Marx Dormoy,94,,ON0221,1561629.01940000,5182238.53390000,1.21899482,45.82626842
87085_3330_00095,rue Marx Dormoy,95,,ON0084,1561611.37030000,5182259.83980000,1.21876160,45.82645653
87085_3330_00096,rue Marx Dormoy,96,,ON0220,1561625.99720000,5182252.25810000,1.21895199,45.82639127
87085_3330_00097,rue Marx Dormoy,97,,ON0085,1561613.19600000,5182269.86260000,1.21878221,45.82654706
87085_3330_00099,rue Marx Dormoy,99,,ON0086,1561617.03400000,5182276.39360000,1.21882971,45.82660658
87085_3330_00100,rue Marx Dormoy,100,,ON0219,1561635.27430000,5182279.83080000,1.21906342,45.82664117
87085_3330_00101,rue Marx Dormoy,101,,ON0087,1561622.77530000,5182285.50780000,1.21890096,45.82668972
87085_3330_00103,rue Marx Dormoy,103,,ON0088,1561627.18710000,5182292.26560000,1.21895578,45.82675140
87085_3333_00001,rue Mary Cassatt,1,,RP0194,1561507.01620000,5185155.56020000,1.21658446,45.85248391
87085_3333_00002,rue Mary Cassatt,2,,RP0162,1561500.00390000,5185162.78810000,1.21649211,45.85254752
87085_3333_00003,rue Mary Cassatt,3,,RP0193,1561492.15150000,5185141.22150000,1.21639725,45.85235193
87085_3333_00004,rue Mary Cassatt,4,,RP0163,1561489.48900000,5185151.93660000,1.21635988,45.85244778
87085_3333_00005,rue Mary Cassatt,5,,RP0192,1561482.33370000,5185105.73250000,1.21628109,45.85203071
87085_3333_00006,rue Mary Cassatt,6,,RP0164,1561479.74690000,5185134.00910000,1.21623964,45.85228455
87085_3333_00007,rue Mary Cassatt,7,,RP0191,1561508.18820000,5185105.02450000,1.21661412,45.85202955
87085_3333_00008,rue Mary Cassatt,8,,RP0165,1561473.91870000,5185112.22770000,1.21617090,45.85208745
87085_3333_00009,rue Mary Cassatt,9,,RP0190,1561521.61500000,5185100.31620000,1.21678832,45.85198991
87085_3333_00010,rue Mary Cassatt,10,,RP0166,1561474.30980000,5185090.83890000,1.21618210,45.85189512
87085_3333_00011,rue Mary Cassatt,11,,RP0189,1561524.73550000,5185090.24030000,1.21683139,45.85189990
87085_3333_00012,rue Mary Cassatt,12,,RP0167,1561483.48710000,5185078.83020000,1.21630370,45.85178895
87085_3333_00013,rue Mary Cassatt,13,,RP0188,1561501.61840000,5185076.32310000,1.21653782,45.85177005
87085_3333_00014,rue Mary Cassatt,14,,RP0168,1561495.42460000,5185062.89880000,1.21646196,45.85164804
87085_3333_00015,rue Mary Cassatt,15,,RP0187,1561525.55290000,5185043.54060000,1.21685538,45.85147998
87085_3333_00016,rue Mary Cassatt,16,,RP0169,1561507.16830000,5185047.71190000,1.21661751,45.85151379
87085_3333_00017,rue Mary Cassatt,17,,RP0186,1561557.01370000,5185050.94290000,1.21725823,45.85155290
87085_3333_00018,rue Mary Cassatt,18,,RP0170,1561520.23650000,5185030.53060000,1.21679069,45.85136187
87085_3333_00019,rue Mary Cassatt,19,,RP0185,1561573.68820000,5185063.08350000,1.21746938,45.85166547
87085_3333_00020,rue Mary Cassatt,20,,RP0171,1561532.49730000,5185014.82920000,1.21695305,45.85122310
87085_3333_00021,rue Mary Cassatt,21,,RP0184,1561579.22460000,5185056.88810000,1.21754243,45.85161085
87085_3333_00022,rue Mary Cassatt,22,,RP0172,1561545.98050000,5184996.89070000,1.21713178,45.85106445
87085_3333_00023,rue Mary Cassatt,23,,RP0183,1561564.19230000,5185045.16500000,1.21735230,45.85150237
87085_3333_00024,rue Mary Cassatt,24,,RP0173,1561558.26210000,5184981.05650000,1.21729444,45.85092449
87085_3333_00025,rue Mary Cassatt,25,,RP0182,1561542.32510000,5185021.25410000,1.21707770,45.85128288
87085_3333_00026,rue Mary Cassatt,26,,RP0174,1561569.12870000,5184967.00660000,1.21743837,45.85080029
87085_3333_00027,rue Mary Cassatt,27,,RP0181,1561568.55870000,5184986.56920000,1.21742540,45.85097615
87085_3333_00028,rue Mary Cassatt,28,,RP0175,1561577.98940000,5184969.06190000,1.21755184,45.85082056
87085_3333_00029,rue Mary Cassatt,29,,RP0180,1561598.71640000,5184995.90960000,1.21781091,45.85106625
87085_3333_00030,rue Mary Cassatt,30,,RP0176,1561590.71000000,5184978.62040000,1.21771283,45.85090911
87085_3333_00031,rue Mary Cassatt,31,,RP0179,1561615.09920000,5185008.85150000,1.21801808,45.85118596
87085_3333_00032,rue Mary Cassatt,32,,RP0177,1561610.35770000,5184993.86280000,1.21796136,45.85105018
87085_3333_00034,rue Mary Cassatt,34,,RP0178,1561628.40600000,5185007.05800000,1.21818989,45.85117251
87085_3335_00002,rue Maryse Bastie,2,,BR0737,1564753.74810000,5184772.08830000,1.25848807,45.84968076
87085_3335_00002_a,rue Maryse Bastie,2,a,BR0737,1564744.14580000,5184785.63130000,1.25836065,45.84980070
87085_3335_00011,rue Maryse Bastie,11,,BR0015,1564693.19440000,5184743.34610000,1.25771669,45.84941029
87085_3335_00013,rue Maryse Bastie,13,,BR0028,1564679.90200000,5184740.43230000,1.25754640,45.84938147
87085_3335_00015,rue Maryse Bastie,15,,BR0029,1564666.45080000,5184736.83070000,1.25737427,45.84934642
87085_3335_00017,rue Maryse Bastie,17,,BR0665,1564656.43830000,5184734.50790000,1.25724604,45.84932356
87085_3335_00019,rue Maryse Bastie,19,,BR0738,1564647.52920000,5184731.93480000,1.25713208,45.84929865
87085_3335_00020,rue Maryse Bastie,20,,BR0609,1564658.77140000,5184744.52260000,1.25727325,45.84941410
87085_3335_00021,rue Maryse Bastie,21,,BR0036,1564638.92420000,5184729.30640000,1.25702205,45.84927332
87085_3335_00022,rue Maryse Bastie,22,,BR0608,1564648.17550000,5184741.38220000,1.25713774,45.84938377
87085_3335_00023,rue Maryse Bastie,23,,BR0038,1564629.92010000,5184726.90350000,1.25690683,45.84924993
87085_3335_00024,rue Maryse Bastie,24,,BR0607,1564640.44880000,5184739.26380000,1.25703887,45.84936319
87085_3335_00025,rue Maryse Bastie,25,,BR0039,1564621.08660000,5184724.46120000,1.25679381,45.84922622
87085_3335_00026,rue Maryse Bastie,26,,BR0604,1564632.03580000,5184736.73240000,1.25693129,45.84933876
87085_3335_00027,rue Maryse Bastie,27,,BR0040,1564614.76250000,5184722.68430000,1.25671290,45.84920899
87085_3335_00029,rue Maryse Bastie,29,,BR0041,1564609.53420000,5184721.26110000,1.25664600,45.84919516
87085_3335_00030,rue Maryse Bastie,30,,BR0600,1564610.45410000,5184730.41660000,1.25665526,45.84927770
87085_3335_00031,rue Maryse Bastie,31,,BR0042,1564603.03940000,5184719.46330000,1.25656290,45.84917771
87085_3335_00032,rue Maryse Bastie,32,,BR0599,1564598.24370000,5184727.22940000,1.25649898,45.84924662
87085_3335_00033,rue Maryse Bastie,33,,BR0043,1564595.98930000,5184717.21740000,1.25647279,45.84915611
87085_3335_00034,rue Maryse Bastie,34,,BR0598,1564586.56760000,5184724.45310000,1.25634947,45.84921935
87085_3335_00035,rue Maryse Bastie,35,,BR0044,1564588.97440000,5184715.49740000,1.25638297,45.84913926
87085_3335_00036,rue Maryse Bastie,36,,BR0594,1564578.36970000,5184722.19000000,1.25624458,45.84919738
87085_3335_00037,rue Maryse Bastie,37,,BR0045,1564582.87990000,5184713.66710000,1.25630504,45.84912160
87085_3335_00038_bis,rue Maryse Bastie,38,bis,BR0593,1564562.78330000,5184717.74430000,1.25604520,45.84915431
87085_3335_00039,rue Maryse Bastie,39,,BR0046,1564575.32690000,5184711.49010000,1.25620843,45.84910052
87085_3335_00040,rue Maryse Bastie,40,,BR0588,1564545.42190000,5184712.75250000,1.25582312,45.84910599
87085_3335_00041,rue Maryse Bastie,41,,BR0047,1564567.62970000,5184709.37920000,1.25610994,45.84908002
87085_3335_00043,rue Maryse Bastie,43,,BR0693,1564558.23960000,5184706.92240000,1.25598976,45.84905607
87085_3335_00045,rue Maryse Bastie,45,,BR0049,1564551.46860000,5184705.01320000,1.25590314,45.84903756
87085_3335_00047,rue Maryse Bastie,47,,BR0050,1564546.24460000,5184703.59300000,1.25583630,45.84902376
87085_3335_00049,rue Maryse Bastie,49,,BR0053,1564538.27670000,5184701.32800000,1.25573437,45.84900181
87085_3335_00051,rue Maryse Bastie,51,,BR0054,1564527.78250000,5184698.49980000,1.25560008,45.84897430
87085_3335_00053,rue Maryse Bastie,53,,BR0057,1564520.78280000,5184696.67910000,1.25551049,45.84895655
87085_3335_00055,rue Maryse Bastie,55,,BR0058,1564511.89960000,5184694.27300000,1.25539682,45.84893315
87085_3335_00059,rue Maryse Bastie,59,,BR0062,1564489.07270000,5184687.60620000,1.25510487,45.84886868
87085_3335_00061,rue Maryse Bastie,61,,BR0637,1564479.69370000,5184684.74620000,1.25498495,45.84884110
87085_3335_00063,rue Maryse Bastie,63,,BR0065,1564465.18750000,5184680.64240000,1.25479938,45.84880133
87085_3335_00065,rue Maryse Bastie,65,,BR0750,1564455.13580000,5184677.89440000,1.25467076,45.84877463
87085_3336_00002,rue Maryse Hilsz,2,,EX0315,1565915.77860000,5180739.12140000,1.27457118,45.81362931
87085_3336_00004,rue Maryse Hilsz,4,,EX0314,1565904.56530000,5180725.16850000,1.27443082,45.81350161
87085_3336_00006,rue Maryse Hilsz,6,,EX0313,1565892.30480000,5180709.95450000,1.27427734,45.81336236
87085_3336_00007,rue Maryse Hilsz,7,,EX0346,1565872.18760000,5180664.75570000,1.27403115,45.81295185
87085_3336_00008,rue Maryse Hilsz,8,,EX0312,1565866.96420000,5180679.54380000,1.27395983,45.81308386
87085_3336_00010,rue Maryse Hilsz,10,,EX0311,1565856.10240000,5180666.21580000,1.27382382,45.81296184
87085_3336_00011,rue Maryse Hilsz,11,,EX0340,1565840.31610000,5180625.53620000,1.27363209,45.81259283
87085_3336_00012,rue Maryse Hilsz,12,,EX0310,1565843.26780000,5180650.64940000,1.27366306,45.81281931
87085_3336_00014,rue Maryse Hilsz,14,,EX0309,1565829.72210000,5180634.61530000,1.27349327,45.81267243
87085_3336_00015,rue Maryse Hilsz,15,,EX0341,1565853.82780000,5180585.17960000,1.27381716,45.81223243
87085_3336_00017,rue Maryse Hilsz,17,,EX0342,1565865.46050000,5180566.73040000,1.27397194,45.81206873
87085_3336_00018,rue Maryse Hilsz,18,,EX0339,1565824.41220000,5180606.18600000,1.27343290,45.81241566
87085_3336_00020,rue Maryse Hilsz,20,,EX0338,1565834.50530000,5180590.32620000,1.27356716,45.81227496
87085_3336_00022,rue Maryse Hilsz,22,,EX0337,1565845.54270000,5180573.29620000,1.27371389,45.81212391
87085_3336_00024,rue Maryse Hilsz,24,,EX0336,1565858.05700000,5180553.52270000,1.27388039,45.81194848
87085_3336_00026,rue Maryse Hilsz,26,,EX0335,1565866.71000000,5180540.37590000,1.27399536,45.81183190
87085_3410_00003,rue Masbarreau,3,,DX0354,1564520.16070000,5182871.01730000,1.25601714,45.83253355
87085_3430_00001,rue Masséna,1,,CT1463,1565963.73930000,5184369.23750000,1.27417613,45.84629384
87085_3430_00004,rue Masséna,4,,CT1461,1565957.05660000,5184384.74420000,1.27408578,45.84643203
87085_3430_00010,rue Masséna,10,,CT0850,1565928.07580000,5184392.28470000,1.27371064,45.84649421
87085_3430_00011,rue Masséna,11,,CT0779,1565925.01400000,5184379.83980000,1.27367471,45.84638166
87085_3430_00012,rue Masséna,12,,CT1459,1565919.37550000,5184394.33500001,1.27359808,45.84651096
87085_3430_00014,rue Masséna,14,,CT1457,1565909.52920000,5184397.15490000,1.27347056,45.84653440
87085_3430_00023,rue Masséna,23,,CT1467,1565850.57570000,5184416.75850000,1.27270624,45.84669925
87085_3430_00024,rue Masséna,24,,CT1455,1565850.75900000,5184431.97170000,1.27270436,45.84683614
87085_3430_00025,rue Masséna,25,,CT1469,1565842.48260000,5184422.36300000,1.27260051,45.84674809
87085_3430_00027,rue Masséna,27,,CT1471,1565835.93240000,5184426.77610000,1.27251496,45.84678651
87085_3430_00028,rue Masséna,28,,CT0934,1565835.64410000,5184442.55680000,1.27250684,45.84692841
87085_3430_00029,rue Masséna,29,,CT1473,1565829.98090000,5184431.15350000,1.27243713,45.84682472
87085_3430_00031,rue Masséna,31,,CT1475,1565822.19480000,5184436.54110000,1.27233541,45.84687167
87085_3430_00032,rue Masséna,32,,CT1451,1565822.98080000,5184451.63960000,1.27234131,45.84700764
87085_3430_00033,rue Masséna,33,,CT1477,1565815.01720000,5184441.48990000,1.27224163,45.84691478
87085_3430_00034,rue Masséna,34,,CT1449,1565812.67300000,5184458.63750000,1.27220667,45.84706858
87085_3430_00036,rue Masséna,36,,CT1447,1565803.03980000,5184465.41310000,1.27208078,45.84712765
87085_3430_00041,rue Masséna,41,,CT0849,1565757.42070000,5184481.48660000,1.27148908,45.84726333
87085_3430_00042,rue Masséna,42,,CT1117,1565762.76180000,5184493.62030000,1.27155440,45.84737350
87085_3430_00045,rue Masséna,45,,CT1483,1565748.13740000,5184488.18220000,1.27136772,45.84732175
87085_3430_00045_bis,rue Masséna,45,bis,CT1485,1565742.19030000,5184491.94840000,1.27129011,45.84735447
87085_3430_00046,rue Masséna,46,,CT1118,1565746.61970000,5184504.39360000,1.27134365,45.84746729
87085_3430_00047,rue Masséna,47,,CT1487,1565735.82860000,5184496.51280000,1.27120695,45.84739429
87085_3430_00048,rue Masséna,48,,CT1441,1565758.32190000,5184531.50920000,1.27148671,45.84771349
87085_3430_00050,rue Masséna,50,,CT1441,1565760.21800000,5184549.95890000,1.27150596,45.84787983
87085_3430_00051,rue Masséna,51,,CT1491,1565715.07660000,5184510.62250000,1.27093589,45.84751716
87085_3430_00052,rue Masséna,52,,CT1441,1565725.69230000,5184523.12990000,1.27106904,45.84763175
87085_3435_00004,rue Massenet,4,,AZ0119,1563736.13760000,5182913.28240000,1.24591596,45.83275885
87085_3435_00006,rue Massenet,6,,AZ0120,1563727.24060000,5182907.43820000,1.24580313,45.83270452
87085_3435_00008,rue Massenet,8,,AZ0121,1563721.44760000,5182903.60580000,1.24572967,45.83266889
87085_3435_00008_bis,rue Massenet,8,bis,AZ0121,1563715.81390000,5182900.29250000,1.24565811,45.83263797
87085_3435_00009,rue Massenet,9,,AZ0135,1563682.74700000,5182863.82680000,1.24524293,45.83230339
87085_3435_00010,rue Massenet,10,,AZ0122,1563710.08130000,5182896.56420000,1.24558540,45.83260330
87085_3435_00011,rue Massenet,11,,AZ0988,1563664.08520000,5182851.79540000,1.24500619,45.83219146
87085_3435_00012,rue Massenet,12,,AZ0518,1563705.42580000,5182893.47470000,1.24552636,45.83257458
87085_3435_00013,rue Massenet,13,,AZ0133,1563657.06670000,5182846.99760000,1.24491724,45.83214691
87085_3435_00014,rue Massenet,14,,AZ0123,1563698.59350000,5182889.26060000,1.24543964,45.83253532
87085_3435_00015,rue Massenet,15,,AZ0131,1563649.63400000,5182842.38410000,1.24482290,45.83210394
87085_3435_00016,rue Massenet,16,,AZ0124,1563690.43580000,5182883.92510000,1.24533617,45.83248571
87085_3435_00018,rue Massenet,18,,AZ0125,1563682.68040000,5182878.85770000,1.24523781,45.83243859
87085_3435_00020,rue Massenet,20,,AZ0126,1563673.09600000,5182872.70130000,1.24511622,45.83238131
87085_3435_00022,rue Massenet,22,,AZ0127,1563663.59940000,5182866.65890000,1.24499573,45.83232507
87085_3435_00026,rue Massenet,26,,AZ0128,1563647.13410000,5182856.22200000,1.24478680,45.83222792
87085_2385_00001,rue Maupassant,1,,CT0627,1565590.29490000,5184344.18970000,1.26937625,45.84599562
87085_2385_00002,rue Maupassant,2,,CT1234,1565604.87270000,5184342.06970000,1.26956448,45.84597939
87085_2385_00003,rue Maupassant,3,,CT0106,1565595.06640000,5184352.25180000,1.26943541,45.84606907
87085_2385_00004,rue Maupassant,4,,CT0131,1565610.76140000,5184351.79110000,1.26963756,45.84606800
87085_2385_00005,rue Maupassant,5,,CT0105,1565601.56870000,5184361.85210000,1.26951642,45.84615670
87085_2385_00006,rue Maupassant,6,,CT0156,1565616.45590000,5184360.98410000,1.26970829,45.84615180
87085_2385_00008,rue Maupassant,8,,CT0156,1565621.19370000,5184368.87340000,1.26976707,45.84622370
87085_2385_00010,rue Maupassant,10,,CT0157,1565637.48040000,5184395.12180000,1.26996936,45.84646300
87085_2385_00012,rue Maupassant,12,,CT0158,1565642.90910000,5184403.83270000,1.27003681,45.84654242
87085_2385_00014,rue Maupassant,14,,CT1533,1565648.28690000,5184412.67290000,1.27010356,45.84662300
87085_2385_00015,rue Maupassant,15,,CT0068,1565640.13430000,5184423.71610000,1.26999553,45.84672074
87085_2385_00016,rue Maupassant,16,,CT0163,1565652.97840000,5184420.27420000,1.27016182,45.84669229
87085_2385_00017,rue Maupassant,17,,CT0067,1565644.58040000,5184430.64950000,1.27005082,45.84678398
87085_2385_00018,rue Maupassant,18,,CT0164,1565656.92360000,5184426.62330000,1.27021083,45.84675018
87085_2385_00019,rue Maupassant,19,,CT0066,1565648.17880000,5184437.19290000,1.27009531,45.84684355
87085_2385_00020,rue Maupassant,20,,CT0165,1565661.64260000,5184434.14630000,1.27026947,45.84681877
87085_2385_00021,rue Maupassant,21,,CT0065,1565653.30290000,5184445.11070000,1.27015905,45.84691577
87085_2385_00022,rue Maupassant,22,,CT0166,1565664.62980000,5184438.96730000,1.27030657,45.84686272
87085_2385_00023,rue Maupassant,23,,CT0063,1565656.96990000,5184451.85870000,1.27020437,45.84697719
87085_2385_00025,rue Maupassant,25,,CT0062,1565660.70520000,5184457.45790000,1.27025088,45.84702829
87085_2385_00026,rue Maupassant,26,,CT0168,1565672.91350000,5184452.53670000,1.27040940,45.84698641
87085_2385_00027,rue Maupassant,27,,CT0060,1565664.71490000,5184464.06100000,1.27030065,45.84708847
87085_2385_00028,rue Maupassant,28,,CT0169,1565678.10900000,5184460.06850000,1.27047417,45.84705518
87085_2385_00029,rue Maupassant,29,,CT0058,1565668.70990000,5184470.84800000,1.27035017,45.84715031
87085_2385_00030,rue Maupassant,30,,CT0170,1565682.43170000,5184467.56710000,1.27052772,45.84712347
87085_2385_00031,rue Maupassant,31,,CT0056,1565674.08070000,5184479.12390000,1.27041699,45.84722580
87085_2385_00032,rue Maupassant,32,,CT0171,1565686.76020000,5184474.08640000,1.27058161,45.84718297
87085_2385_00034,rue Maupassant,34,,CT0172,1565692.70090000,5184484.04740000,1.27065530,45.84727373
87085_2385_00035,rue Maupassant,35,,CT1017,1565686.19610000,5184498.03320000,1.27056766,45.84739827
87085_2385_00037,rue Maupassant,37,,CT1021,1565691.94270000,5184507.49580000,1.27063898,45.84748452
87085_2385_00039,rue Maupassant,39,,CT1025,1565697.43540000,5184516.47650000,1.27070717,45.84756638
87085_3459_00147,rue Maurice Garin,147,,LL0130,1567887.40420000,5189332.17850000,1.29757160,45.89131100
87085_3458_00001,rue Maurice Quentin de La Tour,1,,RS0104,1561699.09750000,5185393.46060000,1.21898864,45.85466260
87085_3458_00002,rue Maurice Quentin de La Tour,2,,RS0106,1561693.32300000,5185383.89810000,1.21891705,45.85457542
87085_3458_00003,rue Maurice Quentin de La Tour,3,,RS0088,1561725.75380000,5185364.03960000,1.21934026,45.85440331
87085_3458_00004,rue Maurice Quentin de La Tour,4,,RS0125,1561709.86570000,5185364.92150000,1.21913548,45.85440805
87085_3458_00005,rue Maurice Quentin de La Tour,5,,RS0087,1561749.93470000,5185345.50270000,1.21965689,45.85424142
87085_3458_00006,rue Maurice Quentin de La Tour,6,,RS0126,1561728.50630000,5185348.57240000,1.21938015,45.85426473
87085_3458_00007,rue Maurice Quentin de La Tour,7,,RS0086,1561779.24500000,5185323.63930000,1.22004051,45.85405065
87085_3458_00008,rue Maurice Quentin de La Tour,8,,RS0127,1561751.33460000,5185332.83370000,1.21967856,45.85412774
87085_3458_00010,rue Maurice Quentin de La Tour,10,,RS0128,1561773.47060000,5185314.42830000,1.21996882,45.85396663
87085_3458_00011,rue Maurice Quentin de La Tour,11,,RS0085,1561804.42270000,5185288.28660000,1.22037480,45.85373769
87085_3458_00012,rue Maurice Quentin de La Tour,12,,RS0129,1561788.30030000,5185293.74670000,1.22016568,45.85378357
87085_3458_00014,rue Maurice Quentin de La Tour,14,,RS0130,1561801.71580000,5185273.27860000,1.22034427,45.85360215
87085_3458_00015,rue Maurice Quentin de La Tour,15,,RS0084,1561817.76640000,5185268.51030000,1.22055226,45.85356248
87085_3458_00016,rue Maurice Quentin de La Tour,16,,RS0131,1561817.52400000,5185250.08580000,1.22055444,45.85339669
87085_3458_00017,rue Maurice Quentin de La Tour,17,,RS0083,1561831.79960000,5185247.78200000,1.22073888,45.85337884
87085_3458_00018,rue Maurice Quentin de La Tour,18,,RS0132,1561831.40530000,5185228.41660000,1.22073937,45.85320456
87085_3458_00019,rue Maurice Quentin de La Tour,19,,RS0082,1561845.65760000,5185227.03510000,1.22092324,45.85319500
87085_3458_00020,rue Maurice Quentin de La Tour,20,,RS0133,1561843.48520000,5185211.58710000,1.22089972,45.85305560
87085_3458_00021,rue Maurice Quentin de La Tour,21,,RS0081,1561868.73060000,5185198.84690000,1.22122837,45.85294607
87085_3458_00022,rue Maurice Quentin de La Tour,22,,RS0203,1561904.53910000,5185212.05890000,1.22168554,45.85307211
87085_3458_00023,rue Maurice Quentin de La Tour,23,,RS0080,1561893.32930000,5185235.24730000,1.22153457,45.85327845
87085_3458_00025,rue Maurice Quentin de La Tour,25,,RS0079,1561891.61460000,5185262.11710000,1.22150477,45.85351981
87085_3458_00027,rue Maurice Quentin de La Tour,27,,RS0078,1561889.53740000,5185288.86590000,1.22147034,45.85376001
87085_3458_00032,rue Maurice Quentin de La Tour,32,,RS0205,1561899.02270000,5185298.53000000,1.22158967,45.85384885
87085_3458_00038,rue Maurice Quentin de La Tour,38,,RS0199,1561886.11140000,5185327.03290000,1.22141526,45.85410265
87085_3458_00048,rue Maurice Quentin de La Tour,48,,RS0200,1561897.44300000,5185364.02260000,1.22155050,45.85443767
87085_3460_00001,rue Maurice Ravel,1,,HY0177,1564001.24190000,5181612.78340000,1.24969530,45.82111260
87085_3460_00002,rue Maurice Ravel,2,,HY0254,1564004.19370000,5181625.74240000,1.24972962,45.82122975
87085_3460_00003,rue Maurice Ravel,3,,HY0178,1563992.32270000,5181611.66630000,1.24958087,45.82110078
87085_3460_00004,rue Maurice Ravel,4,,HY0253,1563995.30540000,5181624.64480000,1.24961557,45.82121812
87085_3460_00005,rue Maurice Ravel,5,,HY0179,1563983.88200000,5181610.61640000,1.24947257,45.82108967
87085_3460_00006,rue Maurice Ravel,6,,HY0252,1563983.73510000,5181623.26330000,1.24946710,45.82120341
87085_3460_00007,rue Maurice Ravel,7,,HY0180,1563975.06850000,5181609.40250000,1.24935952,45.82107701
87085_3460_00012,rue Maurice Ravel,12,,HY0239,1563915.62620000,5181615.04280000,1.24859314,45.82111599
87085_3460_00013,rue Maurice Ravel,13,,HY0197,1563927.96300000,5181603.35510000,1.24875517,45.82101329
87085_3460_00014,rue Maurice Ravel,14,,HY0216,1563902.37140000,5181615.93440000,1.24842236,45.82112138
87085_3460_00015,rue Maurice Ravel,15,,HY0198,1563919.69420000,5181602.38380000,1.24864906,45.82100292
87085_3460_00017,rue Maurice Ravel,17,,HY0199,1563910.30190000,5181601.33460000,1.24852852,45.82099162
87085_3460_00018,rue Maurice Ravel,18,,HY0217,1563885.14320000,5181645.17330000,1.24819243,45.82138100
87085_3460_00019,rue Maurice Ravel,19,,HY0200,1563894.44960000,5181599.27090000,1.24832515,45.82096992
87085_3460_00020,rue Maurice Ravel,20,,HY0218,1563884.76670000,5181654.08290000,1.24818506,45.82146107
87085_3460_00022,rue Maurice Ravel,22,,HY0219,1563884.28050000,5181663.16480000,1.24817623,45.82154267
87085_3460_00023,rue Maurice Ravel,23,,HY0215,1563875.70980000,5181626.77530000,1.24807626,45.82121363
87085_3460_00024,rue Maurice Ravel,24,,HY0220,1563883.67620000,5181671.64780000,1.24816606,45.82161886
87085_3460_00025,rue Maurice Ravel,25,,HY0214,1563874.79190000,5181644.47670000,1.24805944,45.82137268
87085_3460_00026,rue Maurice Ravel,26,,HY0221,1563883.24880000,5181681.56800000,1.24815775,45.82170801
87085_3460_00027,rue Maurice Ravel,27,,HY0213,1563873.98350000,5181656.43540000,1.24804566,45.82148010
87085_3460_00028,rue Maurice Ravel,28,,HY0222,1563882.30550000,5181694.53240000,1.24814195,45.82182445
87085_3460_00029,rue Maurice Ravel,29,,HY0212,1563873.38540000,5181665.25010000,1.24803547,45.82155927
87085_3460_00030,rue Maurice Ravel,30,,HY0223,1563881.71020000,5181705.76570000,1.24813111,45.82192538
87085_3460_00031,rue Maurice Ravel,31,,HY0211,1563872.95480000,5181674.05640000,1.24802744,45.82163840
87085_3460_00032,rue Maurice Ravel,32,,HY0224,1563881.26540000,5181713.54150000,1.24812318,45.82199524
87085_3460_00033,rue Maurice Ravel,33,,HY0210,1563872.51300000,5181682.00010000,1.24801950,45.82170978
87085_3460_00034,rue Maurice Ravel,34,,HY0225,1563880.72790000,5181721.21180000,1.24811410,45.82206413
87085_3460_00035,rue Maurice Ravel,35,,HY0209,1563871.85200000,5181693.09310000,1.24800786,45.82180943
87085_3460_00036,rue Maurice Ravel,36,,HY0226,1563880.12080000,5181732.18210000,1.24810318,45.82216270
87085_3460_00038,rue Maurice Ravel,38,,HY0227,1563879.24490000,5181746.16220000,1.24808796,45.82228828
87085_3460_00039,rue Maurice Ravel,39,,HY0208,1563870.65870000,5181711.65980000,1.24798725,45.82197621
87085_3460_00040,rue Maurice Ravel,40,,HY0228,1563878.68710000,5181757.84420000,1.24807747,45.82239326
87085_3460_00041,rue Maurice Ravel,41,,HY0207,1563869.86820000,5181724.30480000,1.24797350,45.82208981
87085_3460_00043,rue Maurice Ravel,43,,HY0206,1563869.23300000,5181733.59830000,1.24796270,45.82217328
87085_3460_00045,rue Maurice Ravel,45,,HY0205,1563868.66790000,5181742.61250000,1.24795288,45.82225426
87085_3460_00047,rue Maurice Ravel,47,,HY0204,1563868.03100000,5181756.69230000,1.24794070,45.82238079
87085_3462_00001,rue Maurice Rollinat,1,,NM0079,1562687.87670000,5181469.76280000,1.23283864,45.81956512
87085_3462_00001_a,rue Maurice Rollinat,1,a,NM0078,1562706.53460000,5181304.43100000,1.23312587,45.81808160
87085_3462_00001_b,rue Maurice Rollinat,1,b,NM0078,1562703.47980000,5181347.40230000,1.23307431,45.81846754
87085_3462_00001_c,rue Maurice Rollinat,1,c,NM0078,1562730.83160000,5181329.63470000,1.23343126,45.81831317
87085_3462_00002,rue Maurice Rollinat,2,,NM0076,1562673.32610000,5181477.34310000,1.23264927,45.81963041
87085_3462_00003,rue Maurice Rollinat,3,,NM0018,1562676.19150000,5181467.72950000,1.23268888,45.81954450
87085_3462_00004,rue Maurice Rollinat,4,,NM0074,1562654.26900000,5181468.71920000,1.23240656,45.81954903
87085_3462_00005,rue Maurice Rollinat,5,,NM0019,1562662.65280000,5181461.62460000,1.23251645,45.81948688
87085_3462_00006,rue Maurice Rollinat,6,,NM0056,1562641.97310000,5181463.14950000,1.23224996,45.81949647
87085_3462_00007_b,rue Maurice Rollinat,7,b,NM0019,1562661.87880000,5181411.15220000,1.23252090,45.81903270
87085_3462_00007_c,rue Maurice Rollinat,7,c,NM0019,1562662.81970000,5181365.84130000,1.23254594,45.81862529
87085_3462_00008,rue Maurice Rollinat,8,,NM0056,1562615.19200000,5181450.99210000,1.23190888,45.81938176
87085_3462_00009,rue Maurice Rollinat,9,,NM0020,1562642.06250000,5181451.20230000,1.23225452,45.81938902
87085_3462_00011,rue Maurice Rollinat,11,,NM0021,1562632.10470000,5181446.65500000,1.23212771,45.81934612
87085_3462_00013,rue Maurice Rollinat,13,,NM0022,1562618.29530000,5181440.56320000,1.23195178,45.81928857
87085_3462_00014,rue Maurice Rollinat,14,,NM0044,1562562.53910000,5181453.72410000,1.23123070,45.81939582
87085_3462_00015,rue Maurice Rollinat,15,,NM0023,1562604.64560000,5181434.32470000,1.23177796,45.81922972
87085_3462_00016,rue Maurice Rollinat,16,,NM0044,1562584.36030000,5181437.13080000,1.23151618,45.81925091
87085_3462_00017,rue Maurice Rollinat,17,,NM0038,1562570.59900000,5181419.37210000,1.23134421,45.81908841
87085_3462_00018,rue Maurice Rollinat,18,,NM0039,1562554.42180000,5181423.29100000,1.23113496,45.81912043
87085_3462_00020,rue Maurice Rollinat,20,,NM0041,1562522.05290000,5181407.81620000,1.23072295,45.81897476
87085_3466_00004,rue Maurice Utrillo,4,,CP0070,1566947.71250000,5183915.32470000,1.28696733,45.84240172
87085_3466_00008,rue Maurice Utrillo,8,,CP0071,1566936.69020000,5183929.29960000,1.28682159,45.84252530
87085_3466_00009,rue Maurice Utrillo,9,,CR0213,1566922.14550000,5183932.87920000,1.28663340,45.84255469
87085_3466_00014,rue Maurice Utrillo,14,,CP0072,1566916.55630000,5183985.05390000,1.28654701,45.84302295
87085_3466_00017,rue Maurice Utrillo,17,,CR0379,1566901.12090000,5183957.70850000,1.28635591,45.84277397
87085_3466_00038,rue Maurice Utrillo,38,,CP0026,1566915.73350000,5184206.90490000,1.28647498,45.84501848
87085_3466_00042,rue Maurice Utrillo,42,,CP0074,1566906.29170000,5184228.07520000,1.28634758,45.84520710
87085_3466_00071,rue Maurice Utrillo,71,,VA0116,1566778.95240000,5184446.65430000,1.28464793,45.84714869
87085_3466_00083,rue Maurice Utrillo,83,,VA0116,1566701.10340000,5184406.80950000,1.28365691,45.84677518
87085_3466_00085,rue Maurice Utrillo,85,,VA0118,1566691.04870000,5184402.06200000,1.28352880,45.84673052
87085_3473_00001,rue Max Linder,1,,NW0135,1561083.20820000,5183627.95400000,1.21157042,45.83865689
87085_3473_00001_bis,rue Max Linder,1,bis,NW0136,1561096.08640000,5183634.93390000,1.21173415,45.83872228
87085_3473_00002,rue Max Linder,2,,NW0177,1561090.06910000,5183618.88790000,1.21166134,45.83857672
87085_3473_00003,rue Max Linder,3,,NW0138,1561104.62130000,5183639.54640000,1.21184266,45.83876549
87085_3473_00004,rue Max Linder,4,,NW0176,1561103.99240000,5183603.60290000,1.21184495,45.83844204
87085_3473_00005,rue Max Linder,5,,NW0139,1561109.08780000,5183634.06940000,1.21190172,45.83871713
87085_3473_00006,rue Max Linder,6,,NW0175,1561111.87240000,5183589.65210000,1.21195039,45.83831814
87085_3473_00007,rue Max Linder,7,,NW0140,1561105.67720000,5183619.06500000,1.21186216,45.83858147
87085_3473_00008,rue Max Linder,8,,NW0174,1561107.33300000,5183560.37260000,1.21190043,45.83805384
87085_3473_00009,rue Max Linder,9,,NW0141,1561111.76760000,5183607.93270000,1.21194376,45.83848256
87085_3473_00010,rue Max Linder,10,,NW0173,1561091.85370000,5183552.02550000,1.21170363,45.83797562
87085_3473_00011,rue Max Linder,11,,NW0142,1561122.40760000,5183588.34530000,1.21208636,45.83830851
87085_3473_00012,rue Max Linder,12,,NW0172,1561080.73460000,5183545.77600000,1.21156234,45.83791716
87085_3473_00014,rue Max Linder,14,,NW0171,1561069.11200000,5183539.23850000,1.21141465,45.83785600
87085_3473_00015,rue Max Linder,15,,NW0143,1561147.70870000,5183586.88330000,1.21241240,45.83830047
87085_3473_00016,rue Max Linder,16,,NW0170,1561054.84070000,5183531.41620000,1.21123325,45.83778276
87085_3473_00017,rue Max Linder,17,,NW0144,1561160.46140000,5183594.00070000,1.21257446,45.83836707
87085_3473_00018,rue Max Linder,18,,NW0169,1561035.97440000,5183521.39990000,1.21099334,45.83768884
87085_3473_00020,rue Max Linder,20,,NW0168,1561013.79960000,5183534.21850000,1.21070426,45.83779967
87085_3473_00021,rue Max Linder,21,,NW0146,1561159.65940000,5183584.35920000,1.21256693,45.83828017
87085_3473_00022,rue Max Linder,22,,NW0182,1561003.85230000,5183548.71580000,1.21057205,45.83792807
87085_3473_00023,rue Max Linder,23,,NW0147,1561156.55690000,5183577.04460000,1.21252911,45.83821375
87085_3473_00025,rue Max Linder,25,,NW0148,1561145.19290000,5183570.91000000,1.21238463,45.83815627
87085_3473_00027,rue Max Linder,27,,NW0149,1561129.85480000,5183562.39770000,1.21218970,45.83807660
87085_3473_00029,rue Max Linder,29,,NW0150,1561118.33940000,5183556.11670000,1.21204331,45.83801778
87085_3473_00031,rue Max Linder,31,,NW0151,1561106.23540000,5183549.64830000,1.21188941,45.83795714
87085_3473_00033,rue Max Linder,33,,NW0152,1561095.08410000,5183543.53600000,1.21174766,45.83789991
87085_3473_00035,rue Max Linder,35,,NW0153,1561081.47670000,5183536.07030000,1.21157470,45.83783000
87085_3473_00037,rue Max Linder,37,,NW0154,1561070.78890000,5183530.13500000,1.21143887,45.83777445
87085_3473_00039,rue Max Linder,39,,NW0155,1561058.57370000,5183523.39740000,1.21128361,45.83771138
87085_3473_00041,rue Max Linder,41,,NW0156,1561044.84630000,5183515.78580000,1.21110914,45.83764013
87085_3473_00043,rue Max Linder,43,,NW0157,1561038.69790000,5183511.09830000,1.21103137,45.83759672
87085_3473_00045,rue Max Linder,45,,NW0158,1561034.20370000,5183509.41980000,1.21097402,45.83758072
87085_3473_00047,rue Max Linder,47,,NW0159,1561025.08880000,5183511.19930000,1.21085620,45.83759488
87085_3473_00049,rue Max Linder,49,,NW0160,1561013.66450000,5183518.63120000,1.21070702,45.83765943
87085_3473_00051,rue Max Linder,51,,NW0161,1561000.21770000,5183513.86640000,1.21053535,45.83761385
87085_3473_00053,rue Max Linder,53,,NW0164,1560990.01680000,5183506.47170000,1.21040621,45.83754527
87085_3473_00055,rue Max Linder,55,,NW0165,1560987.03760000,5183510.88380000,1.21036659,45.83758435
87085_3473_00057,rue Max Linder,57,,NW0166,1560989.05300000,5183517.12680000,1.21039072,45.83764092
87085_3473_00059,rue Max Linder,59,,NW0167,1561002.55580000,5183525.31760000,1.21056213,45.83771733
87085_3473_00061,rue Max Linder,61,,NW0184,1560988.57290000,5183555.39610000,1.21037347,45.83798507
87085_0210_00001,rue Messager,1,,NS0052,1563753.31340000,5181308.05410000,1.24659182,45.81832232
87085_0210_00002,rue Messager,2,,NS0114,1563799.04820000,5181160.43020000,1.24722200,45.81700341
87085_0210_00003,rue Messager,3,,NS0051,1563729.21940000,5181308.85200000,1.24628161,45.81832472
87085_0210_00004,rue Messager,4,,NS0114,1563795.25400000,5181186.42170000,1.24716583,45.81723647
87085_0210_00005,rue Messager,5,,NS0051,1563704.60890000,5181309.79210000,1.24596473,45.81832830
87085_0210_00006,rue Messager,6,,NS0114,1563791.01050000,5181215.83840000,1.24710291,45.81750025
87085_0210_00008,rue Messager,8,,NS0114,1563787.95880000,5181240.63900000,1.24705663,45.81772274
87085_0210_00010,rue Messager,10,,NS0114,1563786.76830000,5181267.64120000,1.24703366,45.81796541
87085_0210_00012,rue Messager,12,,NS0114,1563788.05760000,5181295.96330000,1.24704223,45.81822043
87085_0210_00014,rue Messager,14,,NS0108,1563770.28950000,5181329.13690000,1.24680424,45.81851533
87085_3505_00002,rue Michel Ange,2,,CR0189,1566553.54390000,5183952.02060000,1.28188383,45.84265544
87085_3505_00005,rue Michel Ange,5,,CR0398,1566534.67000000,5183937.00490000,1.28164508,45.84251670
87085_3505_00006,rue Michel Ange,6,,CR0190,1566529.86450000,5183944.52280000,1.28158114,45.84258339
87085_3505_00008,rue Michel Ange,8,,CR0191,1566517.73160000,5183940.83420000,1.28142600,45.84254786
87085_3505_00012,rue Michel Ange,12,,CR0264,1566500.69910000,5183935.68060000,1.28120821,45.84249819
87085_3505_00015,rue Michel Ange,15,,CR0245,1566498.91390000,5183926.12540000,1.28118789,45.84241189
87085_3505_00020,rue Michel Ange,20,,CR0265,1566457.28000000,5183922.30730000,1.28065308,45.84236946
87085_3505_00021,rue Michel Ange,21,,CR0187,1566480.07830000,5183920.38780000,1.28094705,45.84235662
87085_3505_00024,rue Michel Ange,24,,CR0193,1566437.11470000,5183916.17920000,1.28039524,45.84231042
87085_3505_00027,rue Michel Ange,27,,CR0311,1566445.61830000,5183909.74970000,1.28050648,45.84225423
87085_3507_00001,rue Michel Boutaud,1,,PO0143,1559886.53940000,5184528.05320000,1.19590720,45.84651087
87085_3507_00003,rue Michel Boutaud,3,,PO0142,1559866.96150000,5184535.97410000,1.19565289,45.84657813
87085_3507_00004,rue Michel Boutaud,4,,PO0039,1559828.55080000,5184564.91430000,1.19515004,45.84683063
87085_3507_00006_b,rue Michel Boutaud,6,b,PO0183,1559783.76460000,5184585.37140000,1.19456760,45.84700552
87085_3507_00007,rue Michel Boutaud,7,,PO0118,1559809.66180000,5184561.58150000,1.19490788,45.84679680
87085_3507_00008,rue Michel Boutaud,8,,PO0191,1559773.32220000,5184591.08950000,1.19443152,45.84705482
87085_3507_00009,rue Michel Boutaud,9,,PO0042,1559787.45200000,5184570.85060000,1.19461930,45.84687565
87085_3507_00011,rue Michel Boutaud,11,,PO0042,1559771.68710000,5184578.89250000,1.19441403,45.84694477
87085_3507_00015,rue Michel Boutaud,15,,PO0042,1559755.60780000,5184586.45600000,1.19420486,45.84700953
87085_3507_00017,rue Michel Boutaud,17,,PO0025,1559681.29030000,5184622.54900000,1.19323773,45.84731904
87085_3507_00019,rue Michel Boutaud,19,,PO0026,1559662.67310000,5184631.72940000,1.19299541,45.84739782
87085_3507_00024,rue Michel Boutaud,24,,PO0171,1559678.03530000,5184639.49950000,1.19319088,45.84747085
87085_3507_00026,rue Michel Boutaud,26,,PO0169,1559670.75920000,5184643.33600000,1.19309611,45.84750388
87085_3507_00028,rue Michel Boutaud,28,,PO0170,1559661.10190000,5184647.43699999,1.19297060,45.84753880
87085_3510_00001,rue Michel Chevalier,1,,BC0113,1563768.32050000,5183339.31360000,1.24620937,45.83659761
87085_3510_00004,rue Michel Chevalier,4,,BC0014,1563752.87140000,5183346.93210000,1.24600839,45.83666309
87085_3510_00005,rue Michel Chevalier,5,,BC0112,1563746.05530000,5183331.39760000,1.24592508,45.83652199
87085_3510_00006,rue Michel Chevalier,6,,BC0015,1563745.93540000,5183344.38480000,1.24591985,45.83663880
87085_3510_00007,rue Michel Chevalier,7,,BC0111,1563737.30880000,5183328.05890000,1.24581346,45.83649023
87085_3510_00009,rue Michel Chevalier,9,,BC0110,1563727.32740000,5183321.06700000,1.24568699,45.83642535
87085_3510_00010,rue Michel Chevalier,10,,BC0079,1563719.21050000,5183330.27170000,1.24557992,45.83650655
87085_3510_00011,rue Michel Chevalier,11,,BC0109,1563720.04290000,5183314.70780000,1.24559504,45.83636670
87085_3510_00013,rue Michel Chevalier,13,,BC0108,1563714.56700000,5183310.15980000,1.24552586,45.83632471
87085_3510_00014,rue Michel Chevalier,14,,BC0080,1563702.01280000,5183315.60130000,1.24536275,45.83637117
87085_3510_00015,rue Michel Chevalier,15,,BC0107,1563707.69700000,5183303.95610000,1.24543921,45.83626754
87085_3510_00016,rue Michel Chevalier,16,,BC0081,1563695.67920000,5183310.16150000,1.24528279,45.83632098
87085_3510_00017,rue Michel Chevalier,17,,BC0106,1563700.87440000,5183298.18010000,1.24535304,45.83621423
87085_3510_00018,rue Michel Chevalier,18,,BC0082,1563689.71660000,5183304.87040000,1.24520755,45.83627220
87085_3510_00019,rue Michel Chevalier,19,,BC0105,1563695.90950000,5183293.84080000,1.24529038,45.83617421
87085_3510_00020,rue Michel Chevalier,20,,BC0083,1563683.06500000,5183299.18740000,1.24512356,45.83621976
87085_3510_00021,rue Michel Chevalier,21,,BC0104,1563690.33580000,5183288.94480000,1.24522004,45.83612906
87085_3510_00022,rue Michel Chevalier,22,,BC0084,1563676.37420000,5183293.08270000,1.24503919,45.83616352
87085_3510_00023,rue Michel Chevalier,23,,BC0103,1563682.45720000,5183282.05180000,1.24512060,45.83606550
87085_3510_00024,rue Michel Chevalier,24,,BC0085,1563671.28310000,5183288.66050000,1.24497492,45.83612273
87085_3510_00025,rue Michel Chevalier,25,,BC0102,1563672.89750000,5183273.40020000,1.24500003,45.83598578
87085_3510_00026,rue Michel Chevalier,26,,BC0086,1563665.68090000,5183283.93450000,1.24490417,45.83607911
87085_3510_00027,rue Michel Chevalier,27,,BC0101,1563665.60630000,5183267.28600000,1.24490793,45.83592933
87085_3510_00029,rue Michel Chevalier,29,,BC0100,1563658.43210000,5183261.03480000,1.24481738,45.83587167
87085_3510_00030,rue Michel Chevalier,30,,BC0087,1563651.68150000,5183271.36490000,1.24472757,45.83596326
87085_3510_00031,rue Michel Chevalier,31,,BC0241,1563651.28720000,5183254.84290000,1.24472718,45.83581456
87085_3510_00032,rue Michel Chevalier,32,,BC0088,1563645.47880000,5183266.25620000,1.24464920,45.83591608
87085_3510_00033,rue Michel Chevalier,33,,BC0098,1563643.17610000,5183247.64380000,1.24462484,45.83574819
87085_3510_00034,rue Michel Chevalier,34,,BC0089,1563640.15840000,5183261.32730000,1.24458212,45.83587068
87085_3510_00035,rue Michel Chevalier,35,,BC0097,1563634.97090000,5183240.24130000,1.24452135,45.83567997
87085_3510_00036,rue Michel Chevalier,36,,BC0090,1563633.48360000,5183255.68450000,1.24449783,45.83581860
87085_3510_00038,rue Michel Chevalier,38,,BC0306,1563630.04820000,5183252.53270000,1.24445451,45.83578957
87085_3510_00040,rue Michel Chevalier,40,,BC0092,1563625.44110000,5183248.35440000,1.24439640,45.83575107
87085_3510_00042,rue Michel Chevalier,42,,BC0247,1563619.83620000,5183243.35390000,1.24432569,45.83570497
87085_3512_00001,rue Michel Detroyat,1,,EX0322,1565911.26220000,5180687.54520000,1.27452745,45.81316447
87085_3512_00002,rue Michel Detroyat,2,,EX0354,1565901.97760000,5180680.08640000,1.27441009,45.81309556
87085_3512_00003,rue Michel Detroyat,3,,EX0323,1565923.83740000,5180672.72200000,1.27469335,45.81303358
87085_3512_00004,rue Michel Detroyat,4,,EX0353,1565917.96810000,5180661.48140000,1.27462098,45.81293131
87085_3512_00005,rue Michel Detroyat,5,,EX0324,1565934.69800000,5180659.44900000,1.27483676,45.81291629
87085_3512_00006,rue Michel Detroyat,6,,EX0352,1565931.96490000,5180644.39890000,1.27480580,45.81278037
87085_3512_00007,rue Michel Detroyat,7,,EX0325,1565946.95250000,5180645.06410000,1.27499842,45.81278928
87085_3512_00008,rue Michel Detroyat,8,,EX0351,1565945.03100000,5180628.76940000,1.27497824,45.81264232
87085_3512_00009,rue Michel Detroyat,9,,EX0326,1565958.94660000,5180629.45620000,1.27515706,45.81265121
87085_3512_00011,rue Michel Detroyat,11,,EX0327,1565961.68790000,5180616.24230000,1.27519600,45.81253288
87085_3512_00015,rue Michel Detroyat,15,,EX0328,1565957.55150000,5180601.53680000,1.27514689,45.81239979
87085_3512_00017,rue Michel Detroyat,17,,EX0329,1565948.20770000,5180589.97830000,1.27502991,45.81229399
87085_3512_00021,rue Michel Detroyat,21,,EX0331,1565923.82440000,5180566.44300000,1.27472281,45.81207752
87085_3512_00023,rue Michel Detroyat,23,,EX0332,1565908.21950000,5180555.97860000,1.27452498,45.81198035
87085_3512_00025,rue Michel Detroyat,25,,EX0333,1565891.26920000,5180545.81800000,1.27430977,45.81188564
87085_3512_00027,rue Michel Detroyat,27,,EX0334,1565877.45040000,5180537.24110000,1.27413440,45.81180579
87085_3516_00001,rue Michèle Morgan,1,,PP0109,1560121.61990000,5184200.61130000,1.19902836,45.84361326
87085_3516_00002,rue Michèle Morgan,2,,PP0123,1560117.96680000,5184209.52440000,1.19897875,45.84369269
87085_3516_00003,rue Michèle Morgan,3,,PP0122,1560098.97150000,5184193.83800000,1.19873883,45.84354772
87085_3516_00004,rue Michèle Morgan,4,,PP0124,1560096.37680000,5184203.17440000,1.19870272,45.84363118
87085_3516_00005,rue Michèle Morgan,5,,PP0121,1560069.12640000,5184185.79460000,1.19835704,45.84346929
87085_3516_00006,rue Michèle Morgan,6,,PP0125,1560058.51210000,5184209.72210000,1.19821346,45.84368237
87085_3516_00007,rue Michèle Morgan,7,,PP0120,1560057.16720000,5184191.50960000,1.19820145,45.84351827
87085_3516_00008,rue Michèle Morgan,8,,PP0126,1560062.32210000,5184242.63640000,1.19825291,45.84397922
87085_3516_00009,rue Michèle Morgan,9,,PP0119,1560048.27720000,5184207.59630000,1.19808234,45.84366116
87085_3516_00010,rue Michèle Morgan,10,,PP0127,1560080.73710000,5184249.19810000,1.19848802,45.84404200
87085_3516_00011,rue Michèle Morgan,11,,PP0118,1560036.84720000,5184226.91090000,1.19792961,45.84383258
87085_3516_00012,rue Michèle Morgan,12,,PP0128,1560100.34730000,5184256.17390000,1.19873839,45.84410874
87085_3516_00014,rue Michèle Morgan,14,,PP0129,1560119.23860000,5184262.04770000,1.19897983,45.84416542
87085_3516_00015,rue Michèle Morgan,15,,PP0117,1560031.50260000,5184237.38850000,1.19785776,45.84392574
87085_3516_00016,rue Michèle Morgan,16,,PP0130,1560131.62110000,5184266.33400000,1.19913796,45.84420649
87085_3516_00017,rue Michèle Morgan,17,,PP0116,1560042.08590000,5184245.32600000,1.19799167,45.84399930
87085_3516_00018,rue Michèle Morgan,18,,PP0165,1560145.27360000,5184269.66780000,1.19931271,45.84423926
87085_3516_00019,rue Michèle Morgan,19,,PP0139,1560064.82780000,5184253.05470000,1.19828213,45.84407345
87085_3516_00020,rue Michèle Morgan,20,,PP0171,1560158.13240000,5184272.36660000,1.19947743,45.84426615
87085_3516_00022,rue Michèle Morgan,22,,PP0172,1560172.57870000,5184274.90660000,1.19966263,45.84429194
87085_3516_00024,rue Michèle Morgan,24,,PP0155,1560189.72370000,5184278.39910000,1.19988229,45.84432684
87085_3516_00025,rue Michèle Morgan,25,,PP0134,1560123.97960000,5184274.72980000,1.19903716,45.84428046
87085_3516_00027,rue Michèle Morgan,27,,PP0133,1560143.20990000,5184278.39900000,1.19928361,45.84431738
87085_3516_00029,rue Michèle Morgan,29,,PP0167,1560161.20160000,5184282.10310000,1.19951410,45.84435436
87085_3516_00031,rue Michèle Morgan,31,,PP0166,1560178.08030000,5184285.30119999,1.19973042,45.84438656
87085_3513_00002,rue Michel Serrault,2,,PP0068,1560186.94780000,5184637.24370000,1.19974215,45.84755424
87085_3513_00003,rue Michel Serrault,3,,PP0076,1560175.05240000,5184633.96820000,1.19958998,45.84752235
87085_3513_00004,rue Michel Serrault,4,,PP0069,1560174.84210000,5184667.30110000,1.19957758,45.84782215
87085_3513_00005,rue Michel Serrault,5,,PP0075,1560166.34010000,5184650.80790000,1.19947294,45.84767206
87085_3513_00006,rue Michel Serrault,6,,PP0070,1560169.98530000,5184691.74810000,1.19950795,45.84804108
87085_3513_00007,rue Michel Serrault,7,,PP0074,1560160.46520000,5184676.26800000,1.19938991,45.84789989
87085_3513_00008,rue Michel Serrault,8,,PP0071,1560166.69610000,5184698.07400000,1.19946377,45.84809731
87085_3513_00010,rue Michel Serrault,10,,PP0072,1560161.04180000,5184700.39030000,1.19939031,45.84811700
87085_3513_00012,rue Michel Serrault,12,,PP0073,1560147.75620000,5184702.21480000,1.19921877,45.84813071
87085_3514_00003,rue Michel Simon,3,,NW0133,1561056.99210000,5183659.20120000,1.21122400,45.83893268
87085_3514_00005,rue Michel Simon,5,,NW0134,1561062.41940000,5183646.77290000,1.21129744,45.83882197
87085_3514_00007,rue Michel Simon,7,,NW0178,1561063.24350000,5183606.59720000,1.21131966,45.83846074
87085_3514_00009,rue Michel Simon,9,,NW0179,1561047.00390000,5183597.76340000,1.21111321,45.83837800
87085_3514_00010,rue Michel Simon,10,,NW0194,1561056.34880000,5183637.64750000,1.21122195,45.83873866
87085_3514_00011,rue Michel Simon,11,,NW0180,1561032.66860000,5183589.83810000,1.21093101,45.83830381
87085_3514_00012,rue Michel Simon,12,,NW0193,1561062.69540000,5183622.25770000,1.21130808,45.83860150
87085_3514_00013,rue Michel Simon,13,,NW0181,1561025.21820000,5183585.88050000,1.21083627,45.83826670
87085_3514_00014,rue Michel Simon,14,,NW0192,1561035.07310000,5183601.86770000,1.21095848,45.83841250
87085_3514_00015,rue Michel Simon,15,,NW0181,1561019.49470000,5183582.81500000,1.21076350,45.83823797
87085_3514_00016,rue Michel Simon,16,,NW0191,1561023.86730000,5183595.45350000,1.21081612,45.83835254
87085_3514_00017,rue Michel Simon,17,,NW0183,1561006.12780000,5183575.39480000,1.21059362,45.83816852
87085_3514_00018,rue Michel Simon,18,,NW0190,1561012.94170000,5183589.60620000,1.21067720,45.83829773
87085_3514_00020,rue Michel Simon,20,,NW0189,1561001.76040000,5183583.11010000,1.21053518,45.83823704
87085_3514_00021,rue Michel Simon,21,,NW0185,1560957.30600000,5183548.85590000,1.20997297,45.83791992
87085_3514_00022,rue Michel Simon,22,,NW0188,1560990.54720000,5183577.13170000,1.21039260,45.83818099
87085_3514_00024,rue Michel Simon,24,,NW0187,1560976.09560000,5183569.42720000,1.21020884,45.83810877
87085_3514_00026,rue Michel Simon,26,,NW0186,1560959.88480000,5183560.25960000,1.21000286,45.83802302
87085_3514_00028,rue Michel Simon,28,,NW0197,1560944.12530000,5183551.54590000,1.20980256,45.83794145
87085_3520_00001,rue Mignet,1,,BH0840,1563216.52990000,5183858.60640000,1.23896037,45.84115939
87085_3520_00002,rue Mignet,2,,BH0159,1563223.98570000,5183869.51590000,1.23905323,45.84125901
87085_3520_00003,rue Mignet,3,,BH0840,1563206.88720000,5183868.85030000,1.23883335,45.84124962
87085_3520_00004,rue Mignet,4,,BH0158,1563217.87820000,5183875.92510000,1.23897280,45.84131545
87085_3520_00005,rue Mignet,5,,BH0841,1563196.83300000,5183879.55130000,1.23870090,45.84134389
87085_3520_00006,rue Mignet,6,,BH0157,1563210.36590000,5183883.18810000,1.23887404,45.84137929
87085_3520_00007,rue Mignet,7,,BH0842,1563186.96570000,5183889.85890000,1.23857097,45.84143464
87085_3520_00008,rue Mignet,8,,BH0156,1563203.63360000,5183890.22230000,1.23878539,45.84144123
87085_3520_00009,rue Mignet,9,,BH0842,1563179.14750000,5183898.16000000,1.23846798,45.84150776
87085_3520_00010,rue Mignet,10,,BH0062,1563193.92780000,5183900.43050000,1.23865757,45.84153113
87085_3520_00011,rue Mignet,11,,BH0704,1563172.82360000,5183904.59700000,1.23838476,45.84156441
87085_3520_00012,rue Mignet,12,,BH0154,1563186.01900000,5183909.05840000,1.23855332,45.84160717
87085_3520_00013,rue Mignet,13,,BH0705,1563167.21030000,5183910.35040000,1.23831087,45.84161505
87085_3520_00014,rue Mignet,14,,BH0153,1563177.08190000,5183917.95050000,1.23843576,45.84168538
87085_3520_00015,rue Mignet,15,,BH0706,1563159.66950000,5183918.80110000,1.23821141,45.84168956
87085_3520_00016,rue Mignet,16,,BH0152,1563168.55190000,5183927.77910000,1.23832318,45.84177209
87085_3520_00017,rue Mignet,17,,BH0708,1563150.37760000,5183928.32410000,1.23808911,45.84177338
87085_3520_00018,rue Mignet,18,,BH0151,1563159.03130000,5183937.45590000,1.23819789,45.84185725
87085_3520_00019,rue Mignet,19,,BH0887,1563134.52690000,5183944.70780000,1.23788043,45.84191760
87085_2055_00002,rue Millet,2,,CN0143,1566361.36150000,5184282.22700000,1.27931843,45.84558853
87085_2055_00004,rue Millet,4,,CN0142,1566357.44220000,5184288.49850000,1.27926624,45.84564418
87085_2055_00005,rue Millet,5,,CN0188,1566340.29720000,5184295.65130000,1.27904357,45.84570519
87085_2055_00006,rue Millet,6,,CN0142,1566351.57580000,5184297.96670000,1.27918810,45.84572821
87085_2055_00007,rue Millet,7,,CN0189,1566333.51160000,5184306.49200000,1.27895321,45.84580139
87085_2055_00008,rue Millet,8,,CN0141,1566347.65630000,5184304.27570000,1.27913589,45.84578420
87085_2055_00009,rue Millet,9,,CN0190,1566328.90250000,5184314.39330000,1.27889169,45.84587157
87085_2055_00010,rue Millet,10,,CN0140,1566344.40800000,5184309.32110000,1.27909268,45.84582896
87085_2055_00011,rue Millet,11,,CN0191,1566323.41400000,5184322.73270000,1.27881872,45.84594552
87085_2055_00012,rue Millet,12,,CN0139,1566340.07890000,5184316.33350000,1.27903501,45.84589120
87085_2055_00014,rue Millet,14,,CN0138,1566334.66140000,5184325.03080000,1.27896285,45.84596838
87085_3525_00003,rue Mirabeau,3,,HZ0099,1564385.27120000,5182187.34060000,1.25447415,45.82635690
87085_3525_00005,rue Mirabeau,5,,HZ0096,1564382.59050000,5182196.31690000,1.25443712,45.82643711
87085_3525_00005_a,rue Mirabeau,5,a,HZ0096,1564356.65250000,5182217.09320000,1.25409752,45.82661889
87085_3525_00005_b,rue Mirabeau,5,b,HZ0097,1564337.96750000,5182206.03900000,1.25386021,45.82651577
87085_3525_00005_c,rue Mirabeau,5,c,HZ0097,1564320.38770000,5182194.60620000,1.25363724,45.82640946
87085_3525_00005_d,rue Mirabeau,5,d,HZ0097,1564316.90670000,5182175.42370000,1.25359786,45.82623621
87085_3525_00006,rue Mirabeau,6,,HT0012,1564398.99980000,5182196.26680000,1.25464828,45.82643990
87085_3525_00008,rue Mirabeau,8,,HT0011,1564395.73030000,5182206.56200000,1.25460331,45.82653187
87085_3525_00010,rue Mirabeau,10,,HT0010,1564393.09130000,5182216.85150000,1.25456645,45.82662391
87085_3525_00011,rue Mirabeau,11,,HZ0094,1564378.00200000,5182211.30250000,1.25437386,45.82657101
87085_3525_00012,rue Mirabeau,12,,HT0010,1564389.89380000,5182227.26460000,1.25452237,45.82671695
87085_3525_00014,rue Mirabeau,14,,HT0132,1564385.55630000,5182242.28870000,1.25446232,45.82685124
87085_3525_00015,rue Mirabeau,15,,HZ0093,1564372.35620000,5182231.14050000,1.25429562,45.82674835
87085_3525_00017,rue Mirabeau,17,,HZ0092,1564368.12390000,5182245.33410000,1.25423715,45.82687520
87085_3525_00018,rue Mirabeau,18,,HT0008,1564382.31420000,5182252.96140000,1.25441759,45.82694661
87085_3525_00019,rue Mirabeau,19,,HZ0091,1564365.55830000,5182253.97270000,1.25420170,45.82695240
87085_3525_00020,rue Mirabeau,20,,HT0007,1564379.63850000,5182261.75790000,1.25438068,45.82702521
87085_3525_00021,rue Mirabeau,21,,HZ0090,1564362.85260000,5182263.07570000,1.25416432,45.82703376
87085_3525_00022,rue Mirabeau,22,,HT0006,1564377.54850000,5182268.54330000,1.25435188,45.82708584
87085_3525_00023,rue Mirabeau,23,,HZ0089,1564360.23410000,5182270.74790000,1.25412847,45.82710226
87085_3525_00024,rue Mirabeau,24,,HT0005,1564373.71200000,5182281.51640000,1.25429885,45.82720178
87085_3525_00025,rue Mirabeau,25,,HZ0089,1564357.15460000,5182282.29260000,1.25408558,45.82720550
87085_3525_00028,rue Mirabeau,28,,HT0004,1564369.51600000,5182296.47290000,1.25424064,45.82733550
87085_3525_00030,rue Mirabeau,30,,HT0113,1564366.74140000,5182306.01950000,1.25420225,45.82742083
87085_3530_00002,rue Mireboeuf,2,,DW0078,1564908.43100000,5182704.60710000,1.26106037,45.83111297
87085_3530_00003,rue Mireboeuf,3,,DW0081,1564897.09810000,5182707.72450000,1.26091366,45.83113879
87085_3530_00004,rue Mireboeuf,4,,DW0079,1564901.68800000,5182714.61520000,1.26097079,45.83120168
87085_3530_00006,rue Mireboeuf,6,,DW0075,1564901.31200000,5182726.33410000,1.26096265,45.83130702
87085_3545_00001,rue Molière,1,,BO0579,1564029.02700000,5184399.06070000,1.24926469,45.84618223
87085_3545_00002,rue Molière,2,,BO0581,1564029.14990000,5184407.89550000,1.24926377,45.84626172
87085_3545_00004,rue Molière,4,,BO0583,1564017.88390000,5184408.20800000,1.24911867,45.84626231
87085_3545_00006,rue Molière,6,,BO0585,1564001.31540000,5184408.56370000,1.24890530,45.84626223
87085_3545_00012,rue Molière,12,,BO0562,1563956.50450000,5184409.32970000,1.24832830,45.84626025
87085_3545_00013,rue Molière,13,,BO0593,1563946.49930000,5184400.88710000,1.24820190,45.84618233
87085_3545_00023,rue Molière,23,,BO0601,1563858.60550000,5184398.70930000,1.24707118,45.84614534
87085_3545_00024,rue Molière,24,,BO0568,1563878.53430000,5184410.74990000,1.24732429,45.84625760
87085_3545_00026,rue Molière,26,,BO0603,1563870.58680000,5184410.15630000,1.24722216,45.84625068
87085_3545_00030,rue Molière,30,,BO0607,1563857.21030000,5184408.41560000,1.24705047,45.84623238
87085_3545_00032,rue Molière,32,,BO0609,1563850.48470000,5184407.71550000,1.24696410,45.84622475
87085_3545_00034,rue Molière,34,,BO0611,1563841.57650000,5184406.57190000,1.24684976,45.84621270
87085_3550_00001,rue Monge,1,,IM1093,1563370.24560000,5182420.83090000,1.24134742,45.82825638
87085_3550_00001_bis,rue Monge,1,bis,IM1286,1563362.60710000,5182436.17640000,1.24124477,45.82839291
87085_3550_00002,rue Monge,2,,IM1282,1563381.19900000,5182427.67360000,1.24148642,45.82832011
87085_3550_00004,rue Monge,4,,IM1284,1563375.81620000,5182438.35670000,1.24141412,45.82841515
87085_3550_00005,rue Monge,5,,IM1288,1563359.18210000,5182442.83150000,1.24119881,45.82845209
87085_3550_00006,rue Monge,6,,IM1089,1563370.39720000,5182448.99190000,1.24134137,45.82850974
87085_3550_00007,rue Monge,7,,IM1292,1563353.13820000,5182454.82770000,1.24111763,45.82855881
87085_3550_00008,rue Monge,8,,IM1290,1563366.91390000,5182455.70160000,1.24129464,45.82856940
87085_3550_00009,rue Monge,9,,IM1296,1563348.61790000,5182463.86990000,1.24105690,45.82863925
87085_3550_00010,rue Monge,10,,IM1294,1563363.27440000,5182462.87640000,1.24124577,45.82863322
87085_3550_00011,rue Monge,11,,IM1300,1563344.70750000,5182471.63870000,1.24100437,45.82870835
87085_3550_00012,rue Monge,12,,IM1298,1563359.13150000,5182471.68860000,1.24118996,45.82871167
87085_3550_00013,rue Monge,13,,IM1304,1563340.60650000,5182479.92700000,1.24094924,45.82878210
87085_3550_00014,rue Monge,14,,IM1302,1563354.88240000,5182479.11260000,1.24113317,45.82877761
87085_3550_00015,rue Monge,15,,IM1308,1563339.20290000,5182488.54830000,1.24092873,45.82885937
87085_3550_00016,rue Monge,16,,IM1306,1563351.63520000,5182485.33860000,1.24108962,45.82883297
87085_3550_00017,rue Monge,17,,IM1406,1563341.20360000,5182496.01940000,1.24095235,45.82892698
87085_3550_00018,rue Monge,18,,IM1314,1563355.78560000,5182503.81420000,1.24113777,45.82899999
87085_3550_00019,rue Monge,19,,IM1312,1563342.75300000,5182502.11040000,1.24097056,45.82898208
87085_3550_00020,rue Monge,20,,IM1316,1563358.30970000,5182513.78710000,1.24116742,45.82909021
87085_3550_00022,rue Monge,22,,IM1318,1563360.27420000,5182521.58290000,1.24119048,45.82916072
87085_3550_00023,rue Monge,23,,IM1240,1563349.07350000,5182527.49480000,1.24104467,45.82921168
87085_3550_00024,rue Monge,24,,IM1320,1563362.43460000,5182530.76260000,1.24121567,45.82924373
87085_3550_00027,rue Monge,27,,IM1322,1563358.14660000,5182565.14490000,1.24115072,45.82955216
87085_3550_00028,rue Monge,28,,IM1328,1563374.95450000,5182582.21670000,1.24136215,45.82970907
87085_3550_00029,rue Monge,29,,IM1324,1563359.95230000,5182571.99380000,1.24117201,45.82961413
87085_3550_00030,rue Monge,30,,IM1334,1563387.04000000,5182605.54210000,1.24151104,45.82992130
87085_3550_00031,rue Monge,31,,IM1402,1563361.84800000,5182579.86730000,1.24119417,45.82968534
87085_3550_00032,rue Monge,32,,IM1336,1563400.80820000,5182608.03220000,1.24168750,45.82994643
87085_3550_00033,rue Monge,33,,IM1330,1563363.53240000,5182586.78550000,1.24121388,45.82974790
87085_3550_00034,rue Monge,34,,IM1342,1563410.59700000,5182609.91650000,1.24181293,45.82996533
87085_3550_00035,rue Monge,35,,IM1156,1563365.61950000,5182595.05590000,1.24123838,45.82982271
87085_3550_00036,rue Monge,36,,IM1344,1563422.81340000,5182612.29880000,1.24196945,45.82998918
87085_3550_00038,rue Monge,38,,IM1350,1563431.11550000,5182613.84120000,1.24207584,45.83000471
87085_3550_00040,rue Monge,40,,IM1352,1563440.19760000,5182615.55490000,1.24219222,45.83002193
87085_3550_00041,rue Monge,41,,IM1332,1563374.71600000,5182616.57200000,1.24134932,45.83001807
87085_3550_00042,rue Monge,42,,IM1105,1563448.84320000,5182617.18480000,1.24230301,45.83003831
87085_3550_00043,rue Monge,43,,IM1126,1563388.24040000,5182618.26750000,1.24152287,45.83003601
87085_3550_00044,rue Monge,44,,IM1356,1563456.83710000,5182618.70170000,1.24240544,45.83005354
87085_3550_00045,rue Monge,45,,IM1338,1563404.65910000,5182621.19970000,1.24173331,45.83006565
87085_3550_00046,rue Monge,46,,IM1077,1563465.44380000,5182620.34560000,1.24251573,45.83007003
87085_3550_00047,rue Monge,47,,IM1340,1563414.18830000,5182622.90410000,1.24185545,45.83008287
87085_3550_00048,rue Monge,48,,IM1368,1563475.38650000,5182622.24860000,1.24264313,45.83008913
87085_3550_00049,rue Monge,49,,IM1346,1563425.87630000,5182624.97490000,1.24200526,45.83010382
87085_3550_00050,rue Monge,50,,IM1366,1563489.66300000,5182624.79950000,1.24282611,45.83011491
87085_3550_00051,rue Monge,51,,IM1079,1563438.89830000,5182627.55230000,1.24217209,45.83012959
87085_3550_00053,rue Monge,53,,IM1354,1563448.52930000,5182629.47630000,1.24229548,45.83014881
87085_3550_00055,rue Monge,55,,IM1358,1563462.00140000,5182632.05050000,1.24246811,45.83017464
87085_3550_00057,rue Monge,57,,IM1362,1563475.91710000,5182634.83120000,1.24264638,45.83020242
87085_3550_00059,rue Monge,59,,IM1364,1563487.56230000,5182637.07440000,1.24279560,45.83022491
87085_3555_00001,rue Montaigne,1,,DH0287,1564006.50100000,5182985.75990000,1.24937465,45.83346434
87085_3555_00002,rue Montaigne,2,,DH0268,1564011.39490000,5182998.32610000,1.24943407,45.83357835
87085_3555_00003,rue Montaigne,3,,DH0343,1563999.96180000,5182991.63310000,1.24928883,45.83351588
87085_3555_00004,rue Montaigne,4,,DH0269,1563995.54650000,5183012.09120000,1.24922623,45.83369904
87085_3555_00005,rue Montaigne,5,,DH0336,1563993.50880000,5182997.35520000,1.24920417,45.83356608
87085_3555_00006,rue Montaigne,6,,DH0358,1563979.26490000,5183026.68980000,1.24901257,45.83382714
87085_3555_00007,rue Montaigne,7,,DH0284,1563985.14510000,5183004.74110000,1.24909445,45.83363087
87085_3555_00008,rue Montaigne,8,,DH0277,1563972.04390000,5183033.00810000,1.24891786,45.83388255
87085_3555_00009,rue Montaigne,9,,DH0280,1563976.74350000,5183012.18610000,1.24898423,45.83369618
87085_3555_00010,rue Montaigne,10,,DH0276,1563964.75670000,5183039.38310000,1.24882228,45.83393846
87085_3555_00011,rue Montaigne,11,,DH0279,1563969.52140000,5183018.40610000,1.24888953,45.83375070
87085_3555_00013,rue Montaigne,13,,DH0278,1563964.27720000,5183022.91920000,1.24882076,45.83379026
87085_3560_00002,rue Montalembert,2,,IM0286,1563787.33470000,5182538.23620000,1.24668106,45.82939524
87085_3560_00003,rue Montalembert,3,,IL0123,1563802.58100000,5182502.64230000,1.24688732,45.82907807
87085_3560_00004,rue Montalembert,4,,IM0287,1563787.77620000,5182516.91810000,1.24669278,45.82920356
87085_3560_00005,rue Montalembert,5,,IL0126,1563802.79520000,5182490.89360000,1.24689341,45.82897243
87085_3560_00006,rue Montalembert,6,,IM0288,1563788.14190000,5182506.55710000,1.24670042,45.82911043
87085_3560_00007,rue Montalembert,7,,IL0127,1563803.13450000,5182478.74360000,1.24690122,45.82886320
87085_3560_00008,rue Montalembert,8,,IM0289,1563788.17800000,5182497.21800000,1.24670353,45.82902643
87085_3560_00010,rue Montalembert,10,,IM0290,1563788.43560000,5182488.05330000,1.24670944,45.82894404
87085_3560_00012,rue Montalembert,12,,IM0291,1563789.06150000,5182467.56050000,1.24672330,45.82875982
87085_3560_00014,rue Montalembert,14,,IM0292,1563789.62640000,5182447.26750000,1.24673632,45.82857738
87085_3560_00015,rue Montalembert,15,,IL0129,1563803.35350000,5182462.26390000,1.24690870,45.82871500
87085_3560_00016,rue Montalembert,16,,IM0293,1563790.08690000,5182432.58480000,1.24674640,45.82844539
87085_3560_00018,rue Montalembert,18,,IM0294,1563790.20630000,5182416.53490000,1.24675248,45.82830104
87085_3560_00020,rue Montalembert,20,,IM0570,1563790.36470000,5182407.33410000,1.24675713,45.82821830
87085_3560_00021,rue Montalembert,21,,IL0150,1563804.78980000,5182399.56220000,1.24694495,45.82815125
87085_3560_00022,rue Montalembert,22,,IM0295,1563790.58190000,5182400.29950000,1.24676192,45.82815507
87085_3560_00024,rue Montalembert,24,,IM0296,1563790.49490000,5182389.59550000,1.24676383,45.82805876
87085_3560_00025,rue Montalembert,25,,IL0151,1563804.94870000,5182389.14400000,1.24694994,45.82805756
87085_3560_00026,rue Montalembert,26,,IM0297,1563790.82960000,5182377.39610000,1.24677159,45.82794909
87085_3560_00027,rue Montalembert,27,,IL0152,1563805.24850000,5182378.06420000,1.24695694,45.82795795
87085_3560_00028,rue Montalembert,28,,IM0298,1563790.97450000,5182364.48370000,1.24677711,45.82783296
87085_3560_00029,rue Montalembert,29,,IL0153,1563804.70620000,5182371.90920000,1.24695170,45.82790248
87085_3560_00030,rue Montalembert,30,,IM0313,1563797.18750000,5182364.13230000,1.24685716,45.82783103
87085_3565_00001,rue Monte à Regret,1,,DX0213,1564528.68370000,5182666.59640000,1.25618442,45.83069634
87085_3565_00002,rue Monte à Regret,2,,DX0229,1564528.11730000,5182674.03100000,1.25617503,45.83076311
87085_3565_00003,rue Monte à Regret,3,,DX0227,1564518.19570000,5182661.23240000,1.25605097,45.83064603
87085_3565_00004,rue Monte à Regret,4,,DX0228,1564514.25770000,5182667.19880000,1.25599861,45.83069892
87085_3565_00005,rue Monte à Regret,5,,DX0387,1564511.65190000,5182657.01590000,1.25596795,45.83060681
87085_3565_00006,rue Monte à Regret,6,,DX0477,1564503.28570000,5182660.70850000,1.25585925,45.83063838
87085_3565_00007,rue Monte à Regret,7,,DX0225,1564504.73730000,5182652.71030000,1.25588019,45.83056671
87085_3565_00008,rue Monte à Regret,8,,DX0248,1564485.13150000,5182649.38400000,1.25562883,45.83053293
87085_3565_00009,rue Monte à Regret,9,,DX0224,1564497.95290000,5182648.41570000,1.25579409,45.83052674
87085_3575_00004,rue Montesquieu,4,,BO0805,1563978.70560000,5184233.06730000,1.24866396,45.84467907
87085_3575_00005,rue Montesquieu,5,,BO0753,1563966.18070000,5184248.88700000,1.24849827,45.84481890
87085_3575_00006,rue Montesquieu,6,,BO0803,1563978.82760000,5184241.12750000,1.24866325,45.84475160
87085_3575_00007,rue Montesquieu,7,,BO0755,1563966.45690000,5184267.39040000,1.24849658,45.84498540
87085_3575_00008,rue Montesquieu,8,,BO0811,1563978.83610000,5184251.50880000,1.24866042,45.84484499
87085_3575_00009,rue Montesquieu,9,,BO0757,1563966.52660000,5184275.70160000,1.24849513,45.84506018
87085_3575_00010,rue Montesquieu,10,,BO0554,1563979.24240000,5184259.96190000,1.24866325,45.84492111
87085_3575_00011,rue Montesquieu,11,,BO0759,1563966.87810000,5184286.87840000,1.24849649,45.84516079
87085_3575_00012,rue Montesquieu,12,,BO0799,1563979.37350000,5184268.22960000,1.24866260,45.84499551
87085_3575_00013,rue Montesquieu,13,,BO0761,1563967.01750000,5184295.15540000,1.24849594,45.84523527
87085_3575_00014,rue Montesquieu,14,,BO0797,1563979.59750000,5184279.71650000,1.24866223,45.84509888
87085_3575_00015,rue Montesquieu,15,,BO0763,1563967.24740000,5184308.44300000,1.24849514,45.84535485
87085_3575_00016,rue Montesquieu,16,,BO0795,1563979.75430000,5184290.58050000,1.24866118,45.84519664
87085_3575_00017,rue Montesquieu,17,,BO0767,1563967.45240000,5184324.03990000,1.24849336,45.84549519
87085_3575_00018,rue Montesquieu,18,,BO0560,1563979.93650000,5184298.58340000,1.24866125,45.84526867
87085_3575_00019,rue Montesquieu,19,,BO0765,1563967.86670000,5184334.11000000,1.24849584,45.84558586
87085_3575_00020,rue Montesquieu,20,,BO0793,1563980.21190000,5184308.38700000,1.24866202,45.84535691
87085_3575_00021,rue Montesquieu,21,,BO0769,1563967.95670000,5184343.69080000,1.24849429,45.84567206
87085_3575_00022,rue Montesquieu,22,,BO0791,1563980.34810000,5184317.19850000,1.24866128,45.84543620
87085_3575_00023,rue Montesquieu,23,,BO0771,1563968.00860000,5184352.10520000,1.24849257,45.84574777
87085_3575_00024,rue Montesquieu,24,,BO0558,1563980.54300000,5184331.42330001,1.24865977,45.84556420
87085_3575_00025,rue Montesquieu,25,,BO0773,1563968.20340000,5184358.36260000,1.24849331,45.84580409
87085_3575_00026,rue Montesquieu,26,,BO0789,1563980.85890000,5184345.87120000,1.24865974,45.84569423
87085_3575_00027,rue Montesquieu,27,,BO0775,1563968.36570000,5184365.06960000,1.24849350,45.84586446
87085_3575_00028,rue Montesquieu,28,,BO0787,1563981.04600000,5184360.54760000,1.24865800,45.84582629
87085_3575_00029,rue Montesquieu,29,,BO0777,1563968.56790000,5184374.32010000,1.24849348,45.84594771
87085_3575_00030,rue Montesquieu,30,,BO0785,1563981.26510000,5184370.87140000,1.24865789,45.84591920
87085_3575_00031,rue Montesquieu,31,,BO0779,1563968.75450000,5184387.93900000,1.24849203,45.84607026
87085_3575_00032,rue Montesquieu,32,,BO0809,1563981.26930000,5184381.49490000,1.24865494,45.84601477
87085_3575_00034,rue Montesquieu,34,,BO0781,1563981.67130000,5184395.32120000,1.24865620,45.84613922
87085_3575_00035,rue Montesquieu,35,,BO0562,1563969.39410000,5184413.54210000,1.24849301,45.84630070
87085_3575_00036,rue Montesquieu,36,,BO0751,1563981.92970000,5184414.59500000,1.24865407,45.84631265
87085_3575_00037,rue Montesquieu,37,,BO0699,1563969.41580000,5184424.81990000,1.24849010,45.84640215
87085_3575_00039,rue Montesquieu,39,,BO0703,1563969.69080000,5184434.23410000,1.24849098,45.84648689
87085_3575_00040,rue Montesquieu,40,,BO0749,1563982.23440000,5184432.49200000,1.24865293,45.84647370
87085_3575_00041,rue Montesquieu,41,,BO0705,1563969.70100000,5184447.13440000,1.24848746,45.84660294
87085_3575_00042,rue Montesquieu,42,,BO0701,1563982.27980000,5184444.46260000,1.24865012,45.84658139
87085_3575_00042_bis,rue Montesquieu,42,bis,BO0701,1563982.51130000,5184452.87640000,1.24865072,45.84665713
87085_3575_00044,rue Montesquieu,44,,BO0747,1563982.87930000,5184459.14760000,1.24865368,45.84671361
87085_3575_00045,rue Montesquieu,45,,BO0709,1563970.20500000,5184469.51820000,1.24848761,45.84680439
87085_3575_00046,rue Montesquieu,46,,BO0745,1563982.98730000,5184468.02589999,1.24865256,45.84679350
87085_3575_00047,rue Montesquieu,47,,BO0711,1563970.30420000,5184477.36210000,1.24848666,45.84687497
87085_3575_00048,rue Montesquieu,48,,BO0743,1563983.18020000,5184475.86109999,1.24865282,45.84686402
87085_3575_00049,rue Montesquieu,49,,BO0713,1563970.32900000,5184488.55070000,1.24848381,45.84697563
87085_3575_00051,rue Montesquieu,51,,BO0715,1563970.55110000,5184502.33390000,1.24848277,45.84709966
87085_3575_00053,rue Montesquieu,53,,BO0717,1563970.70190000,5184513.14760000,1.24848165,45.84719696
87085_3575_00054,rue Montesquieu,54,,BO0741,1563983.62210000,5184503.56220001,1.24865067,45.84711329
87085_3575_00055,rue Montesquieu,55,,BO0719,1563970.96220000,5184522.98980001,1.24848221,45.84728555
87085_3575_00057,rue Montesquieu,57,,BO0721,1563971.12890000,5184533.03870000,1.24848151,45.84737598
87085_3575_00058,rue Montesquieu,58,,BO0739,1563984.09820000,5184526.55840000,1.24865029,45.84732025
87085_3575_00059,rue Montesquieu,59,,BO0725,1563971.38870000,5184551.15830000,1.24847973,45.84753903
87085_3575_00060,rue Montesquieu,60,,BO0737,1563984.29930000,5184534.68250000,1.24865058,45.84739337
87085_3575_00061,rue Montesquieu,61,,BO0556,1563971.59730000,5184560.12190000,1.24847988,45.84761970
87085_3575_00062,rue Montesquieu,62,,BO0735,1563984.35610000,5184541.93250000,1.24864926,45.84745860
87085_3575_00066,rue Montesquieu,66,,BO0733,1563984.57690000,5184556.64840000,1.24864793,45.84759102
87085_3575_00068,rue Montesquieu,68,,BO0731,1563984.62720000,5184562.82760000,1.24864683,45.84764662
87085_3575_00070,rue Montesquieu,70,,BO0729,1563984.61310000,5184570.09840000,1.24864459,45.84771202
87085_3575_00074,rue Montesquieu,74,,BO0727,1563984.93850000,5184579.70630000,1.24864606,45.84779851
87085_3585_00003,rue Montgolfier,3,,BS0808,1565182.54360000,5184839.96150000,1.26398870,45.85037554
87085_3585_00005,rue Montgolfier,5,,BS0809,1565191.14120000,5184837.28170000,1.26410013,45.85035312
87085_3585_00007,rue Montgolfier,7,,BS0398,1565203.81400000,5184833.20050000,1.26426441,45.85031889
87085_3585_00008,rue Montgolfier,8,,BS0390,1565193.17770000,5184822.66320000,1.26413044,45.85022202
87085_3585_00010,rue Montgolfier,10,,BS0389,1565199.75500000,5184820.91580000,1.26421560,45.85020759
87085_3585_00011,rue Montgolfier,11,,BS0399,1565220.88560000,5184827.67600000,1.26448571,45.85027254
87085_3585_00012,rue Montgolfier,12,,BS0388,1565207.21050000,5184818.41910000,1.26431227,45.85018659
87085_3585_00013,rue Montgolfier,13,,BS0400,1565228.24480000,5184825.20270000,1.26458114,45.85025174
87085_3585_00014,rue Montgolfier,14,,BS0387,1565214.12200000,5184816.20300000,1.26440187,45.85016801
87085_3585_00016,rue Montgolfier,16,,BS0386,1565225.00370000,5184812.81240000,1.26454289,45.85013964
87085_3585_00017,rue Montgolfier,17,,BS0694,1565265.33770000,5184813.35330000,1.26506195,45.85015241
87085_3585_00018,rue Montgolfier,18,,BS0385,1565235.71690000,5184809.59550000,1.26468170,45.85011280
87085_3585_00019,rue Montgolfier,19,,BS0901,1565275.73220000,5184810.30890000,1.26519660,45.85012707
87085_3585_00020,rue Montgolfier,20,,BS0384,1565249.08930000,5184805.06620000,1.26485511,45.85007468
87085_3585_00021,rue Montgolfier,21,,BS0429,1565288.95650000,5184806.15830000,1.26536800,45.85009232
87085_3585_00022,rue Montgolfier,22,,BS0383,1565263.67440000,5184800.40310000,1.26504417,45.85003559
87085_3585_00023,rue Montgolfier,23,,BS0432,1565299.86000000,5184802.62250000,1.26550935,45.85006265
87085_3585_00024,rue Montgolfier,24,,BS0382,1565270.59240000,5184798.51540000,1.26513375,45.85001997
87085_3585_00025,rue Montgolfier,25,,BS0433,1565311.07300000,5184799.21080000,1.26565464,45.85003416
87085_3585_00026,rue Montgolfier,26,,BS0381,1565276.86690000,5184796.66440000,1.26521504,45.85000455
87085_3585_00027,rue Montgolfier,27,,BS0434,1565323.11340000,5184795.66300000,1.26581063,45.85000460
87085_3585_00028,rue Montgolfier,28,,BS0380,1565284.94430000,5184793.94280000,1.26531978,45.84998165
87085_3585_00029,rue Montgolfier,29,,BS0435,1565334.47230000,5184791.93710000,1.26595789,45.84997331
87085_3585_00030,rue Montgolfier,30,,BS0379,1565295.93020000,5184790.33840000,1.26546220,45.84995138
87085_3585_00031,rue Montgolfier,31,,BS0437,1565343.90220000,5184789.14640000,1.26608006,45.84995005
87085_3585_00032,rue Montgolfier,32,,BS0378,1565304.87070000,5184787.98730000,1.26557795,45.84993198
87085_3585_00033,rue Montgolfier,33,,BS0439,1565363.03030000,5184805.60980000,1.26632168,45.85010190
87085_3585_00034,rue Montgolfier,34,,BS0377,1565314.90390000,5184784.77580000,1.26570800,45.84990505
87085_3585_00035,rue Montgolfier,35,,BS0439,1565380.32340000,5184799.98950000,1.26654586,45.85005472
87085_3585_00036,rue Montgolfier,36,,BS0376,1565326.60900000,5184780.87090000,1.26585977,45.84987222
87085_3585_00037,rue Montgolfier,37,,BS0439,1565399.22450000,5184794.12600000,1.26679081,45.85000568
87085_3585_00038,rue Montgolfier,38,,BS0375,1565340.86610000,5184776.63010000,1.26604449,45.84983687
87085_3585_00039,rue Montgolfier,39,,BS0441,1565432.79800000,5184799.16030000,1.26722158,45.85005754
87085_3585_00041,rue Montgolfier,41,,BS0441,1565449.98200000,5184807.59930000,1.26744042,45.85013681
87085_3585_00043,rue Montgolfier,43,,BS0441,1565469.01380000,5184817.36440000,1.26768267,45.85022838
87085_3585_00045,rue Montgolfier,45,,BS0441,1565486.42590000,5184826.36210000,1.26790429,45.85031273
87085_3605_00001,rue Montmailler,1,,DM0061,1564466.97820000,5182933.61500000,1.25531511,45.83308617
87085_3605_00003,rue Montmailler,3,,DM0124,1564460.17760000,5182937.91840000,1.25522638,45.83312355
87085_3605_00004,rue Montmailler,4,,DN0053,1564473.60000000,5182942.43440000,1.25539783,45.83316682
87085_3605_00005,rue Montmailler,5,,DM0058,1564456.80560000,5182940.11560000,1.25518237,45.83314265
87085_3605_00006,rue Montmailler,6,,DN0074,1564469.27170000,5182945.05940000,1.25534139,45.83318958
87085_3605_00007,rue Montmailler,7,,DM0057,1564450.01250000,5182944.79890000,1.25509363,45.83318344
87085_3605_00008,rue Montmailler,8,,DN0055,1564465.45430000,5182947.81020000,1.25529149,45.83321357
87085_3605_00009,rue Montmailler,9,,DM0056,1564443.25310000,5182949.51040000,1.25500531,45.83322449
87085_3605_00010,rue Montmailler,10,,DN0056,1564461.20680000,5182950.53470000,1.25523607,45.83323724
87085_3605_00011,rue Montmailler,11,,DM0055,1564438.18520000,5182953.16320000,1.25493907,45.83325635
87085_3605_00012,rue Montmailler,12,,DN0057,1564457.14400000,5182953.48430000,1.25518295,45.83326297
87085_3605_00013,rue Montmailler,13,,DM0054,1564428.20540000,5182959.71580000,1.25480879,45.83331332
87085_3605_00014,rue Montmailler,14,,DN0058,1564453.54390000,5182955.90340000,1.25513594,45.83328402
87085_3605_00015,rue Montmailler,15,,DM0135,1564422.56870000,5182963.97650000,1.25473505,45.83335054
87085_3605_00016,rue Montmailler,16,,DN0059,1564449.08210000,5182958.74300000,1.25507772,45.83330869
87085_3605_00017,rue Montmailler,17,,DM0136,1564417.74450000,5182967.30690000,1.25467203,45.83337955
87085_3605_00018,rue Montmailler,18,,DN0060,1564439.47470000,5182964.94750000,1.25495234,45.83336261
87085_3605_00019,rue Montmailler,19,,DM0169,1564408.46600000,5182978.70760000,1.25454942,45.83348027
87085_3605_00020,rue Montmailler,20,,DN0061,1564432.78210000,5182969.88680000,1.25486482,45.83340572
87085_3605_00021,rue Montmailler,21,,DM0144,1564402.62340000,5182984.48470000,1.25447260,45.83353109
87085_3605_00022,rue Montmailler,22,,DN0062,1564428.84190000,5182973.16350000,1.25481319,45.83343442
87085_3605_00023,rue Montmailler,23,,DM0049,1564397.33380000,5182989.04420000,1.25440324,45.83357106
87085_3605_00024,rue Montmailler,24,,DN0063,1564424.95270000,5182976.69010000,1.25476215,45.83346538
87085_3605_00026,rue Montmailler,26,,DN0064,1564421.56290000,5182980.53400000,1.25471744,45.83349929
87085_3605_00028,rue Montmailler,28,,DN0065,1564417.84560000,5182984.51390000,1.25466848,45.83353435
87085_3605_00030,rue Montmailler,30,,DN0066,1564414.55900000,5182988.19570000,1.25462515,45.83356683
87085_3605_00031,rue Montmailler,31,,DE0153,1564360.82800000,5183030.82610000,1.25392167,45.83393972
87085_3605_00032,rue Montmailler,32,,DN0067,1564411.92890000,5182991.01500000,1.25459051,45.83359167
87085_3605_00033_bis,rue Montmailler,33,bis,DE0331,1564340.99130000,5183054.86800000,1.25365961,45.83415207
87085_3605_00033_ter,rue Montmailler,33,ter,DE0332,1564343.60310000,5183051.58100000,1.25369415,45.83412302
87085_3605_00034,rue Montmailler,34,,DN0068,1564409.10990000,5182993.78600000,1.25455345,45.83361604
87085_3605_00035,rue Montmailler,35,,DE0160,1564334.36260000,5183063.00040000,1.25357201,45.83422392
87085_3605_00036,rue Montmailler,36,,DN0069,1564405.96610000,5182997.37610000,1.25451198,45.83364772
87085_3605_00037,rue Montmailler,37,,DE0419,1564323.32930000,5183076.29110000,1.25342627,45.83434130
87085_3605_00037_bis,rue Montmailler,37,bis,DE0419,1564318.09220000,5183081.87390000,1.25335730,45.83439049
87085_3605_00038,rue Montmailler,38,,DN0070,1564401.83660000,5183001.33460000,1.25445772,45.83368251
87085_3605_00039,rue Montmailler,39,,DE0291,1564310.44960000,5183090.03660000,1.25325664,45.83446241
87085_3605_00043,rue Montmailler,43,,DE0316,1564293.83090000,5183105.94170000,1.25303829,45.83460221
87085_3605_00045,rue Montmailler,45,,DE0169,1564287.89840000,5183111.95140000,1.25296025,45.83465510
87085_3605_00047,rue Montmailler,47,,DE0170,1564283.03310000,5183116.54370000,1.25289634,45.83469545
87085_3605_00047_bis,rue Montmailler,47,bis,DE0171,1564275.91440000,5183123.50520000,1.25280276,45.83475666
87085_3605_00048,rue Montmailler,48,,None,1564358.12520000,5183051.10430000,1.25388117,45.83412160
87085_3605_00049,rue Montmailler,49,,DE0174,1564269.57180000,5183128.96850000,1.25271960,45.83480456
87085_3605_00051,rue Montmailler,51,,DE0175,1564261.34420000,5183136.12740000,1.25261169,45.83486733
87085_3605_00053,rue Montmailler,53,,DE0176,1564254.44580000,5183141.84400000,1.25252130,45.83491740
87085_3605_00054,rue Montmailler,54,,None,1564333.13900000,5183080.25180000,1.25355139,45.83437887
87085_3605_00055,rue Montmailler,55,,DE0177,1564249.46440000,5183145.90730000,1.25245605,45.83495296
87085_3605_00056,rue Montmailler,56,,None,1564324.45920000,5183090.59050000,1.25343678,45.83447016
87085_3605_00056_bis,rue Montmailler,56,bis,DE0138,1564310.05670000,5183107.19170000,1.25324675,45.83461665
87085_3605_00057,rue Montmailler,57,,DE0178,1564241.99090000,5183152.39630000,1.25235804,45.83500986
87085_3605_00058,rue Montmailler,58,,DE0136,1564293.60190000,5183126.55420000,1.25302952,45.83478758
87085_3605_00059,rue Montmailler,59,,DE0257,1564220.90000000,5183169.78910000,1.25208171,45.83516215
87085_3605_00060_ter,rue Montmailler,60,ter,DE0117,1564272.44530000,5183144.57870000,1.25275217,45.83494555
87085_3605_00061,rue Montmailler,61,,DE0250,1564210.16940000,5183179.59280000,1.25194084,45.83524823
87085_3605_00062,rue Montmailler,62,,DE0117,1564267.94440000,5183148.55300000,1.25269312,45.83498041
87085_3605_00063,rue Montmailler,63,,DE0312,1564199.62790000,5183188.34170000,1.25180271,45.83532485
87085_3605_00064,rue Montmailler,64,,DE0117,1564258.79950000,5183156.26340000,1.25257326,45.83504797
87085_3605_00064_bis,rue Montmailler,64,bis,DE0114,1564250.13610000,5183163.59880000,1.25245970,45.83511224
87085_3605_00065,rue Montmailler,65,,DE0392,1564186.35080000,5183199.04550000,1.25162882,45.83541851
87085_3605_00066,rue Montmailler,66,,DE0258,1564224.10620000,5183182.06790000,1.25211950,45.83527324
87085_3605_00067,rue Montmailler,67,,DE0244,1564178.41150000,5183205.80620000,1.25152474,45.83547776
87085_3605_00068,rue Montmailler,68,,DE0428,1564216.59200000,5183188.20620000,1.25202106,45.83532698
87085_3605_00069,rue Montmailler,69,,DE0243,1564171.75510000,5183211.52330000,1.25143746,45.83552787
87085_3605_00070,rue Montmailler,70,,DE0420,1564203.78350000,5183198.92240000,1.25185320,45.83542085
87085_3605_00071,rue Montmailler,71,,DE0240,1564162.61900000,5183219.24100000,1.25131771,45.83559549
87085_3605_00072,rue Montmailler,72,,DE0391,1564193.43590000,5183207.95480000,1.25171749,45.83550005
87085_3605_00073,rue Montmailler,73,,DE0238,1564155.59260000,5183225.24930000,1.25122559,45.83564815
87085_3605_00073_bis,rue Montmailler,73,bis,DE0238,1564150.44740000,5183229.58140000,1.25115815,45.83568611
87085_3605_00074,rue Montmailler,74,,DE0383,1564187.19560000,5183213.15830000,1.25163571,45.83554563
87085_3605_00075,rue Montmailler,75,,DE0237,1564146.69980000,5183232.75050000,1.25110902,45.83571387
87085_3605_00076,rue Montmailler,76,,DE0265,1564180.26880000,5183219.04770000,1.25154490,45.83559724
87085_3605_00077,rue Montmailler,77,,DE0234,1564141.76930000,5183236.75030000,1.25104444,45.83574888
87085_3605_00078,rue Montmailler,78,,DE0268,1564173.41180000,5183224.82930000,1.25145502,45.83564789
87085_3605_00079,rue Montmailler,79,,DE0368,1564134.03250000,5183243.22270000,1.25094304,45.83580557
87085_3605_00080,rue Montmailler,80,,DE0269,1564163.77290000,5183233.09030000,1.25132864,45.83572030
87085_3605_00082,rue Montmailler,82,,DE0366,1564153.76170000,5183241.89340000,1.25119732,45.83579751
87085_3605_00086,rue Montmailler,86,,DE0274,1564136.31670000,5183256.47900000,1.25096869,45.83592527
87085_3605_00088,rue Montmailler,88,,DE0275,1564128.73390000,5183262.85370000,1.25086931,45.83598112
87085_3605_00090,rue Montmailler,90,,DE0276,1564120.83390000,5183269.73380000,1.25076569,45.83604145
87085_3605_00095,rue Montmailler,95,,DH0427,1564087.45100000,5183282.41880000,1.25033249,45.83614896
87085_3605_00095_bis,rue Montmailler,95,bis,DH0003,1564072.50270000,5183292.30750000,1.25013732,45.83623496
87085_3605_00097,rue Montmailler,97,,DH0342,1564066.04620000,5183297.99360000,1.25005262,45.83628483
87085_3590_00001,rue Montyon,1,,BD0104,1564041.42520000,5183322.92360000,1.24972871,45.83650423
87085_3590_00003,rue Montyon,3,,BD0103,1564030.48050000,5183334.24200000,1.24958466,45.83660388
87085_3590_00005,rue Montyon,5,,BD0103,1564012.30510000,5183333.91160000,1.24935085,45.83659731
87085_3590_00006,rue Montyon,6,,BD0101,1563998.10790000,5183338.71120000,1.24916678,45.83663768
87085_3590_00007,rue Montyon,7,,BD0103,1563994.97680000,5183333.64200000,1.24912792,45.83659146
87085_3590_00009,rue Montyon,9,,BD0102,1563987.91030000,5183333.27310000,1.24903708,45.83658674
87085_3685_00003,rue Mounet-Sully,3,,ON0464,1561778.16930000,5181927.60500000,1.22100330,45.82350145
87085_3685_00005,rue Mounet-Sully,5,,ON0463,1561770.60010000,5181941.05220000,1.22090205,45.82362090
87085_3685_00006,rue Mounet-Sully,6,,ON0404,1561788.99150000,5181934.22040000,1.22114064,45.82356314
87085_3685_00007,rue Mounet-Sully,7,,ON0462,1561765.73770000,5181949.58720000,1.22083703,45.82369669
87085_3685_00008,rue Mounet-Sully,8,,ON0407,1561780.65330000,5181949.11330000,1.22102908,45.82369543
87085_3685_00009,rue Mounet-Sully,9,,ON0461,1561760.48550000,5181959.24130000,1.22076668,45.82378248
87085_3685_00011,rue Mounet-Sully,11,,ON0460,1561754.62090000,5181970.12440000,1.22068810,45.82387920
87085_3685_00013,rue Mounet-Sully,13,,ON0459,1561749.60130000,5181978.72790000,1.22062104,45.82395559
87085_3685_00014,rue Mounet-Sully,14,,ON0408,1561771.75250000,5181965.34120000,1.22090989,45.82383962
87085_3685_00015,rue Mounet-Sully,15,,ON0458,1561745.46600000,5181986.18380000,1.22056569,45.82402183
87085_3685_00017,rue Mounet-Sully,17,,ON0457,1561740.93870000,5181994.13770000,1.22050515,45.82409246
87085_3685_00018,rue Mounet-Sully,18,,ON0410,1561758.22880000,5181989.68420000,1.22072889,45.82405588
87085_3685_00022,rue Mounet-Sully,22,,ON0411,1561750.04280000,5182003.66260000,1.22061955,45.82417998
87085_3685_00024,rue Mounet-Sully,24,,ON0414,1561742.07440000,5182018.20860000,1.22051284,45.82430922
87085_3685_00025,rue Mounet-Sully,25,,ON0489,1561713.82400000,5182042.32550000,1.22014243,45.82452049
87085_3685_00026,rue Mounet-Sully,26,,ON0500,1561737.97340000,5182025.88150000,1.22045787,45.82437742
87085_3685_00027,rue Mounet-Sully,27,,ON0488,1561707.76080000,5182053.55310000,1.22006118,45.82462027
87085_3685_00028,rue Mounet-Sully,28,,ON0416,1561733.34840000,5182033.66140000,1.22039613,45.82444647
87085_3685_00032,rue Mounet-Sully,32,,ON0418,1561728.77310000,5182041.97400000,1.22033487,45.82452033
87085_3685_00034,rue Mounet-Sully,34,,ON0419,1561717.75050000,5182062.57860000,1.22018712,45.82470346
87085_3690_00006,rue Mozart,6,,HV0340,1564181.25940000,5181769.89770000,1.25196701,45.82256150
87085_3690_00007,rue Mozart,7,,HV0455,1564193.08090000,5181784.05980000,1.25211511,45.82269123
87085_3690_00008,rue Mozart,8,,HV0341,1564193.34790000,5181771.04550000,1.25212222,45.82257421
87085_3690_00009,rue Mozart,9,,HV0526,1564210.10890000,5181785.49140000,1.25233379,45.82270747
87085_3690_00010,rue Mozart,10,,HV0342,1564205.74390000,5181772.33890000,1.25228135,45.82258829
87085_3690_00011,rue Mozart,11,,HV0453,1564218.78030000,5181786.72130000,1.25244501,45.82272024
87085_3690_00012,rue Mozart,12,,HV0343,1564217.15200000,5181773.41180000,1.25242782,45.82260020
87085_3690_00013,rue Mozart,13,,HV0452,1564228.78440000,5181787.25070000,1.25257358,45.82272698
87085_3690_00014,rue Mozart,14,,HV0631,1564229.24270000,5181774.72300000,1.25258301,45.82261438
87085_3690_00015,rue Mozart,15,,HV0451,1564239.86180000,5181788.26080000,1.25271582,45.82273825
87085_3690_00016,rue Mozart,16,,HV0630,1564237.45880000,5181775.61610000,1.25268847,45.82262403
87085_3690_00017,rue Mozart,17,,HV0450,1564247.04210000,5181789.48170000,1.25280786,45.82275065
87085_3690_00018,rue Mozart,18,,HV0344,1564246.85750000,5181776.55050000,1.25280913,45.82263429
87085_3690_00020,rue Mozart,20,,HV0345,1564263.32010000,5181779.38520000,1.25302015,45.82266304
87085_3690_00022,rue Mozart,22,,HV0346,1564274.90860000,5181782.43110000,1.25316839,45.82269273
87085_3690_00024,rue Mozart,24,,HV0347,1564286.47860000,5181785.32680000,1.25331643,45.82272106
87085_3690_00025,rue Mozart,25,,HV0449,1564285.23630000,5181809.21510000,1.25329371,45.82293570
87085_3690_00026,rue Mozart,26,,HV0689,1564297.16760000,5181788.38360000,1.25345310,45.82275067
87085_3690_00026_a,rue Mozart,26,a,HV0689,1564317.33180000,5181774.49040000,1.25371645,45.82262967
87085_3690_00026_b,rue Mozart,26,b,HV0689,1564301.97890000,5181766.62580000,1.25352114,45.82255589
87085_3690_00028,rue Mozart,28,,HV0448,1564301.11070000,5181795.14190000,1.25350192,45.82281224
87085_3690_00028_c,rue Mozart,28,c,HV0446,1564298.20030000,5181811.28150000,1.25345992,45.82295685
87085_3690_00029,rue Mozart,29,,HV0449,1564279.63530000,5181838.60840000,1.25321335,45.82319901
87085_3690_00030,rue Mozart,30,,HV0445,1564296.07180000,5181821.56700000,1.25342963,45.82304895
87085_3690_00032,rue Mozart,32,,HV0444,1564294.31620000,5181831.09140000,1.25340436,45.82313429
87085_3690_00033,rue Mozart,33,,HV0449,1564273.69510000,5181871.33150000,1.25312768,45.82349220
87085_3690_00034,rue Mozart,34,,HV0443,1564292.30030000,5181840.03560000,1.25337590,45.82321435
87085_3690_00036,rue Mozart,36,,HV0442,1564290.79180000,5181847.61700000,1.25335435,45.82328225
87085_3690_00040,rue Mozart,40,,HV0441,1564289.16630000,5181857.62050000,1.25333061,45.82337191
87085_3690_00042,rue Mozart,42,,HV0440,1564286.37890000,5181869.67690000,1.25329134,45.82347982
87085_3758_00001,rue Nelson Mandela,1,,PV0081,1561738.05190000,5183756.67500000,1.21996111,45.83994678
87085_3758_00003,rue Nelson Mandela,3,,PV0090,1561714.77300000,5183776.65080000,1.21965576,45.84012179
87085_3758_00005,rue Nelson Mandela,5,,PV0089,1561687.60580000,5183794.50750000,1.21930097,45.84027695
87085_3758_00007,rue Nelson Mandela,7,,PV0088,1561658.72180000,5183779.42980000,1.21893357,45.84013551
87085_3758_00009,rue Nelson Mandela,9,,PV0091,1561645.34700000,5183763.19130000,1.21876611,45.83998675
87085_3758_00011,rue Nelson Mandela,11,,PV0086,1561642.46540000,5183736.11760000,1.21873682,45.83974263
87085_3758_00012,rue Nelson Mandela,12,,PV0065,1561684.35930000,5183802.39720000,1.21925692,45.84034727
87085_3758_00014,rue Nelson Mandela,14,,PV0091,1561671.46900000,5183794.84570000,1.21909319,45.84027675
87085_3758_00015,rue Nelson Mandela,15,,PV0091,1561637.90000000,5183712.55470000,1.21868485,45.83952975
87085_3758_00016,rue Nelson Mandela,16,,PV0067,1561656.50640000,5183786.89720000,1.21890291,45.84020224
87085_3758_00018,rue Nelson Mandela,18,,PV0068,1561643.40250000,5183778.51970000,1.21873667,45.84012424
87085_3758_00019,rue Nelson Mandela,19,,PV0083,1561700.19300000,5183739.36240000,1.21947884,45.83978343
87085_3758_00020,rue Nelson Mandela,20,,PV0069,1561637.89510000,5183762.83800000,1.21867031,45.83998207
87085_3758_00021,rue Nelson Mandela,21,,PV0082,1561709.39430000,5183751.28940000,1.21959383,45.83989257
87085_3758_00022,rue Nelson Mandela,22,,PV0070,1561635.04040000,5183742.58230000,1.21863940,45.83979928
87085_3758_00024,rue Nelson Mandela,24,,PV0071,1561632.00070000,5183725.01820000,1.21860533,45.83964068
87085_3758_00026,rue Nelson Mandela,26,,PV0072,1561628.92230000,5183702.69510000,1.21857214,45.83943925
87085_3758_00028,rue Nelson Mandela,28,,PV0073,1561630.68680000,5183690.67900000,1.21859831,45.83933151
87085_3758_00030,rue Nelson Mandela,30,,PV0074,1561639.93850000,5183683.36130000,1.21871948,45.83926755
87085_3758_00032,rue Nelson Mandela,32,,PV0075,1561651.65960000,5183674.36810000,1.21887292,45.83918901
87085_3758_00034,rue Nelson Mandela,34,,PV0076,1561660.99880000,5183677.80990000,1.21899213,45.83922185
87085_3758_00036,rue Nelson Mandela,36,,PV0077,1561673.12040000,5183692.61010000,1.21914387,45.83935742
87085_3758_00038,rue Nelson Mandela,38,,PV0078,1561685.45900000,5183708.65010000,1.21929805,45.83950419
87085_3758_00040,rue Nelson Mandela,40,,PV0079,1561698.63020000,5183725.30410000,1.21946277,45.83965665
87085_3758_00042,rue Nelson Mandela,42,,PV0091,1561709.08470000,5183738.66940000,1.21959348,45.83977898
87085_3760_00001,rue Neuve des Carmes,1,,IK0100,1564146.55480000,5182548.19790000,1.25130061,45.82955590
87085_3760_00002,rue Neuve des Carmes,2,,IK0160,1564112.88050000,5182556.10280000,1.25086506,45.82962036
87085_3760_00003,rue Neuve des Carmes,3,,IK0101,1564136.40070000,5182547.89690000,1.25117003,45.82955119
87085_3760_00004,rue Neuve des Carmes,4,,IK0012,1564090.39360000,5182555.75300000,1.25057580,45.82961277
87085_3760_00005,rue Neuve des Carmes,5,,IK0117,1564101.38680000,5182538.38460000,1.25072217,45.82945870
87085_3760_00007,rue Neuve des Carmes,7,,IK0117,1564106.62570000,5182513.37730000,1.25079665,45.82923478
87085_3760_00008,rue Neuve des Carmes,8,,IK0009,1564068.92380000,5182555.61740000,1.25029957,45.82960731
87085_3760_00009,rue Neuve des Carmes,9,,IK0117,1564094.27290000,5182492.53940000,1.25064359,45.82904490
87085_3760_00009_a,rue Neuve des Carmes,9,a,IK0117,1564110.46690000,5182491.82220000,1.25085217,45.82904164
87085_3760_00009_b,rue Neuve des Carmes,9,b,IK0117,1564094.23320000,5182487.66030000,1.25064445,45.82900100
87085_3760_00009_c,rue Neuve des Carmes,9,c,IK0117,1564077.84730000,5182488.76950000,1.25043329,45.82900774
87085_3760_00010,rue Neuve des Carmes,10,,IK0007,1564063.57740000,5182555.61480000,1.25023077,45.82960623
87085_3760_00011,rue Neuve des Carmes,11,,IK0117,1564071.56630000,5182515.17460000,1.25034500,45.82924402
87085_3760_00012,rue Neuve des Carmes,12,,IK0005,1564049.34030000,5182555.46070000,1.25004761,45.82960203
87085_3760_00014,rue Neuve des Carmes,14,,IK0187,1564040.81840000,5182555.45640000,1.24993796,45.82960030
87085_3760_00015,rue Neuve des Carmes,15,,IK0117,1564056.67870000,5182547.65960000,1.25014425,45.82953330
87085_3760_00016,rue Neuve des Carmes,16,,IK0148,1564033.08940000,5182555.21570000,1.24983857,45.82959661
87085_3760_00017,rue Neuve des Carmes,17,,IK0117,1564050.55380000,5182547.44530000,1.25006550,45.82953016
87085_3765_00002,rue Neuve Saint Etienne,2,,EO0350,1565314.03110000,5182520.22660000,1.26633138,45.82953391
87085_3765_00003,rue Neuve Saint Etienne,3,,EO0056,1565292.99370000,5182548.53380000,1.26605274,45.82978443
87085_3765_00003_bis,rue Neuve Saint Etienne,3,bis,EO0351,1565288.85510000,5182558.74610000,1.26599662,45.82987548
87085_3765_00004,rue Neuve Saint Etienne,4,,EO0227,1565305.64660000,5182541.40620000,1.26621755,45.82972279
87085_3765_00005,rue Neuve Saint Etienne,5,,EO0058,1565282.25200000,5182574.03400000,1.26590737,45.83001172
87085_3765_00006,rue Neuve Saint Etienne,6,,EO0059,1565328.01640000,5182594.46540000,1.26649054,45.83020447
87085_3765_00007,rue Neuve Saint Etienne,7,,EO0002,1565261.42290000,5182607.32120000,1.26563001,45.83030707
87085_3765_00008,rue Neuve Saint Etienne,8,,EO0059,1565293.12680000,5182570.66440000,1.26604825,45.82998353
87085_3765_00010,rue Neuve Saint Etienne,10,,EO0059,1565284.26250000,5182590.47940000,1.26592863,45.83016005
87085_3765_00012,rue Neuve Saint Etienne,12,,EO0059,1565272.41140000,5182611.63550000,1.26577021,45.83034804
87085_3782_00002,rue Nicolas Appert,2,,MK0006,1566811.85390000,5188453.99180000,1.28395991,45.88320353
87085_3782_00007,rue Nicolas Appert,7,,MK0012,1566783.60680000,5188385.54470000,1.28361508,45.88258233
87085_3782_00008,rue Nicolas Appert,8,,MK0007,1566778.76610000,5188407.70320000,1.28354657,45.88278072
87085_3782_00009,rue Nicolas Appert,9,,MK0011,1566758.94650000,5188346.50360000,1.28330829,45.88222635
87085_3782_00010,rue Nicolas Appert,10,,MK0008,1566753.37570000,5188368.20220000,1.28323051,45.88242046
87085_3782_00014,rue Nicolas Appert,14,,MK0034,1566735.82530000,5188335.11670000,1.28301364,45.88211943
87085_3782_00015,rue Nicolas Appert,15,,MK0066,1566740.03520000,5188306.99850000,1.28307568,45.88186731
87085_3782_00017,rue Nicolas Appert,17,,MK0067,1566733.35090000,5188290.95000000,1.28299404,45.88172165
87085_3782_00020,rue Nicolas Appert,20,,MK0059,1566723.68730000,5188306.89920000,1.28286514,45.88186325
87085_3782_00021,rue Nicolas Appert,21,,MK0009,1566719.53590000,5188263.63470000,1.28282369,45.88147325
87085_3782_00022,rue Nicolas Appert,22,,MK0060,1566714.44380000,5188288.27720000,1.28275126,45.88169394
87085_3782_00023,rue Nicolas Appert,23,,MI0233,1566700.70610000,5188224.75240000,1.28259196,45.88111983
87085_3782_00024,rue Nicolas Appert,24,,MK0060,1566701.76910000,5188262.53010000,1.28259516,45.88145987
87085_3782_00025,rue Nicolas Appert,25,,MI0234,1566670.79600000,5188176.11100000,1.28222024,45.88067647
87085_3782_00026,rue Nicolas Appert,26,,MK0031,1566688.02800000,5188232.87360000,1.28242641,45.88119042
87085_3782_00027,rue Nicolas Appert,27,,MI0227,1566650.19630000,5188148.68780000,1.28196254,45.88042578
87085_3782_00028,rue Nicolas Appert,28,,MI0237,1566670.18900000,5188203.31120000,1.28220486,45.88092103
87085_3782_00029,rue Nicolas Appert,29,,MI0108,1566627.23840000,5188120.68640000,1.28167463,45.88016944
87085_3782_00032,rue Nicolas Appert,32,,MI0228,1566631.22690000,5188148.24070000,1.28171834,45.88041808
87085_3782_00033,rue Nicolas Appert,33,,MI0090,1566600.61650000,5188090.92080000,1.28134002,45.87989651
87085_3782_00041,rue Nicolas Appert,41,,MI0223,1566485.33010000,5187975.80800000,1.27988721,45.87883861
87085_3782_00043,rue Nicolas Appert,43,,MI0222,1566455.40270000,5187945.23730000,1.27951027,45.87855780
87085_3782_00046,rue Nicolas Appert,46,,MI0230,1566514.21780000,5188028.51210000,1.28024460,45.87931833
87085_3782_00047,rue Nicolas Appert,47,,MI0239,1566431.93970000,5187921.91220000,1.27921458,45.87834341
87085_3782_00048,rue Nicolas Appert,48,,MI0229,1566481.07810000,5187995.04020000,1.27982710,45.87901079
87085_3782_00051,rue Nicolas Appert,51,,MI0240,1566398.28460000,5187888.25710000,1.27879049,45.87803412
87085_3782_00052,rue Nicolas Appert,52,,MI0074,1566445.75380000,5187960.50890000,1.27938175,45.87869330
87085_3782_00054,rue Nicolas Appert,54,,MI0073,1566420.76860000,5187935.11380000,1.27906703,45.87846000
87085_3782_00055,rue Nicolas Appert,55,,MI0059,1566351.33890000,5187840.63230000,1.27819914,45.87759658
87085_3782_00059,rue Nicolas Appert,59,,MI0195,1566306.87320000,5187814.76640000,1.27763367,45.87735525
87085_3782_00060,rue Nicolas Appert,60,,MI0069,1566385.81900000,5187899.84640000,1.27862672,45.87813595
87085_3782_00062,rue Nicolas Appert,62,,MI0088,1566342.73840000,5187855.95120000,1.27808410,45.87773271
87085_3782_00065,rue Nicolas Appert,65,,MI0052,1566258.52830000,5187835.53400000,1.27700525,45.87753266
87085_3783_00002,rue Nicolas Denisot,2,,IX0620,1562952.49110000,5182584.61780000,1.23592530,45.82964662
87085_3783_00003,rue Nicolas Denisot,3,,IX0612,1562966.46570000,5182600.02210000,1.23610073,45.82978797
87085_3783_00004,rue Nicolas Denisot,4,,IX0619,1562970.22610000,5182589.07350000,1.23615224,45.82969023
87085_3783_00005,rue Nicolas Denisot,5,,IX0613,1562975.50540000,5182601.92860000,1.23621650,45.82980692
87085_3783_00006,rue Nicolas Denisot,6,,IX0618,1562986.82800000,5182593.18810000,1.23636469,45.82973055
87085_3783_00007,rue Nicolas Denisot,7,,IX0614,1562988.78790000,5182605.41530000,1.23638643,45.82984094
87085_3783_00008,rue Nicolas Denisot,8,,IX0617,1563004.72570000,5182597.93230000,1.23659365,45.82977680
87085_3783_00009,rue Nicolas Denisot,9,,IX0615,1563002.12260000,5182616.59780000,1.23655483,45.82994418
87085_3783_00011,rue Nicolas Denisot,11,,IX0921,1563015.83140000,5182611.02010000,1.23673282,45.82989674
87085_3781_00001,rue Nicolas Froment,1,,PS0132,1560629.75970000,5183877.96480000,1.20566215,45.84081409
87085_3781_00003,rue Nicolas Froment,3,,PS0133,1560629.14020000,5183901.25520000,1.20564743,45.84102348
87085_3781_00005,rue Nicolas Froment,5,,PS0134,1560628.54700000,5183918.74710000,1.20563472,45.84118070
87085_3781_00006,rue Nicolas Froment,6,,PS0011,1560636.87660000,5183954.90520000,1.20573144,45.84150765
87085_3781_00008,rue Nicolas Froment,8,,PS0010,1560636.73590000,5183971.08410000,1.20572494,45.84165316
87085_3781_00009,rue Nicolas Froment,9,,PS0005,1560627.72110000,5183941.19890000,1.20561758,45.84138250
87085_3781_00010,rue Nicolas Froment,10,,PS0215,1560668.36270000,5183996.83610000,1.20612452,45.84189122
87085_3781_00011,rue Nicolas Froment,11,,PS0004,1560627.74900000,5183963.78350000,1.20561139,45.84158566
87085_3781_00012,rue Nicolas Froment,12,,PS0214,1560668.46850000,5184009.00700000,1.20612235,45.84200072
87085_3781_00014,rue Nicolas Froment,14,,PS0213,1560666.56350000,5184016.73280000,1.20609560,45.84206983
87085_3781_00015,rue Nicolas Froment,15,,PS0003,1560627.54190000,5183979.53810000,1.20560415,45.84172734
87085_3781_00016,rue Nicolas Froment,16,,PS0212,1560661.27180000,5184021.17780000,1.20602620,45.84210874
87085_3781_00018,rue Nicolas Froment,18,,PS0211,1560650.15930000,5184020.33120000,1.20588342,45.84209888
87085_3781_00020,rue Nicolas Froment,20,,PS0194,1560644.23260000,5184010.38280000,1.20581003,45.84200819
87085_3790_00001,rue Nobel,1,,BR0611,1564692.02960000,5184760.96300000,1.25769673,45.84956854
87085_3790_00003,rue Nobel,3,,BR0612,1564692.34100000,5184770.78230000,1.25769798,45.84965693
87085_3790_00005,rue Nobel,5,,BR0613,1564692.20600000,5184782.46260000,1.25769295,45.84976198
87085_3790_00007,rue Nobel,7,,BR0614,1564692.75850000,5184795.05730000,1.25769651,45.84987538
87085_3790_00011,rue Nobel,11,,BR0719,1564692.44670000,5184807.09370000,1.25768911,45.84998359
87085_3790_00013,rue Nobel,13,,BR0619,1564691.53430000,5184817.15050000,1.25767453,45.85007388
87085_3790_00014,rue Nobel,14,,BR0009,1564702.71970000,5184819.11500000,1.25781796,45.85009375
87085_3790_00015,rue Nobel,15,,BR0620,1564689.47110000,5184827.43660000,1.25764508,45.85016600
87085_3790_00017,rue Nobel,17,,BR0621,1564687.89930000,5184837.02870000,1.25762214,45.85025198
87085_3790_00018,rue Nobel,18,,BR0663,1564699.92140000,5184833.87670000,1.25777779,45.85022599
87085_3790_00022,rue Nobel,22,,BR0003,1564696.48720000,5184854.44140000,1.25772779,45.85041031
87085_3790_00025,rue Nobel,25,,BT0496,1564678.05700000,5184889.34760000,1.25748071,45.85072068
87085_3790_00026,rue Nobel,26,,BT0201,1564689.46230000,5184886.73790000,1.25762826,45.85069945
87085_3790_00027,rue Nobel,27,,BT0490,1564677.05740000,5184896.08160000,1.25746594,45.85078106
87085_3790_00028,rue Nobel,28,,BT0202,1564687.54680000,5184899.99220000,1.25759987,45.85081830
87085_3790_00029,rue Nobel,29,,BT0506,1564676.26080000,5184903.08290000,1.25745372,45.85084388
87085_3790_00030,rue Nobel,30,,BT0203,1564685.97180000,5184909.75090000,1.25757685,45.85090578
87085_3790_00031,rue Nobel,31,,BT0358,1564674.19470000,5184914.24010000,1.25742398,45.85094384
87085_3790_00032,rue Nobel,32,,BT0204,1564685.10820000,5184916.56040000,1.25756381,45.85096686
87085_3790_00033,rue Nobel,33,,BT0498,1564672.18000000,5184924.93290000,1.25739503,45.85103963
87085_3790_00034,rue Nobel,34,,BT0205,1564683.53990000,5184927.23760000,1.25754062,45.85106260
87085_3790_00035,rue Nobel,35,,BT0492,1564670.17730000,5184938.17130000,1.25736552,45.85115833
87085_3790_00036,rue Nobel,36,,BT0206,1564681.39380000,5184940.40190000,1.25750928,45.85118060
87085_3790_00037,rue Nobel,37,,BT0494,1564668.39340000,5184951.24269999,1.25733888,45.85127556
87085_3790_00038,rue Nobel,38,,BT0207,1564680.37550000,5184950.70690000,1.25749327,45.85127310
87085_3790_00040,rue Nobel,40,,BT0208,1564678.04560000,5184963.87260000,1.25745957,45.85139107
87085_3790_00042,rue Nobel,42,,BT0184,1564676.14650000,5184978.96540000,1.25743087,45.85152647
87085_3790_00043,rue Nobel,43,,BT0245,1564666.03700000,5184990.07160000,1.25729761,45.85162438
87085_3790_00045,rue Nobel,45,,BT0388,1564664.07140000,5185006.19730000,1.25726776,45.85176906
87085_3790_00048,rue Nobel,48,,BT0183,1564671.99770000,5185010.02010000,1.25736872,45.85180501
87085_3790_00050,rue Nobel,50,,BT0167,1564667.15730000,5185043.66910000,1.25729693,45.85210674
87085_3790_00051,rue Nobel,51,,BT0387,1564660.24840000,5185032.42960000,1.25721116,45.85200428
87085_3790_00053,rue Nobel,53,,BT0404,1564656.88400000,5185051.32750000,1.25716252,45.85217361
87085_3790_00056,rue Nobel,56,,BT0166,1564663.12160000,5185073.02940000,1.25723670,45.85237006
87085_3795_00002,rue Noël Laudin,2,,IM0330,1563829.94900000,5182292.34920000,1.24729904,45.82719179
87085_3795_00003,rue Noël Laudin,3,,IM0335,1563800.76400000,5182223.71370000,1.24694295,45.82656859
87085_3795_00005,rue Noël Laudin,5,,IM0336,1563804.44490000,5182241.42240000,1.24698530,45.82672862
87085_3795_00007,rue Noël Laudin,7,,IM0337,1563807.58460000,5182257.04010000,1.24702128,45.82686973
87085_3795_00008,rue Noël Laudin,8,,IM0316,1563835.53250000,5182318.68320000,1.24736343,45.82742978
87085_3795_00009,rue Noël Laudin,9,,IM0338,1563810.59500000,5182271.15870000,1.24705601,45.82699734
87085_3795_00011,rue Noël Laudin,11,,IM0339,1563813.19940000,5182283.88010000,1.24708592,45.82711229
87085_3795_00013,rue Noël Laudin,13,,IM0340,1563814.84510000,5182291.65090000,1.24710490,45.82718252
87085_3795_00015,rue Noël Laudin,15,,IM0341,1563816.87860000,5182301.40640000,1.24712830,45.82727068
87085_3795_00019,rue Noël Laudin,19,,IM0314,1563822.05630000,5182325.74240000,1.24718803,45.82749062
87085_3803_00001,rue Octave Bariant,1,,RP0056,1562071.02640000,5184760.64000000,1.22395836,45.84904480
87085_3803_00002,rue Octave Bariant,2,,RP0061,1562082.29600000,5184761.87630000,1.22410307,45.84905818
87085_3803_00003,rue Octave Bariant,3,,RP0057,1562083.29280000,5184781.93770000,1.22411014,45.84923885
87085_3803_00004,rue Octave Bariant,4,,RP0060,1562095.25300000,5184785.55330000,1.22426306,45.84927377
87085_3803_00005,rue Octave Bariant,5,,RP0058,1562087.18890000,5184804.88100000,1.22415371,45.84944601
87085_3803_00007,rue Octave Bariant,7,,RP0059,1562098.51630000,5184808.07539999,1.22429860,45.84947702
87085_3807_00002,rue Offenbach,2,,HY0390,1564017.64050000,5181491.77870000,1.24994050,45.82002733
87085_3807_00008,rue Offenbach,8,,HY0391,1564018.92030000,5181529.14550000,1.24994640,45.82036372
87085_3807_00024,rue Offenbach,24,,HY0257,1564039.99200000,5181681.30790000,1.25017448,45.82173667
87085_3807_00026,rue Offenbach,26,,HY0258,1564047.76550000,5181692.86790000,1.25027123,45.82184220
87085_3807_00027,rue Offenbach,27,,HY0378,1564048.74470000,5181701.71290000,1.25028133,45.82192196
87085_3807_00030,rue Offenbach,30,,HY0406,1564068.76090000,5181720.70410000,1.25053349,45.82209675
87085_3807_00032,rue Offenbach,32,,HY0456,1564079.60590000,5181736.47150000,1.25066857,45.82224073
87085_3808_00002,rue Olivier de Serres,2,,OH0202,1562965.81890000,5184207.27940000,1.23563418,45.84424597
87085_3808_00004,rue Olivier de Serres,4,,OH0203,1562954.61510000,5184207.02850000,1.23549005,45.84424148
87085_3808_00006,rue Olivier de Serres,6,,OH0204,1562944.80290000,5184207.06880000,1.23536374,45.84423989
87085_3808_00010,rue Olivier de Serres,10,,OH0229,1562900.50410000,5184205.66670000,1.23479397,45.84421844
87085_3808_00011,rue Olivier de Serres,11,,OI0199,1562904.11760000,5184193.36800000,1.23484399,45.84410853
87085_3808_00012,rue Olivier de Serres,12,,OH0230,1562893.08020000,5184205.57980000,1.23469844,45.84421618
87085_3808_00014,rue Olivier de Serres,14,,OH0231,1562884.35150000,5184205.62640000,1.23458608,45.84421486
87085_3808_00015,rue Olivier de Serres,15,,OI0198,1562881.55690000,5184192.49750000,1.23455385,45.84409620
87085_3808_00018,rue Olivier de Serres,18,,OH0243,1562802.97730000,5184241.27540000,1.23352852,45.84451931
87085_3808_00020,rue Olivier de Serres,20,,OH0243,1562739.23710000,5184237.76360000,1.23270911,45.84447500
87085_3808_00022,rue Olivier de Serres,22,,OH0243,1562721.29220000,5184294.03720000,1.23246206,45.84497762
87085_3808_00023,rue Olivier de Serres,23,,OI0022,1562838.96310000,5184190.52530000,1.23400619,45.84406996
87085_3808_00033,rue Olivier de Serres,33,,OI0019,1562732.54570000,5184171.45650000,1.23264192,45.84387719
87085_3808_00034,rue Olivier de Serres,34,,OH0243,1562689.70580000,5184232.10090000,1.23207320,45.84441417
87085_3808_00035,rue Olivier de Serres,35,,OI0019,1562733.77230000,5184154.99070000,1.23266241,45.84372932
87085_3808_00036,rue Olivier de Serres,36,,OH0243,1562690.50130000,5184216.96710000,1.23208776,45.84427819
87085_3808_00037,rue Olivier de Serres,37,,OI0019,1562734.54040000,5184139.58560000,1.23267670,45.84359090
87085_3808_00038,rue Olivier de Serres,38,,OH0243,1562691.33720000,5184201.05560000,1.23210307,45.84413522
87085_3808_00039,rue Olivier de Serres,39,,OI0019,1562735.27830000,5184120.38720000,1.23269168,45.84341834
87085_3808_00040,rue Olivier de Serres,40,,OH0243,1562692.20770000,5184184.50440000,1.23211900,45.84398651
87085_3808_00041,rue Olivier de Serres,41,,OI0019,1562736.41740000,5184102.90920000,1.23271134,45.84326135
87085_3808_00042,rue Olivier de Serres,42,,OH0243,1562693.04620000,5184168.55180000,1.23213435,45.84384318
87085_3808_00043,rue Olivier de Serres,43,,OI0017,1562730.40830000,5184091.56210000,1.23263723,45.84315808
87085_3808_00045,rue Olivier de Serres,45,,OI0017,1562717.37950000,5184090.86390000,1.23246974,45.84314919
87085_3808_00047,rue Olivier de Serres,47,,OI0017,1562694.74780000,5184091.45830000,1.23217828,45.84315002
87085_3808_00049,rue Olivier de Serres,49,,OI0017,1562676.81110000,5184088.69780000,1.23194821,45.84312161
87085_3808_00051,rue Olivier de Serres,51,,OI0017,1562662.90870000,5184087.95480000,1.23176949,45.84311215
87085_3820_00001,rue Orphéroux,1,,DZ0155,1565110.65240000,5182251.38160000,1.26378975,45.82707563
87085_3820_00002,rue Orphéroux,2,,DZ0160,1565103.03000000,5182246.51020000,1.26369304,45.82703031
87085_3820_00003,rue Orphéroux,3,,DZ0156,1565106.48360000,5182234.97850000,1.26374071,45.82692725
87085_3820_00004,rue Orphéroux,4,,DZ0159,1565098.81860000,5182230.36520000,1.26364338,45.82688425
87085_3820_00006,rue Orphéroux,6,,DZ0192,1565088.86140000,5182200.77750000,1.26352356,45.82661614
87085_3820_00008,rue Orphéroux,8,,DZ0193,1565087.31190000,5182192.86950000,1.26350584,45.82654470
87085_3820_00011,rue Orphéroux,11,,DZ0149,1565092.75370000,5182194.67240000,1.26357536,45.82656198
87085_3829_00001,rue Othello,1,,LW0132,1567427.55480000,5186692.37390000,1.29237691,45.86747576
87085_3829_00002,rue Othello,2,,LW0156,1567418.24860000,5186690.92860000,1.29225747,45.86746096
87085_3829_00003,rue Othello,3,,LW0133,1567429.29090000,5186675.83150000,1.29240383,45.86732728
87085_3829_00004,rue Othello,4,,LW0155,1567420.38220000,5186667.50260000,1.29229142,45.86725064
87085_3829_00005,rue Othello,5,,LW0134,1567431.11620000,5186657.52600000,1.29243239,45.86716296
87085_3829_00006,rue Othello,6,,LW0154,1567422.11810000,5186649.59980000,1.29231871,45.86708993
87085_3829_00007,rue Othello,7,,LW0135,1567432.28980000,5186640.48930000,1.29245221,45.86700993
87085_3829_00008,rue Othello,8,,LW0153,1567423.92940000,5186629.11190000,1.29234769,45.86690597
87085_3829_00009,rue Othello,9,,LW0136,1567432.34770000,5186623.47330000,1.29245765,45.86685688
87085_3829_00010,rue Othello,10,,LW0152,1567418.62280000,5186604.87240000,1.29228606,45.86668690
87085_3829_00011,rue Othello,11,,LW0137,1567428.19420000,5186604.69020000,1.29240935,45.86668711
87085_3829_00012,rue Othello,12,,LW0151,1567403.88530000,5186582.54610000,1.29210245,45.86648322
87085_3829_00014,rue Othello,14,,LW0150,1567392.53700000,5186570.68800000,1.29195960,45.86637436
87085_3829_00015,rue Othello,15,,LW0138,1567420.63900000,5186589.40320000,1.29231629,45.86654814
87085_3829_00017,rue Othello,17,,LW0514,1567408.44470000,5186574.18990000,1.29216347,45.86640893
87085_3829_00018,rue Othello,18,,LW0145,1567354.28490000,5186530.27960000,1.29147821,45.86600348
87085_3829_00019,rue Othello,19,,LW0140,1567396.01190000,5186561.01180000,1.29200702,45.86628799
87085_3829_00021,rue Othello,21,,LW0141,1567383.06220000,5186547.50190000,1.29184400,45.86616396
87085_3829_00023,rue Othello,23,,LW0142,1567369.80340000,5186533.64460000,1.29167710,45.86603674
87085_3829_00025,rue Othello,25,,LW0143,1567357.61680000,5186520.66090000,1.29152377,45.86591760
87085_3829_00027,rue Othello,27,,LW0144,1567347.98610000,5186510.06780000,1.29140269,45.86582044
87085_3829_00029,rue Othello,29,,SR0059,1567334.21400000,5186491.48250000,1.29123049,45.86565060
87085_3830_00001,rue Othon Peconnet,1,,DL0062,1564528.98330000,5182566.54820000,1.25621646,45.82979641
87085_3830_00002,rue Othon Peconnet,2,,DL0032,1564535.71980000,5182577.25600000,1.25630013,45.82989406
87085_3830_00003,rue Othon Peconnet,3,,DL0058,1564519.62830000,5182570.96250000,1.25609484,45.82983428
87085_3830_00004,rue Othon Peconnet,4,,DL0033,1564525.31780000,5182581.83030000,1.25616499,45.82993316
87085_3830_00005,rue Othon Peconnet,5,,DL0057,1564512.88120000,5182573.72380000,1.25600724,45.82985779
87085_3830_00006,rue Othon Peconnet,6,,DL0034,1564518.74400000,5182584.72570000,1.25607958,45.82995791
87085_3830_00007,rue Othon Peconnet,7,,DL0056,1564506.26630000,5182576.74740000,1.25592127,45.82988368
87085_3830_00008,rue Othon Peconnet,8,,DL0035,1564511.58030000,5182587.90380000,1.25598651,45.82998509
87085_3830_00009,rue Othon Peconnet,9,,DL0053,1564500.34650000,5182579.71330000,1.25584426,45.82990920
87085_3830_00010,rue Othon Peconnet,10,,DL0036,1564504.12260000,5182591.36120000,1.25588957,45.83001472
87085_3830_00011,rue Othon Peconnet,11,,DL0052,1564494.08730000,5182582.40650000,1.25576296,45.82993219
87085_3830_00012,rue Othon Peconnet,12,,DL0037,1564493.87360000,5182596.09600000,1.25575635,45.83005529
87085_3830_00013,rue Othon Peconnet,13,,DL0049,1564489.51340000,5182584.53210000,1.25570350,45.82995041
87085_3830_00014,rue Othon Peconnet,14,,DL0038,1564481.11080000,5182602.10570000,1.25559042,45.83010684
87085_3830_00015,rue Othon Peconnet,15,,DL0048,1564484.60610000,5182586.83190000,1.25563970,45.82997013
87085_3830_00016,rue Othon Peconnet,16,,DL0039,1564470.38860000,5182606.85590000,1.25545111,45.83014746
87085_3830_00017,rue Othon Peconnet,17,,DL0047,1564477.72120000,5182589.85760000,1.25555026,45.82999599
87085_3830_00019,rue Othon Peconnet,19,,DL0042,1564471.41690000,5182592.95750000,1.25546826,45.83002264
87085_3830_00021,rue Othon Peconnet,21,,DL0041,1564465.38060000,5182595.81640000,1.25538978,45.83004717
87085_3830_00023,rue Othon Peconnet,23,,DL0040,1564460.49240000,5182597.53000000,1.25532640,45.83006162
87085_3834_00003,rue Pablo Picasso,3,,KZ0112,1568039.64070000,5191945.47460000,1.29881360,45.91484843
87085_3834_00005,rue Pablo Picasso,5,,KZ0111,1568020.68540000,5191964.76460000,1.29856400,45.91501832
87085_3834_00007,rue Pablo Picasso,7,,KZ0110,1568003.41310000,5191982.02900000,1.29833664,45.91517030
87085_3834_00009,rue Pablo Picasso,9,,KZ0109,1567986.06210000,5191999.74480000,1.29810815,45.91532633
87085_3834_00011,rue Pablo Picasso,11,,KZ0108,1567968.65320000,5192017.25880000,1.29787896,45.91548053
87085_3834_00012,rue Pablo Picasso,12,,KY0297,1567898.92010000,5192085.85630000,1.29696134,45.91608419
87085_3834_00017,rue Pablo Picasso,17,,KZ0052,1567898.21680000,5192072.20630000,1.29695604,45.91596127
87085_3834_00019,rue Pablo Picasso,19,,KZ0051,1567879.13070000,5192079.93630000,1.29670793,45.91602713
87085_3834_00021,rue Pablo Picasso,21,,KZ0050,1567858.50400000,5192087.90390000,1.29643990,45.91609484
87085_3834_00023,rue Pablo Picasso,23,,KZ0004,1567824.44930000,5192081.99810000,1.29600263,45.91603516
87085_2680_00003,rue Paguenaud,3,,BS0231,1565014.70780000,5184639.72370000,1.26188446,45.84854135
87085_2680_00012,rue Paguenaud,12,,BS0751,1564986.23700000,5184659.56050000,1.26151241,45.84871421
87085_2680_00014,rue Paguenaud,14,,BS0257,1564967.10230000,5184664.15600000,1.26126481,45.84875179
87085_2680_00017,rue Paguenaud,17,,BS0756,1564965.60100000,5184653.27040000,1.26124854,45.84865357
87085_2680_00022,rue Paguenaud,22,,BS0657,1564931.69630000,5184674.28870000,1.26080620,45.84883598
87085_2680_00024,rue Paguenaud,24,,BS0656,1564918.45960000,5184677.95250000,1.26063479,45.84886634
87085_2680_00026,rue Paguenaud,26,,BS0887,1564905.45050000,5184681.48940000,1.26046633,45.84889560
87085_2680_00028,rue Paguenaud,28,,BS0886,1564893.70300000,5184684.82320000,1.26031418,45.84892328
87085_2680_00033,rue Paguenaud,33,,BS0705,1564878.63250000,5184677.61580000,1.26012221,45.84885548
87085_2680_00034,rue Paguenaud,34,,BS0194,1564856.90160000,5184694.47970000,1.25983774,45.84900291
87085_2680_00035,rue Paguenaud,35,,BS0705,1564854.90670000,5184683.90770000,1.25981504,45.84890742
87085_2680_00036,rue Paguenaud,36,,BS0195,1564845.92660000,5184697.46870000,1.25969563,45.84902764
87085_2680_00038,rue Paguenaud,38,,BS0803,1564823.48060000,5184693.18020000,1.25940790,45.84898465
87085_2680_00039,rue Paguenaud,39,,BS0197,1564836.19620000,5184684.63780000,1.25957399,45.84891031
87085_2680_00040,rue Paguenaud,40,,BS0164,1564815.90230000,5184689.47860000,1.25931139,45.84894986
87085_2680_00041,rue Paguenaud,41,,BS0198,1564830.76320000,5184682.15460000,1.25950475,45.84888690
87085_2680_00042,rue Paguenaud,42,,BS0163,1564807.16670000,5184685.38510000,1.25920010,45.84891132
87085_2680_00043,rue Paguenaud,43,,BS0199,1564824.88900000,5184679.31160000,1.25942993,45.84886017
87085_2680_00044,rue Paguenaud,44,,BS0162,1564797.67320000,5184681.19260000,1.25907907,45.84887174
87085_2680_00045,rue Paguenaud,45,,BS0201,1564819.07610000,5184676.63370000,1.25935586,45.84883494
87085_2680_00046,rue Paguenaud,46,,BS0895,1564790.13260000,5184677.46200001,1.25898306,45.84883670
87085_2680_00047,rue Paguenaud,47,,BS0202,1564812.64920000,5184673.57010000,1.25927400,45.84880612
87085_2680_00049,rue Paguenaud,49,,BS0203,1564805.62470000,5184670.50740000,1.25918444,45.84877719
87085_2680_00051,rue Paguenaud,51,,BS0204,1564797.06700000,5184666.36600000,1.25907544,45.84873825
87085_3850_00001,rue Palvézy,1,,EH0237,1565102.40790000,5182598.11470000,1.26358639,45.83019308
87085_3850_00001_bis,rue Palvézy,1,bis,EH0068,1565096.93720000,5182573.75620000,1.26352282,45.82997289
87085_3850_00002,rue Palvézy,2,,EH0093,1565097.18490000,5182594.51970000,1.26352019,45.83015972
87085_3850_00003,rue Palvézy,3,,EH0067,1565092.51210000,5182569.13060000,1.26346718,45.82993041
87085_3850_00004,rue Palvézy,4,,EH0094,1565094.89490000,5182587.71460000,1.26349263,45.83009806
87085_3850_00005,rue Palvézy,5,,EH0066,1565086.15990000,5182562.65280000,1.26338726,45.82987090
87085_3850_00006,rue Palvézy,6,,EH0095,1565093.13190000,5182582.94690000,1.26347128,45.83005482
87085_3850_00007,rue Palvézy,7,,EH0065,1565077.11610000,5182554.12700000,1.26327328,45.82979243
87085_3850_00008,rue Palvézy,8,,EH0096,1565089.50230000,5182577.71550000,1.26342604,45.83000705
87085_3850_00009,rue Palvézy,9,,EH0064,1565071.17410000,5182548.30580000,1.26319845,45.82973890
87085_3850_00010,rue Palvézy,10,,EH0211,1565080.81930000,5182568.57970000,1.26331687,45.82992316
87085_3850_00011,rue Palvézy,11,,EH0063,1565064.88240000,5182541.84190000,1.26311930,45.82967951
87085_3850_00012,rue Palvézy,12,,EH0099,1565068.88190000,5182556.24200000,1.26316673,45.82980984
87085_3857_00002,rue Panhard-Levassor,2,,MC0004,1565861.81620000,5188022.53190000,1.27184373,45.87913749
87085_3857_00003,rue Panhard-Levassor,3,,MC0007,1565841.86970000,5187978.92260000,1.27159903,45.87874130
87085_3857_00006,rue Panhard-Levassor,6,,MC0005,1565822.26420000,5187979.51280000,1.27134636,45.87874279
87085_3857_00010,rue Panhard-Levassor,10,,MC0006,1565794.91160000,5187948.72610000,1.27100268,45.87846050
87085_3880_00004,rue Parmentier,4,,BR0706,1564872.57000000,5184372.48380000,1.26012999,45.84610945
87085_3880_00005,rue Parmentier,5,,BR0150,1564861.50210000,5184380.79360000,1.25998519,45.84618203
87085_3880_00007,rue Parmentier,7,,BR0151,1564864.79350000,5184388.36630000,1.26002543,45.84625080
87085_3880_00009,rue Parmentier,9,,BR0152,1564867.60860000,5184396.39270000,1.26005940,45.84632355
87085_3880_00013,rue Parmentier,13,,BR0157,1564873.37750000,5184411.08740000,1.26012953,45.84645687
87085_3880_00015,rue Parmentier,15,,BR0158,1564879.05170000,5184426.44930000,1.26019824,45.84659618
87085_3880_00017,rue Parmentier,17,,BR0646,1564882.20410000,5184433.94730000,1.26023671,45.84666425
87085_3880_00019,rue Parmentier,19,,BR0162,1564884.35190000,5184440.40520000,1.26026254,45.84672276
87085_3880_00021,rue Parmentier,21,,BR0166,1564886.68180000,5184446.54580000,1.26029081,45.84677846
87085_3880_00024,rue Parmentier,24,,BR0190,1564915.41290000,5184484.53280000,1.26064995,45.84712582
87085_3880_00025,rue Parmentier,25,,BR0167,1564890.37740000,5184456.12350000,1.26033568,45.84686534
87085_3880_00027,rue Parmentier,27,,BR0168,1564894.62730000,5184467.19810000,1.26038727,45.84696580
87085_3880_00028,rue Parmentier,28,,BR0828,1564925.92470000,5184511.74040000,1.26077760,45.84737260
87085_3880_00029,rue Parmentier,29,,BR0743,1564897.80230000,5184475.00510000,1.26042595,45.84703665
87085_3880_00031,rue Parmentier,31,,BR0174,1564900.55480000,5184481.94890000,1.26045942,45.84709966
87085_3880_00037,rue Parmentier,37,,BR0176,1564908.27010000,5184501.64520000,1.26055320,45.84727835
87085_3880_00039,rue Parmentier,39,,BR0688,1564914.11620000,5184517.19280000,1.26062408,45.84741936
87085_3885_00001,rue Pascal,1,,BR0748,1564412.57360000,5184661.95280000,1.25412739,45.84862283
87085_3885_00001_bis,rue Pascal,1,bis,BR0748,1564407.18760000,5184660.15900000,1.25405857,45.84860563
87085_3885_00003,rue Pascal,3,,BR0511,1564398.51740000,5184657.49250000,1.25394771,45.84857994
87085_3885_00004,rue Pascal,4,,BR0514,1564392.35730000,5184669.41090000,1.25386506,45.84868593
87085_3885_00005,rue Pascal,5,,BR0510,1564386.53410000,5184654.17600000,1.25379440,45.84854774
87085_3885_00006,rue Pascal,6,,BR0515,1564383.79010000,5184667.04080000,1.25375544,45.84866292
87085_3885_00007,rue Pascal,7,,BR0509,1564378.80340000,5184652.11190000,1.25369547,45.84852765
87085_3885_00008,rue Pascal,8,,BR0516,1564373.67250000,5184664.25330000,1.25362600,45.84863585
87085_3885_00009,rue Pascal,9,,BR0508,1564368.27880000,5184649.15910000,1.25356083,45.84849901
87085_3885_00010,rue Pascal,10,,BR0517,1564365.32220000,5184661.45400000,1.25351930,45.84860902
87085_3885_00012,rue Pascal,12,,BR0518,1564356.93220000,5184659.51050000,1.25341185,45.84858989
87085_3885_00013,rue Pascal,13,,BR0506,1564350.40620000,5184643.78860000,1.25333228,45.84844717
87085_3885_00014,rue Pascal,14,,BR0519,1564347.64300000,5184656.73770000,1.25329306,45.84856311
87085_3885_00015,rue Pascal,15,,BR0505,1564342.45720000,5184641.56770000,1.25323059,45.84842562
87085_3885_00016,rue Pascal,16,,BR0520,1564335.73420000,5184653.44480000,1.25314070,45.84853114
87085_3885_00017,rue Pascal,17,,BR0504,1564333.87380000,5184639.16480000,1.25312078,45.84840232
87085_3885_00018,rue Pascal,18,,BR0521,1564327.59550000,5184651.07120000,1.25303660,45.84850818
87085_3885_00019,rue Pascal,19,,BR0503,1564323.51520000,5184636.25800000,1.25298826,45.84837412
87085_3885_00020,rue Pascal,20,,BR0522,1564317.22930000,5184648.09740000,1.25290401,45.84847938
87085_3885_00021,rue Pascal,21,,BR0701,1564314.41450000,5184633.63920000,1.25287186,45.84834877
87085_3885_00022,rue Pascal,22,,BR0523,1564305.57500000,5184645.13000000,1.25275483,45.84845039
87085_3885_00023,rue Pascal,23,,BR0501,1564307.52180000,5184631.91900000,1.25278362,45.84833193
87085_3885_00024,rue Pascal,24,,BR0524,1564297.24600000,5184642.72790000,1.25264830,45.84842714
87085_3885_00025,rue Pascal,25,,BR0500,1564298.97440000,5184629.36870000,1.25267432,45.84830731
87085_3885_00026,rue Pascal,26,,BR0525,1564287.73960000,5184639.77540000,1.25252676,45.84839870
87085_3885_00027,rue Pascal,27,,BR0499,1564290.09550000,5184626.78260000,1.25256076,45.84828229
87085_3885_00028,rue Pascal,28,,BR0526,1564279.78230000,5184637.59030000,1.25242495,45.84837748
87085_3885_00029,rue Pascal,29,,BR0498,1564280.47100000,5184624.02670000,1.25243765,45.84825560
87085_3885_00030,rue Pascal,30,,BR0527,1564271.62050000,5184635.39930000,1.25232051,45.84835616
87085_3885_00031,rue Pascal,31,,BR0497,1564272.75320000,5184621.71610000,1.25233896,45.84823329
87085_3885_00033,rue Pascal,33,,BR0496,1564262.86470000,5184619.07460000,1.25221242,45.84820758
87085_3885_00034,rue Pascal,34,,BP0346,1564239.14610000,5184625.43810000,1.25190531,45.84826014
87085_3885_00035,rue Pascal,35,,BR0703,1564256.89390000,5184617.52180000,1.25213600,45.84819243
87085_3885_00035_bis,rue Pascal,35,bis,BR0702,1564250.22810000,5184615.30550000,1.25205082,45.84817118
87085_3885_00036,rue Pascal,36,,BP0347,1564234.51560000,5184624.63010000,1.25184593,45.84825195
87085_3885_00037,rue Pascal,37,,BR0494,1564241.37850000,5184613.04830000,1.25193754,45.84814912
87085_3885_00038,rue Pascal,38,,BP0349,1564222.97390000,5184620.72310000,1.25169847,45.84821453
87085_3885_00039,rue Pascal,39,,BR0740,1564226.66180000,5184608.94870000,1.25174927,45.84810934
87085_3885_00040,rue Pascal,40,,BP0435,1564214.70080000,5184618.61240000,1.25159257,45.84819391
87085_3885_00041,rue Pascal,41,,BR0492,1564216.72210000,5184606.19710000,1.25162210,45.84808263
87085_3885_00042,rue Pascal,42,,BP0436,1564202.84800000,5184615.40370000,1.25144091,45.84816270
87085_3895_00001,rue Pasteur,1,,DE0386,1564210.20080000,5183080.04540000,1.25196937,45.83435275
87085_3895_00002,rue Pasteur,2,,DE0305,1564212.41160000,5183092.47900000,1.25199431,45.83446503
87085_3895_00003,rue Pasteur,3,,DE0387,1564202.16220000,5183084.10360000,1.25186477,45.83438766
87085_3895_00009,rue Pasteur,9,,DE0202,1564182.37850000,5183103.95390000,1.25160457,45.83456232
87085_3895_00011,rue Pasteur,11,,DE0207,1564174.94200000,5183111.09190000,1.25150685,45.83462506
87085_3895_00012,rue Pasteur,12,,DE0253,1564182.08280000,5183120.68030000,1.25159604,45.83471273
87085_3895_00014,rue Pasteur,14,,DE0252,1564176.26860000,5183126.39270000,1.25151960,45.83476297
87085_3895_00015,rue Pasteur,15,,DE0208,1564166.82420000,5183119.17410000,1.25140010,45.83469616
87085_3895_00016,rue Pasteur,16,,DE0251,1564168.97480000,5183133.23150000,1.25142381,45.83482304
87085_3895_00018,rue Pasteur,18,,DE0248,1564162.57690000,5183139.58760000,1.25133968,45.83487896
87085_3895_00019,rue Pasteur,19,,DE0213,1564150.63990000,5183135.16450000,1.25118731,45.83483681
87085_3895_00020,rue Pasteur,20,,DE0247,1564154.70050000,5183147.03500000,1.25123621,45.83494439
87085_3895_00021,rue Pasteur,21,,DE0371,1564143.69640000,5183142.05050000,1.25109601,45.83489738
87085_3895_00022,rue Pasteur,22,,DE0246,1564146.49970000,5183154.49600000,1.25112856,45.83500989
87085_3895_00023,rue Pasteur,23,,DE0371,1564136.54330000,5183148.93590000,1.25100201,45.83495791
87085_3895_00024,rue Pasteur,24,,DE0242,1564142.03340000,5183158.59210000,1.25106993,45.83504586
87085_3895_00025,rue Pasteur,25,,DE0225,1564130.83830000,5183154.42190000,1.25092704,45.83500613
87085_3895_00026,rue Pasteur,26,,DE0242,1564136.08170000,5183164.36350000,1.25099170,45.83509660
87085_3895_00028,rue Pasteur,28,,DE0241,1564128.41590000,5183172.18530000,1.25089084,45.83516544
87085_3895_00030,rue Pasteur,30,,DE0236,1564119.75120000,5183180.43680000,1.25077700,45.83523796
87085_3895_00032,rue Pasteur,32,,DE0235,1564104.14920000,5183192.46460000,1.25057282,45.83534307
87085_3899_00001,rue Paul-Antoine Bonnaud,1,,EV0471,1565557.13710000,5181823.91110000,1.26965432,45.82331768
87085_3899_00004,rue Paul-Antoine Bonnaud,4,,EV0406,1565560.29420000,5181801.40410000,1.26970124,45.82311584
87085_3899_00006,rue Paul-Antoine Bonnaud,6,,EV0406,1565566.71530000,5181791.61190000,1.26978659,45.82302900
87085_3899_00008,rue Paul-Antoine Bonnaud,8,,EV0406,1565570.05200000,5181784.03930000,1.26983164,45.82296154
87085_3899_00014,rue Paul-Antoine Bonnaud,14,,EV0370,1565575.79790000,5181777.21960000,1.26990747,45.82290131
87085_3899_00028,rue Paul-Antoine Bonnaud,28,,EV0369,1565657.99700000,5181755.03800000,1.27097127,45.82271783
87085_3899_00032,rue Paul-Antoine Bonnaud,32,,EV0354,1565680.98840000,5181756.65190000,1.27126664,45.82273684
87085_3899_00038,rue Paul-Antoine Bonnaud,38,,EV0223,1565713.68600000,5181765.14260000,1.27168496,45.82281961
87085_3899_00040,rue Paul-Antoine Bonnaud,40,,EV0225,1565738.25480000,5181774.21379999,1.27199854,45.82290600
87085_3899_00042,rue Paul-Antoine Bonnaud,42,,EV0226,1565741.33620000,5181775.67020000,1.27203778,45.82291971
87085_3899_00044,rue Paul-Antoine Bonnaud,44,,EV0227,1565743.57310000,5181777.43820000,1.27206607,45.82293605
87085_3899_00046,rue Paul-Antoine Bonnaud,46,,EV0228,1565749.83960000,5181782.37630000,1.27214532,45.82298169
87085_3899_00048,rue Paul-Antoine Bonnaud,48,,EV0487,1565760.90170000,5181791.65300000,1.27228506,45.82306730
87085_3899_00050,rue Paul-Antoine Bonnaud,50,,EV0487,1565768.51800000,5181797.47280000,1.27238143,45.82312114
87085_3900_00001,rue Paul Bert,1,,AZ1040,1563543.46840000,5183009.96280000,1.24340915,45.83359034
87085_3900_00005,rue Paul Bert,5,,AZ0870,1563526.44280000,5182998.60460000,1.24319328,45.83348479
87085_3900_00011,rue Paul Bert,11,,AZ0183,1563496.01760000,5182977.71140000,1.24280768,45.83329081
87085_3900_00013,rue Paul Bert,13,,AZ0184,1563482.92700000,5182968.76790000,1.24264176,45.83320776
87085_3900_00014,rue Paul Bert,14,,AZ0325,1563462.56040000,5182965.41470000,1.24238062,45.83317355
87085_3900_00016,rue Paul Bert,16,,AZ0322,1563452.54390000,5182958.28230000,1.24225375,45.83310740
87085_3900_00017,rue Paul Bert,17,,AZ0787,1563469.68230000,5182959.63260000,1.24247391,45.83312295
87085_3900_00019,rue Paul Bert,19,,AZ0789,1563460.60370000,5182953.61700000,1.24235879,45.83306703
87085_3900_00020,rue Paul Bert,20,,AZ0320,1563443.48090000,5182952.67200000,1.24213871,45.83305513
87085_3900_00022,rue Paul Bert,22,,AZ0319,1563438.88730000,5182949.26690000,1.24208057,45.83302359
87085_3900_00023,rue Paul Bert,23,,AZ0954,1563443.28480000,5182941.73550000,1.24213930,45.83295671
87085_3900_00024,rue Paul Bert,24,,AZ0318,1563433.25370000,5182945.57700000,1.24200912,45.83298928
87085_3900_00025,rue Paul Bert,25,,AZ0717,1563430.75110000,5182932.15260000,1.24198073,45.83286802
87085_3900_00026,rue Paul Bert,26,,AZ0316,1563422.90630000,5182939.12520000,1.24187780,45.83292919
87085_0755_00006,rue Paul Broca,6,,NN0142,1563142.35840000,5181446.66180000,1.23869233,45.81944789
87085_3905_00003,rue Paul Cézanne,3,,NT0052,1563838.13680000,5181050.02990000,1.24775613,45.81601804
87085_3905_00003_a,rue Paul Cézanne,3,a,NT0053,1563850.85140000,5181054.85590000,1.24791833,45.81606396
87085_3905_00003_b,rue Paul Cézanne,3,b,NT0053,1563864.32750000,5181066.71740000,1.24808834,45.81617333
87085_3905_00003_c,rue Paul Cézanne,3,c,NT0053,1563855.02490000,5181077.35590000,1.24796565,45.81626719
87085_3905_00003_d,rue Paul Cézanne,3,d,NT0053,1563837.32190000,5181065.29400000,1.24774132,45.81615518
87085_3905_00005,rue Paul Cézanne,5,,NT0052,1563817.06140000,5181034.71610000,1.24748933,45.81587611
87085_3905_00007,rue Paul Cézanne,7,,NT0042,1563813.41370000,5181018.69220000,1.24744694,45.81573124
87085_3905_00009,rue Paul Cézanne,9,,NT0043,1563808.42200000,5181013.52320000,1.24738419,45.81568375
87085_3905_00011,rue Paul Cézanne,11,,NT0044,1563800.83090000,5181006.06350000,1.24728865,45.81561515
87085_3905_00013,rue Paul Cézanne,13,,NT0045,1563793.34670000,5180998.20710000,1.24719459,45.81554299
87085_3905_00015,rue Paul Cézanne,15,,NT0046,1563785.97110000,5180990.70740000,1.24710183,45.81547407
87085_3905_00016,rue Paul Cézanne,16,,NT0035,1563758.34650000,5180977.43780000,1.24675021,45.81534923
87085_3905_00017,rue Paul Cézanne,17,,NT0047,1563778.66890000,5180982.99730000,1.24701007,45.81540327
87085_3905_00019,rue Paul Cézanne,19,,NT0048,1563770.60500000,5180975.07350000,1.24690858,45.81533039
87085_3905_00021,rue Paul Cézanne,21,,NT0049,1563762.06340000,5180966.19370000,1.24680121,45.81524882
87085_3905_00023,rue Paul Cézanne,23,,NT0015,1563753.60640000,5180957.86540000,1.24669478,45.81517223
87085_3905_00025,rue Paul Cézanne,25,,NT0016,1563745.55050000,5180949.69160000,1.24659346,45.81509710
87085_3905_00027,rue Paul Cézanne,27,,NT0017,1563736.95700000,5180940.58250000,1.24648548,45.81501346
87085_3905_00029,rue Paul Cézanne,29,,NT0018,1563727.22760000,5180931.95220000,1.24636277,45.81493390
87085_3905_00031,rue Paul Cézanne,31,,NT0019,1563717.65960000,5180923.48840000,1.24624208,45.81485586
87085_3905_00033,rue Paul Cézanne,33,,NT0020,1563707.94330000,5180914.65040000,1.24611959,45.81477444
87085_3905_00035,rue Paul Cézanne,35,,NT0021,1563698.89730000,5180906.48460000,1.24600553,45.81469919
87085_3905_00037,rue Paul Cézanne,37,,NT0022,1563689.35590000,5180897.62290000,1.24588530,45.81461758
87085_3905_00039,rue Paul Cézanne,39,,NT0023,1563679.37190000,5180889.01990000,1.24575930,45.81453821
87085_3905_00041,rue Paul Cézanne,41,,NT0024,1563670.77250000,5180881.01810000,1.24565094,45.81446453
87085_3905_00043,rue Paul Cézanne,43,,NT0003,1563664.01820000,5180853.08190000,1.24557197,45.81421189
87085_3910_00003,rue Paul Claudel,3,,TV0003,1565531.92320000,5180783.51010000,1.26962078,45.81395369
87085_3910_00006,rue Paul Claudel,6,,HP0261,1565511.45720000,5180780.87290000,1.26935823,45.81392597
87085_3910_00011,rue Paul Claudel,11,,TV0008,1565495.27520000,5180651.02420000,1.26918637,45.81275473
87085_3910_00018,rue Paul Claudel,18,,HP0067,1565437.32790000,5180544.64650000,1.26847069,45.81178647
87085_3910_00020,rue Paul Claudel,20,,HP0317,1565437.94140000,5180513.52000000,1.26848729,45.81150658
87085_3910_00022,rue Paul Claudel,22,,HP0316,1565452.44750000,5180456.86820000,1.26868973,45.81099980
87085_3910_00027,rue Paul Claudel,27,,TV0052,1565530.24380000,5180264.34480000,1.26974428,45.80928314
87085_3910_00030,rue Paul Claudel,30,,TH0040,1565507.09200000,5180283.90620000,1.26944101,45.80945458
87085_3910_00033,rue Paul Claudel,33,,TW0001,1565575.66470000,5180133.75760000,1.27036502,45.80811730
87085_3910_00038,rue Paul Claudel,38,,TH0076,1565560.75280000,5180128.75230000,1.27017461,45.80806936
87085_3910_00039,rue Paul Claudel,39,,TW0002,1565696.14290000,5179993.36120000,1.27195391,45.80687787
87085_3910_00040,rue Paul Claudel,40,,TH0076,1565600.51890000,5180076.21650000,1.27070079,45.80760454
87085_3910_00041,rue Paul Claudel,41,,TW0015,1565730.74960000,5179955.23660000,1.27240969,45.80654167
87085_3910_00043,rue Paul Claudel,43,,TW0016,1565750.37570000,5179935.82760000,1.27266800,45.80637100
87085_3910_00044,rue Paul Claudel,44,,TH0019,1565632.23740000,5180040.75950000,1.27111868,45.80729177
87085_3910_00048,rue Paul Claudel,48,,TH0020,1565672.92100000,5179995.89010000,1.27165451,45.80689609
87085_3910_00056,rue Paul Claudel,56,,TH0022,1565798.99850000,5179891.36770000,1.27330535,45.80598044
87085_3910_00060,rue Paul Claudel,60,,TH0039,1565908.71110000,5179792.72880000,1.27474401,45.80511451
87085_3910_00062,rue Paul Claudel,62,,TH0026,1565891.99420000,5179768.27470000,1.27453581,45.80489127
87085_3910_00062_b,rue Paul Claudel,62,b,TH0071,1565874.00250000,5179739.43510000,1.27431200,45.80462800
87085_3910_00064,rue Paul Claudel,64,,TI0066,1565925.69060000,5179799.30910000,1.27496058,45.80517702
87085_3910_00066,rue Paul Claudel,66,,TI0065,1565961.18490000,5179791.56660000,1.27541927,45.80511428
87085_3910_00068,rue Paul Claudel,68,,TI0051,1566045.23540000,5179760.19020000,1.27650908,45.80484840
87085_3910_00072,rue Paul Claudel,72,,TI0064,1566136.54750000,5179745.66680000,1.27768760,45.80473552
87085_3915_00001,rue Paul Dérignac,1,,IL0142,1563965.03810000,5182408.54630000,1.24900440,45.82826378
87085_3915_00006,rue Paul Dérignac,6,,IL0110,1563926.55890000,5182427.43480000,1.24850392,45.82842608
87085_3915_00009,rue Paul Dérignac,9,,IL0177,1563919.45100000,5182415.68910000,1.24841578,45.82831901
87085_3915_00014,rue Paul Dérignac,14,,IL0110,1563875.86010000,5182435.44890000,1.24784928,45.82848814
87085_3915_00015,rue Paul Dérignac,15,,IL0140,1563892.81760000,5182419.91620000,1.24807188,45.82835177
87085_3915_00019,rue Paul Dérignac,19,,IL0138,1563870.44500000,5182423.13520000,1.24778309,45.82837630
87085_3915_00021,rue Paul Dérignac,21,,IL0137,1563856.26120000,5182425.50230000,1.24759991,45.82839478
87085_3915_00023,rue Paul Dérignac,23,,IL0133,1563842.99920000,5182427.56150000,1.24742867,45.82841068
87085_3915_00025,rue Paul Dérignac,25,,IL0132,1563832.55290000,5182429.18040000,1.24729380,45.82842318
87085_3915_00027,rue Paul Dérignac,27,,IL0131,1563820.63770000,5182431.13320000,1.24713993,45.82843839
87085_3915_00029,rue Paul Dérignac,29,,IL0130,1563809.10260000,5182432.86680000,1.24699101,45.82845170
87085_3917_00001,rue Paul Ducourtieux,1,,BM0148,1563627.87290000,5184350.44360000,1.24411498,45.84566544
87085_3917_00002,rue Paul Ducourtieux,2,,BM0133,1563619.68280000,5184357.49080000,1.24400756,45.84572721
87085_3917_00003,rue Paul Ducourtieux,3,,BM0148,1563603.47660000,5184323.63090000,1.24380857,45.84541940
87085_3917_00004,rue Paul Ducourtieux,4,,BM0133,1563594.46560000,5184330.30660000,1.24369069,45.84547767
87085_3917_00005,rue Paul Ducourtieux,5,,BM0148,1563578.69250000,5184296.92810000,1.24349714,45.84517428
87085_3917_00006,rue Paul Ducourtieux,6,,BM0133,1563570.07730000,5184303.40900000,1.24338441,45.84523087
87085_3917_00007,rue Paul Ducourtieux,7,,BM0148,1563554.33880000,5184270.13339999,1.24319129,45.84492842
87085_3917_00008,rue Paul Ducourtieux,8,,BM0133,1563545.96280000,5184277.56390000,1.24308137,45.84499360
87085_3917_00009,rue Paul Ducourtieux,9,,BM0148,1563529.29710000,5184242.99969999,1.24287667,45.84467936
87085_3917_00010,rue Paul Ducourtieux,10,,BM0133,1563520.24030000,5184249.53040000,1.24275824,45.84473631
87085_3917_00011,rue Paul Ducourtieux,11,,BM0148,1563510.57920000,5184225.54620000,1.24264071,45.84451865
87085_3917_00013,rue Paul Ducourtieux,13,,BM0150,1563466.32540000,5184235.69900000,1.24206822,45.84460119
87085_3917_00015,rue Paul Ducourtieux,15,,BM0150,1563441.69540000,5184209.69420000,1.24175859,45.84436237
87085_3917_00017,rue Paul Ducourtieux,17,,BM0150,1563420.27160000,5184184.22200000,1.24149008,45.84412898
87085_3917_00019,rue Paul Ducourtieux,19,,BM0150,1563405.22410000,5184197.40070000,1.24129266,45.84424454
87085_3917_00021,rue Paul Ducourtieux,21,,BM0150,1563427.20170000,5184221.72340000,1.24156862,45.84446770
87085_3917_00023,rue Paul Ducourtieux,23,,BM0150,1563453.62310000,5184248.30940000,1.24190114,45.84471210
87085_3921_00001,rue Paul-Emile Victor,1,,PR0154,1560314.95200000,5184252.97080000,1.20150150,45.84412356
87085_3921_00002,rue Paul-Emile Victor,2,,PR0159,1560315.24830000,5184241.15620000,1.20150875,45.84401734
87085_3921_00003,rue Paul-Emile Victor,3,,PR0155,1560339.27240000,5184252.80220000,1.20181458,45.84412698
87085_3921_00004,rue Paul-Emile Victor,4,,PR0158,1560342.31630000,5184241.17600000,1.20185713,45.84402301
87085_3921_00005,rue Paul-Emile Victor,5,,PR0156,1560373.80040000,5184260.79590000,1.20225666,45.84420590
87085_3921_00006,rue Paul-Emile Victor,6,,PR0157,1560363.51460000,5184243.02340000,1.20212944,45.84404394
87085_3921_00008,rue Paul-Emile Victor,8,,PR0259,1560377.66830000,5184249.24300000,1.20230981,45.84410276
87085_2180_00001,rue Paul Gauguin,1,,SP0046,1565554.15220000,5185299.80100000,1.26864361,45.85458484
87085_2180_00003,rue Paul Gauguin,3,,SP0047,1565571.02270000,5185306.03120000,1.26885905,45.85464418
87085_2180_00005,rue Paul Gauguin,5,,SP0261,1565598.93630000,5185309.33850000,1.26921748,45.85467939
87085_2180_00007,rue Paul Gauguin,7,,SP0238,1565617.72180000,5185313.57180000,1.26945813,45.85472114
87085_2180_00009,rue Paul Gauguin,9,,SP0238,1565631.74470000,5185315.68850000,1.26963807,45.85474293
87085_3961_00002,rue Pauline Carton,2,,NW0063,1560893.98690000,5183785.58880000,1.20908957,45.84003663
87085_3961_00003,rue Pauline Carton,3,,NW0066,1560882.62030000,5183794.23930000,1.20894077,45.84011215
87085_3961_00004,rue Pauline Carton,4,,NW0061,1560889.72240000,5183801.71930000,1.20903001,45.84018087
87085_3961_00005,rue Pauline Carton,5,,NW0067,1560876.97910000,5183815.89570000,1.20886190,45.84030582
87085_3961_00006,rue Pauline Carton,6,,NW0060,1560885.84440000,5183817.32970000,1.20897558,45.84032051
87085_3961_00007,rue Pauline Carton,7,,NW0068,1560872.19880000,5183834.25890000,1.20879506,45.84047004
87085_3961_00008,rue Pauline Carton,8,,NW0058,1560880.98600000,5183836.40900000,1.20890753,45.84049115
87085_3961_00009,rue Pauline Carton,9,,NW0069,1560861.80500000,5183854.31380000,1.20865549,45.84064834
87085_3961_00010,rue Pauline Carton,10,,NW0057,1560877.24430000,5183849.40060000,1.20885561,45.84060726
87085_3961_00011,rue Pauline Carton,11,,NW0070,1560822.58800000,5183846.34630000,1.20815306,45.84056873
87085_3961_00012,rue Pauline Carton,12,,NW0056,1560868.49540000,5183860.62420000,1.20873977,45.84070645
87085_3961_00014,rue Pauline Carton,14,,NW0055,1560857.68480000,5183865.83400000,1.20859912,45.84075113
87085_3961_00015,rue Pauline Carton,15,,NW0071,1560816.51570000,5183820.27160000,1.20808246,45.84033294
87085_3961_00016,rue Pauline Carton,16,,NW0054,1560847.55430000,5183866.73780000,1.20846848,45.84075721
87085_3961_00017,rue Pauline Carton,17,,NW0072,1560813.27130000,5183803.53910000,1.20804555,45.84018177
87085_3961_00018,rue Pauline Carton,18,,NW0053,1560831.13820000,5183865.20530000,1.20825764,45.84074010
87085_3961_00019,rue Pauline Carton,19,,NW0073,1560812.65510000,5183789.01960000,1.20804182,45.84005104
87085_3961_00020,rue Pauline Carton,20,,NW0052,1560814.52230000,5183878.01180000,1.20804008,45.84085194
87085_3961_00021,rue Pauline Carton,21,,NW0074,1560812.54770000,5183775.81140000,1.20804427,45.83993220
87085_3961_00022,rue Pauline Carton,22,,NW0051,1560809.48210000,5183880.52580000,1.20797449,45.84087353
87085_3961_00024,rue Pauline Carton,24,,NW0050,1560805.52620000,5183877.75210000,1.20792438,45.84084778
87085_3961_00026,rue Pauline Carton,26,,NW0049,1560808.29240000,5183871.45000000,1.20796180,45.84079165
87085_3961_00028,rue Pauline Carton,28,,NW0048,1560814.72710000,5183851.36810000,1.20805044,45.84061231
87085_3961_00030,rue Pauline Carton,30,,NW0047,1560810.38700000,5183835.32950000,1.20799922,45.84046716
87085_3961_00032,rue Pauline Carton,32,,NW0046,1560807.22560000,5183819.47250000,1.20796313,45.84032388
87085_3961_00034,rue Pauline Carton,34,,NW0045,1560804.52100000,5183803.97580000,1.20793281,45.84018393
87085_3961_00036,rue Pauline Carton,36,,NW0044,1560803.58410000,5183789.89510000,1.20792483,45.84005708
87085_3961_00038,rue Pauline Carton,38,,NW0043,1560803.53170000,5183776.98390000,1.20792789,45.83994092
87085_3961_00040,rue Pauline Carton,40,,NW0042,1560804.59950000,5183756.92720000,1.20794744,45.83976072
87085_3961_00042,rue Pauline Carton,42,,NW0041,1560790.91130000,5183746.14410000,1.20777440,45.83966095
87085_3961_00044,rue Pauline Carton,44,,NW0040,1560786.36010000,5183742.09950000,1.20771700,45.83962365
87085_3961_00046,rue Pauline Carton,46,,NW0039,1560791.39960000,5183735.22990000,1.20778384,45.83956287
87085_3960_00004,rue Paulin Talabot,4,,CS0136,1565911.07290000,5183775.71550000,1.27366383,45.84094448
87085_3960_00006,rue Paulin Talabot,6,,CS0268,1565920.92390000,5183785.05940000,1.27378801,45.84103045
87085_3960_00010,rue Paulin Talabot,10,,CS0132,1565944.30950000,5183798.97800000,1.27408511,45.84116022
87085_3960_00012,rue Paulin Talabot,12,,CS0131,1565957.02590000,5183805.70570000,1.27424690,45.84122322
87085_3960_00016,rue Paulin Talabot,16,,CS0128,1565978.49690000,5183817.74180000,1.27451989,45.84133567
87085_3960_00020,rue Paulin Talabot,20,,CS0127,1566002.38440000,5183831.36930000,1.27482354,45.84146292
87085_3960_00028,rue Paulin Talabot,28,,CS0304,1566071.37190000,5183870.14880000,1.27570065,45.84182520
87085_3960_00029,rue Paulin Talabot,29,,EK0069,1566115.40570000,5183892.60980000,1.27626114,45.84203583
87085_3960_00030,rue Paulin Talabot,30,,CS0304,1566080.08150000,5183873.78210000,1.27581173,45.84185958
87085_3960_00032,rue Paulin Talabot,32,,CS0304,1566087.82440000,5183876.80310000,1.27591055,45.84188827
87085_3960_00048,rue Paulin Talabot,48,,EK0069,1566171.68810000,5183905.83050000,1.27698186,45.84216571
87085_3930_00003,rue Paul Lafargue,3,,CV0011,1565068.37070000,5184418.80870000,1.26263727,45.84656463
87085_3930_00006,rue Paul Lafargue,6,,BS0584,1565072.24970000,5184426.62600000,1.26268500,45.84663571
87085_3930_00008,rue Paul Lafargue,8,,BS0583,1565060.96820000,5184433.71730000,1.26253780,45.84669729
87085_3930_00009,rue Paul Lafargue,9,,CV0008,1565043.06600000,5184435.11140000,1.26230697,45.84670631
87085_3930_00010,rue Paul Lafargue,10,,BS0580,1565049.25240000,5184440.84430000,1.26238499,45.84675910
87085_3930_00011,rue Paul Lafargue,11,,CV0007,1565031.80430000,5184442.05470000,1.26216006,45.84676656
87085_3930_00012,rue Paul Lafargue,12,,BS0579,1565041.84140000,5184445.54570000,1.26228828,45.84679994
87085_3930_00014,rue Paul Lafargue,14,,BS0576,1565033.92950000,5184450.55340000,1.26218503,45.84684343
87085_3930_00015,rue Paul Lafargue,15,,CV1235,1564999.53630000,5184462.43880000,1.26173899,45.84694359
87085_3930_00017,rue Paul Lafargue,17,,CV1235,1564986.89070000,5184470.53950000,1.26157394,45.84701398
87085_3930_00020,rue Paul Lafargue,20,,BS0575,1565018.13090000,5184460.55190000,1.26197886,45.84693027
87085_3930_00022,rue Paul Lafargue,22,,BS0574,1564997.88180000,5184473.53470000,1.26171457,45.84704308
87085_3930_00024,rue Paul Lafargue,24,,BS0570,1564985.73330000,5184481.84610000,1.26155586,45.84711546
87085_3930_00024_bis,rue Paul Lafargue,24,bis,BS0570,1564979.10280000,5184486.17350000,1.26146930,45.84715309
87085_3930_00024_ter,rue Paul Lafargue,24,ter,BS0571,1565012.72850000,5184493.57230000,1.26190005,45.84722625
87085_3932_00014,rue Paul Langevin,14,,HR0546,1565275.85470000,5181124.27220000,1.26623120,45.81696896
87085_3932_00016,rue Paul Langevin,16,,HR0546,1565279.69980000,5181109.26410000,1.26628488,45.81683471
87085_3932_00018,rue Paul Langevin,18,,HR0546,1565283.22380000,5181091.95770000,1.26633506,45.81667972
87085_3932_00020,rue Paul Langevin,20,,HR0546,1565288.67710000,5181073.24780000,1.26641045,45.81651248
87085_3932_00024,rue Paul Langevin,24,,HR0392,1565299.85390000,5181028.62570000,1.26656674,45.81611326
87085_3935_00004,rue Paul-Louis Courier,4,,BS0647,1565198.82550000,5184434.48960000,1.26431205,45.84673128
87085_3935_00006,rue Paul-Louis Courier,6,,BS0646,1565196.87900000,5184449.06450000,1.26428291,45.84686200
87085_3935_00008,rue Paul-Louis Courier,8,,BS0643,1565195.44850000,5184459.70540000,1.26426151,45.84695744
87085_3935_00010,rue Paul-Louis Courier,10,,BS0642,1565193.68520000,5184472.17900000,1.26423531,45.84706931
87085_3935_00012,rue Paul-Louis Courier,12,,BS0637,1565191.83250000,5184487.02670000,1.26420730,45.84720251
87085_3935_00016,rue Paul-Louis Courier,16,,BS0635,1565190.14650000,5184500.03330000,1.26418195,45.84731918
87085_3935_00018,rue Paul-Louis Courier,18,,BS0634,1565188.84260000,5184508.99790000,1.26416265,45.84739956
87085_3936_00002,rue Paul-Louis Grenier,2,,TC0120,1566829.96450000,5181025.08640000,1.28625234,45.81637933
87085_3936_00003,rue Paul-Louis Grenier,3,,TC0116,1566855.43800000,5181034.34970000,1.28657749,45.81646759
87085_3936_00004,rue Paul-Louis Grenier,4,,TC0119,1566851.06730000,5181023.43500000,1.28652428,45.81636856
87085_3936_00005,rue Paul-Louis Grenier,5,,TC0117,1566874.37220000,5181032.58570000,1.28682156,45.81645539
87085_3936_00006,rue Paul-Louis Grenier,6,,TC0118,1566871.52740000,5181021.41410000,1.28678806,45.81635434
87085_5560_00001,rue Paul Madeline,1,,KY0300,1567950.19650000,5192088.92550000,1.29762135,45.91612166
87085_5560_00003,rue Paul Madeline,3,,KY0300,1567949.56150000,5192093.13240000,1.29761200,45.91615938
87085_5560_00004,rue Paul Madeline,4,,KY0300,1567954.32410000,5192102.33990000,1.29767085,45.91624313
87085_5560_00005,rue Paul Madeline,5,,KY0300,1567946.78340000,5192107.97560000,1.29757211,45.91629237
87085_5560_00006,rue Paul Madeline,6,,KY0300,1567966.07160000,5192127.81930000,1.29781523,45.91647459
87085_5560_00007,rue Paul Madeline,7,,KY0300,1567945.19590000,5192123.13630000,1.29754747,45.91642845
87085_5560_00008,rue Paul Madeline,8,,KY0300,1567970.19910000,5192127.89870000,1.29786841,45.91647610
87085_5560_00009,rue Paul Madeline,9,,KY0300,1567947.25970000,5192128.77189999,1.29757252,45.91647954
87085_5560_00010,rue Paul Madeline,10,,KY0300,1567991.39230000,5192129.01000000,1.29814124,45.91649017
87085_5560_00011,rue Paul Madeline,11,,KY0300,1567950.03780000,5192132.42320000,1.29760732,45.91651292
87085_5560_00012,rue Paul Madeline,12,,KY0300,1567995.44040000,5192129.16880000,1.29819337,45.91649237
87085_5560_00014,rue Paul Madeline,14,,KY0300,1568016.95110000,5192130.20070000,1.29847032,45.91650579
87085_5560_00015,rue Paul Madeline,15,,KY0300,1567962.65850000,5192134.96320000,1.29776928,45.91653820
87085_5560_00016,rue Paul Madeline,16,,KY0300,1568020.60240000,5192130.43880000,1.29851731,45.91650864
87085_5560_00017,rue Paul Madeline,17,,KY0300,1567971.31040000,5192135.36010000,1.29788067,45.91654343
87085_5560_00018,rue Paul Madeline,18,,KY0300,1568040.20810000,5192113.29379999,1.29877471,45.91635817
87085_5560_00019,rue Paul Madeline,19,,KY0300,1567987.50290000,5192135.91570000,1.29808921,45.91655154
87085_5560_00021,rue Paul Madeline,21,,KY0300,1567996.31350000,5192136.23320000,1.29820268,45.91655609
87085_5560_00023,rue Paul Madeline,23,,KY0300,1568012.50600000,5192137.10630000,1.29841113,45.91656706
87085_5560_00025,rue Paul Madeline,25,,KY0300,1568021.15790000,5192137.50320000,1.29852252,45.91657229
87085_5560_00029,rue Paul Madeline,29,,KY0300,1568044.33540000,5192121.15190000,1.29882574,45.91642966
87085_5560_00031,rue Paul Madeline,31,,KY0300,1568050.20920000,5192107.34060000,1.29890524,45.91630654
87085_5560_00033,rue Paul Madeline,33,,KY0300,1568056.40050000,5192093.21180000,1.29898893,45.91618064
87085_5560_00035,rue Paul Madeline,35,,KY0300,1568057.67050000,5192089.63989999,1.29900628,45.91614875
87085_5560_00037,rue Paul Madeline,37,,KY0300,1568058.06740000,5192078.92430000,1.29901434,45.91605243
87085_5560_00039,rue Paul Madeline,39,,KY0300,1568053.54300000,5192063.12860000,1.29896038,45.91590947
87085_5560_00041,rue Paul Madeline,41,,KY0300,1568052.03490000,5192055.74670000,1.29894298,45.91584278
87085_3937_00002,rue Paul Morand,2,,RC0100,1561001.87320000,5184256.84180000,1.21034177,45.84429759
87085_3937_00003,rue Paul Morand,3,,RC0104,1561008.51530000,5184274.94420000,1.21042202,45.84446177
87085_3937_00004,rue Paul Morand,4,,RC0099,1561022.78390000,5184269.28910000,1.21060731,45.84441378
87085_3937_00005,rue Paul Morand,5,,RC0105,1561028.75880000,5184286.72060000,1.21067918,45.84457179
87085_3937_00006,rue Paul Morand,6,,RC0098,1561038.48400000,5184279.03910000,1.21080657,45.84450466
87085_3937_00008,rue Paul Morand,8,,RC0097,1561054.70620000,5184288.25420000,1.21101271,45.84459083
87085_3940_00002,rue Paul Savigny,2,,IN0124,1563606.10220000,5182184.17230000,1.24444944,45.82617432
87085_3940_00004,rue Paul Savigny,4,,IN0124,1563602.99120000,5182174.17840000,1.24441224,45.82608380
87085_3940_00005,rue Paul Savigny,5,,IN0432,1563649.37240000,5182138.15600000,1.24501924,45.82576896
87085_3940_00007,rue Paul Savigny,7,,IN0432,1563611.95040000,5182148.48780000,1.24453481,45.82585448
87085_3940_00008,rue Paul Savigny,8,,IN0121,1563594.46540000,5182145.70510000,1.24431062,45.82582598
87085_3940_00009,rue Paul Savigny,9,,IN0432,1563607.58770000,5182133.99430000,1.24448278,45.82572324
87085_3940_00010,rue Paul Savigny,10,,IN0120,1563589.31000000,5182129.49970000,1.24424888,45.82567918
87085_3940_00011,rue Paul Savigny,11,,IN0395,1563597.05040000,5182101.43120000,1.24435644,45.82542822
87085_3940_00011_a,rue Paul Savigny,11,a,IN0395,1563602.19650000,5182118.08110000,1.24441793,45.82557902
87085_3940_00011_b,rue Paul Savigny,11,b,IN0395,1563604.79020000,5182099.98180000,1.24445644,45.82541672
87085_3940_00011_c,rue Paul Savigny,11,c,IN0395,1563624.83440000,5182097.78000000,1.24471497,45.82540089
87085_3940_00012,rue Paul Savigny,12,,IN0119,1563584.34940000,5182113.00850000,1.24418973,45.82552985
87085_3940_00014,rue Paul Savigny,14,,IN0118,1563581.34370000,5182104.42450000,1.24415349,45.82545204
87085_3940_00016,rue Paul Savigny,16,,IN0117,1563578.02620000,5182092.41890000,1.24411421,45.82534338
87085_3940_00018,rue Paul Savigny,18,,IN0116,1563575.12350000,5182083.42040000,1.24407942,45.82526186
87085_3955_00001,rue Paul Valéry,1,,CR0099,1566862.67570000,5183903.67890000,1.28587605,45.84228050
87085_3955_00002,rue Paul Valéry,2,,CR0063,1566851.77690000,5183911.43430000,1.28573363,45.84234815
87085_3955_00003,rue Paul Valéry,3,,CR0360,1566830.87820000,5183887.53310000,1.28547126,45.84212910
87085_3955_00004,rue Paul Valéry,4,,CR0062,1566839.45590000,5183905.19250000,1.28557677,45.84228962
87085_3955_00005,rue Paul Valéry,5,,CR0362,1566815.65690000,5183880.27390000,1.28527737,45.84206085
87085_3955_00006,rue Paul Valéry,6,,CR0061,1566826.02550000,5183898.12610000,1.28540587,45.84222345
87085_3955_00007,rue Paul Valéry,7,,CR0066,1566788.04150000,5183866.23450000,1.28492582,45.84192921
87085_3955_00008,rue Paul Valéry,8,,CR0060,1566813.78530000,5183891.87980000,1.28525006,45.84216489
87085_3955_00009,rue Paul Valéry,9,,CR0368,1566775.19860000,5183859.71480000,1.28476233,45.84186807
87085_3955_00010,rue Paul Valéry,10,,CR0059,1566800.37000000,5183884.93290000,1.28507932,45.84209980
87085_3955_00011,rue Paul Valéry,11,,CR0069,1566754.23450000,5183849.29890000,1.28449540,45.84177031
87085_3955_00012,rue Paul Valéry,12,,CR0058,1566787.40780000,5183878.18790000,1.28491435,45.84203661
87085_3955_00013,rue Paul Valéry,13,,CR0366,1566742.99620000,5183843.57150000,1.28435234,45.84171661
87085_3955_00014,rue Paul Valéry,14,,CR0057,1566774.98140000,5183871.91820000,1.28475615,45.84197781
87085_3955_00015,rue Paul Valéry,15,,CR0071,1566723.88780000,5183834.02850000,1.28410905,45.84162706
87085_3955_00016,rue Paul Valéry,16,,CR0056,1566762.89740000,5183865.78700000,1.28460232,45.84192031
87085_3955_00016_bis,rue Paul Valéry,16,bis,CR0055,1566742.26050000,5183855.40240000,1.28433959,45.84182290
87085_3955_00017,rue Paul Valéry,17,,CR0072,1566711.14340000,5183827.60560000,1.28394680,45.84156681
87085_3955_00018,rue Paul Valéry,18,,CR0054,1566723.52180000,5183846.21380000,1.28410096,45.84173661
87085_3955_00019,rue Paul Valéry,19,,CR0073,1566694.34620000,5183819.24900000,1.28373292,45.84148838
87085_3955_00020,rue Paul Valéry,20,,CR0053,1566710.46480000,5183839.48960000,1.28393477,45.84167359
87085_3955_00021,rue Paul Valéry,21,,CR0074,1566681.38420000,5183812.85510000,1.28356787,45.84142835
87085_3955_00022,rue Paul Valéry,22,,CR0052,1566696.49040000,5183832.31170000,1.28375690,45.84160631
87085_3955_00023,rue Paul Valéry,23,,CR0331,1566650.73340000,5183777.11380000,1.28318329,45.84110090
87085_3955_00024,rue Paul Valéry,24,,CR0051,1566684.75880000,5183826.63880000,1.28360748,45.84155300
87085_3955_00025,rue Paul Valéry,25,,CR0332,1566621.97420000,5183800.70540000,1.28280659,45.84130754
87085_3955_00026,rue Paul Valéry,26,,CR0050,1566672.09030000,5183820.13240000,1.28344623,45.84149202
87085_3955_00027,rue Paul Valéry,27,,CR0332,1566618.11420000,5183829.07050000,1.28274904,45.84156195
87085_3955_00028,rue Paul Valéry,28,,CR0049,1566660.41810000,5183814.37780000,1.28329760,45.84143799
87085_3955_00034,rue Paul Valéry,34,,CR0048,1566632.51830000,5183850.70720000,1.28292843,45.84175938
87085_3955_00036,rue Paul Valéry,36,,CR0047,1566625.96020000,5183863.60790000,1.28284044,45.84187416
87085_3953_00003,rue Paul Vigneras,3,,ER0274,1566241.09190000,5182080.21600000,1.27838312,45.82575666
87085_3953_00005,rue Paul Vigneras,5,,ER0273,1566235.44920000,5182091.05140000,1.27830750,45.82585303
87085_3953_00006,rue Paul Vigneras,6,,ER0295,1566246.05970000,5182086.45100000,1.27844530,45.82581371
87085_3953_00007,rue Paul Vigneras,7,,ER0581,1566230.27200000,5182100.47940000,1.27823826,45.82593684
87085_3953_00008,rue Paul Vigneras,8,,ER0252,1566237.76750000,5182101.09720000,1.27833453,45.82594385
87085_3953_00009,rue Paul Vigneras,9,,ER0271,1566221.86840000,5182111.31910000,1.27812711,45.82603271
87085_3953_00010,rue Paul Vigneras,10,,ER0253,1566231.96440000,5182111.66010000,1.27825693,45.82603774
87085_3953_00011,rue Paul Vigneras,11,,ER0591,1566218.19400000,5182122.91330000,1.27807661,45.82613629
87085_3953_00012,rue Paul Vigneras,12,,ER0254,1566225.81590000,5182122.64500000,1.27817476,45.82613536
87085_3953_00013,rue Paul Vigneras,13,,ER0584,1566206.46440000,5182140.90550000,1.27792068,45.82629586
87085_3953_00014,rue Paul Vigneras,14,,ER0255,1566222.08980000,5182129.96520000,1.27812478,45.82620049
87085_3953_00015,rue Paul Vigneras,15,,ER0459,1566201.50520000,5182153.37760000,1.27785340,45.82640709
87085_3953_00016,rue Paul Vigneras,16,,ER0256,1566217.80850000,5182137.70900000,1.27806753,45.82626932
87085_3953_00017,rue Paul Vigneras,17,,ER0622,1566196.56610000,5182162.49800000,1.27778731,45.82648818
87085_3953_00018,rue Paul Vigneras,18,,ER0257,1566213.94290000,5182145.17210000,1.27801572,45.82633570
87085_3953_00019,rue Paul Vigneras,19,,ER0263,1566191.87580000,5182170.23470000,1.27772480,45.82655686
87085_3953_00020,rue Paul Vigneras,20,,ER0260,1566209.13660000,5182154.46370000,1.27795129,45.82641835
87085_3953_00021,rue Paul Vigneras,21,,ER0369,1566185.23020000,5182182.55790000,1.27763586,45.82666642
87085_3953_00022,rue Paul Vigneras,22,,ER0261,1566199.86130000,5182170.07600000,1.27782760,45.82655699
87085_3953_00026,rue Paul Vigneras,26,,ER0368,1566194.70920000,5182184.98690000,1.27775715,45.82669012
87085_3953_00028,rue Paul Vigneras,28,,ER0367,1566189.10350000,5182198.42610000,1.27768128,45.82680992
87085_3953_00030,rue Paul Vigneras,30,,ER0366,1566184.09080000,5182212.73360000,1.27761280,45.82693765
87085_3953_00032,rue Paul Vigneras,32,,ER0365,1566178.96800000,5182225.35300000,1.27754337,45.82705017
87085_3953_00034,rue Paul Vigneras,34,,ER0364,1566174.48790000,5182235.55370000,1.27748289,45.82714106
87085_3995_00001,rue Pennevayre,1,,DX0157,1564608.34920000,5182583.75940000,1.25723289,45.82996687
87085_3995_00003,rue Pennevayre,3,,DX0158,1564605.01810000,5182580.29870000,1.25719100,45.82993508
87085_3995_00004,rue Pennevayre,4,,DX0187,1564601.72950000,5182588.20620000,1.25714645,45.83000556
87085_3995_00006,rue Pennevayre,6,,DX0188,1564599.58170000,5182584.83580000,1.25711977,45.82997482
87085_4010_00002,rue Périchon-Bey,2,,BT0515,1564451.42960000,5185276.60670000,1.25445413,45.85415965
87085_4010_00004,rue Périchon-Bey,4,,BT0515,1564445.59570000,5185294.30660000,1.25437403,45.85431772
87085_4010_00005,rue Périchon-Bey,5,,BT0105,1564479.20400000,5185130.95680000,1.25485277,45.85285492
87085_4010_00006,rue Périchon-Bey,6,,BT0515,1564439.24720000,5185314.87770000,1.25428650,45.85450151
87085_4010_00007,rue Périchon-Bey,7,,BT0106,1564476.02700000,5185140.67200000,1.25480913,45.85294169
87085_4010_00009,rue Périchon-Bey,9,,BT0107,1564473.41610000,5185147.92280000,1.25477348,45.85300640
87085_4010_00011,rue Périchon-Bey,11,,BT0110,1564470.75250000,5185157.89980000,1.25473637,45.85309562
87085_4010_00013,rue Périchon-Bey,13,,BT0112,1564466.48910000,5185171.57420000,1.25467763,45.85321779
87085_4010_00019,rue Périchon-Bey,19,,BT0072,1564451.46290000,5185218.06250000,1.25447108,45.85363302
87085_4010_00021,rue Périchon-Bey,21,,BT0071,1564448.38680000,5185228.34680000,1.25442858,45.85372492
87085_4010_00023,rue Périchon-Bey,23,,BT0070,1564444.25220000,5185241.87550000,1.25437153,45.85384581
87085_4010_00025,rue Périchon-Bey,25,,BT0069,1564441.44770000,5185251.12770000,1.25433282,45.85392848
87085_4010_00027,rue Périchon-Bey,27,,BT0068,1564438.71740000,5185259.01400000,1.25429544,45.85399888
87085_4010_00029,rue Périchon-Bey,29,,BT0067,1564435.91200000,5185266.93630000,1.25425709,45.85406960
87085_4010_00035,rue Périchon-Bey,35,,BT0043,1564422.61290000,5185309.01450000,1.25407401,45.85444549
87085_4010_00037,rue Périchon-Bey,37,,BT0042,1564420.37220000,5185317.62210000,1.25404273,45.85452248
87085_4010_00039,rue Périchon-Bey,39,,BT0041,1564417.09930000,5185327.52810000,1.25399780,45.85461094
87085_4010_00041,rue Périchon-Bey,41,,BT0040,1564413.58750000,5185339.04260000,1.25394934,45.85471383
87085_4010_00043,rue Périchon-Bey,43,,BT0039,1564410.27920000,5185349.13210000,1.25390391,45.85480394
87085_4025_00002,rue Pétiniaud-Beaupeyrat,2,,DL0122,1564500.80410000,5182430.49510000,1.25589220,45.82856698
87085_4025_00002_b,rue Pétiniaud-Beaupeyrat,2,b,DL0246,1564490.60030000,5182423.47280000,1.25576288,45.82850180
87085_4025_00003,rue Pétiniaud-Beaupeyrat,3,,HT0035,1564498.70850000,5182413.94810000,1.25586990,45.82841772
87085_4025_00004,rue Pétiniaud-Beaupeyrat,4,,DL0219,1564475.62610000,5182413.53320000,1.25557300,45.82840944
87085_4025_00005,rue Pétiniaud-Beaupeyrat,5,,HT0148,1564488.21970000,5182406.63770000,1.25573699,45.82834989
87085_4025_00006,rue Pétiniaud-Beaupeyrat,6,,DL0127,1564449.98580000,5182396.46220000,1.25524788,45.82825082
87085_4025_00007,rue Pétiniaud-Beaupeyrat,7,,HT0033,1564472.27210000,5182395.72820000,1.25553486,45.82824861
87085_4025_00008,rue Pétiniaud-Beaupeyrat,8,,DL0128,1564439.41870000,5182389.35880000,1.25511391,45.82818484
87085_4025_00009,rue Pétiniaud-Beaupeyrat,9,,HT0032,1564458.27600000,5182386.56280000,1.25535735,45.82816341
87085_4025_00009_bis,rue Pétiniaud-Beaupeyrat,9,bis,HT0031,1564446.16930000,5182378.50120000,1.25520384,45.82808850
87085_4025_00009_ter,rue Pétiniaud-Beaupeyrat,9,ter,HT0160,1564439.68880000,5182373.78680000,1.25512178,45.82804482
87085_4025_00010,rue Pétiniaud-Beaupeyrat,10,,DL0129,1564426.75370000,5182380.47120000,1.25495345,45.82810240
87085_4025_00010_bis,rue Pétiniaud-Beaupeyrat,10,bis,DL0130,1564415.91900000,5182373.22920000,1.25481608,45.82803511
87085_4025_00011,rue Pétiniaud-Beaupeyrat,11,,HT0172,1564432.37580000,5182369.18000000,1.25502898,45.82800193
87085_4025_00011_bis,rue Pétiniaud-Beaupeyrat,11,bis,HT0028,1564422.86500000,5182362.86790000,1.25490838,45.82794328
87085_4025_00011_ter,rue Pétiniaud-Beaupeyrat,11,ter,HT0027,1564414.60790000,5182357.03670000,1.25480378,45.82788919
87085_4025_00012,rue Pétiniaud-Beaupeyrat,12,,IK0032,1564384.56150000,5182352.29120000,1.25441849,45.82784058
87085_4025_00012_bis,rue Pétiniaud-Beaupeyrat,12,bis,IK0032,1564372.80720000,5182344.30790000,1.25426950,45.82776645
87085_4025_00013,rue Pétiniaud-Beaupeyrat,13,,HT0002,1564398.24980000,5182346.17410000,1.25459635,45.82778825
87085_4025_00014,rue Pétiniaud-Beaupeyrat,14,,IK0033,1564356.18740000,5182332.98810000,1.25405884,45.82766134
87085_4025_00015,rue Pétiniaud-Beaupeyrat,15,,HT0113,1564379.84000000,5182332.84490000,1.25436322,45.82766472
87085_4025_00015_bis,rue Pétiniaud-Beaupeyrat,15,bis,HT0113,1564366.79600000,5182325.30630000,1.25419751,45.82759433
87085_4025_00016,rue Pétiniaud-Beaupeyrat,16,,IK0034,1564345.09270000,5182325.54400000,1.25391818,45.82759219
87085_4025_00017,rue Pétiniaud-Beaupeyrat,17,,HZ0089,1564333.94170000,5182303.15300000,1.25378101,45.82738857
87085_4025_00017_bis,rue Pétiniaud-Beaupeyrat,17,bis,HZ0088,1564319.68050000,5182293.56340000,1.25360021,45.82729950
87085_4025_00018,rue Pétiniaud-Beaupeyrat,18,,IK0036,1564332.69320000,5182317.21290000,1.25376098,45.82751480
87085_4025_00019,rue Pétiniaud-Beaupeyrat,19,,HZ0209,1564309.52510000,5182286.77280000,1.25347146,45.82723641
87085_4025_00020,rue Pétiniaud-Beaupeyrat,20,,IK0176,1564317.46650000,5182306.80010000,1.25356799,45.82741813
87085_4025_00021,rue Pétiniaud-Beaupeyrat,21,,HZ0086,1564294.58150000,5182276.67000000,1.25328202,45.82714258
87085_4025_00022,rue Pétiniaud-Beaupeyrat,22,,IK0179,1564304.95110000,5182298.43730000,1.25340931,45.82734043
87085_4025_00022_bis,rue Pétiniaud-Beaupeyrat,22,bis,IK0140,1564295.89380000,5182292.35150000,1.25329448,45.82728390
87085_4025_00022_ter,rue Pétiniaud-Beaupeyrat,22,ter,IK0140,1564291.87590000,5182289.42080000,1.25324361,45.82725674
87085_4025_00023,rue Pétiniaud-Beaupeyrat,23,,HZ0085,1564281.41820000,5182267.71010000,1.25311518,45.82705938
87085_4025_00024,rue Pétiniaud-Beaupeyrat,24,,IK0140,1564284.74490000,5182285.02730000,1.25315310,45.82721582
87085_4025_00025,rue Pétiniaud-Beaupeyrat,25,,HZ0084,1564268.84290000,5182259.26550000,1.25295575,45.82698094
87085_4025_00026,rue Pétiniaud-Beaupeyrat,26,,IK0044,1564271.61520000,5182275.91510000,1.25298672,45.82713126
87085_4025_00027,rue Pétiniaud-Beaupeyrat,27,,HZ0240,1564256.66310000,5182250.89280000,1.25280140,45.82690321
87085_4025_00028,rue Pétiniaud-Beaupeyrat,28,,IK0177,1564259.53970000,5182267.75390000,1.25283365,45.82705546
87085_4025_00029,rue Pétiniaud-Beaupeyrat,29,,HZ0082,1564246.94130000,5182244.43730000,1.25267813,45.82684322
87085_4025_00030,rue Pétiniaud-Beaupeyrat,30,,IK0172,1564246.10470000,5182258.64160000,1.25266335,45.82697084
87085_4025_00031,rue Pétiniaud-Beaupeyrat,31,,HZ0081,1564236.70040000,5182237.62130000,1.25254828,45.82677989
87085_4025_00032,rue Pétiniaud-Beaupeyrat,32,,IK0048,1564230.59790000,5182248.19850000,1.25246677,45.82687383
87085_4025_00033,rue Pétiniaud-Beaupeyrat,33,,HZ0236,1564228.16880000,5182231.66850000,1.25244018,45.82672466
87085_4025_00033_bis,rue Pétiniaud-Beaupeyrat,33,bis,HZ0230,1564218.33570000,5182225.13650000,1.25231550,45.82666396
87085_4025_00034,rue Pétiniaud-Beaupeyrat,34,,IK0049,1564219.46680000,5182240.58950000,1.25232569,45.82680319
87085_4025_00035,rue Pétiniaud-Beaupeyrat,35,,HZ0079,1564210.28990000,5182219.66980000,1.25221352,45.82661319
87085_4025_00035_bis,rue Pétiniaud-Beaupeyrat,35,bis,HZ0078,1564204.31910000,5182215.63960000,1.25213783,45.82657576
87085_4025_00036,rue Pétiniaud-Beaupeyrat,36,,IK0050,1564208.35200000,5182233.14560000,1.25218478,45.82673403
87085_4025_00037,rue Pétiniaud-Beaupeyrat,37,,HZ0076,1564194.67560000,5182209.16500000,1.25201557,45.82651561
87085_4025_00038,rue Pétiniaud-Beaupeyrat,38,,IK0051,1564194.53500000,5182223.91090000,1.25200960,45.82664823
87085_4025_00038_bis,rue Pétiniaud-Beaupeyrat,38,bis,HZ0063,1564161.36740000,5182201.29380000,1.25158922,45.82643823
87085_4025_00040,rue Pétiniaud-Beaupeyrat,40,,HZ0062,1564154.97800000,5182197.04340000,1.25150821,45.82639873
87085_4025_00042,rue Pétiniaud-Beaupeyrat,42,,HZ0061,1564133.51100000,5182182.55300000,1.25123608,45.82626414
87085_4025_00043,rue Pétiniaud-Beaupeyrat,43,,HZ0143,1564150.01690000,5182178.80380000,1.25144952,45.82623368
87085_4025_00044,rue Pétiniaud-Beaupeyrat,44,,HZ0058,1564122.97870000,5182175.53050000,1.25110255,45.82619889
87085_4025_00045,rue Pétiniaud-Beaupeyrat,45,,HZ0144,1564140.59940000,5182172.35230000,1.25133017,45.82617378
87085_4025_00046,rue Pétiniaud-Beaupeyrat,46,,HZ0247,1564110.87260000,5182167.29950000,1.25094910,45.82612246
87085_4025_00047,rue Pétiniaud-Beaupeyrat,47,,HZ0145,1564132.09820000,5182166.68040000,1.25122239,45.82612108
87085_4025_00049,rue Pétiniaud-Beaupeyrat,49,,HZ0147,1564124.41980000,5182161.53760000,1.25112504,45.82607330
87085_4025_00051,rue Pétiniaud-Beaupeyrat,51,,HZ0160,1564113.18630000,5182153.88960000,1.25098266,45.82600228
87085_4025_00053,rue Pétiniaud-Beaupeyrat,53,,HY0360,1564074.76460000,5182127.47540000,1.25049576,45.82575708
87085_4025_00055,rue Pétiniaud-Beaupeyrat,55,,HY0357,1564062.78170000,5182119.79770000,1.25034375,45.82568565
87085_4025_00057,rue Pétiniaud-Beaupeyrat,57,,HY0359,1564053.71400000,5182114.02330000,1.25022870,45.82563191
87085_4030_00004,rue Pétiniaud-Dubos,4,,DT0159,1565147.70040000,5183305.69520000,1.26397072,45.83656708
87085_4030_00006,rue Pétiniaud-Dubos,6,,DT0158,1565146.39400000,5183314.72520000,1.26395138,45.83664805
87085_4030_00007,rue Pétiniaud-Dubos,7,,DT0331,1565135.51740000,5183303.36110000,1.26381459,45.83654369
87085_4030_00008,rue Pétiniaud-Dubos,8,,DT0157,1565145.32210000,5183322.65330000,1.26393536,45.83671916
87085_4030_00009,rue Pétiniaud-Dubos,9,,DT0163,1565133.89740000,5183314.40350000,1.26379064,45.83664271
87085_4030_00010,rue Pétiniaud-Dubos,10,,DT0156,1565144.24360000,5183331.47170000,1.26391900,45.83679828
87085_4030_00011,rue Pétiniaud-Dubos,11,,DT0164,1565132.24980000,5183326.26600000,1.26376611,45.83674909
87085_4030_00012,rue Pétiniaud-Dubos,12,,DT0155,1565142.96000000,5183340.62140000,1.26389992,45.83688033
87085_4030_00013,rue Pétiniaud-Dubos,13,,DT0165,1565130.88180000,5183334.87740000,1.26374609,45.83682629
87085_4030_00014,rue Pétiniaud-Dubos,14,,DT0154,1565141.71600000,5183349.05100000,1.26388154,45.83695592
87085_4030_00015,rue Pétiniaud-Dubos,15,,DT0165,1565129.53340000,5183344.11980000,1.26372614,45.83690917
87085_4030_00016,rue Pétiniaud-Dubos,16,,DT0153,1565140.77840000,5183355.02820000,1.26386780,45.83700950
87085_4030_00017,rue Pétiniaud-Dubos,17,,DT0381,1565129.02960000,5183349.79250000,1.26371806,45.83696010
87085_4030_00018,rue Pétiniaud-Dubos,18,,DT0152,1565140.05030000,5183361.39460000,1.26385664,45.83706663
87085_4030_00019,rue Pétiniaud-Dubos,19,,DT0167,1565128.04050000,5183356.49110000,1.26370346,45.83702016
87085_4030_00020,rue Pétiniaud-Dubos,20,,DT0342,1565138.72560000,5183369.95750000,1.26383719,45.83714340
87085_4030_00021,rue Pétiniaud-Dubos,21,,DT0168,1565127.03060000,5183362.50100000,1.26368877,45.83707403
87085_4030_00022,rue Pétiniaud-Dubos,22,,DT0149,1565137.51090000,5183378.85250000,1.26381906,45.83722317
87085_4030_00023,rue Pétiniaud-Dubos,23,,DT0169,1565125.87330000,5183369.81520000,1.26367183,45.83713959
87085_4030_00024,rue Pétiniaud-Dubos,24,,DT0374,1565136.09400000,5183388.14390000,1.26379822,45.83730648
87085_4030_00025,rue Pétiniaud-Dubos,25,,DT0170,1565124.79560000,5183378.68650000,1.26365547,45.83721919
87085_4030_00026,rue Pétiniaud-Dubos,26,,DT0147,1565134.91230000,5183396.97290000,1.26378053,45.83738567
87085_4030_00027,rue Pétiniaud-Dubos,27,,DT0357,1565123.40230000,5183387.45720000,1.26363508,45.83729781
87085_4030_00028,rue Pétiniaud-Dubos,28,,DT0146,1565133.83540000,5183405.14520000,1.26376438,45.83745897
87085_4030_00029,rue Pétiniaud-Dubos,29,,DT0219,1565120.54700000,5183409.95880000,1.26359201,45.83749967
87085_4030_00030,rue Pétiniaud-Dubos,30,,DT0145,1565132.81540000,5183412.14140000,1.26374929,45.83752171
87085_4030_00031,rue Pétiniaud-Dubos,31,,DT0220,1565118.99480000,5183420.58660000,1.26356906,45.83759496
87085_4030_00032,rue Pétiniaud-Dubos,32,,DT0144,1565131.55830000,5183420.71850000,1.26373071,45.83759862
87085_4030_00033,rue Pétiniaud-Dubos,33,,DT0221,1565117.47280000,5183429.89610000,1.26354686,45.83767841
87085_4030_00034,rue Pétiniaud-Dubos,34,,DT0143,1565130.39550000,5183429.28730000,1.26371334,45.83767547
87085_4030_00035,rue Pétiniaud-Dubos,35,,DT0222,1565116.60520000,5183437.10900000,1.26353367,45.83774312
87085_4030_00036,rue Pétiniaud-Dubos,36,,DT0142,1565129.00540000,5183439.08790000,1.26369270,45.83776336
87085_4030_00036_bis,rue Pétiniaud-Dubos,36,bis,DT0142,1565127.80620000,5183447.01360000,1.26367504,45.83783442
87085_4030_00039,rue Pétiniaud-Dubos,39,,DT0243,1565113.06890000,5183461.78810000,1.26348123,45.83796443
87085_4030_00041,rue Pétiniaud-Dubos,41,,DT0243,1565111.61150000,5183472.18710000,1.26345955,45.83805769
87085_4100_00003,rue Philippe de Commines,3,,IX0749,1562689.26950000,5182595.73990000,1.23253504,45.82969417
87085_4100_00006,rue Philippe de Commines,6,,IX0402,1562662.14970000,5182618.89100000,1.23217946,45.82989701
87085_4100_00008,rue Philippe de Commines,8,,IX0401,1562653.24640000,5182622.10320000,1.23206397,45.82992412
87085_4100_00010,rue Philippe de Commines,10,,IX0400,1562641.47070000,5182625.65840000,1.23191143,45.82995375
87085_4100_00012,rue Philippe de Commines,12,,IX0399,1562632.71640000,5182628.24470000,1.23179804,45.82997527
87085_4100_00014,rue Philippe de Commines,14,,IX0398,1562622.99310000,5182631.67730000,1.23167194,45.83000421
87085_4100_00016,rue Philippe de Commines,16,,IX0397,1562610.35780000,5182635.82980000,1.23150817,45.83003904
87085_4100_00018,rue Philippe de Commines,18,,IX0396,1562599.20630000,5182639.31460000,1.23136368,45.83006816
87085_4100_00020,rue Philippe de Commines,20,,IX0395,1562588.88710000,5182642.52350000,1.23122997,45.83009496
87085_4100_00024,rue Philippe de Commines,24,,IX0393,1562571.15430000,5182655.29950000,1.23099814,45.83020634
87085_4100_00026,rue Philippe de Commines,26,,IX0392,1562561.86650000,5182658.63720000,1.23087767,45.83023451
87085_4100_00027,rue Philippe de Commines,27,,IX0403,1562586.55320000,5182629.91940000,1.23120354,45.82998111
87085_4100_00029,rue Philippe de Commines,29,,IX0404,1562573.74800000,5182626.87820000,1.23103964,45.82995120
87085_4100_00031,rue Philippe de Commines,31,,IX0405,1562565.51100000,5182629.68540000,1.23093284,45.82997480
87085_4100_00033,rue Philippe de Commines,33,,IX0605,1562555.53540000,5182632.76310000,1.23080360,45.83000050
87085_2972_00009,rue Philippe Lebon,9,,MH0016,1566150.99410000,5187931.49710000,1.27559355,45.87837497
87085_2972_00009_b,rue Philippe Lebon,9,b,MH0054,1566236.65310000,5188006.57280000,1.27667600,45.87906700
87085_2972_00011,rue Philippe Lebon,11,,MH0019,1566269.39540000,5188035.34630000,1.27708953,45.87933220
87085_2972_00025,rue Philippe Lebon,25,,MH0059,1566402.89110000,5188222.82520000,1.27875669,45.88104465
87085_2972_00035,rue Philippe Lebon,35,,MK0070,1566487.91730000,5188344.06680000,1.27981808,45.88215182
87085_2972_00039,rue Philippe Lebon,39,,MK0069,1566531.25780000,5188406.08420000,1.28035906,45.88271812
87085_2972_00045,rue Philippe Lebon,45,,MK0082,1566587.84740000,5188486.55100000,1.28106558,45.88345296
87085_2972_00056,rue Philippe Lebon,56,,MK0045,1566568.05250000,5188426.64650000,1.28082727,45.88291024
87085_2972_00062,rue Philippe Lebon,62,,MK0049,1566606.67190000,5188481.96590000,1.28130932,45.88341537
87085_4108_00002,rue Pierre Abelard,2,,PV0043,1561692.67260000,5183445.72910000,1.21946655,45.83714054
87085_4108_00008,rue Pierre Abelard,8,,PV0040,1561668.32980000,5183494.62390000,1.21913920,45.83757548
87085_4108_00010,rue Pierre Abelard,10,,PV0039,1561664.70640000,5183505.01190000,1.21908958,45.83766819
87085_4108_00014,rue Pierre Abelard,14,,PV0093,1561660.33520000,5183531.62600000,1.21902566,45.83790672
87085_4108_00016,rue Pierre Abelard,16,,PV0035,1561657.03510000,5183550.21930000,1.21897780,45.83807330
87085_4108_00020,rue Pierre Abelard,20,,PV0034,1561654.19170000,5183569.12830000,1.21893580,45.83824284
87085_4107_00001,rue Pierre Astier,1,,IX0220,1562837.56600000,5182437.38010000,1.23448847,45.82829923
87085_4107_00002,rue Pierre Astier,2,,IX0934,1562834.21700000,5182408.49710000,1.23445361,45.82803874
87085_4107_00004,rue Pierre Astier,4,,IX0347,1562840.33860000,5182426.10680000,1.23452736,45.82819837
87085_4107_00006,rue Pierre Astier,6,,IX0346,1562847.91300000,5182439.32240000,1.23462105,45.82831876
87085_4107_00006_bis,rue Pierre Astier,6,bis,IX0812,1562878.07560000,5182445.56659999,1.23500739,45.82838095
87085_4107_00006_ter,rue Pierre Astier,6,ter,IX0813,1562889.71730000,5182446.09579999,1.23515704,45.82838803
87085_4107_00008,rue Pierre Astier,8,,IX0221,1562854.70630000,5182452.74320000,1.23470464,45.82844084
87085_4107_00009,rue Pierre Astier,9,,IX0828,1562851.29880000,5182485.45340000,1.23465146,45.82873441
87085_4107_00010,rue Pierre Astier,10,,IX0221,1562860.53940000,5182472.86000000,1.23477396,45.82862297
87085_4107_00011,rue Pierre Astier,11,,IX0710,1562851.75520000,5182497.40820000,1.23465392,45.82884204
87085_4107_00013,rue Pierre Astier,13,,IX0864,1562851.14150000,5182505.23280000,1.23464380,45.82891231
87085_4107_00014,rue Pierre Astier,14,,IX0222,1562860.27340000,5182499.27600000,1.23476300,45.82886054
87085_4107_00015,rue Pierre Astier,15,,IX0870,1562848.22740000,5182522.78160000,1.23460129,45.82906959
87085_4107_00016,rue Pierre Astier,16,,IX0223,1562860.83950000,5182508.02060000,1.23476779,45.82893932
87085_4107_00017,rue Pierre Astier,17,,IX0872,1562846.12540000,5182534.43520000,1.23457092,45.82917400
87085_4107_00019,rue Pierre Astier,19,,IX0807,1562843.74600000,5182541.62900000,1.23453825,45.82923823
87085_4107_00020,rue Pierre Astier,20,,IX0224,1562858.51220000,5182540.11740000,1.23472869,45.82922758
87085_4107_00021,rue Pierre Astier,21,,IX0808,1562839.03700000,5182550.19960000,1.23447521,45.82931439
87085_4107_00028,rue Pierre Astier,28,,IX0862,1562818.44320000,5182593.14210000,1.23419796,45.82969657
87085_4107_00033,rue Pierre Astier,33,,IX0852,1562801.09070000,5182615.17720000,1.23396839,45.82989133
87085_4114_00002,rue Pierre Benoit,2,,RC0044,1560743.64200000,5184322.83020000,1.20699894,45.84483893
87085_4114_00004,rue Pierre Benoit,4,,RC0043,1560723.66930000,5184311.99740000,1.20674500,45.84473744
87085_4114_00006,rue Pierre Benoit,6,,RC0042,1560700.50770000,5184304.88890000,1.20644895,45.84466880
87085_4114_00009,rue Pierre Benoit,9,,RC0023,1560583.38390000,5184318.38530000,1.20493751,45.84476647
87085_4114_00010,rue Pierre Benoit,10,,RC0040,1560641.75260000,5184307.79650000,1.20569186,45.84468305
87085_4114_00011,rue Pierre Benoit,11,,RC0024,1560571.72420000,5184339.06460000,1.20478144,45.84495012
87085_4114_00012,rue Pierre Benoit,12,,RC0039,1560593.87750000,5184323.23900000,1.20507117,45.84481226
87085_4114_00014,rue Pierre Benoit,14,,RC0038,1560583.14620000,5184341.38470000,1.20492778,45.84497331
87085_4114_00015,rue Pierre Benoit,15,,RC0025,1560561.79090000,5184359.22140000,1.20464774,45.84512943
87085_4114_00016,rue Pierre Benoit,16,,RC0037,1560573.23210000,5184361.61260000,1.20479431,45.84515326
87085_4114_00017,rue Pierre Benoit,17,,RC0026,1560551.61130000,5184380.10650000,1.20451065,45.84531524
87085_4114_00018,rue Pierre Benoit,18,,RC0036,1560571.14720000,5184399.13930000,1.20475658,45.84549041
87085_4114_00019,rue Pierre Benoit,19,,RC0027,1560544.60220000,5184393.58740000,1.20441652,45.84543508
87085_4114_00020,rue Pierre Benoit,20,,RC0035,1560597.46750000,5184413.13800000,1.20509130,45.84562167
87085_4114_00021,rue Pierre Benoit,21,,RC0028,1560553.31570000,5184403.31510000,1.20452585,45.84552435
87085_4114_00022,rue Pierre Benoit,22,,RC0034,1560621.65860000,5184425.90030000,1.20539897,45.84574137
87085_4114_00023,rue Pierre Benoit,23,,RC0029,1560575.76430000,5184415.18770000,1.20481135,45.84563570
87085_4114_00024,rue Pierre Benoit,24,,RC0033,1560644.31700000,5184437.68320000,1.20568720,45.84585196
87085_4114_00025,rue Pierre Benoit,25,,RC0030,1560596.44450000,5184425.67570000,1.20507449,45.84573424
87085_4114_00027,rue Pierre Benoit,27,,RC0031,1560620.25180000,5184437.93070000,1.20537737,45.84584931
87085_2205_00008,rue Pierre Bernardaud,8,,AZ0872,1563636.57920000,5183074.88250000,1.24458895,45.83419280
87085_2205_00011,rue Pierre Bernardaud,11,,AZ0837,1563626.50200000,5183078.71930000,1.24445818,45.83422531
87085_2205_00013,rue Pierre Bernardaud,13,,AZ1090,1563621.28160000,5183085.50810000,1.24438908,45.83428535
87085_2205_00019,rue Pierre Bernardaud,19,,AZ0046,1563648.52520000,5183099.19760000,1.24473579,45.83441390
87085_2205_00020,rue Pierre Bernardaud,20,,AZ0869,1563681.00670000,5183116.79830000,1.24514880,45.83457866
87085_2205_00027,rue Pierre Bernardaud,27,,AZ0676,1563691.00100000,5183138.41210000,1.24527100,45.83477500
87085_4118_00020,rue Pierre Boulez,20,,EL0853,1566030.63810000,1566030.63810000,1.27540200,45.83454400
87085_4118_00028,rue Pierre Boulez,28,,EL0849,1565986.39970000,5183101.05910000,1.27482100,45.83489000
87085_4116_00001,rue Pierre Brasseur,1,,NW0105,1560976.88670000,5183789.75650000,1.21015529,45.84009089
87085_4116_00002,rue Pierre Brasseur,2,,NW0099,1560975.57350000,5183800.54030000,1.21013527,45.84018763
87085_4116_00003,rue Pierre Brasseur,3,,NW0104,1560959.27960000,5183779.30210000,1.20993171,45.83999329
87085_4116_00004,rue Pierre Brasseur,4,,NW0100,1560963.84380000,5183791.70640000,1.20998686,45.84010579
87085_4116_00005,rue Pierre Brasseur,5,,NW0103,1560942.30960000,5183772.94550000,1.20971514,45.83993268
87085_4116_00006,rue Pierre Brasseur,6,,NW0101,1560942.88620000,5183782.34510000,1.20971984,45.84001735
87085_4116_00007,rue Pierre Brasseur,7,,NW0097,1560922.17140000,5183767.99830000,1.20945739,45.83988410
87085_4116_00009,rue Pierre Brasseur,9,,NW0096,1560905.22190000,5183763.56870000,1.20924053,45.83984083
87085_4116_00010,rue Pierre Brasseur,10,,NW0064,1560875.46380000,5183764.52930000,1.20885727,45.83984345
87085_4116_00012,rue Pierre Brasseur,12,,NW0065,1560852.93360000,5183756.36830000,1.20856967,45.83976548
87085_4116_00014,rue Pierre Brasseur,14,,NW0075,1560831.19320000,5183745.93660000,1.20829289,45.83966724
87085_4116_00015,rue Pierre Brasseur,15,,NW0092,1560855.39880000,5183747.59780000,1.20860393,45.83968708
87085_4116_00017,rue Pierre Brasseur,17,,NW0091,1560833.95190000,5183737.37470000,1.20833087,45.83959078
87085_4116_00018,rue Pierre Brasseur,18,,NW0038,1560772.85540000,5183709.19450000,1.20755272,45.83932492
87085_4116_00019,rue Pierre Brasseur,19,,NW0090,1560820.42460000,5183729.03360000,1.20815919,45.83951301
87085_4116_00020,rue Pierre Brasseur,20,,NW0037,1560761.42990000,5183700.98320000,1.20740806,45.83924874
87085_4116_00022,rue Pierre Brasseur,22,,NW0036,1560749.57640000,5183692.60860000,1.20725793,45.83917101
87085_4116_00023,rue Pierre Brasseur,23,,NW0077,1560761.87250000,5183690.29970000,1.20741685,45.83915273
87085_4116_00024,rue Pierre Brasseur,24,,NW0035,1560735.42230000,5183682.26600000,1.20707876,45.83907510
87085_4116_00025,rue Pierre Brasseur,25,,NW0078,1560739.35790000,5183674.02380000,1.20713180,45.83900176
87085_4116_00026,rue Pierre Brasseur,26,,NW0034,1560724.79350000,5183674.45410000,1.20694424,45.83900268
87085_4116_00027,rue Pierre Brasseur,27,,NW0079,1560722.00260000,5183659.95250000,1.20691252,45.83887166
87085_4116_00028,rue Pierre Brasseur,28,,NW0032,1560710.16810000,5183660.71250000,1.20675999,45.83887610
87085_4116_00029,rue Pierre Brasseur,29,,NW0080,1560705.87090000,5183638.47010000,1.20671114,45.83867515
87085_4116_00030,rue Pierre Brasseur,30,,NW0031,1560702.41610000,5183650.01660000,1.20666333,45.83877832
87085_4116_00031,rue Pierre Brasseur,31,,NW0081,1560694.88400000,5183619.40670000,1.20657526,45.83850144
87085_4116_00032,rue Pierre Brasseur,32,,NW0030,1560695.19250000,5183637.82210000,1.20657389,45.83866716
87085_4116_00034,rue Pierre Brasseur,34,,NW0029,1560688.33350000,5183625.91780000,1.20648907,45.83855869
87085_4116_00036,rue Pierre Brasseur,36,,NW0028,1560677.92750000,5183607.20740000,1.20636057,45.83838827
87085_4115_00001,rue Pierre Brossolette,1,,HV0496,1564402.94780000,5181949.64830000,1.25476862,45.82422220
87085_4115_00002,rue Pierre Brossolette,2,,HV0849,1564394.12610000,5181972.88210000,1.25464856,45.82442946
87085_4115_00006,rue Pierre Brossolette,6,,HV0774,1564392.37260000,5181921.21010000,1.25464057,45.82396430
87085_4115_00007,rue Pierre Brossolette,7,,HV0046,1564403.58870000,5181929.67170000,1.25478250,45.82404262
87085_4115_00008,rue Pierre Brossolette,8,,HV0774,1564394.88640000,5181898.69860000,1.25467926,45.82376229
87085_4115_00009,rue Pierre Brossolette,9,,HV0047,1564405.16670000,5181914.50000000,1.25480708,45.82390646
87085_4115_00010,rue Pierre Brossolette,10,,HV0774,1564397.39010000,5181874.62490000,1.25471827,45.82354622
87085_4115_00011,rue Pierre Brossolette,11,,HV0048,1564406.15260000,5181905.47100000,1.25482231,45.82382543
87085_4115_00012,rue Pierre Brossolette,12,,HV0364,1564365.58600000,5181816.87100000,1.25432535,45.82302042
87085_4115_00013,rue Pierre Brossolette,13,,HV0049,1564406.64610000,5181900.19570000,1.25483015,45.82377807
87085_4115_00014,rue Pierre Brossolette,14,,HV0364,1564346.97840000,5181814.33760000,1.25408665,45.82299396
87085_4115_00015,rue Pierre Brossolette,15,,HV0050,1564407.75600000,5181891.40730000,1.25484691,45.82369923
87085_4115_00016,rue Pierre Brossolette,16,,HV0364,1564400.92970000,5181844.06540000,1.25477243,45.82327202
87085_4115_00018,rue Pierre Brossolette,18,,HV0364,1564402.34290000,5181830.41910000,1.25479446,45.82314954
87085_4115_00019,rue Pierre Brossolette,19,,HV0051,1564409.66700000,5181873.03370000,1.25487668,45.82353433
87085_4115_00020,rue Pierre Brossolette,20,,HV0364,1564404.01930000,5181815.61360000,1.25482020,45.82301669
87085_4115_00021,rue Pierre Brossolette,21,,HV0052,1564412.28850000,5181847.77430000,1.25491753,45.82330762
87085_4115_00024,rue Pierre Brossolette,24,,HV0563,1564395.06320000,5181790.22310000,1.25471213,45.82278652
87085_4115_00025,rue Pierre Brossolette,25,,HV0309,1564414.61500000,5181827.57570000,1.25495316,45.82312638
87085_4115_00026,rue Pierre Brossolette,26,,HV0563,1564389.04220000,5181775.27750000,1.25463887,45.82265089
87085_4115_00027,rue Pierre Brossolette,27,,HV0922,1564415.93720000,5181812.92600000,1.25497430,45.82299486
87085_4115_00029,rue Pierre Brossolette,29,,HV0920,1564413.65020000,5181804.11720000,1.25494736,45.82291517
87085_4115_00030,rue Pierre Brossolette,30,,HV0362,1564384.55340000,5181751.70230000,1.25458777,45.82243793
87085_4115_00032,rue Pierre Brossolette,32,,HV0361,1564344.59090000,5181746.54090000,1.25407506,45.82238362
87085_4115_00034,rue Pierre Brossolette,34,,HV0361,1564372.22860000,5181733.48890000,1.25443433,45.82227166
87085_4115_00036,rue Pierre Brossolette,36,,HV0582,1564365.46750000,5181716.66410000,1.25435209,45.82211898
87085_4115_00038,rue Pierre Brossolette,38,,HV0582,1564359.07000000,5181702.26020000,1.25427384,45.82198815
87085_4115_00040,rue Pierre Brossolette,40,,HV0323,1564349.94990000,5181686.06300000,1.25416107,45.82184064
87085_4115_00040_a,rue Pierre Brossolette,40,a,HV0323,1564353.87190000,5181692.08270000,1.25420983,45.82189557
87085_4115_00041,rue Pierre Brossolette,41,,HV0312,1564382.73530000,5181726.45970000,1.25457149,45.82221050
87085_4115_00043,rue Pierre Brossolette,43,,HV0793,1564381.57660000,5181711.78180000,1.25456073,45.82207824
87085_4115_00043_bis,rue Pierre Brossolette,43,bis,HV0647,1564410.17350000,5181708.85950000,1.25492948,45.82205759
87085_4115_00045,rue Pierre Brossolette,45,,HV0315,1564363.04740000,5181684.04770000,1.25433015,45.82182510
87085_4130_00004,rue Pierre Courteys,4,,IM0324,1563919.34130000,5182256.06320000,1.24845955,45.82688307
87085_4130_00006,rue Pierre Courteys,6,,IM0325,1563908.42020000,5182258.29050000,1.24831839,45.82690094
87085_4130_00008,rue Pierre Courteys,8,,IM0326,1563893.23840000,5182261.45510000,1.24812215,45.82692641
87085_4130_00010,rue Pierre Courteys,10,,IM0327,1563879.79980000,5182264.06110000,1.24794849,45.82694719
87085_4130_00012,rue Pierre Courteys,12,,IM0328,1563864.69490000,5182267.25610000,1.24775323,45.82697294
87085_4130_00014,rue Pierre Courteys,14,,IM0329,1563852.14200000,5182269.75230000,1.24759100,45.82699291
87085_4132_00001,rue Pierre Dac,1,,NW0211,1560866.14020000,5183587.48610000,1.20878852,45.83824898
87085_4132_00002,rue Pierre Dac,2,,NW0212,1560858.92650000,5183592.88740000,1.20869412,45.83829610
87085_4132_00003,rue Pierre Dac,3,,NW0219,1560855.34530000,5183572.34570000,1.20865398,45.83811060
87085_4132_00004,rue Pierre Dac,4,,NW0218,1560831.81530000,5183565.27550000,1.20835320,45.83804224
87085_4132_00005,rue Pierre Dac,5,,NW0220,1560845.06070000,5183560.61680000,1.20852502,45.83800301
87085_4132_00006,rue Pierre Dac,6,,NW0217,1560803.23840000,5183573.32500000,1.20798310,45.83810886
87085_4132_00007,rue Pierre Dac,7,,NW0226,1560834.07530000,5183556.81270000,1.20838474,45.83796657
87085_4132_00009,rue Pierre Dac,9,,NW0227,1560823.68720000,5183557.23050000,1.20825093,45.83796822
87085_4132_00011,rue Pierre Dac,11,,NW0230,1560808.29710000,5183561.96200000,1.20805149,45.83800767
87085_4132_00015,rue Pierre Dac,15,,NW0231,1560792.47710000,5183568.41290000,1.20784603,45.83806250
87085_4132_00017,rue Pierre Dac,17,,NW0234,1560778.38100000,5183581.55890000,1.20766081,45.83817790
87085_4132_00019,rue Pierre Dac,19,,NW0235,1560771.11040000,5183594.25670000,1.20756356,45.83829065
87085_4132_00021,rue Pierre Dac,21,,NW0239,1560766.62260000,5183605.44950000,1.20750256,45.83839042
87085_4141_00001,rue Pierre de Fermat,1,,MN0094,1566325.27230000,5189071.71390000,1.27752049,45.88866580
87085_4141_00008,rue Pierre de Fermat,8,,MN0113,1566345.95270000,5189159.03100000,1.27776256,45.88945529
87085_4141_00009,rue Pierre de Fermat,9,,MR0139,1566321.24860000,5189230.95770000,1.27742428,45.89009750
87085_4615_00002,rue Pierre de Ronsard,2,,CT0947,1565602.18910000,5184711.51930000,1.26942660,45.84930229
87085_4615_00005,rue Pierre de Ronsard,5,,CT1194,1565597.39400000,5184686.68570000,1.26937182,45.84907796
87085_4615_00007,rue Pierre de Ronsard,7,,CT0876,1565589.36980000,5184678.03110000,1.26927095,45.84899854
87085_4615_00008,rue Pierre de Ronsard,8,,CT1178,1565583.07130000,5184689.94880000,1.26918654,45.84910451
87085_4615_00009,rue Pierre de Ronsard,9,,CT0949,1565582.49990000,5184670.84290001,1.26918453,45.84893253
87085_4615_00010,rue Pierre de Ronsard,10,,CT1180,1565575.07100000,5184681.06440000,1.26908604,45.84902303
87085_4615_00012,rue Pierre de Ronsard,12,,CT1182,1565566.69550000,5184672.00310000,1.26898077,45.84893988
87085_4615_00014,rue Pierre de Ronsard,14,,CT1184,1565558.15560000,5184663.04060000,1.26887335,45.84885759
87085_4615_00015,rue Pierre de Ronsard,15,,CT1190,1565548.09750000,5184633.51450000,1.26875214,45.84859001
87085_4615_00016,rue Pierre de Ronsard,16,,CT1186,1565549.60460000,5184653.93820000,1.26876582,45.84877403
87085_4615_00018,rue Pierre de Ronsard,18,,CT1188,1565541.30900000,5184644.67100000,1.26866163,45.84868905
87085_4615_00034,rue Pierre de Ronsard,34,,CT0624,1565505.28570000,5184550.82370000,1.26822420,45.84783779
87085_4131_00002,rue Pierre Desproges,2,,PS0234,1560760.68280000,5183943.12840000,1.20732829,45.84142679
87085_4131_00003,rue Pierre Desproges,3,,PS0216,1560746.52740000,5183953.84420000,1.20714300,45.84152032
87085_4131_00004,rue Pierre Desproges,4,,PS0233,1560755.52340000,5183963.63360000,1.20725594,45.84161020
87085_4131_00005,rue Pierre Desproges,5,,PS0217,1560741.50030000,5183976.59840000,1.20707170,45.84172399
87085_4131_00006,rue Pierre Desproges,6,,PS0232,1560751.68690000,5183986.38780000,1.20719997,45.84181411
87085_4131_00007,rue Pierre Desproges,7,,PS0218,1560741.76490000,5183996.70680000,1.20706928,45.84190492
87085_4131_00008,rue Pierre Desproges,8,,PS0231,1560754.72960000,5184008.48060000,1.20723273,45.84201346
87085_4131_00009,rue Pierre Desproges,9,,PS0219,1560717.68780000,5184006.49640000,1.20675656,45.84198811
87085_4131_00010,rue Pierre Desproges,10,,PS0230,1560757.46810000,5184025.98280000,1.20726291,45.84217145
87085_4131_00011,rue Pierre Desproges,11,,PS0220,1560711.33780000,5184009.80370000,1.20667387,45.84201657
87085_4131_00012,rue Pierre Desproges,12,,PS0229,1560759.28050000,5184039.04000000,1.20728245,45.84228928
87085_4131_00015,rue Pierre Desproges,15,,PS0221,1560713.71910000,5184017.47660000,1.20670230,45.84208608
87085_4131_00017,rue Pierre Desproges,17,,PS0222,1560745.46920000,5184020.91620000,1.20710994,45.84212345
87085_4131_00019,rue Pierre Desproges,19,,PS0223,1560745.99840000,5184053.19540000,1.20710740,45.84241392
87085_4131_00020,rue Pierre Desproges,20,,PS0228,1560664.50660000,5184084.64100000,1.20604943,45.84268028
87085_4131_00021,rue Pierre Desproges,21,,PS0224,1560722.31810000,5184065.36630000,1.20679909,45.84251861
87085_4131_00022,rue Pierre Desproges,22,,PS0228,1560650.53660000,5184084.24410000,1.20586974,45.84267388
87085_4131_00023,rue Pierre Desproges,23,,PS0225,1560704.06180000,5184071.45170000,1.20656236,45.84256965
87085_4131_00025,rue Pierre Desproges,25,,PS0226,1560681.96900000,5184072.64230000,1.20627766,45.84257588
87085_4131_00027,rue Pierre Desproges,27,,PS0227,1560659.74400000,5184073.70060000,1.20599131,45.84258090
87085_4131_00029,rue Pierre Desproges,29,,PS0209,1560639.37100000,5184061.52970000,1.20573262,45.84246729
87085_4131_00031,rue Pierre Desproges,31,,PS0208,1560631.30120000,5184053.98910000,1.20563095,45.84239782
87085_4131_00033,rue Pierre Desproges,33,,PS0207,1560622.17310000,5184045.91930000,1.20551580,45.84232338
87085_4131_00035,rue Pierre Desproges,35,,PS0206,1560613.70640000,5184038.11410000,1.20540909,45.84225145
87085_4131_00037,rue Pierre Desproges,37,,PS0205,1560598.36050000,5184024.62030000,1.20521550,45.84212696
87085_4131_00039,rue Pierre Desproges,39,,PS0146,1560590.42300000,5184020.78380000,1.20511445,45.84209084
87085_4131_00041,rue Pierre Desproges,41,,PS0145,1560580.36880000,5184017.74110000,1.20498593,45.84206143
87085_4131_00043,rue Pierre Desproges,43,,PS0144,1560570.44690000,5184014.83070000,1.20485907,45.84203324
87085_4131_00045,rue Pierre Desproges,45,,PS0143,1560562.90630000,5184012.58170001,1.20476267,45.84201148
87085_4131_00047,rue Pierre Desproges,47,,PS0142,1560553.24900000,5184009.93590000,1.20463915,45.84198572
87085_4131_00049,rue Pierre Desproges,49,,PS0141,1560543.06250000,5184009.14210000,1.20450827,45.84197651
87085_4131_00051,rue Pierre Desproges,51,,PS0140,1560530.75940000,5184012.58170000,1.20434893,45.84200496
87085_4142_00001,rue Pierre Durant,1,,PO0080,1559803.10210000,5184382.11820000,1.19487581,45.84518111
87085_4142_00003,rue Pierre Durant,3,,PO0081,1559797.52810000,5184364.67450000,1.19480915,45.84502306
87085_4142_00004,rue Pierre Durant,4,,PO0130,1559767.46130000,5184344.63070000,1.19442801,45.84483663
87085_4142_00005,rue Pierre Durant,5,,PO0082,1559791.41670000,5184345.81700000,1.19473600,45.84485219
87085_4142_00006,rue Pierre Durant,6,,PO0129,1559750.87120000,5184346.63160000,1.19421389,45.84485125
87085_4142_00007,rue Pierre Durant,7,,PO0083,1559785.19290000,5184335.32770000,1.19465895,45.84475656
87085_4142_00008,rue Pierre Durant,8,,PO0128,1559734.57940000,5184348.04510000,1.19400378,45.84486064
87085_4142_00009,rue Pierre Durant,9,,PO0084,1559772.13590000,5184332.22980000,1.19449180,45.84472603
87085_4142_00010,rue Pierre Durant,10,,PO0127,1559718.92910000,5184349.49780000,1.19380192,45.84487051
87085_4142_00011,rue Pierre Durant,11,,PO0089,1559759.80730000,5184333.45050000,1.19433276,45.84473450
87085_4142_00015,rue Pierre Durant,15,,PO0090,1559742.43840000,5184335.07200000,1.19410873,45.84474554
87085_4142_00017,rue Pierre Durant,17,,PO0095,1559728.54220000,5184336.72910000,1.19392938,45.84475761
87085_4142_00019,rue Pierre Durant,19,,PO0096,1559713.47610000,5184338.13850000,1.19373505,45.84476722
87085_4142_00021,rue Pierre Durant,21,,PO0100,1559699.66200000,5184339.48870000,1.19355686,45.84477654
87085_4142_00023,rue Pierre Durant,23,,PO0103,1559693.02000000,5184343.04820000,1.19347033,45.84480721
87085_4142_00025,rue Pierre Durant,25,,PO0104,1559692.60340000,5184353.30010000,1.19346197,45.84489934
87085_4142_00027,rue Pierre Durant,27,,PO0105,1559698.20880000,5184370.40400000,1.19352912,45.84505434
87085_4135_00001,rue Pierre et Marie Curie,1,,HY0377,1563989.38860000,5182068.23170000,1.24941399,45.82520727
87085_4135_00002,rue Pierre et Marie Curie,2,,IN0420,1563955.93200000,5182044.16040000,1.24899032,45.82498412
87085_4135_00003,rue Pierre et Marie Curie,3,,HY0377,1563983.27470000,5182058.19060000,1.24933816,45.82511574
87085_4135_00007,rue Pierre et Marie Curie,7,,HY0349,1563975.94070000,5182044.14670000,1.24924777,45.82498795
87085_4135_00009,rue Pierre et Marie Curie,9,,HY0417,1563971.25250000,5182034.95790000,1.24919005,45.82490437
87085_4135_00011,rue Pierre et Marie Curie,11,,HY0330,1563965.93120000,5182024.68500000,1.24912448,45.82481090
87085_4135_00013,rue Pierre et Marie Curie,13,,HY0329,1563960.38810000,5182013.96130000,1.24905620,45.82471334
87085_4135_00014,rue Pierre et Marie Curie,14,,IN0186,1563890.57730000,5181900.67250000,1.24819003,45.82368043
87085_4135_00015,rue Pierre et Marie Curie,15,,HY0328,1563955.47960000,5182003.80200000,1.24899592,45.82462098
87085_4135_00016,rue Pierre et Marie Curie,16,,IN0187,1563880.34250000,5181889.22810000,1.24806158,45.82357546
87085_4135_00017,rue Pierre et Marie Curie,17,,HY0327,1563951.16640000,5181995.96200000,1.24894264,45.82454960
87085_4135_00018,rue Pierre et Marie Curie,18,,IN0424,1563872.39830000,5181881.04230000,1.24796169,45.82350025
87085_4135_00019,rue Pierre et Marie Curie,19,,HY0452,1563946.91940000,5181987.68710000,1.24889033,45.82447433
87085_4135_00020,rue Pierre et Marie Curie,20,,IN0424,1563861.24360000,5181869.72190000,1.24782137,45.82339621
87085_4135_00022,rue Pierre et Marie Curie,22,,IN0424,1563850.09990000,5181858.32320000,1.24768122,45.82329147
87085_4135_00023,rue Pierre et Marie Curie,23,,HY0325,1563937.83990000,5181969.02910000,1.24877879,45.82430469
87085_4135_00024,rue Pierre et Marie Curie,24,,IN0422,1563839.87950000,5181848.44780000,1.24755251,45.82320061
87085_4135_00026,rue Pierre et Marie Curie,26,,IN0422,1563824.21530000,5181833.03630000,1.24735534,45.82305887
87085_4135_00030,rue Pierre et Marie Curie,30,,IN0201,1563793.38900000,5181818.41290000,1.24696286,45.82292122
87085_4135_00032,rue Pierre et Marie Curie,32,,IN0203,1563710.20450000,5181811.66530000,1.24589450,45.82284405
87085_4135_00033,rue Pierre et Marie Curie,33,,HY0322,1563909.35340000,5181914.36090000,1.24842774,45.82380728
87085_4135_00034,rue Pierre et Marie Curie,34,,IN0203,1563715.27010000,5181795.19530000,1.24596434,45.82269689
87085_4135_00035,rue Pierre et Marie Curie,35,,HY0321,1563902.79410000,5181902.20480000,1.24834678,45.82369664
87085_4135_00036,rue Pierre et Marie Curie,36,,IN0203,1563722.25940000,5181775.50000000,1.24605985,45.82252111
87085_4135_00037,rue Pierre et Marie Curie,37,,HY0320,1563894.33620000,5181891.34550000,1.24824103,45.82359728
87085_4135_00038,rue Pierre et Marie Curie,38,,IN0203,1563671.79940000,5181743.80850000,1.24541960,45.82222603
87085_4135_00039,rue Pierre et Marie Curie,39,,HY0319,1563887.05700000,5181883.82570000,1.24814950,45.82352819
87085_4135_00040,rue Pierre et Marie Curie,40,,IN0203,1563668.27030000,5181727.52750000,1.24537881,45.82207887
87085_4135_00041,rue Pierre et Marie Curie,41,,HY0318,1563878.63990000,5181875.12080000,1.24804367,45.82344822
87085_4135_00042,rue Pierre et Marie Curie,42,,IN0203,1563665.26130000,5181707.09450000,1.24534589,45.82189447
87085_4135_00043,rue Pierre et Marie Curie,43,,HY0317,1563871.46020000,5181867.83990000,1.24795335,45.82338130
87085_4135_00045,rue Pierre et Marie Curie,45,,HY0316,1563863.76670000,5181860.03260000,1.24785658,45.82330955
87085_4135_00047,rue Pierre et Marie Curie,47,,HY0315,1563853.77760000,5181849.97840000,1.24773090,45.82321713
87085_4135_00049,rue Pierre et Marie Curie,49,,HY0311,1563844.72780000,5181840.55110000,1.24761713,45.82313053
87085_4135_00051,rue Pierre et Marie Curie,51,,HY0312,1563835.51640000,5181831.34060000,1.24750122,45.82304586
87085_4135_00052,rue Pierre et Marie Curie,52,,NN0095,1563616.31930000,5181610.17660000,1.24474369,45.82101293
87085_4135_00053,rue Pierre et Marie Curie,53,,HY0312,1563829.12080000,5181824.57110000,1.24742085,45.82298369
87085_4135_00054,rue Pierre et Marie Curie,54,,NN0095,1563616.74260000,5181586.68160000,1.24475580,45.82080167
87085_4135_00055,rue Pierre et Marie Curie,55,,HY0313,1563823.04530000,5181818.63740000,1.24734436,45.82292911
87085_4135_00059,rue Pierre et Marie Curie,59,,HY0411,1563810.83740000,5181806.25550000,1.24719080,45.82281532
87085_4135_00060,rue Pierre et Marie Curie,60,,NN0095,1563597.67420000,5181539.45490000,1.24452386,45.82037305
87085_4135_00061,rue Pierre et Marie Curie,61,,HY0412,1563800.39350000,5181795.53320000,1.24705946,45.82271679
87085_4135_00062,rue Pierre et Marie Curie,62,,NN0095,1563597.86910000,5181571.02510000,1.24451741,45.82065708
87085_4135_00063,rue Pierre et Marie Curie,63,,HY0474,1563782.20490000,5181759.70660000,1.24683559,45.82239091
87085_4135_00064,rue Pierre et Marie Curie,64,,NN0095,1563589.82440000,5181585.12950000,1.24440991,45.82078237
87085_4135_00065,rue Pierre et Marie Curie,65,,HY0478,1563757.94040000,5181735.83360000,1.24653016,45.82217135
87085_4135_00066,rue Pierre et Marie Curie,66,,NN0095,1563576.18670000,5181590.21000000,1.24423301,45.82082536
87085_4135_00068,rue Pierre et Marie Curie,68,,NN0095,1563565.89520000,5181608.37230000,1.24409545,45.82098670
87085_4135_00069,rue Pierre et Marie Curie,69,,HY0478,1563770.37590000,5181713.07950000,1.24669660,45.82196913
87085_4135_00070,rue Pierre et Marie Curie,70,,NN0095,1563559.14770000,5181625.09110000,1.24400390,45.82113576
87085_4135_00071,rue Pierre et Marie Curie,71,,HY0478,1563778.57800000,5181699.58579999,1.24680596,45.82184937
87085_4135_00073,rue Pierre et Marie Curie,73,,HY0478,1563774.08000000,5181691.91290000,1.24675026,45.82177946
87085_4135_00075,rue Pierre et Marie Curie,75,,HY0478,1563768.63280000,5181682.75580000,1.24668277,45.82169601
87085_4135_00076,rue Pierre et Marie Curie,76,,NN0095,1563600.26570000,5181504.32140000,1.24456717,45.82005752
87085_4135_00077,rue Pierre et Marie Curie,77,,HY0478,1563762.17360000,5181673.65660000,1.24660224,45.82161288
87085_4135_00078,rue Pierre et Marie Curie,78,,NN0095,1563586.57000000,5181490.07660000,1.24439500,45.81992667
87085_4135_00079,rue Pierre et Marie Curie,79,,HY0478,1563757.94030000,5181666.24820000,1.24654987,45.82154539
87085_4135_00083,rue Pierre et Marie Curie,83,,HY0478,1563750.79660000,5181655.40010000,1.24646104,45.82144639
87085_4135_00085,rue Pierre et Marie Curie,85,,HY0478,1563747.86300000,5181648.88910000,1.24642514,45.82138724
87085_4135_00086,rue Pierre et Marie Curie,86,,NN0093,1563536.08340000,5181457.92090000,1.24375459,45.81962739
87085_4135_00087,rue Pierre et Marie Curie,87,,NS0061,1563690.93090000,5181606.74440000,1.24570460,45.82099685
87085_4135_00091,rue Pierre et Marie Curie,91,,NS0061,1563684.70560000,5181598.05910000,1.24562697,45.82091749
87085_4135_00092,rue Pierre et Marie Curie,92,,NN0091,1563509.88830000,5181442.45650000,1.24342196,45.81948309
87085_4135_00093,rue Pierre et Marie Curie,93,,NS0061,1563674.65830000,5181578.77960000,1.24550317,45.82074206
87085_4135_00101,rue Pierre et Marie Curie,101,,NS0061,1563655.74740000,5181541.02910000,1.24527057,45.82039873
87085_4135_00112,rue Pierre et Marie Curie,112,,NN0088,1563404.92770000,5181393.44210000,1.24208552,45.81902134
87085_4135_00114,rue Pierre et Marie Curie,114,,NN0086,1563394.47020000,5181383.72990000,1.24195374,45.81893190
87085_4135_00118,rue Pierre et Marie Curie,118,,NN0086,1563372.38660000,5181377.95720000,1.24167126,45.81887558
87085_4161_00002,rue Pierre et Nathalie Martrou,2,,NI0057,1561759.20050000,5181232.74700000,1.22095897,45.81724704
87085_4161_00004,rue Pierre et Nathalie Martrou,4,,NI0089,1561774.05420000,5181198.46550000,1.22115991,45.81694165
87085_4161_00005,rue Pierre et Nathalie Martrou,5,,NI0094,1561793.61650000,5181198.19740000,1.22141165,45.81694316
87085_4161_00006,rue Pierre et Nathalie Martrou,6,,NI0088,1561751.73980000,5181187.36450000,1.22087603,45.81683730
87085_4161_00007,rue Pierre et Nathalie Martrou,7,,NI0095,1561793.75140000,5181187.43430000,1.22141648,45.81684637
87085_4161_00008,rue Pierre et Nathalie Martrou,8,,NI0087,1561737.50280000,5181181.46460000,1.22069457,45.81678137
87085_4161_00009,rue Pierre et Nathalie Martrou,9,,NI0097,1561773.63060000,5181185.64060000,1.22115815,45.81682619
87085_4161_00010,rue Pierre et Nathalie Martrou,10,,NI0086,1561722.60900000,5181172.53890000,1.22050553,45.81669808
87085_4161_00011,rue Pierre et Nathalie Martrou,11,,NI0098,1561754.56380000,5181174.03900000,1.22091619,45.81671800
87085_4161_00012,rue Pierre et Nathalie Martrou,12,,NI0085,1561705.98260000,5181171.17030000,1.22029203,45.81668243
87085_4161_00014,rue Pierre et Nathalie Martrou,14,,NI0084,1561684.81420000,5181169.05260000,1.22002031,45.81665912
87085_4161_00015,rue Pierre et Nathalie Martrou,15,,NI0099,1561741.95470000,5181166.38700000,1.22075618,45.81664663
87085_4161_00016,rue Pierre et Nathalie Martrou,16,,NI0083,1561674.72480000,5181164.66350000,1.21989178,45.81661761
87085_4161_00017,rue Pierre et Nathalie Martrou,17,,NI0100,1561723.11730000,5181165.69320000,1.22051404,45.81663660
87085_4161_00018,rue Pierre et Nathalie Martrou,18,,NI0082,1561669.47000000,5181153.31140000,1.21982744,45.81651444
87085_4161_00019,rue Pierre et Nathalie Martrou,19,,NI0101,1561710.44910000,5181164.57620000,1.22035139,45.81662401
87085_4161_00020,rue Pierre et Nathalie Martrou,20,,NI0081,1561663.82340000,5181135.10020000,1.21976004,45.81634948
87085_4161_00021,rue Pierre et Nathalie Martrou,21,,NI0102,1561692.21650000,5181152.33090000,1.22012035,45.81651019
87085_4161_00022,rue Pierre et Nathalie Martrou,22,,NI0080,1561657.05480000,5181121.01010000,1.21967701,45.81622137
87085_4161_00023,rue Pierre et Nathalie Martrou,23,,NI0103,1561673.03730000,5181133.75310000,1.21987896,45.81633922
87085_4161_00024,rue Pierre et Nathalie Martrou,24,,NI0079,1561652.33070000,5181105.47160000,1.21962071,45.81608065
87085_4161_00025,rue Pierre et Nathalie Martrou,25,,NI0104,1561669.17340000,5181122.17530000,1.21983258,45.81623429
87085_4161_00026,rue Pierre et Nathalie Martrou,26,,NI0078,1561642.68550000,5181089.55410000,1.21950121,45.81593552
87085_4161_00027,rue Pierre et Nathalie Martrou,27,,NI0105,1561660.10270000,5181103.79040000,1.21972118,45.81606709
87085_4161_00028,rue Pierre et Nathalie Martrou,28,,NI0077,1561637.10880000,5181074.63630000,1.21943375,45.81580021
87085_4161_00029,rue Pierre et Nathalie Martrou,29,,NI0106,1561656.06990000,5181090.34420000,1.21967316,45.81594532
87085_4161_00030,rue Pierre et Nathalie Martrou,30,,NI0076,1561632.58780000,5181063.30380000,1.21937885,45.81569736
87085_4161_00031,rue Pierre et Nathalie Martrou,31,,NI0107,1561659.64940000,5181059.20570000,1.21972817,45.81566593
87085_4161_00032,rue Pierre et Nathalie Martrou,32,,NI0075,1561641.56900000,5181058.67890000,1.21949572,45.81565756
87085_4161_00033,rue Pierre et Nathalie Martrou,33,,NI0109,1561683.85090000,5181035.39420000,1.22004635,45.81545660
87085_4161_00034,rue Pierre et Nathalie Martrou,34,,NI0074,1561654.71750000,5181050.75540000,1.21966715,45.81558893
87085_4161_00036,rue Pierre et Nathalie Martrou,36,,NI0073,1561667.44080000,5181038.46100000,1.21983436,45.81548089
87085_4133_00004,rue Pierre Fresnay,4,,ER0390,1566261.13880000,5182519.76100000,1.27851880,45.82971455
87085_4133_00006,rue Pierre Fresnay,6,,ER0629,1566240.15550000,5182514.18470000,1.27825034,45.82966030
87085_4133_00008,rue Pierre Fresnay,8,,ER0629,1566214.55650000,5182505.49360000,1.27792335,45.82957714
87085_4133_00010,rue Pierre Fresnay,10,,ER0628,1566191.97760000,5182544.64590000,1.27762191,45.82992495
87085_4133_00012,rue Pierre Fresnay,12,,ER0390,1566176.42970000,5182586.95220000,1.27741007,45.83030250
87085_4145_00012,rue Pierre Larousse,12,,IK0196,1564188.14720000,5182458.06370000,1.25186127,45.82875331
87085_4145_00014,rue Pierre Larousse,14,,IK0018,1564194.77020000,5182469.71090000,1.25194320,45.82885939
87085_4145_00016,rue Pierre Larousse,16,,IK0019,1564201.80060000,5182482.13280000,1.25203016,45.82897252
87085_4145_00018,rue Pierre Larousse,18,,IK0020,1564210.17500000,5182496.41350000,1.25213389,45.82910264
87085_4150_00001,rue Pierre Leroux,1,,DM0158,1564385.74100000,5182993.45270000,1.25425281,45.83360843
87085_4150_00015,rue Pierre Leroux,15,,DM0038,1564308.02840000,5182979.71090000,1.25325663,45.83346949
87085_4150_00016,rue Pierre Leroux,16,,DE0156,1564311.69490000,5182992.26050000,1.25330027,45.83358310
87085_4150_00017,rue Pierre Leroux,17,,DM0118,1564294.18500000,5182985.70430000,1.25307679,45.83352067
87085_4150_00018,rue Pierre Leroux,18,,DE0157,1564299.38570000,5182997.22510000,1.25314046,45.83362533
87085_4150_00019,rue Pierre Leroux,19,,DM0003,1564284.38910000,5182989.24470000,1.25294973,45.83355059
87085_4150_00020,rue Pierre Leroux,20,,DE0161,1564288.62190000,5183001.42620000,1.25300076,45.83366100
87085_4150_00021,rue Pierre Leroux,21,,DM0003,1564272.82750000,5182993.46170000,1.25279975,45.83358624
87085_4150_00022,rue Pierre Leroux,22,,DE0161,1564276.68530000,5183005.79900000,1.25284592,45.83369798
87085_4150_00027,rue Pierre Leroux,27,,DM0002,1564249.34720000,5183002.85420000,1.25249494,45.83366610
87085_4155_00007,rue Pierre Loti,7,,BR0780,1564726.29640000,5184863.65970000,1.25810892,45.85049910
87085_4155_00010,rue Pierre Loti,10,,BT0198,1564727.34540000,5184875.26940000,1.25811915,45.85060374
87085_4155_00012,rue Pierre Loti,12,,BT0199,1564711.49070000,5184872.53920000,1.25791583,45.85057606
87085_4155_00014,rue Pierre Loti,14,,BT0200,1564699.51450000,5184870.45670000,1.25776225,45.85055497
87085_4155_00016,rue Pierre Loti,16,,BT0482,1564679.64650000,5184865.03070000,1.25750802,45.85050225
87085_4155_00018,rue Pierre Loti,18,,BT0480,1564668.15200000,5184864.21070000,1.25736029,45.85049261
87085_4155_00019,rue Pierre Loti,19,,BR0617,1564651.39890000,5184844.70360000,1.25715012,45.85031384
87085_4155_00020,rue Pierre Loti,20,,BT0481,1564661.01980000,5184862.22610000,1.25726903,45.85047335
87085_4155_00021,rue Pierre Loti,21,,BR0616,1564637.95800000,5184840.98170000,1.25697815,45.85027771
87085_4155_00022,rue Pierre Loti,22,,BT0218,1564646.81320000,5184853.29210000,1.25708867,45.85039019
87085_4155_00024,rue Pierre Loti,24,,BT0502,1564614.96400000,5184846.28520000,1.25668067,45.85032089
87085_4155_00025,rue Pierre Loti,25,,BR0615,1564629.03540000,5184838.14810000,1.25686409,45.85025046
87085_4155_00028,rue Pierre Loti,28,,BT0258,1564582.91220000,5184836.34820000,1.25627087,45.85022519
87085_4155_00029,rue Pierre Loti,29,,BR0606,1564608.00270000,5184830.80120000,1.25659542,45.85018023
87085_4155_00031,rue Pierre Loti,31,,BR0605,1564594.77710000,5184826.84240000,1.25642629,45.85014201
87085_4155_00033,rue Pierre Loti,33,,BR0602,1564583.72760000,5184822.78350000,1.25628519,45.85010333
87085_4155_00035,rue Pierre Loti,35,,BR0601,1564573.78000000,5184819.48310000,1.25615807,45.85007168
87085_4155_00037,rue Pierre Loti,37,,BR0596,1564561.50340000,5184815.23480000,1.25600124,45.85003104
87085_4155_00039,rue Pierre Loti,39,,BR0595,1564545.79240000,5184810.43710000,1.25580035,45.84998479
87085_4155_00041,rue Pierre Loti,41,,BR0591,1564529.52480000,5184804.61200000,1.25559259,45.84992918
87085_4155_00045,rue Pierre Loti,45,,BR0589,1564515.05460000,5184800.45060000,1.25540749,45.84988890
87085_4155_00047,rue Pierre Loti,47,,BR0587,1564504.09930000,5184796.55870000,1.25526757,45.84985173
87085_4155_00049,rue Pierre Loti,49,,BR0586,1564493.79310000,5184794.81270000,1.25513539,45.84983399
87085_4155_00051,rue Pierre Loti,51,,BR0585,1564483.03340000,5184791.41100000,1.25499785,45.84980127
87085_4160_00003,rue Pierre Mallet,3,,AZ0976,1562990.33360000,5182823.73100000,1.23634410,45.83180511
87085_4160_00004,rue Pierre Mallet,4,,AZ0423,1563004.10750000,5182823.99640000,1.23652127,45.83181024
87085_4160_00005,rue Pierre Mallet,5,,AZ0427,1562991.44880000,5182834.48120000,1.23635539,45.83190204
87085_4160_00006,rue Pierre Mallet,6,,AZ0419,1563005.62450000,5182840.37290000,1.23653613,45.83195786
87085_4160_00007,rue Pierre Mallet,7,,AZ0428,1562992.65130000,5182844.64070000,1.23636797,45.83199367
87085_4160_00008,rue Pierre Mallet,8,,AZ0669,1563006.40970000,5182850.85570000,1.23654324,45.83205231
87085_4160_00009,rue Pierre Mallet,9,,AZ0429,1562993.08990000,5182852.07660000,1.23637149,45.83206064
87085_4160_00010,rue Pierre Mallet,10,,AZ0414,1563006.82990000,5182858.09190000,1.23654659,45.83211749
87085_4160_00011,rue Pierre Mallet,11,,AZ0430,1562993.69680000,5182858.40140000,1.23637750,45.83211766
87085_4160_00012,rue Pierre Mallet,12,,AZ0414,1563007.72260000,5182865.37310000,1.23655600,45.83218317
87085_4160_00013,rue Pierre Mallet,13,,AZ0431,1562994.51730000,5182865.71840000,1.23638597,45.83218364
87085_4160_00014,rue Pierre Mallet,14,,AZ0413,1563008.08270000,5182875.04110000,1.23655788,45.83227021
87085_4160_00015,rue Pierre Mallet,15,,AZ0432,1562995.00210000,5182870.90350000,1.23639073,45.83223038
87085_4160_00016,rue Pierre Mallet,16,,AZ0412,1563009.04060000,5182886.75790000,1.23656687,45.83237580
87085_4160_00017,rue Pierre Mallet,17,,AZ0433,1562995.35890000,5182875.59480000,1.23639399,45.83227265
87085_4160_00018,rue Pierre Mallet,18,,AZ0411,1563009.66290000,5182893.54230000,1.23657294,45.83243695
87085_4160_00019,rue Pierre Mallet,19,,AZ0434,1562996.19500000,5182884.62870000,1.23640217,45.83235408
87085_4160_00019_bis,rue Pierre Mallet,19,bis,AZ0435,1562997.23660000,5182895.24750000,1.23641255,45.83244981
87085_4160_00020,rue Pierre Mallet,20,,AZ0410,1563010.42490000,5182902.50450000,1.23658020,45.83251772
87085_4160_00021,rue Pierre Mallet,21,,AZ0436,1562998.15780000,5182906.05760000,1.23642133,45.83254724
87085_4160_00022,rue Pierre Mallet,22,,AZ0409,1563011.28810000,5182913.09570000,1.23658829,45.83261317
87085_4160_00023,rue Pierre Mallet,23,,AZ0955,1562999.16330000,5182917.04670000,1.23643113,45.83264629
87085_4162_00001,rue Pierre Michaux,1,,MA0019,1565579.56000000,5187112.01310000,1.26846344,45.87089170
87085_4162_00007,rue Pierre Michaux,7,,MA0020,1565678.01980000,5187132.06320000,1.26972574,45.87109132
87085_4162_00010,rue Pierre Michaux,10,,MA0033,1565688.01320000,5187123.31400000,1.26985688,45.87101456
87085_4162_00011,rue Pierre Michaux,11,,MA0021,1565717.19200000,5187182.20260000,1.27021615,45.87155000
87085_4162_00012,rue Pierre Michaux,12,,MA0032,1565714.52700000,5187152.95880000,1.27019001,45.87128642
87085_4162_00013,rue Pierre Michaux,13,,MA0070,1565740.85390000,5187220.80020000,1.27051007,45.87190183
87085_4162_00013_bis,rue Pierre Michaux,13,bis,MA0023,1565763.79820000,5187256.79700000,1.27079547,45.87223013
87085_4162_00014,rue Pierre Michaux,14,,MA0031,1565742.08260000,5187196.25180000,1.27053276,45.87168125
87085_4162_00015,rue Pierre Michaux,15,,MA0024,1565778.07940000,5187279.53580000,1.27097302,45.87243747
87085_4162_00016,rue Pierre Michaux,16,,MA0030,1565767.09510000,5187236.35570000,1.27084364,45.87204689
87085_4162_00017,rue Pierre Michaux,17,,MA0057,1565800.39410000,5187324.32020000,1.27124787,45.87284468
87085_4162_00020,rue Pierre Michaux,20,,MA0029,1565812.14240000,5187291.15260000,1.27140843,45.87254862
87085_4162_00022,rue Pierre Michaux,22,,MA0065,1565817.51620000,5187318.01470000,1.27147013,45.87279131
87085_4166_00003,rue Pierre Parot,3,,TZ0010,1566083.80550000,5185609.19820000,1.27537595,45.85747143
87085_4166_00005,rue Pierre Parot,5,,TZ0011,1566089.41960000,5185590.97970000,1.27545330,45.85730864
87085_4166_00006,rue Pierre Parot,6,,TZ0004,1566079.78690000,5185578.82880000,1.27533268,45.85719746
87085_4166_00007,rue Pierre Parot,7,,TZ0012,1566095.84160000,5185569.91940000,1.27554185,45.85712044
87085_4166_00009,rue Pierre Parot,9,,TZ0013,1566101.60490000,5185551.09720000,1.27562130,45.85695225
87085_4166_00011,rue Pierre Parot,11,,TZ0014,1566106.88530000,5185534.00590000,1.27569404,45.85679953
87085_4164_00001,rue Pierre Ragot,1,,PO0106,1559714.36580000,5184405.20680000,1.19372692,45.84537071
87085_4164_00003,rue Pierre Ragot,3,,PO0107,1559727.74020000,5184425.70820000,1.19389308,45.84555785
87085_4164_00004,rue Pierre Ragot,4,,PO0125,1559744.83040000,5184422.29500000,1.19411405,45.84553064
87085_4164_00005,rue Pierre Ragot,5,,PO0108,1559736.49830000,5184442.54970000,1.19400090,45.84571114
87085_4164_00006,rue Pierre Ragot,6,,PO0124,1559749.86000000,5184438.46050000,1.19417407,45.84567708
87085_4164_00007,rue Pierre Ragot,7,,PO0109,1559741.39490000,5184458.32160000,1.19405932,45.84585401
87085_4164_00008,rue Pierre Ragot,8,,PO0123,1559755.77260000,5184454.50850000,1.19424549,45.84582264
87085_4164_00009,rue Pierre Ragot,9,,PO0110,1559748.05410000,5184474.27500000,1.19414038,45.84599888
87085_4164_00010,rue Pierre Ragot,10,,PO0122,1559762.65400000,5184474.52020000,1.19432823,45.84600406
87085_4164_00011,rue Pierre Ragot,11,,PO0111,1559757.29120000,5184491.21540000,1.19425433,45.84615315
87085_4164_00016,rue Pierre Ragot,16,,PO0121,1559791.26660000,5184503.20600000,1.19468814,45.84626794
87085_4164_00018,rue Pierre Ragot,18,,PO0120,1559815.38830000,5184495.48590000,1.19500087,45.84620341
87085_4164_00019,rue Pierre Ragot,19,,PO0112,1559770.11130000,5184511.48110000,1.19441342,45.84633806
87085_4164_00021,rue Pierre Ragot,21,,PO0113,1559780.37430000,5184520.50540000,1.19454289,45.84642133
87085_4164_00023,rue Pierre Ragot,23,,PO0115,1559792.49210000,5184516.04730000,1.19470017,45.84638370
87085_4165_00001,rue Pierre Reymond,1,,HZ0075,1564153.88630000,5182323.11770000,1.25145854,45.82753263
87085_4165_00003,rue Pierre Reymond,3,,HZ0047,1564125.72610000,5182311.25910000,1.25109954,45.82742039
87085_4165_00004,rue Pierre Reymond,4,,HZ0003,1564139.91890000,5182330.54250000,1.25127672,45.82759666
87085_4165_00005,rue Pierre Reymond,5,,HZ0046,1564115.12160000,5182306.93560000,1.25096431,45.82737940
87085_4165_00006,rue Pierre Reymond,6,,HZ0004,1564133.32120000,5182327.78920000,1.25119260,45.82757059
87085_4165_00007,rue Pierre Reymond,7,,HZ0045,1564104.09990000,5182302.23270000,1.25082382,45.82733492
87085_4165_00008,rue Pierre Reymond,8,,HZ0008,1564126.98070000,5182325.21660000,1.25111174,45.82754619
87085_4165_00009,rue Pierre Reymond,9,,HZ0044,1564091.90830000,5182297.01520000,1.25066843,45.82728558
87085_4165_00010,rue Pierre Reymond,10,,HZ0009,1564113.68280000,5182319.75120000,1.25094218,45.82749440
87085_4165_00012,rue Pierre Reymond,12,,HZ0011,1564097.99450000,5182313.04130000,1.25074221,45.82743094
87085_4165_00013,rue Pierre Reymond,13,,HZ0042,1564076.98400000,5182290.77540000,1.25047815,45.82722650
87085_4165_00014,rue Pierre Reymond,14,,HZ0012,1564077.61480000,5182304.35460000,1.25048243,45.82734877
87085_4165_00015,rue Pierre Reymond,15,,HZ0041,1564066.52130000,5182286.31090000,1.25034479,45.82718427
87085_4165_00016,rue Pierre Reymond,16,,HZ0014,1564062.59280000,5182298.19430000,1.25029088,45.82729039
87085_4165_00017,rue Pierre Reymond,17,,HZ0040,1564054.55790000,5182281.29080000,1.25019227,45.82713674
87085_4165_00018,rue Pierre Reymond,18,,HZ0017,1564046.71250000,5182291.36680000,1.25008848,45.82722583
87085_4165_00019,rue Pierre Reymond,19,,HZ0203,1564043.50220000,5182276.56170000,1.25005135,45.82709202
87085_4165_00020,rue Pierre Reymond,20,,HZ0018,1564031.62270000,5182285.01080000,1.24989611,45.82716567
87085_4165_00021,rue Pierre Reymond,21,,HZ0035,1564032.06750000,5182271.83080000,1.24990556,45.82704720
87085_4165_00022,rue Pierre Reymond,22,,HZ0026,1563999.78730000,5182271.54560000,1.24949028,45.82703825
87085_4165_00023,rue Pierre Reymond,23,,HZ0034,1564022.43020000,5182267.70660000,1.24978272,45.82700820
87085_4165_00024,rue Pierre Reymond,24,,HZ0027,1563992.70110000,5182268.59780000,1.24939994,45.82701033
87085_4165_00025,rue Pierre Reymond,25,,HZ0033,1564012.93900000,5182263.79410000,1.24966170,45.82697112
87085_4165_00026,rue Pierre Reymond,26,,HZ0028,1563985.66980000,5182265.73520000,1.24931027,45.82698319
87085_4165_00027,rue Pierre Reymond,27,,HZ0032,1564003.30400000,5182259.58840000,1.24953891,45.82693139
87085_4165_00029,rue Pierre Reymond,29,,HZ0031,1563985.52580000,5182252.09220000,1.24931228,45.82686044
87085_4168_00002,rue Pierre Rossignol,2,,BH0424,1563672.58950000,5183624.75260000,1.24489641,45.83914632
87085_4168_00004,rue Pierre Rossignol,4,,BH0425,1563661.97220000,5183620.07930000,1.24476109,45.83910218
87085_4168_00007,rue Pierre Rossignol,7,,BH0422,1563646.09410000,5183598.78280000,1.24456278,45.83890746
87085_4168_00008,rue Pierre Rossignol,8,,BH0914,1563645.30080000,5183612.38740000,1.24454871,45.83902968
87085_4168_00009,rue Pierre Rossignol,9,,BH0440,1563615.64790000,5183584.80180000,1.24417491,45.83877565
87085_4168_00013,rue Pierre Rossignol,13,,BH0870,1563598.29980000,5183576.94630000,1.24395387,45.83870155
87085_4168_00014,rue Pierre Rossignol,14,,BH0438,1563613.33040000,5183597.85620000,1.24414138,45.83889262
87085_4168_00016,rue Pierre Rossignol,16,,BH0437,1563604.65800000,5183593.79710000,1.24403092,45.83885439
87085_4168_00020,rue Pierre Rossignol,20,,BH0436,1563590.09320000,5183587.26470000,1.24384532,45.83879274
87085_4170_00001,rue Pierre Sémard,1,,EL0262,1566178.53660000,5183399.38070000,1.27721102,45.83761121
87085_4170_00002,rue Pierre Sémard,2,,EL0045,1566174.30220000,5183423.00140000,1.27714994,45.83782287
87085_4170_00003,rue Pierre Sémard,3,,EL0263,1566167.76420000,5183407.51780000,1.27707011,45.83768232
87085_4170_00004,rue Pierre Sémard,4,,EL0044,1566156.01910000,5183424.78410000,1.27691415,45.83783535
87085_4170_00006,rue Pierre Sémard,6,,EL0043,1566145.83880000,5183427.86610000,1.27678227,45.83786109
87085_4170_00007,rue Pierre Sémard,7,,EL0264,1566149.14200000,5183413.75830000,1.27682871,45.83773483
87085_4170_00008,rue Pierre Sémard,8,,EL0042,1566136.56810000,5183430.81660000,1.27666214,45.83788583
87085_4170_00009,rue Pierre Sémard,9,,EL0265,1566136.07720000,5183417.58650000,1.27665950,45.83776672
87085_4170_00010,rue Pierre Sémard,10,,EL0041,1566126.55760000,5183436.32690000,1.27653177,45.83793345
87085_4170_00011,rue Pierre Sémard,11,,EL0266,1566127.22710000,5183420.85210000,1.27654469,45.83779438
87085_4170_00012,rue Pierre Sémard,12,,EL0040,1566121.64500000,5183441.80080000,1.27646702,45.83798174
87085_4170_00014,rue Pierre Sémard,14,,EL0039,1566116.93790000,5183447.41340000,1.27640488,45.83803131
87085_4170_00015,rue Pierre Sémard,15,,EL0267,1566115.64490000,5183427.91490000,1.27639367,45.83785565
87085_4170_00016,rue Pierre Sémard,16,,EL0038,1566112.24330000,5183453.05350000,1.27634289,45.83808113
87085_4170_00017,rue Pierre Sémard,17,,EL0267,1566090.74020000,5183412.08680000,1.27607756,45.83770842
87085_4170_00018,rue Pierre Sémard,18,,EL0037,1566107.35910000,5183459.10350000,1.27627834,45.83813460
87085_4170_00019,rue Pierre Sémard,19,,EL0268,1566096.74780000,5183452.40230000,1.27614364,45.83807225
87085_4170_00020,rue Pierre Sémard,20,,EL0036,1566101.81370000,5183465.83090000,1.27620510,45.83819404
87085_4170_00021,rue Pierre Sémard,21,,EL0269,1566092.22430000,5183457.90020000,1.27608389,45.83812083
87085_4170_00022,rue Pierre Sémard,22,,EL0035,1566096.38820000,5183472.41960000,1.27613344,45.83825225
87085_4170_00023,rue Pierre Sémard,23,,EL0270,1566087.21520000,5183464.02010000,1.27601772,45.83817491
87085_4170_00024,rue Pierre Sémard,24,,EL0034,1566091.26340000,5183478.79010000,1.27606571,45.83830856
87085_4170_00025,rue Pierre Sémard,25,,EL0271,1566082.13410000,5183470.37340000,1.27595056,45.83823107
87085_4170_00026,rue Pierre Sémard,26,,EL0033,1566085.73260000,5183485.64780000,1.27599262,45.83836917
87085_4170_00027,rue Pierre Sémard,27,,EL0272,1566076.91770000,5183476.71300000,1.27588166,45.83828708
87085_4170_00028,rue Pierre Sémard,28,,EL0032,1566077.62890000,5183495.63910000,1.27588554,45.83845747
87085_4170_00029,rue Pierre Sémard,29,,EL0273,1566072.05810000,5183482.67520000,1.27581745,45.83833977
87085_4170_00030,rue Pierre Sémard,30,,EL0583,1566070.07710000,5183505.13140000,1.27578570,45.83854139
87085_4170_00031,rue Pierre Sémard,31,,EL0274,1566067.23830000,5183488.61210000,1.27575377,45.83839224
87085_4170_00032,rue Pierre Sémard,32,,EL0582,1566059.89580000,5183517.60120000,1.27565119,45.83865158
87085_4170_00033,rue Pierre Sémard,33,,EL0275,1566062.04720000,5183495.04740000,1.27568517,45.83844912
87085_4170_00034,rue Pierre Sémard,34,,EL0030,1566051.47900000,5183527.95120000,1.27553998,45.83874305
87085_4170_00035,rue Pierre Sémard,35,,EL0276,1566056.56330000,5183501.86060000,1.27561269,45.83850934
87085_4170_00036,rue Pierre Sémard,36,,EL0029,1566045.91450000,5183534.80680000,1.27546646,45.83880363
87085_4170_00037,rue Pierre Sémard,37,,EL0277,1566051.37800000,5183508.26090000,1.27554417,45.83856590
87085_4170_00038,rue Pierre Sémard,38,,EL0028,1566040.00310000,5183541.88220000,1.27538841,45.83886613
87085_4170_00039,rue Pierre Sémard,39,,EL0279,1566044.96310000,5183515.98540000,1.27545946,45.83863414
87085_4170_00040,rue Pierre Sémard,40,,EL0027,1566031.28620000,5183552.50600000,1.27527326,45.83896000
87085_4170_00041,rue Pierre Sémard,41,,EL0280,1566041.15370000,5183520.99840000,1.27540904,45.83867849
87085_4170_00042,rue Pierre Sémard,42,,EL0026,1566024.08990000,5183561.28630000,1.27517819,45.83903758
87085_4170_00043,rue Pierre Sémard,43,,EL0281,1566034.79150000,5183528.71600000,1.27532500,45.83874668
87085_4170_00044,rue Pierre Sémard,44,,EL0740,1566018.75580000,5183567.82240000,1.27510772,45.83909534
87085_4170_00045,rue Pierre Sémard,45,,EL0282,1566027.88640000,5183537.20160000,1.27523377,45.83882166
87085_4170_00046,rue Pierre Sémard,46,,EL0023,1566011.46870000,5183576.90640000,1.27501140,45.83917564
87085_4170_00047,rue Pierre Sémard,47,,EL0283,1566021.06990000,5183545.42580000,1.27514375,45.83889432
87085_4170_00048,rue Pierre Sémard,48,,EL0022,1566005.82030000,5183583.67960000,1.27493682,45.83923546
87085_4170_00049,rue Pierre Sémard,49,,EL0284,1566015.06700000,5183552.85330000,1.27506442,45.83895996
87085_4170_00050,rue Pierre Sémard,50,,EL0021,1565999.44180000,5183591.51090000,1.27485254,45.83930467
87085_4170_00052,rue Pierre Sémard,52,,EL0020,1565992.67550000,5183599.89690000,1.27476312,45.83937879
87085_4170_00053,rue Pierre Sémard,53,,EL0286,1565999.00370000,5183572.31710000,1.27485226,45.83913192
87085_4170_00054,rue Pierre Sémard,54,,EL0019,1565986.22340000,5183607.74720000,1.27467789,45.83944815
87085_4170_00056,rue Pierre Sémard,56,,EL0018,1565980.83820000,5183614.50420000,1.27460670,45.83950788
87085_4170_00057,rue Pierre Sémard,57,,EL0612,1565977.14260000,5183599.38220000,1.27456335,45.83937113
87085_4170_00058,rue Pierre Sémard,58,,EL0015,1565976.72630000,5183619.46180000,1.27455240,45.83955168
87085_4170_00059,rue Pierre Sémard,59,,EL0613,1565971.91610000,5183605.73120000,1.27449432,45.83942722
87085_4170_00060,rue Pierre Sémard,60,,EL0014,1565971.83240000,5183625.41740000,1.27448775,45.83960430
87085_4170_00061,rue Pierre Sémard,61,,EL0521,1565967.46930000,5183611.16520000,1.27443557,45.83947524
87085_4170_00062,rue Pierre Sémard,62,,EL0013,1565966.81270000,5183631.69440000,1.27442140,45.83965978
87085_4170_00063,rue Pierre Sémard,63,,EL0522,1565961.25110000,5183618.15090000,1.27435359,45.83953687
87085_4170_00065,rue Pierre Sémard,65,,EL0523,1565951.15410000,5183627.69260000,1.27422098,45.83962073
87085_4170_00066,rue Pierre Sémard,66,,EL0012,1565954.52070000,5183646.56100000,1.27425905,45.83979112
87085_4172_00001,rue Pierre Talandier,1,,RP0213,1561734.08600000,5184727.58720000,1.21963070,45.84867980
87085_4172_00002,rue Pierre Talandier,2,,RP0212,1561747.05980000,5184720.79110000,1.21979966,45.84862127
87085_4172_00003,rue Pierre Talandier,3,,RP0219,1561725.31610000,5184753.36420000,1.21951040,45.84890991
87085_4172_00004,rue Pierre Talandier,4,,RP0222,1561738.97540000,5184744.27380000,1.21968884,45.84883088
87085_4172_00005,rue Pierre Talandier,5,,RP0220,1561727.37860000,5184768.84130000,1.21953249,45.84904955
87085_4172_00006,rue Pierre Talandier,6,,RP0223,1561736.11420000,5184760.49520000,1.21964734,45.84897623
87085_4172_00007,rue Pierre Talandier,7,,RP0221,1561736.03830000,5184794.47670000,1.21963659,45.84928189
87085_4172_00008,rue Pierre Talandier,8,,RP0224,1561746.18080000,5184785.94310000,1.21976960,45.84920717
87085_4172_00009,rue Pierre Talandier,9,,RP0218,1561715.28370000,5184818.76660000,1.21936244,45.84949622
87085_4172_00010,rue Pierre Talandier,10,,RP0225,1561744.21700000,5184804.27000000,1.21973905,45.84937163
87085_4172_00012,rue Pierre Talandier,12,,RP0226,1561732.53140000,5184817.92220000,1.21958470,45.84949209
87085_4172_00014,rue Pierre Talandier,14,,RP0227,1561720.46520000,5184828.05610000,1.21942646,45.84958082
87085_4172_00015,rue Pierre Talandier,15,,RP0217,1561642.67150000,5184766.53660000,1.21844279,45.84901178
87085_4172_00016,rue Pierre Talandier,16,,RP0228,1561707.99950000,5184832.38300000,1.21926475,45.84961724
87085_4172_00018,rue Pierre Talandier,18,,RP0229,1561701.83190000,5184831.72880000,1.21918555,45.84961011
87085_4172_00022,rue Pierre Talandier,22,,RP0231,1561678.28040000,5184815.19380000,1.21888715,45.84945663
87085_4172_00024,rue Pierre Talandier,24,,RP0232,1561663.55620000,5184801.58030000,1.21870153,45.84933121
87085_4172_00026,rue Pierre Talandier,26,,RP0233,1561649.53610000,5184787.96110000,1.21852498,45.84920588
87085_4172_00028,rue Pierre Talandier,28,,RP0234,1561634.45260000,5184773.47010000,1.21833500,45.84907249
87085_4215_00001,rue Platon,1,,BH0905,1563491.98170000,5183349.14680000,1.24265026,45.83663127
87085_4215_00003,rue Platon,3,,BH0518,1563503.75990000,5183355.83780000,1.24279994,45.83669380
87085_4215_00004,rue Platon,4,,BC0054,1563523.81170000,5183352.88350000,1.24305883,45.83667120
87085_4215_00005,rue Platon,5,,BH0517,1563524.12120000,5183368.46890000,1.24305839,45.83681146
87085_4215_00006,rue Platon,6,,BC0053,1563537.64600000,5183361.07250000,1.24323455,45.83674761
87085_4215_00007,rue Platon,7,,BH0516,1563530.80180000,5183372.27430000,1.24314329,45.83684702
87085_4215_00008,rue Platon,8,,BC0052,1563545.39470000,5183365.73940000,1.24333295,45.83679113
87085_4215_00009,rue Platon,9,,BH0515,1563539.11430000,5183377.33450000,1.24324883,45.83689419
87085_4215_00010,rue Platon,10,,BC0051,1563555.40010000,5183371.50660000,1.24346007,45.83684499
87085_4215_00011,rue Platon,11,,BH0514,1563547.02330000,5183381.92470000,1.24334931,45.83693705
87085_4215_00012,rue Platon,12,,BC0314,1563573.21810000,5183382.37750000,1.24368630,45.83694632
87085_4215_00013,rue Platon,13,,BH0513,1563553.94470000,5183386.08680000,1.24343720,45.83697586
87085_4215_00015,rue Platon,15,,BH0512,1563561.36040000,5183390.53610000,1.24353138,45.83701736
87085_4215_00017,rue Platon,17,,BH0511,1563571.94530000,5183397.07960000,1.24366574,45.83707832
87085_4215_00018,rue Platon,18,,BC0041,1563592.30230000,5183393.78860000,1.24392866,45.83705275
87085_4215_00019,rue Platon,19,,BH0467,1563582.25420000,5183403.17540000,1.24379668,45.83713520
87085_4215_00020,rue Platon,20,,BC0040,1563600.01050000,5183397.79310000,1.24402673,45.83709030
87085_4215_00021,rue Platon,21,,BH0466,1563591.90280000,5183408.93880000,1.24391922,45.83718896
87085_4215_00023,rue Platon,23,,BH0941,1563603.63010000,5183415.81780000,1.24406819,45.83725316
87085_4215_00025,rue Platon,25,,BH0464,1563632.88450000,5183432.86060000,1.24443985,45.83741228
87085_4215_00027,rue Platon,27,,BH0462,1563644.34570000,5183439.78880000,1.24458539,45.83747687
87085_4215_00028,rue Platon,28,,BC0035,1563637.48030000,5183420.68600000,1.24450245,45.83730367
87085_4215_00029,rue Platon,29,,BH0461,1563655.07670000,5183446.15110000,1.24472168,45.83753623
87085_4215_00030,rue Platon,30,,BC0028,1563646.11470000,5183425.74800000,1.24461214,45.83735092
87085_4215_00032,rue Platon,32,,BC0027,1563656.32350000,5183431.83390000,1.24474179,45.83740769
87085_4215_00033,rue Platon,33,,BH0402,1563701.14230000,5183474.45440000,1.24530651,45.83779997
87085_4215_00034,rue Platon,34,,BC0026,1563664.86400000,5183436.88410000,1.24485027,45.83745481
87085_4215_00035,rue Platon,35,,BH0401,1563708.02450000,5183478.46810000,1.24539394,45.83783744
87085_4215_00036,rue Platon,36,,BC0025,1563674.89200000,5183442.87200000,1.24497763,45.83751066
87085_4215_00037,rue Platon,37,,BH0400,1563717.08530000,5183483.56410000,1.24550911,45.83788507
87085_4215_00038,rue Platon,38,,BC0024,1563682.93790000,5183447.35640000,1.24507991,45.83755260
87085_4215_00040,rue Platon,40,,BC0301,1563688.45840000,5183451.37560000,1.24514981,45.83758985
87085_4215_00042,rue Platon,42,,BC0022,1563696.40140000,5183455.97820000,1.24525073,45.83763282
87085_4215_00044,rue Platon,44,,BC0021,1563704.77360000,5183460.59350000,1.24535717,45.83767600
87085_4215_00046,rue Platon,46,,BC0004,1563711.17370000,5183464.35120000,1.24543847,45.83771107
87085_4215_00048,rue Platon,48,,BC0003,1563721.20330000,5183470.28920000,1.24556587,45.83776648
87085_4265_00004,rue Porte-Bonheur,4,,ON0397,1561844.66300000,5181947.36670000,1.22185315,45.82369258
87085_4265_00005,rue Porte-Bonheur,5,,ON0405,1561831.29550000,5181955.57600000,1.22167880,45.82376374
87085_4265_00006,rue Porte-Bonheur,6,,ON0396,1561836.92150000,5181963.24890000,1.22174898,45.82383389
87085_4265_00007,rue Porte-Bonheur,7,,ON0406,1561823.94990000,5181970.30820000,1.22158006,45.82389479
87085_4265_00008,rue Porte-Bonheur,8,,ON0395,1561831.84530000,5181973.69550000,1.22168067,45.82392684
87085_4265_00010,rue Porte-Bonheur,10,,ON0394,1561828.47460000,5181980.71040000,1.22163529,45.82398927
87085_4265_00011,rue Porte-Bonheur,11,,ON0408,1561811.56770000,5181995.71340000,1.22141344,45.82412083
87085_4265_00012,rue Porte-Bonheur,12,,ON0393,1561824.45100000,5181991.37820000,1.22158045,45.82408442
87085_4265_00013,rue Porte-Bonheur,13,,ON0409,1561802.57650000,5182013.54790000,1.22129263,45.82427946
87085_4265_00014,rue Porte-Bonheur,14,,ON0505,1561814.06060000,5182009.88410000,1.22144145,45.82424881
87085_4265_00014_b,rue Porte-Bonheur,14,b,ON0506,1561810.11260000,5182019.03240000,1.22138802,45.82433031
87085_4265_00015,rue Porte-Bonheur,15,,ON0412,1561794.78800000,5182029.83010000,1.22118774,45.82442436
87085_4265_00017,rue Porte-Bonheur,17,,ON0413,1561788.66860000,5182041.78960000,1.22110557,45.82453071
87085_4265_00018,rue Porte-Bonheur,18,,ON0390,1561797.76580000,5182044.13090000,1.22122195,45.82455360
87085_4265_00019,rue Porte-Bonheur,19,,ON0501,1561784.79710000,5182050.18610000,1.22105334,45.82460546
87085_4265_00023,rue Porte-Bonheur,23,,ON0417,1561776.36460000,5182067.66770000,1.22093982,45.82476102
87085_4270_00001,rue Porte Panet,1,,EO0169,1565462.54460000,5182562.63500000,1.26823056,45.82994447
87085_4270_00003,rue Porte Panet,3,,EO0170,1565458.52850000,5182557.49010000,1.26818032,45.82989740
87085_4270_00004,rue Porte Panet,4,,EO0103,1565461.21980000,5182577.38710000,1.26820939,45.83007691
87085_4270_00005,rue Porte Panet,5,,EO0357,1565455.22020000,5182552.98830000,1.26813901,45.82985626
87085_4270_00005_bis,rue Porte Panet,5,bis,EO0358,1565451.54360000,5182546.73720000,1.26809345,45.82979930
87085_4270_00006,rue Porte Panet,6,,EO0102,1565457.56440000,5182571.11890000,1.26816410,45.83001981
87085_4270_00007,rue Porte Panet,7,,EO0173,1565447.90610000,5182539.94540000,1.26804855,45.82973750
87085_4270_00008,rue Porte Panet,8,,EO0101,1565453.99890000,5182565.25400000,1.26811986,45.82996635
87085_4270_00009,rue Porte Panet,9,,EO0174,1565442.49150000,5182530.08650000,1.26798163,45.82964775
87085_4270_00010,rue Porte Panet,10,,EO0100,1565450.28250000,5182558.97980000,1.26807380,45.82990919
87085_4270_00011,rue Porte Panet,11,,EO0273,1565434.37160000,5182520.86640000,1.26787972,45.82956322
87085_4270_00012,rue Porte Panet,12,,EO0319,1565443.87330000,5182548.24780000,1.26799433,45.82981139
87085_4270_00013,rue Porte Panet,13,,EO0177,1565424.52240000,5182515.48160000,1.26775449,45.82951285
87085_4270_00013_bis,rue Porte Panet,13,bis,EO0355,1565415.09290000,5182510.47590000,1.26763456,45.82946598
87085_4270_00015,rue Porte Panet,15,,EO0306,1565409.63220000,5182507.62420000,1.26756509,45.82943926
87085_4270_00016,rue Porte Panet,16,,EO0089,1565433.98370000,5182532.27880000,1.26787154,45.82966581
87085_4270_00017,rue Porte Panet,17,,EO0183,1565403.60320000,5182502.55280000,1.26748893,45.82939246
87085_4270_00019,rue Porte Panet,19,,EO0184,1565398.73560000,5182496.09550000,1.26742810,45.82933342
87085_4270_00020,rue Porte Panet,20,,EO0087,1565423.44310000,5182523.19660000,1.26773845,45.82958204
87085_4270_00021,rue Porte Panet,21,,EO0185,1565395.45290000,5182488.81280000,1.26738790,45.82926726
87085_4270_00022,rue Porte Panet,22,,EO0086,1565416.58810000,5182519.95900000,1.26765114,45.82955158
87085_4270_00024,rue Porte Panet,24,,EO0085,1565412.95930000,5182516.95830000,1.26760529,45.82952388
87085_4270_00026,rue Porte Panet,26,,EO0084,1565407.58380000,5182514.07750000,1.26753692,45.82949691
87085_4270_00028,rue Porte Panet,28,,EO0323,1565397.72660000,5182507.40120000,1.26741195,45.82943492
87085_4270_00032,rue Porte Panet,32,,EO0081,1565385.78260000,5182501.80970000,1.26725982,45.82938229
87085_4270_00036,rue Porte Panet,36,,EO0077,1565371.29570000,5182494.83430000,1.26707536,45.82931670
87085_4270_00038,rue Porte Panet,38,,EO0076,1565366.47290000,5182493.27030000,1.26701374,45.82930169
87085_4270_00040,rue Porte Panet,40,,EO0075,1565361.84560000,5182491.28440000,1.26695475,45.82928292
87085_4270_00042,rue Porte Panet,42,,EO0074,1565357.46090000,5182489.19090000,1.26689892,45.82926323
87085_4275_00006,rue Porte-Tourny,6,,DW0227,1564933.24670000,5182752.06290000,1.26136637,45.83154474
87085_4290_00001,rue Pothier,1,,BP0559,1563687.69680000,5185043.01280000,1.24468851,45.85190733
87085_4290_00002,rue Pothier,2,,BP0155,1563691.02400000,5185029.01650000,1.24473531,45.85178209
87085_4290_00004,rue Pothier,4,,BP0154,1563700.07860000,5185034.35900000,1.24485036,45.85183194
87085_4290_00005,rue Pothier,5,,BP0474,1563709.49300000,5185055.40760000,1.24496558,45.85202315
87085_4290_00006,rue Pothier,6,,BP0153,1563711.98840000,5185041.80520000,1.24500156,45.85190129
87085_4290_00008,rue Pothier,8,,BP0152,1563721.49180000,5185047.39400000,1.24512231,45.85195344
87085_4290_00010,rue Pothier,10,,BP0498,1563728.65550000,5185051.82430000,1.24521327,45.85199472
87085_4290_00012,rue Pothier,12,,BP0150,1563737.71170000,5185057.17850000,1.24532833,45.85204468
87085_4290_00014,rue Pothier,14,,BP0149,1563747.22690000,5185062.81850000,1.24544922,45.85209730
87085_4290_00015,rue Pothier,15,,BP0466,1563757.76120000,5185083.09710000,1.24557908,45.85228180
87085_4290_00016,rue Pothier,16,,BP0148,1563757.46930000,5185068.94470000,1.24557934,45.85215443
87085_4290_00018,rue Pothier,18,,BP0147,1563766.51730000,5185074.36960000,1.24569427,45.85220503
87085_4290_00020,rue Pothier,20,,BP0521,1563779.86700000,5185082.30790000,1.24586387,45.85227908
87085_4290_00021,rue Pothier,21,,BP0525,1563787.70490000,5185104.82990000,1.24595838,45.85248323
87085_4290_00022,rue Pothier,22,,BP0520,1563797.66460000,5185090.22160000,1.24609074,45.85235380
87085_4290_00023,rue Pothier,23,,BP0514,1563803.52250000,5185114.09740000,1.24615938,45.85256973
87085_4290_00024,rue Pothier,24,,BP0519,1563815.09630000,5185100.34010000,1.24631227,45.85244827
87085_4290_00025,rue Pothier,25,,BP0515,1563821.64050000,5185124.66160000,1.24638962,45.85266835
87085_4290_00026,rue Pothier,26,,BP0518,1563831.24010000,5185109.79270000,1.24651741,45.85253650
87085_4290_00027,rue Pothier,27,,BP0516,1563837.23870000,5185133.73100000,1.24658785,45.85275303
87085_4290_00028,rue Pothier,28,,BP0517,1563848.66900000,5185119.91120000,1.24673891,45.85263097
87085_4300_00002,rue Poussin,2,,BE0299,1564039.09270000,5183673.19800000,1.24959961,45.83965468
87085_4300_00004,rue Poussin,4,,BE0300,1564035.42320000,5183685.51690000,1.24954890,45.83976477
87085_4300_00005,rue Poussin,5,,BE0314,1564020.95150000,5183696.25060000,1.24935961,45.83985846
87085_4300_00006,rue Poussin,6,,BE0301,1564032.63550000,5183696.50460000,1.24950991,45.83986306
87085_4300_00007,rue Poussin,7,,BE0313,1564019.34320000,5183702.31340000,1.24933720,45.83991268
87085_4300_00008,rue Poussin,8,,BE0302,1564029.89680000,5183705.23620000,1.24947220,45.83994106
87085_4300_00009,rue Poussin,9,,BE0312,1564017.07250000,5183709.86120000,1.24930584,45.83998013
87085_4300_00010,rue Poussin,10,,BE0303,1564027.57790000,5183713.72310000,1.24943995,45.84001695
87085_4300_00012,rue Poussin,12,,BE0304,1564023.88190000,5183726.52840000,1.24938876,45.84013141
87085_4300_00016,rue Poussin,16,,BE0305,1564020.01020000,5183740.32900000,1.24933502,45.84025479
87085_4344_00016,rue Professeur Bernard Descottes,16,,NO1047,1562913.05330000,5180906.24040000,1.23589624,45.81454084
87085_4347_00001,rue Professeur Joliet,1,,PZ0025,1561966.66780000,5184252.14040000,1.22276111,45.84444966
87085_4347_00003,rue Professeur Joliet,3,,PZ0024,1561974.69040000,5184268.67110000,1.22285962,45.84459997
87085_4347_00004,rue Professeur Joliet,4,,PZ0045,1561987.42560000,5184272.34680000,1.22302249,45.84463559
87085_4347_00005,rue Professeur Joliet,5,,PZ0023,1561984.38500000,5184289.81470000,1.22297833,45.84479211
87085_4347_00006,rue Professeur Joliet,6,,PZ0046,1561996.71150000,5184292.34860000,1.22313626,45.84481738
87085_4347_00007,rue Professeur Joliet,7,,PZ0068,1561974.11700000,5184319.36710000,1.22283768,45.84505589
87085_4347_00020,rue Professeur Joliet,20,,PY0027,1561892.92760000,5184375.90050000,1.22177642,45.84554813
87085_4347_00021,rue Professeur Joliet,21,,PZ0063,1561860.01520000,5184381.87500000,1.22135100,45.84559500
87085_4345_00003,rue Professeur Leveuf,3,,CN0721,1566101.32500000,5184225.40510000,1.27598718,45.84502679
87085_4345_00008,rue Professeur Leveuf,8,,CN0232,1566100.19590000,5184249.91680000,1.27596582,45.84524706
87085_4345_00009,rue Professeur Leveuf,9,,CN0278,1566087.88410000,5184245.72510000,1.27580851,45.84520696
87085_4345_00010,rue Professeur Leveuf,10,,CN0231,1566091.79030000,5184262.98630000,1.27585398,45.84536300
87085_4345_00011,rue Professeur Leveuf,11,,CN0279,1566080.73130000,5184256.03440000,1.27571357,45.84529830
87085_4345_00013,rue Professeur Leveuf,13,,CN0280,1566075.84760000,5184263.16080000,1.27564872,45.84536146
87085_4345_00014,rue Professeur Leveuf,14,,CN0435,1566082.91840000,5184276.88780000,1.27573591,45.84548632
87085_4345_00015,rue Professeur Leveuf,15,,CN0506,1566039.42090000,5184250.19830000,1.27518347,45.84523776
87085_4345_00015_bis,rue Professeur Leveuf,15,bis,CN0436,1566070.13140000,5184271.13420000,1.27557293,45.84543207
87085_4345_00016,rue Professeur Leveuf,16,,CN0229,1566077.59710000,5184285.66530000,1.27566497,45.84556424
87085_4345_00017,rue Professeur Leveuf,17,,CN0282,1566063.65920000,5184281.51770000,1.27548672,45.84552422
87085_4345_00018,rue Professeur Leveuf,18,,CN0228,1566071.97330000,5184294.13880000,1.27559022,45.84563937
87085_4345_00019,rue Professeur Leveuf,19,,CN0283,1566058.27260000,5184290.06060000,1.27541501,45.84560002
87085_4345_00020,rue Professeur Leveuf,20,,CN0227,1566064.68550000,5184305.74480000,1.27549318,45.84574235
87085_4345_00021,rue Professeur Leveuf,21,,CN0284,1566055.03500000,5184295.23830000,1.27537189,45.84564596
87085_4345_00022,rue Professeur Leveuf,22,,CN0226,1566055.98530000,5184318.94940000,1.27537751,45.84585944
87085_4345_00023,rue Professeur Leveuf,23,,CN0541,1566050.11190000,5184302.90290000,1.27530639,45.84571395
87085_4345_00024,rue Professeur Leveuf,24,,CN0225,1566048.45930000,5184330.81300000,1.27527734,45.84596470
87085_4345_00025,rue Professeur Leveuf,25,,CN0540,1566043.00170000,5184314.68540000,1.27521158,45.84581856
87085_4345_00026,rue Professeur Leveuf,26,,CN0765,1566042.45750000,5184341.87170000,1.27519700,45.84606301
87085_4345_00026_b,rue Professeur Leveuf,26,b,CN0764,1566038.66830000,5184346.05150000,1.27514706,45.84609987
87085_4345_00027,rue Professeur Leveuf,27,,CN0286,1566036.88670000,5184324.44620000,1.27513015,45.84590517
87085_4345_00028,rue Professeur Leveuf,28,,CN0763,1566036.32950000,5184350.23740000,1.27511579,45.84613707
87085_4345_00029,rue Professeur Leveuf,29,,CN0287,1566030.40310000,5184334.99820000,1.27504375,45.84599883
87085_4345_00030,rue Professeur Leveuf,30,,CN0223,1566030.48050000,5184359.61060000,1.27503789,45.84622025
87085_4355_00001,rue Proudhon,1,,EL0863,1565930.78100000,5183031.11220000,1.27412518,45.83425015
87085_4355_00007,rue Proudhon,7,,EL0129,1565976.40180000,5182999.15320000,1.27472118,45.83397155
87085_4355_00009,rue Proudhon,9,,EL0759,1565985.23230000,5182993.14180000,1.27483650,45.83391920
87085_4430_00005,rue Quesnay,5,,HP0072,1565313.66660000,5180328.89880000,1.26694034,45.80982148
87085_4435_00002,rue Rabelais,2,,EL0099,1566156.20200000,5183498.31180000,1.27689603,45.83849681
87085_4435_00004,rue Rabelais,4,,EL0099,1566145.63740000,5183512.39810000,1.27675614,45.83862147
87085_4435_00005_bis,rue Rabelais,5,bis,EL0049,1566168.45790000,5183461.06650000,1.27706413,45.83816415
87085_4435_00006,rue Rabelais,6,,EL0623,1566138.00870000,5183522.49610000,1.27665514,45.83871083
87085_4435_00007,rue Rabelais,7,,EL0050,1566164.22930000,5183466.91190000,1.27700808,45.83821591
87085_4435_00009,rue Rabelais,9,,EL0051,1566159.95700000,5183472.47970000,1.27695155,45.83826517
87085_4435_00010,rue Rabelais,10,,EL0097,1566119.68140000,5183546.80780000,1.27641250,45.83892596
87085_4435_00011,rue Rabelais,11,,EL0052,1566155.62530000,5183478.28150000,1.27689418,45.83831652
87085_4435_00012,rue Rabelais,12,,EL0096,1566112.70020000,5183556.37910000,1.27631998,45.83901070
87085_4435_00013,rue Rabelais,13,,EL0053,1566151.38700000,5183483.93000000,1.27683806,45.83836650
87085_4435_00014,rue Rabelais,14,,EL0095,1566105.68780000,5183565.51220000,1.27622719,45.83909149
87085_4435_00015,rue Rabelais,15,,EL0054,1566145.79050000,5183491.42500000,1.27676395,45.83843284
87085_4435_00016,rue Rabelais,16,,EL0093,1566099.60020000,5183573.55580000,1.27614660,45.83916266
87085_4435_00017,rue Rabelais,17,,EL0055,1566141.75440000,5183496.88010000,1.27671048,45.83848112
87085_4435_00018,rue Rabelais,18,,EL0091,1566089.30520000,5183587.09870000,1.27601033,45.83928248
87085_4435_00019,rue Rabelais,19,,EL0056,1566136.32570000,5183504.11240000,1.27663860,45.83854513
87085_4435_00020,rue Rabelais,20,,EL0088,1566081.68150000,5183597.25910000,1.27590938,45.83937240
87085_4435_00021,rue Rabelais,21,,EL0057,1566131.11960000,5183510.93700000,1.27656970,45.83860550
87085_4435_00022,rue Rabelais,22,,EL0087,1566072.30490000,5183609.50510000,1.27578529,45.83948073
87085_4435_00023,rue Rabelais,23,,EL0058,1566125.77130000,5183518.12700000,1.27649886,45.83866914
87085_4435_00025,rue Rabelais,25,,EL0059,1566119.97260000,5183525.85310000,1.27642208,45.83873751
87085_4435_00026,rue Rabelais,26,,EL0084,1566050.20350000,5183638.62200000,1.27549272,45.83973835
87085_4435_00027,rue Rabelais,27,,EL0060,1566112.94230000,5183535.09890000,1.27632903,45.83881932
87085_4435_00028,rue Rabelais,28,,EL0083,1566041.30950000,5183650.24830000,1.27537502,45.83984121
87085_4435_00029,rue Rabelais,29,,EL0061,1566104.15280000,5183546.95360000,1.27621260,45.83892424
87085_4435_00030,rue Rabelais,30,,EL0077,1566032.91500000,5183661.24170000,1.27526391,45.83993846
87085_4435_00031,rue Rabelais,31,,EL0062,1566095.62740000,5183558.19320000,1.27609975,45.83902369
87085_4435_00032,rue Rabelais,32,,EL0076,1566027.11670000,5183669.03380000,1.27518711,45.84000743
87085_4435_00033,rue Rabelais,33,,EL0063,1566084.02730000,5183573.62550000,1.27594616,45.83916026
87085_4435_00035,rue Rabelais,35,,EL0064,1566073.93370000,5183587.02930000,1.27581251,45.83927887
87085_4435_00037,rue Rabelais,37,,EL0065,1566066.95900000,5183596.38680000,1.27572014,45.83936168
87085_4435_00039,rue Rabelais,39,,EL0066,1566060.21800000,5183605.20760000,1.27563093,45.83943972
87085_4435_00041,rue Rabelais,41,,EL0067,1566055.93440000,5183610.72310000,1.27557426,45.83948850
87085_4435_00045,rue Rabelais,45,,EL0068,1566045.99870000,5183623.99970000,1.27544268,45.83960600
87085_4435_00047,rue Rabelais,47,,EL0069,1566037.63490000,5183634.86100000,1.27533201,45.83970207
87085_4435_00049,rue Rabelais,49,,EL0070,1566031.46130000,5183643.11870000,1.27525025,45.83977515
87085_4435_00051,rue Rabelais,51,,EL0580,1566022.12330000,5183655.01210000,1.27512676,45.83988032
87085_4435_00053,rue Rabelais,53,,EL0754,1566009.98080000,5183671.47350000,1.27496589,45.84002603
87085_4440_00002,rue Racine,2,,BR0419,1564444.52100000,5184562.76860000,1.25456661,45.84773691
87085_4440_00003,rue Racine,3,,BR0415,1564437.61040000,5184543.67240000,1.25448304,45.84756377
87085_4440_00003_bis,rue Racine,3,bis,BR0415,1564430.47630000,5184539.50510000,1.25439239,45.84752488
87085_4440_00005,rue Racine,5,,BR0411,1564425.42960000,5184536.17070000,1.25432837,45.84749389
87085_4440_00006,rue Racine,6,,BR0420,1564429.01860000,5184553.44780000,1.25436969,45.84765001
87085_4440_00007,rue Racine,7,,BR0410,1564418.88830000,5184532.12980000,1.25424531,45.84745625
87085_4440_00008,rue Racine,8,,BR0424,1564421.11640000,5184548.81150000,1.25426928,45.84760675
87085_4440_00009,rue Racine,9,,BR0409,1564412.62770000,5184528.23350000,1.25416582,45.84741996
87085_4440_00010,rue Racine,10,,BR0425,1564413.90900000,5184544.07050000,1.25417784,45.84756268
87085_4440_00011,rue Racine,11,,BR0408,1564404.57900000,5184523.38230000,1.25406359,45.84737474
87085_4440_00012,rue Racine,12,,BR0426,1564407.80610000,5184540.25960000,1.25410036,45.84752719
87085_4440_00012_bis,rue Racine,12,bis,BR0746,1564401.28620000,5184536.29840000,1.25401756,45.84749027
87085_4440_00013,rue Racine,13,,BR0407,1564395.70950000,5184517.92960000,1.25395096,45.84732394
87085_4440_00014,rue Racine,14,,BR0428,1564392.22410000,5184530.67020000,1.25390250,45.84743786
87085_4440_00015,rue Racine,15,,BR0406,1564387.39010000,5184512.70880000,1.25384534,45.84727533
87085_4440_00016,rue Racine,16,,BR0429,1564383.97990000,5184525.55070000,1.25379782,45.84739018
87085_4440_00017,rue Racine,17,,BR0405,1564376.98160000,5184506.42640000,1.25371314,45.84721676
87085_4440_00018,rue Racine,18,,BR0430,1564375.06850000,5184520.39350000,1.25368457,45.84734203
87085_4440_00019,rue Racine,19,,BR0697,1564363.81010000,5184498.21910000,1.25354592,45.84714034
87085_4440_00020,rue Racine,20,,BR0431,1564367.32420000,5184515.32740000,1.25358632,45.84729493
87085_4440_00021,rue Racine,21,,BR0403,1564356.65490000,5184493.99640000,1.25345501,45.84710094
87085_4440_00022,rue Racine,22,,BR0432,1564359.38130000,5184510.50350000,1.25348544,45.84724997
87085_4440_00023,rue Racine,23,,BR0402,1564347.90380000,5184488.42780000,1.25334394,45.84704912
87085_4440_00024,rue Racine,24,,BR0433,1564353.14100000,5184506.72450000,1.25340618,45.84721474
87085_4440_00025,rue Racine,25,,BR0401,1564338.34490000,5184482.42660000,1.25322259,45.84699325
87085_4440_00026,rue Racine,26,,BR0434,1564343.54310000,5184500.67610000,1.25328435,45.84715844
87085_4440_00027,rue Racine,27,,BR0400,1564327.73990000,5184476.10830000,1.25308787,45.84693432
87085_4440_00028,rue Racine,28,,BR0435,1564334.30440000,5184495.01170000,1.25316703,45.84710566
87085_4440_00029,rue Racine,29,,BR0399,1564320.73260000,5184471.70250000,1.25299891,45.84689331
87085_4440_00030,rue Racine,30,,BR0436,1564323.36760000,5184488.34430000,1.25302813,45.84704353
87085_4440_00031,rue Racine,31,,BR0398,1564311.74870000,5184466.20610000,1.25288483,45.84684209
87085_4440_00032,rue Racine,32,,BR0437,1564312.06970000,5184481.41970000,1.25288466,45.84697901
87085_4440_00033,rue Racine,33,,BR0397,1564302.93820000,5184460.64800000,1.25277299,45.84679035
87085_4440_00034,rue Racine,34,,BR0439,1564301.73200000,5184474.85610000,1.25275345,45.84691792
87085_4440_00036,rue Racine,36,,BR0440,1564290.19000000,5184467.76050000,1.25260689,45.84685182
87085_4440_00038,rue Racine,38,,BR0441,1564280.69100000,5184461.89450000,1.25248628,45.84679717
87085_4445_00002,rue Rafilhoux,2,,DY0237,1564886.98350000,5182647.27200000,1.26080049,45.83059300
87085_4445_00003,rue Rafilhoux,3,,EH0001,1564871.02690000,5182593.86080000,1.26061017,45.83010939
87085_4445_00004,rue Rafilhoux,4,,DY0236,1564882.57240000,5182640.41200000,1.26074566,45.83053042
87085_4445_00006,rue Rafilhoux,6,,DY0235,1564880.11080000,5182636.49230000,1.26071508,45.83049468
87085_4445_00008,rue Rafilhoux,8,,DY0234,1564877.42280000,5182632.89880000,1.26068150,45.83046182
87085_4445_00010,rue Rafilhoux,10,,DY0233,1564875.00790000,5182628.99060000,1.26065153,45.83042619
87085_4445_00012,rue Rafilhoux,12,,DY0230,1564872.93430000,5182622.94060000,1.26062654,45.83037136
87085_4445_00014,rue Rafilhoux,14,,DY0229,1564869.52150000,5182616.95190000,1.26058431,45.83031682
87085_4445_00016,rue Rafilhoux,16,,DY0226,1564865.39840000,5182610.38690000,1.26053310,45.83025695
87085_4445_00018,rue Rafilhoux,18,,DY0225,1564862.80600000,5182606.04660000,1.26050096,45.83021740
87085_4445_00020,rue Rafilhoux,20,,DY0224,1564859.96460000,5182601.03590000,1.26046581,45.83017177
87085_4445_00022,rue Rafilhoux,22,,DY0223,1564855.30850000,5182596.20180000,1.26040725,45.83012736
87085_2796_00001,rue Raimu,1,,SR0087,1567221.31600000,5186364.14100000,1.28981199,45.86448328
87085_2796_00002,rue Raimu,2,,SR0065,1567247.52240000,5186373.03780000,1.29014697,45.86456838
87085_2796_00003,rue Raimu,3,,SR0088,1567215.14860000,5186355.58870000,1.28973495,45.86440516
87085_2796_00004,rue Raimu,4,,SR0066,1567227.19320000,5186387.82650000,1.28988112,45.86469748
87085_2796_00005,rue Raimu,5,,SR0086,1567202.19370000,5186352.79740000,1.28956891,45.86437755
87085_2796_00006,rue Raimu,6,,SR0076,1567199.93380000,5186407.52820000,1.28952468,45.86486945
87085_2796_00007,rue Raimu,7,,SR0084,1567182.27140000,5186355.04080000,1.28931177,45.86439388
87085_2796_00008,rue Raimu,8,,SR0075,1567186.35460000,5186415.70980000,1.28934757,45.86494042
87085_2796_00009,rue Raimu,9,,SR0083,1567164.16100000,5186357.16320000,1.28907800,45.86440947
87085_2796_00010,rue Raimu,10,,SR0074,1567168.78520000,5186418.67340000,1.28912052,45.86496369
87085_2796_00011,rue Raimu,11,,SR0079,1567142.53260000,5186359.69250000,1.28879881,45.86442804
87085_2796_00012,rue Raimu,12,,SR0073,1567147.72280000,5186419.14180000,1.28884919,45.86496383
87085_2796_00014,rue Raimu,14,,SR0018,1567122.27580000,5186399.15000000,1.28852706,45.86477907
87085_2796_00015,rue Raimu,15,,SR0080,1567124.15310000,5186327.76890000,1.28857099,45.86413732
87085_2796_00016,rue Raimu,16,,SR0017,1567117.88970000,5186380.09990000,1.28847586,45.86460685
87085_2796_00018,rue Raimu,18,,SR0016,1567115.21960000,5186359.98610000,1.28844704,45.86442540
87085_2796_00019,rue Raimu,19,,SR0095,1567113.06230000,5186269.37630000,1.28844434,45.86360989
87085_2796_00020,rue Raimu,20,,SR0015,1567112.43070000,5186338.83330000,1.28841699,45.86423458
87085_2796_00021,rue Raimu,21,,SR0096,1567117.24060000,5186241.45570000,1.28850587,45.86335954
87085_2796_00022,rue Raimu,22,,SR0014,1567110.01920000,5186319.90220000,1.28839118,45.86406382
87085_2796_00023,rue Raimu,23,,SR0097,1567125.35070000,5186222.64740000,1.28861549,45.86319191
87085_2796_00024,rue Raimu,24,,SR0013,1567107.47310000,5186300.47060000,1.28836377,45.86388853
87085_2796_00025,rue Raimu,25,,SR0098,1567125.65690000,5186208.42730000,1.28862337,45.86306405
87085_2796_00026,rue Raimu,26,,SR0012,1567104.80930000,5186280.50350000,1.28833500,45.86370839
87085_2796_00027,rue Raimu,27,,SR0099,1567116.57540000,5186188.84560000,1.28851186,45.86288615
87085_2796_00028,rue Raimu,28,,SR0011,1567102.33390000,5186260.78940000,1.28830858,45.86353057
87085_2796_00029,rue Raimu,29,,SR0100,1567106.55070000,5186171.46290000,1.28838760,45.86272784
87085_2796_00030,rue Raimu,30,,SR0010,1567103.34890000,5186243.03870000,1.28832656,45.86337109
87085_2796_00031,rue Raimu,31,,SR0101,1567094.44670000,5186151.05690000,1.28823740,45.86254194
87085_2796_00032,rue Raimu,32,,SR0009,1567108.82650000,5186230.98430000,1.28840043,45.86326371
87085_2796_00033,rue Raimu,33,,SR0102,1567083.41170000,5186132.42680000,1.28810047,45.86237221
87085_2796_00034,rue Raimu,34,,SR0008,1567110.17110000,5186201.49390000,1.28842590,45.86299869
87085_2796_00035,rue Raimu,35,,SR0103,1567075.68430000,5186109.48570000,1.28800733,45.86216435
87085_2796_00036,rue Raimu,36,,SR0007,1567100.87580000,5186185.69400000,1.28831059,45.86285476
87085_2796_00037,rue Raimu,37,,SR0001,1567068.29360000,5186095.90660000,1.28791593,45.86204077
87085_2796_00038,rue Raimu,38,,SR0006,1567089.96350000,5186167.24240000,1.28817519,45.86268667
87085_2796_00039,rue Raimu,39,,SR0002,1567058.07460000,5186094.46720000,1.28778475,45.86202584
87085_2796_00040,rue Raimu,40,,SR0005,1567079.68510000,5186149.85770000,1.28804766,45.86252830
87085_2796_00041,rue Raimu,41,,SR0003,1567055.73370000,5186102.07370000,1.28775251,45.86209382
87085_2796_00042,rue Raimu,42,,SR0004,1567066.04600000,5186126.57370000,1.28787850,45.86231620
87085_4472_00002,rue Raoul Monribot,2,,EX0345,1565864.52020000,5180632.41790000,1.27394153,45.81265945
87085_4472_00003,rue Raoul Monribot,3,,EX0347,1565882.96050000,5180627.51500000,1.27418011,45.81261894
87085_4472_00004,rue Raoul Monribot,4,,EX0344,1565883.81200000,5180609.22450000,1.27419617,45.81245457
87085_4472_00005,rue Raoul Monribot,5,,EX0348,1565894.02620000,5180614.68620000,1.27432604,45.81250569
87085_4472_00006,rue Raoul Monribot,6,,EX0343,1565902.00740000,5180587.87440000,1.27443618,45.81226606
87085_4472_00007,rue Raoul Monribot,7,,EX0349,1565903.95440000,5180603.21110000,1.27445695,45.81240440
87085_4472_00009,rue Raoul Monribot,9,,EX0350,1565913.65090000,5180591.64980000,1.27458491,45.81230229
87085_4475_00006,rue Raphaël,6,,CR0395,1566511.91380000,5183808.39980000,1.28138791,45.84135540
87085_4475_00007,rue Raphaël,7,,CR0423,1566510.00670000,5183823.43410000,1.28135900,45.84149000
87085_4475_00009,rue Raphaël,9,,CR0232,1566516.96250000,5183832.57690000,1.28144617,45.84157387
87085_4475_00010,rue Raphaël,10,,CR0391,1566524.93420000,5183825.64430000,1.28155070,45.84151305
87085_4475_00011,rue Raphaël,11,,CR0232,1566526.57040000,5183845.30750000,1.28156630,45.84169025
87085_4475_00013,rue Raphaël,13,,CR0177,1566533.66540000,5183854.22440000,1.28165514,45.84177184
87085_4475_00015,rue Raphaël,15,,CR0176,1566542.89370000,5183866.65730000,1.28177046,45.84188547
87085_4475_00016,rue Raphaël,16,,CR0163,1566545.34860000,5183852.26320000,1.28180606,45.84175647
87085_4475_00018,rue Raphaël,18,,CR0164,1566550.97030000,5183859.42330000,1.28187642,45.84182197
87085_4475_00019,rue Raphaël,19,,CR0175,1566553.48640000,5183880.65120000,1.28190291,45.84201341
87085_4475_00020,rue Raphaël,20,,CR0165,1566555.47970000,5183865.41100000,1.28193280,45.84187671
87085_4475_00021,rue Raphaël,21,,CR0174,1566557.80110000,5183886.52710000,1.28195681,45.84206711
87085_4475_00022,rue Raphaël,22,,CR0166,1566561.50890000,5183873.41210000,1.28200818,45.84194985
87085_4475_00023,rue Raphaël,23,,CR0173,1566562.18550000,5183892.10160000,1.28201170,45.84211811
87085_4475_00024,rue Raphaël,24,,CR0167,1566568.58260000,5183882.83390000,1.28209661,45.84203598
87085_4475_00025,rue Raphaël,25,,CR0172,1566566.57890000,5183897.77280000,1.28206667,45.84216997
87085_4475_00026,rue Raphaël,26,,CR0168,1566574.40610000,5183890.65380000,1.28216939,45.84210745
87085_4475_00027,rue Raphaël,27,,CR0171,1566570.73800000,5183903.26060000,1.28211868,45.84222015
87085_4475_00028,rue Raphaël,28,,CR0032,1566587.56570000,5183908.84760000,1.28233371,45.84227367
87085_4475_00030,rue Raphaël,30,,CR0031,1566594.76140000,5183922.29900000,1.28242259,45.84239607
87085_4475_00032,rue Raphaël,32,,CR0030,1566606.44180000,5183936.28340000,1.28256905,45.84252414
87085_4475_00033,rue Raphaël,33,,CR0027,1566599.44440000,5183939.34800000,1.28247814,45.84255035
87085_4475_00035,rue Raphaël,35,,CR0026,1566605.70950000,5183946.41120000,1.28255681,45.84261510
87085_4475_00037,rue Raphaël,37,,CR0025,1566614.55140000,5183956.66540000,1.28266777,45.84270906
87085_4475_00039,rue Raphaël,39,,CR0024,1566620.66680000,5183963.56100000,1.28274457,45.84277227
87085_4475_00040,rue Raphaël,40,,CR0335,1566625.23520000,5183958.18450000,1.28280486,45.84272480
87085_4475_00041,rue Raphaël,41,,CR0371,1566628.18760000,5183972.11380000,1.28283899,45.84285067
87085_4475_00043,rue Raphaël,43,,CR0221,1566632.42570000,5183976.93560000,1.28289220,45.84289487
87085_4475_00044,rue Raphaël,44,,CR0413,1566661.41630000,5183965.49010000,1.28326852,45.84279753
87085_4475_00045,rue Raphaël,45,,CR0220,1566638.35780000,5183983.91470000,1.28296662,45.84295880
87085_4475_00046,rue Raphaël,46,,CR0414,1566682.37100000,5183979.80460000,1.28353425,45.84293036
87085_4475_00047,rue Raphaël,47,,CR0326,1566650.71120000,5183995.33040000,1.28312245,45.84306389
87085_4475_00048,rue Raphaël,48,,CR0415,1566675.53510000,5183993.32880000,1.28344252,45.84305070
87085_4480_00001,rue Raspail,1,,EH0115,1565102.56710000,5182465.78630000,1.26362556,45.82900274
87085_4480_00002,rue Raspail,2,,EH0047,1565110.96280000,5182469.59660000,1.26373253,45.82903866
87085_4480_00003,rue Raspail,3,,EH0114,1565097.67980000,5182472.30400000,1.26356085,45.82906041
87085_4480_00004,rue Raspail,4,,EH0048,1565104.94350000,5182476.61980000,1.26365310,45.82910066
87085_4480_00005,rue Raspail,5,,EH0113,1565094.47590000,5182476.27450000,1.26351851,45.82909550
87085_4480_00006,rue Raspail,6,,EH0049,1565098.26780000,5182484.44850000,1.26356500,45.82916978
87085_4480_00007,rue Raspail,7,,EH0112,1565092.13060000,5182478.93920000,1.26348758,45.82911901
87085_4480_00008,rue Raspail,8,,EH0195,1565092.64730000,5182491.11390000,1.26349081,45.82922863
87085_4480_00009,rue Raspail,9,,EH0111,1565088.66370000,5182482.96650000,1.26344184,45.82915456
87085_4480_00010,rue Raspail,10,,EH0197,1565089.51630000,5182494.82990000,1.26344948,45.82926145
87085_4480_00011,rue Raspail,11,,EH0110,1565085.25910000,5182487.38290000,1.26339679,45.82919362
87085_4480_00012,rue Raspail,12,,EH0204,1565086.53290000,5182498.55110000,1.26341005,45.82929434
87085_4480_00013,rue Raspail,13,,EH0109,1565083.10070000,5182489.49400000,1.26336842,45.82921219
87085_4480_00014,rue Raspail,14,,EH0206,1565083.04800000,5182502.23430000,1.26336417,45.82932678
87085_4480_00015,rue Raspail,15,,EH0108,1565080.38180000,5182492.57950000,1.26333257,45.82923941
87085_4480_00016,rue Raspail,16,,EH0201,1565079.09360000,5182506.56250000,1.26331207,45.82936494
87085_4480_00017,rue Raspail,17,,EH0107,1565077.16010000,5182496.37890000,1.26329005,45.82927296
87085_4480_00018,rue Raspail,18,,EH0056,1565076.12100000,5182510.51490000,1.26327271,45.82939991
87085_4480_00019,rue Raspail,19,,EH0106,1565073.63610000,5182500.16150000,1.26324364,45.82930629
87085_4480_00020,rue Raspail,20,,EH0057,1565074.01220000,5182512.94890000,1.26324489,45.82942140
87085_4480_00021,rue Raspail,21,,EH0105,1565070.10150000,5182504.46650000,1.26319695,45.82934432
87085_4480_00022,rue Raspail,22,,EH0058,1565072.47940000,5182514.90320000,1.26322462,45.82943868
87085_4480_00023,rue Raspail,23,,EH0104,1565066.74410000,5182508.52480000,1.26315261,45.82938017
87085_4480_00024,rue Raspail,24,,EH0059,1565069.97690000,5182517.64830000,1.26319165,45.82946288
87085_4480_00025,rue Raspail,25,,EH0212,1565061.36900000,5182514.87350000,1.26308166,45.82943623
87085_4480_00026,rue Raspail,26,,EH0060,1565067.66260000,5182520.17200000,1.26316116,45.82948513
87085_4480_00027,rue Raspail,27,,EH0102,1565055.85400000,5182521.57790000,1.26300881,45.82949546
87085_4480_00028,rue Raspail,28,,EH0061,1565065.41080000,5182523.01520000,1.26313138,45.82951026
87085_4480_00029,rue Raspail,29,,EH0100,1565052.66640000,5182524.69780000,1.26296692,45.82952290
87085_4480_00030,rue Raspail,30,,EH0063,1565062.96330000,5182525.88790000,1.26309908,45.82953562
87085_4480_00032,rue Raspail,32,,EH0063,1565058.59550000,5182530.85960000,1.26304148,45.82957949
87085_4482_00003,rue Raymond Couraud,3,,DM0145,1564385.42450000,5182672.51750000,1.25433927,45.83072137
87085_4482_00006,rue Raymond Couraud,6,,DM0099,1564359.53520000,5182685.05190000,1.25400259,45.83082902
87085_4481_00004,rue Raymond Couty,4,,PB0026,1560481.39540000,5182234.18680000,1.20422973,45.82599748
87085_4481_00006,rue Raymond Couty,6,,PB0025,1560501.82530000,5182228.08940000,1.20449437,45.82594678
87085_4481_00008,rue Raymond Couty,8,,PB0024,1560517.80390000,5182223.49790000,1.20470130,45.82590872
87085_4481_00009,rue Raymond Couty,9,,PB0030,1560561.77260000,5182221.87530000,1.20526750,45.82590303
87085_4481_00010,rue Raymond Couty,10,,PB0023,1560532.41080000,5182219.27940000,1.20489046,45.82587373
87085_4481_00011,rue Raymond Couty,11,,PB0031,1560583.59190000,5182215.99740000,1.20554995,45.82585458
87085_4481_00012,rue Raymond Couty,12,,PB0022,1560551.28330000,5182213.61640000,1.20513493,45.82582662
87085_4481_00013,rue Raymond Couty,13,,PB0032,1560607.10600000,5182219.52970000,1.20585148,45.82589112
87085_4481_00014,rue Raymond Couty,14,,PB0021,1560570.10810000,5182208.26030000,1.20537870,45.82578225
87085_4481_00015,rue Raymond Couty,15,,PB0033,1560627.24120000,5182236.01040000,1.20610578,45.82604346
87085_4481_00016,rue Raymond Couty,16,,PB0020,1560588.85230000,5182204.68510000,1.20562092,45.82575389
87085_4481_00017,rue Raymond Couty,17,,PB0034,1560643.97410000,5182252.18220000,1.20631639,45.82619232
87085_4481_00018,rue Raymond Couty,18,,PB0019,1560605.15200000,5182207.28090000,1.20582989,45.82578054
87085_4481_00019,rue Raymond Couty,19,,PB0035,1560658.40420000,5182266.17100000,1.20649801,45.82632108
87085_4481_00020,rue Raymond Couty,20,,PB0018,1560618.65250000,5182213.57910000,1.20600177,45.82583994
87085_4481_00021,rue Raymond Couty,21,,PB0036,1560672.05070000,5182279.58850000,1.20666971,45.82644454
87085_4481_00022,rue Raymond Couty,22,,PB0017,1560633.93370000,5182227.26420000,1.20619442,45.82596614
87085_4481_00023,rue Raymond Couty,23,,PB0037,1560693.84670000,5182301.36850000,1.20694385,45.82664488
87085_4481_00024,rue Raymond Couty,24,,PB0016,1560647.75840000,5182240.75260000,1.20636840,45.82609027
87085_4481_00025,rue Raymond Couty,25,,PB0038,1560678.49060000,5182329.36110000,1.20673815,45.82689357
87085_4481_00026,rue Raymond Couty,26,,PB0015,1560662.99730000,5182255.64940000,1.20656016,45.82622736
87085_4481_00027,rue Raymond Couty,27,,PB0039,1560662.81310000,5182340.93050000,1.20653307,45.82699447
87085_4481_00028,rue Raymond Couty,28,,PB0014,1560676.30600000,5182268.95020000,1.20672754,45.82634971
87085_4481_00029,rue Raymond Couty,29,,PB0052,1560636.51830000,5182361.25300000,1.20618885,45.82717195
87085_4481_00030,rue Raymond Couty,30,,PB0013,1560691.55990000,5182283.25410000,1.20691967,45.82648147
87085_4481_00031,rue Raymond Couty,31,,PB0053,1560625.70810000,5182372.46220000,1.20604650,45.82727059
87085_4481_00032,rue Raymond Couty,32,,PB0012,1560703.82720000,5182296.82820000,1.20707358,45.82660606
87085_4481_00033,rue Raymond Couty,33,,PB0054,1560614.24650000,5182387.33890000,1.20589471,45.82740209
87085_4481_00035,rue Raymond Couty,35,,PB0055,1560581.41610000,5182402.40850000,1.20546791,45.82753100
87085_4481_00037,rue Raymond Couty,37,,PB0056,1560566.92270000,5182394.82720000,1.20528362,45.82745986
87085_4481_00039,rue Raymond Couty,39,,PB0057,1560540.47870000,5182376.88200000,1.20494856,45.82729307
87085_4481_00041,rue Raymond Couty,41,,PB0058,1560540.42110000,5182351.11030000,1.20495530,45.82706123
87085_4481_00043,rue Raymond Couty,43,,PB0047,1560542.09670000,5182331.53300000,1.20498253,45.82688547
87085_4481_00044,rue Raymond Couty,44,,PB0009,1560600.39170000,5182416.20400000,1.20570807,45.82765894
87085_4481_00045,rue Raymond Couty,45,,PB0046,1560539.61510000,5182313.28850000,1.20495589,45.82672085
87085_4481_00046,rue Raymond Couty,46,,PB0008,1560583.41910000,5182415.56280000,1.20548987,45.82764973
87085_4481_00048,rue Raymond Couty,48,,PB0007,1560565.78660000,5182406.44870000,1.20526563,45.82756417
87085_4481_00050,rue Raymond Couty,50,,PB0006,1560549.14770000,5182397.37890000,1.20505416,45.82747921
87085_4481_00052,rue Raymond Couty,52,,PB0005,1560534.54670000,5182386.33410000,1.20486949,45.82737690
87085_4481_00054,rue Raymond Couty,54,,PB0004,1560529.11270000,5182374.21480000,1.20480309,45.82726678
87085_4481_00056,rue Raymond Couty,56,,PB0003,1560529.28880000,5182359.56440000,1.20480960,45.82713503
87085_4481_00058,rue Raymond Couty,58,,PB0059,1560530.94080000,5182342.06330000,1.20483594,45.82697793
87085_4481_00060,rue Raymond Couty,60,,PB0060,1560519.03880000,5182306.08420000,1.20469323,45.82665187
87085_4481_00062,rue Raymond Couty,62,,PB0061,1560500.97750000,5182292.65700000,1.20446473,45.82652742
87085_4481_00064,rue Raymond Couty,64,,PB0062,1560482.66180000,5182279.64650000,1.20423284,45.82640667
87085_4481_00066,rue Raymond Couty,66,,PB0063,1560466.59520000,5182268.94960000,1.20402921,45.82630719
87085_4481_00068,rue Raymond Couty,68,,PB0064,1560449.11670000,5182259.22020000,1.20380714,45.82621612
87085_4481_00070,rue Raymond Couty,70,,PB0065,1560432.88260000,5182250.96710000,1.20360066,45.82613859
87085_4484_00001,rue Raymond Soupleix,1,,MB0053,1566786.35920000,5187474.43850000,1.28390341,45.87438692
87085_4484_00002,rue Raymond Soupleix,2,,MB0052,1566795.65120000,5187480.68410000,1.28402135,45.87444490
87085_4484_00003,rue Raymond Soupleix,3,,MB0054,1566771.86280000,5187485.03170000,1.28371378,45.87447940
87085_4484_00004,rue Raymond Soupleix,4,,MB0049,1566781.45940000,5187490.49470000,1.28383586,45.87453040
87085_4484_00005,rue Raymond Soupleix,5,,MB0055,1566754.46470000,5187496.61450000,1.28348651,45.87458022
87085_4484_00006,rue Raymond Soupleix,6,,MB0047,1566764.24230000,5187502.41570000,1.28361082,45.87463430
87085_4484_00008,rue Raymond Soupleix,8,,MB0045,1566748.01480000,5187513.82260000,1.28339867,45.87473377
87085_4485_00002,rue Réaumur,2,,IL0238,1563653.84380000,5182630.45260000,1.24493718,45.83019833
87085_4485_00003,rue Réaumur,3,,IL0191,1563662.23440000,5182642.52280000,1.24504172,45.83030857
87085_4485_00005,rue Réaumur,5,,IL0220,1563672.71190000,5182642.20160000,1.24517664,45.83030776
87085_4485_00006,rue Réaumur,6,,IL0236,1563672.97550000,5182629.26160000,1.24518370,45.83019141
87085_4485_00006_bis,rue Réaumur,6,bis,IL0234,1563686.86010000,5182628.94770000,1.24536245,45.83019134
87085_4485_00007,rue Réaumur,7,,IL0218,1563685.98250000,5182641.56840000,1.24534758,45.83030469
87085_4485_00008,rue Réaumur,8,,IL0232,1563696.81250000,5182628.68780000,1.24549059,45.83019097
87085_4485_00009,rue Réaumur,9,,IL0216,1563698.12370000,5182641.01970000,1.24550397,45.83030216
87085_4485_00009_bis,rue Réaumur,9,bis,IL0187,1563715.25530000,5182654.91750000,1.24572048,45.83043058
87085_4485_00010,rue Réaumur,10,,IL0230,1563705.62480000,5182627.90649999,1.24560421,45.83018569
87085_4485_00011,rue Réaumur,11,,IL0197,1563717.66370000,5182640.33720000,1.24575560,45.83029990
87085_4485_00012,rue Réaumur,12,,IL0228,1563717.93320000,5182627.61720000,1.24576268,45.83018553
87085_4485_00013,rue Réaumur,13,,IL0198,1563732.99620000,5182639.46570000,1.24595315,45.83029509
87085_4485_00014,rue Réaumur,14,,IL0224,1563729.35620000,5182627.19450000,1.24590979,45.83018399
87085_4485_00016,rue Réaumur,16,,IL0226,1563737.65870000,5182626.64630000,1.24601678,45.83018070
87085_4485_00017,rue Réaumur,17,,IL0205,1563750.81120000,5182636.17570000,1.24618332,45.83026903
87085_4485_00018,rue Réaumur,18,,IL0222,1563745.94780000,5182626.52300000,1.24612348,45.83018123
87085_4485_00020,rue Réaumur,20,,IL0038,1563751.05430000,5182626.09250000,1.24618931,45.83017837
87085_4505_00001,rue Regnard,1,,BH0594,1563300.33360000,5183749.56940000,1.24006998,45.84019521
87085_4505_00002,rue Regnard,2,,BH0692,1563286.96220000,5183760.13020000,1.23989488,45.84028756
87085_4505_00003,rue Regnard,3,,BH0595,1563292.25750000,5183748.00960000,1.23996648,45.84017958
87085_4505_00005,rue Regnard,5,,BH0598,1563284.68730000,5183746.70130000,1.23986942,45.84016630
87085_4505_00006,rue Regnard,6,,BH0691,1563271.30940000,5183757.14930000,1.23969427,45.84025763
87085_4505_00007,rue Regnard,7,,BH0599,1563271.77720000,5183744.58020000,1.23970387,45.84014466
87085_4505_00008,rue Regnard,8,,BH0690,1563261.19760000,5183755.60550000,1.23956457,45.84024173
87085_4505_00010,rue Regnard,10,,BH0689,1563251.37740000,5183753.87420000,1.23943867,45.84022420
87085_4505_00012,rue Regnard,12,,BH0688,1563244.21970000,5183752.54870000,1.23934693,45.84021086
87085_4505_00013,rue Regnard,13,,BH0600,1563251.64500000,5183740.67540000,1.23944587,45.84010553
87085_4505_00014,rue Regnard,14,,BH0688,1563235.89820000,5183751.06650000,1.23924025,45.84019587
87085_4505_00015,rue Regnard,15,,BH0601,1563237.86620000,5183738.25760000,1.23926923,45.84008104
87085_4505_00016,rue Regnard,16,,BH0687,1563227.10760000,5183749.39810000,1.23912759,45.84017911
87085_4505_00017,rue Regnard,17,,BH0611,1563226.50550000,5183736.07820000,1.23912363,45.84005917
87085_4505_00018,rue Regnard,18,,BH0684,1563217.41470000,5183747.73700000,1.23900331,45.84016224
87085_4505_00019,rue Regnard,19,,BH0612,1563216.24130000,5183734.24180000,1.23899205,45.84004061
87085_4505_00020,rue Regnard,20,,BH0683,1563207.15440000,5183745.83880000,1.23887180,45.84014312
87085_4505_00021,rue Regnard,21,,BH0613,1563209.44250000,5183733.23100000,1.23890484,45.84003017
87085_4505_00022,rue Regnard,22,,BH0680,1563199.14550000,5183744.54020000,1.23876909,45.84012985
87085_4505_00023,rue Regnard,23,,BH0614,1563194.09510000,5183730.78640000,1.23870801,45.84000512
87085_4505_00024,rue Regnard,24,,BH0679,1563185.87710000,5183741.87450000,1.23859909,45.84010323
87085_4505_00026,rue Regnard,26,,BH0676,1563173.65700000,5183739.53220000,1.23844248,45.84007973
87085_4505_00028,rue Regnard,28,,BH0675,1563161.63860000,5183737.46380000,1.23828839,45.84005873
87085_4505_00030,rue Regnard,30,,BH0671,1563151.01380000,5183735.68980000,1.23815215,45.84004066
87085_4505_00032,rue Regnard,32,,BH0671,1563142.36790000,5183734.07110000,1.23804134,45.84002438
87085_4505_00033,rue Regnard,33,,BH0621,1563077.96490000,5183709.69850000,1.23721940,45.83979231
87085_4505_00034,rue Regnard,34,,BH0670,1563132.51740000,5183732.25320000,1.23791508,45.84000606
87085_4505_00036,rue Regnard,36,,BH0668,1563121.39380000,5183730.49380000,1.23777241,45.83998802
87085_4505_00038,rue Regnard,38,,BH0667,1563113.13310000,5183729.11110000,1.23766649,45.83997394
87085_4505_00040,rue Regnard,40,,BH0664,1563099.82260000,5183726.54030000,1.23749591,45.83994816
87085_4505_00044,rue Regnard,44,,BH0660,1563077.01390000,5183722.75710000,1.23720344,45.83990959
87085_4505_00047,rue Regnard,47,,BH0954,1563053.52510000,5183705.26120000,1.23690612,45.83974753
87085_4510_00004,rue Rembrandt,4,,CV0448,1565549.00790000,5183815.50020000,1.26899274,45.84123166
87085_4510_00006,rue Rembrandt,6,,CV0449,1565543.36850000,5183809.71350000,1.26892177,45.84117851
87085_4510_00008,rue Rembrandt,8,,None,1565537.22440000,5183793.15540000,1.26884733,45.84102835
87085_4520_00001,rue René Caillié,1,,EM0011,1565640.01390000,5183168.61040000,1.27034487,45.83543028
87085_4520_00002,rue René Caillié,2,,EM0028,1565564.36460000,5183185.24010000,1.26936667,45.83556509
87085_4520_00003,rue René Caillié,3,,EM0010,1565626.32700000,5183164.74150000,1.27016981,45.83539281
87085_4520_00004,rue René Caillié,4,,EM0027,1565585.31320000,5183174.04010000,1.26963940,45.83546844
87085_4520_00005,rue René Caillié,5,,EM0009,1565611.00740000,5183160.20460000,1.26997393,45.83534900
87085_4520_00006,rue René Caillié,6,,EM0399,1565581.95910000,5183134.73900000,1.26960722,45.83511424
87085_4520_00007,rue René Caillié,7,,EM0442,1565597.24900000,5183137.84730000,1.26980312,45.83514519
87085_4522_00001,rue René Cassin,1,,DT0343,1565239.48960000,5183446.18800000,1.26511261,45.83784889
87085_4522_00003,rue René Cassin,3,,DT0077,1565246.57970000,5183458.96240000,1.26520028,45.83796519
87085_4522_00005,rue René Cassin,5,,DT0078,1565250.73210000,5183466.47760000,1.26525161,45.83803361
87085_4522_00006,rue René Cassin,6,,DT0084,1565258.63360000,5183458.54810000,1.26535553,45.83796383
87085_4522_00007,rue René Cassin,7,,DT0079,1565254.45390000,5183473.57170000,1.26529752,45.83809815
87085_4522_00008,rue René Cassin,8,,DT0083,1565263.82300000,5183467.91520000,1.26541969,45.83804911
87085_4522_00009,rue René Cassin,9,,DT0080,1565257.73190000,5183479.56710000,1.26533803,45.83815273
87085_4522_00010,rue René Cassin,10,,DT0364,1565266.62490000,5183473.09050000,1.26545430,45.83809621
87085_4522_00011,rue René Cassin,11,,DT0032,1565262.36620000,5183487.46820000,1.26539546,45.83822471
87085_4522_00014,rue René Cassin,14,,DT0361,1565276.20710000,5183490.56410000,1.26557272,45.83825527
87085_4522_00015,rue René Cassin,15,,DT0032,1565266.71190000,5183495.67680000,1.26544908,45.83829940
87085_4522_00017,rue René Cassin,17,,DT0325,1565273.34680000,5183507.92830000,1.26553104,45.83841091
87085_4522_00019,rue René Cassin,19,,DT0325,1565273.46770000,5183511.22600000,1.26553167,45.83844060
87085_4521_00006_b,rue René Char,6,b,MS0182,1565657.97560000,5189566.11080000,1.26878600,45.89298300
87085_4521_00007,rue René Char,7,,MS0057,1565659.70310000,5189507.03050000,1.26882502,45.89245189
87085_4521_00008,rue René Char,8,,MS0164,1565651.04390000,5189570.62530000,1.26869566,45.89302226
87085_4521_00010,rue René Char,10,,MS0163,1565626.83460000,5189586.35960000,1.26837937,45.89315907
87085_4521_00011,rue René Char,11,,MS0058,1565641.53860000,5189557.81920000,1.26857679,45.89290521
87085_4521_00012,rue René Char,12,,MS0132,1565598.21760000,5189605.68210000,1.26800529,45.89332728
87085_4521_00013,rue René Char,13,,MS0059,1565620.42430000,5189562.27650000,1.26830354,45.89294117
87085_4521_00014,rue René Char,14,,MS0005,1565561.77460000,5189627.51700000,1.26752969,45.89351657
87085_4521_00015,rue René Char,15,,MS0059,1565594.16210000,5189544.94000000,1.26797007,45.89278008
87085_4521_00017,rue René Char,17,,MS0071,1565608.61390000,5189585.84070000,1.26814479,45.89315083
87085_4521_00019,rue René Char,19,,MS0061,1565589.65690000,5189597.59000000,1.26789728,45.89325282
87085_4521_00023,rue René Char,23,,MS0159,1565565.08560000,5189613.17930000,1.26757637,45.89338824
87085_4521_00025,rue René Char,25,,MS0160,1565540.27710000,5189629.20390000,1.26725228,45.89352754
87085_4521_00027,rue René Char,27,,MS0178,1565524.95320000,5189638.54100000,1.26705225,45.89360853
87085_4521_00028,rue René Char,28,,MS0003,1565388.58870000,5189720.55380000,1.26527249,45.89431957
87085_4521_00032,rue René Char,32,,MS0002,1565338.13870000,5189737.32280000,1.26461784,45.89446053
87085_4521_00033,rue René Char,33,,MS0065,1565459.45080000,5189678.66410000,1.26619714,45.89395663
87085_4521_00037,rue René Char,37,,MS0207,1565377.18650000,5189712.28170000,1.26512792,45.89424292
87085_4521_00039,rue René Char,39,,MS0206,1565348.11700000,5189722.14310000,1.26475065,45.89432594
87085_4521_00041,rue René Char,41,,MS0068,1565306.13590000,5189735.41860000,1.26420609,45.89443713
87085_4524_00002,rue René Farnier,2,,LT0152,1567734.73250000,5187134.69570000,1.29621050,45.87151391
87085_4524_00004,rue René Farnier,4,,LT0151,1567745.83750000,5187117.88340000,1.29635814,45.87136481
87085_4524_00005,rue René Farnier,5,,LT0109,1567774.53620000,5187093.30000000,1.29673448,45.87114918
87085_4524_00006,rue René Farnier,6,,LT0150,1567754.96440000,5187105.15660000,1.29647918,45.87125208
87085_4524_00007,rue René Farnier,7,,LT0110,1567783.19200000,5187081.42980000,1.29684922,45.87104407
87085_4524_00008,rue René Farnier,8,,LT0149,1567764.59940000,5187091.74940000,1.29660695,45.87113332
87085_4524_00009,rue René Farnier,9,,LT0111,1567792.84100000,5187067.92390000,1.29697719,45.87092443
87085_4524_00010,rue René Farnier,10,,LT0148,1567773.82070000,5187079.37460000,1.29672910,45.87102378
87085_4524_00011,rue René Farnier,11,,LT0112,1567801.63680000,5187054.46350000,1.29709417,45.87080504
87085_4524_00012,rue René Farnier,12,,LT0147,1567785.64850000,5187063.33150000,1.29688583,45.87088174
87085_4524_00014,rue René Farnier,14,,LT0146,1567794.56650000,5187049.81690000,1.29700440,45.87076188
87085_4524_00015,rue René Farnier,15,,LT0113,1567809.43040000,5187039.96620000,1.29719852,45.87067613
87085_4524_00016,rue René Farnier,16,,LT0145,1567802.62540000,5187034.30670000,1.29711245,45.87062391
87085_4524_00017,rue René Farnier,17,,LT0114,1567816.99840000,5187025.51200000,1.29729996,45.87054756
87085_4524_00018,rue René Farnier,18,,LT0144,1567810.31860000,5187019.64370000,1.29721555,45.87049348
87085_4524_00019,rue René Farnier,19,,LT0115,1567828.23950000,5187014.32460000,1.29744779,45.87044908
87085_4524_00020,rue René Farnier,20,,LT0143,1567816.95930000,5187006.77020000,1.29730461,45.87037895
87085_4524_00021,rue René Farnier,21,,LT0116,1567862.26650000,5187022.49680000,1.29788373,45.87052914
87085_4524_00022,rue René Farnier,22,,LT0142,1567825.48370000,5186996.95920000,1.29741709,45.87029234
87085_4524_00023,rue René Farnier,23,,LT0117,1567871.42690000,5187032.80700000,1.29799885,45.87062365
87085_4524_00024,rue René Farnier,24,,LT0141,1567837.00130000,5186995.84840000,1.29756571,45.87028456
87085_4524_00025,rue René Farnier,25,,LT0118,1567886.50210000,5187071.47280000,1.29818234,45.87097437
87085_4524_00026,rue René Farnier,26,,LT0140,1567847.81150000,5187001.98750000,1.29770323,45.87034186
87085_4524_00027,rue René Farnier,27,,LT0119,1567860.68420000,5187099.96810000,1.29784203,45.87122574
87085_4524_00028,rue René Farnier,28,,LT0139,1567861.56720000,5187010.47500000,1.29787803,45.87042086
87085_4524_00029,rue René Farnier,29,,LT0120,1567847.50750000,5187093.11400000,1.29767423,45.87116155
87085_4524_00030,rue René Farnier,30,,LT0138,1567874.85020000,5187023.11740000,1.29804560,45.87053714
87085_4524_00031,rue René Farnier,31,,LT0122,1567838.80720000,5187109.16290000,1.29755777,45.87130424
87085_4524_00032,rue René Farnier,32,,LT0137,1567885.26680000,5187034.75980000,1.29817654,45.87064387
87085_4524_00033,rue René Farnier,33,,LT0121,1567858.32730000,5187129.25570000,1.29780361,45.87148874
87085_4524_00034,rue René Farnier,34,,LT0136,1567895.05510000,5187045.67940000,1.29829958,45.87074398
87085_4524_00035,rue René Farnier,35,,LT0125,1567845.44480000,5187148.97890000,1.29763229,45.87166369
87085_4524_00036,rue René Farnier,36,,LT0135,1567900.09910000,5187056.24650000,1.29836163,45.87084001
87085_4524_00037,rue René Farnier,37,,LT0126,1567835.23310000,5187164.49710000,1.29749651,45.87180132
87085_4524_00038,rue René Farnier,38,,LT0134,1567896.24240000,5187070.73720000,1.29830797,45.87096962
87085_4524_00040,rue René Farnier,40,,LT0133,1567889.70030000,5187087.96700000,1.29821899,45.87112336
87085_4524_00042,rue René Farnier,42,,LT0132,1567883.06070000,5187105.35840000,1.29812870,45.87127853
87085_4524_00044,rue René Farnier,44,,LT0131,1567870.67660000,5187127.06360000,1.29796325,45.87147140
87085_4524_00046,rue René Farnier,46,,LT0130,1567860.44490000,5187142.52250000,1.29782723,45.87160850
87085_4524_00048,rue René Farnier,48,,LT0129,1567850.78730000,5187156.99360000,1.29769888,45.87173682
87085_4524_00050,rue René Farnier,50,,LT0127,1567842.21010000,5187170.02040000,1.29758484,45.87185235
87085_2865_00001,rue René Laënnec,1,,ON0352,1562002.58840000,5181979.80010000,1.22387577,45.82401604
87085_2865_00002,rue René Laënnec,2,,ON0351,1562017.88920000,5181977.53080000,1.22407329,45.82399869
87085_2865_00003,rue René Laënnec,3,,ON0364,1561992.75630000,5182001.63410000,1.22374300,45.82421047
87085_2865_00004,rue René Laënnec,4,,ON0350,1562013.29880000,5181987.44620000,1.22401138,45.82408696
87085_2865_00006,rue René Laënnec,6,,ON0349,1562008.46560000,5181998.57000000,1.22394600,45.82418606
87085_2865_00008,rue René Laënnec,8,,ON0348,1562004.10030000,5182008.13330000,1.22388709,45.82427121
87085_2865_00010,rue René Laënnec,10,,ON0347,1561999.16470000,5182018.74790000,1.22382054,45.82436570
87085_2865_00012,rue René Laënnec,12,,ON0346,1561992.54040000,5182036.70610000,1.22373016,45.82452592
87085_2865_00014,rue René Laënnec,14,,ON0345,1561987.49390000,5182050.59980000,1.22366124,45.82464989
87085_2865_00016,rue René Laënnec,16,,ON0344,1561982.07740000,5182066.35250000,1.22358703,45.82479050
87085_2865_00018,rue René Laënnec,18,,ON0343,1561977.41010000,5182079.59800000,1.22352317,45.82490872
87085_2865_00020,rue René Laënnec,20,,ON0342,1561972.30900000,5182094.29920000,1.22345332,45.82503994
87085_4523_00001,rue René-Louis Lafforgue,1,,LY0062,1566958.60290000,5187622.96210000,1.28608045,45.87575635
87085_4523_00003,rue René-Louis Lafforgue,3,,LY0063,1566951.85620000,5187650.14010000,1.28598603,45.87599952
87085_4523_00004,rue René-Louis Lafforgue,4,,LY0269,1566965.49500000,5187659.01830000,1.28615922,45.87608203
87085_4523_00004_bis,rue René-Louis Lafforgue,4,bis,LY0271,1566951.13440000,5187668.44580000,1.28597166,45.87616405
87085_4523_00006,rue René-Louis Lafforgue,6,,LY0267,1566943.24320000,5187673.47030000,1.28586864,45.87620772
87085_4523_00006_bis,rue René-Louis Lafforgue,6,bis,LY0268,1566934.82770000,5187678.94230000,1.28575874,45.87625532
87085_4523_00008,rue René-Louis Lafforgue,8,,LY0263,1566928.44510000,5187683.26690000,1.28567535,45.87629299
87085_4523_00008_bis,rue René-Louis Lafforgue,8,bis,LY0265,1566917.57470000,5187690.38550000,1.28553337,45.87635492
87085_4523_00010,rue René-Louis Lafforgue,10,,LY0148,1566902.67400000,5187701.36850000,1.28533843,45.87645083
87085_4525_00002,rue René Pechieras,2,,CN0748,1565792.79140000,5184585.41730000,1.27191534,45.84820516
87085_4525_00003,rue René Pechieras,3,,CN0601,1565776.62200000,5184613.07080000,1.27169948,45.84845076
87085_4525_00005,rue René Pechieras,5,,CN0770,1565776.17410000,5184621.17020000,1.27169146,45.84852353
87085_4525_00006,rue René Pechieras,6,,CN0747,1565790.26030000,5184612.35400000,1.27187524,45.84844698
87085_4525_00007,rue René Pechieras,7,,CN0805,1565774.82300000,5184644.08510000,1.27166766,45.84872940
87085_4525_00008,rue René Pechieras,8,,CN0403,1565788.73790000,5184631.70510000,1.27185024,45.84862075
87085_4525_00010,rue René Pechieras,10,,CN0516,1565787.90120000,5184647.17580000,1.27183515,45.84875976
87085_4525_00011,rue René Pechieras,11,,CN0803,1565773.61450000,5184670.72570000,1.27164466,45.84896882
87085_4525_00013,rue René Pechieras,13,,CN0801,1565773.28390000,5184678.16410000,1.27163833,45.84903566
87085_4525_00015,rue René Pechieras,15,,CN0799,1565773.01410000,5184684.29860000,1.27163314,45.84909080
87085_4525_00017,rue René Pechieras,17,,CN0797,1565772.46390000,5184690.43910000,1.27162434,45.84914593
87085_4525_00018,rue René Pechieras,18,,CN0355,1565782.36420000,5184715.66000000,1.27174474,45.84937474
87085_4525_00019,rue René Pechieras,19,,CN0795,1565772.07820000,5184699.77080000,1.27161677,45.84922979
87085_4525_00020,rue René Pechieras,20,,CN0354,1565780.37620000,5184735.86150000,1.27171351,45.84955607
87085_4525_00022,rue René Pechieras,22,,CN0353,1565779.14280000,5184749.18460000,1.27169391,45.84967568
87085_4525_00023,rue René Pechieras,23,,CN0718,1565769.74310000,5184711.67859999,1.27158339,45.84933646
87085_4525_00024,rue René Pechieras,24,,CN0448,1565781.74190000,5184761.81000000,1.27172384,45.84978976
87085_4525_00025,rue René Pechieras,25,,CN0480,1565768.37920000,5184727.13500000,1.27156151,45.84947523
87085_4525_00030,rue René Pechieras,30,,CN0447,1565785.62430000,5184787.05900000,1.27176676,45.85001765
87085_4525_00031,rue René Pechieras,31,,CN0807,1565769.01030000,5184753.80770000,1.27156218,45.84971529
87085_4525_00033,rue René Pechieras,33,,CN0458,1565769.98370000,5184767.87000000,1.27157079,45.84984198
87085_4525_00034,rue René Pechieras,34,,CM0292,1565797.94700000,5184819.80900000,1.27191624,45.85031466
87085_4525_00036,rue René Pechieras,36,,CM0293,1565804.76050000,5184835.91150000,1.27199945,45.85046084
87085_4525_00039,rue René Pechieras,39,,CM0327,1565781.91760000,5184813.76120000,1.27171158,45.85025713
87085_4525_00041,rue René Pechieras,41,,CM0648,1565786.44200000,5184826.14370000,1.27176637,45.85036940
87085_4525_00042,rue René Pechieras,42,,CM0743,1565809.32550000,5184848.40850000,1.27205472,45.85057415
87085_4525_00044,rue René Pechieras,44,,CM0744,1565816.77270000,5184865.54000000,1.27214580,45.85072971
87085_4525_00045,rue René Pechieras,45,,CM0325,1565797.32230000,5184852.31000000,1.27189912,45.85060690
87085_4525_00050,rue René Pechieras,50,,CM0906,1565822.88610000,5184879.97050000,1.27222047,45.85086072
87085_4525_00051,rue René Pechieras,51,,CM0300,1565817.72420000,5184902.15120000,1.27214782,45.85105924
87085_4525_00052,rue René Pechieras,52,,CM0264,1565839.77340000,5184922.21690000,1.27242606,45.85124404
87085_4525_00053,rue René Pechieras,53,,CM0303,1565823.36140000,5184915.58000000,1.27221664,45.85118114
87085_4525_00055,rue René Pechieras,55,,CM0304,1565827.60480000,5184926.90240000,1.27226810,45.85128382
87085_4525_00056,rue René Pechieras,56,,CM0263,1565846.01970000,5184936.08890000,1.27250259,45.85137005
87085_4525_00059,rue René Pechieras,59,,CM0305,1565835.06490000,5184952.22120000,1.27235707,45.85151303
87085_4525_00060,rue René Pechieras,60,,CM0261,1565851.01060000,5184949.02960000,1.27256323,45.85148743
87085_4496_00001,rue René Regaudie,1,,MP0063,1567287.56170000,5189744.73510000,1.28973015,45.89490658
87085_4496_00007,rue René Regaudie,7,,MP0254,1567296.57730000,5189771.34250000,1.28983894,45.89514767
87085_4496_00009,rue René Regaudie,9,,MP0255,1567301.68990000,5189788.15480000,1.28990015,45.89529990
87085_4496_00011,rue René Regaudie,11,,MP0315,1567272.48950000,5189794.10370000,1.28952231,45.89534777
87085_4496_00011_b,rue René Regaudie,11,b,MP0312,1567271.11370000,5189812.94210000,1.28949938,45.89551697
87085_4496_00015,rue René Regaudie,15,,MP0255,1567306.37800000,5189803.33630000,1.28995635,45.89543737
87085_4542_00002,rue Rhin et Danube,2,,LP0039,1567718.16330000,5188193.89680000,1.29570522,45.88103889
87085_4542_00004,rue Rhin et Danube,4,,LP0039,1567709.04630000,5188244.43650000,1.29557386,45.88149178
87085_4542_00006,rue Rhin et Danube,6,,LP0039,1567702.98940000,5188266.52970000,1.29548975,45.88168935
87085_4542_00008,rue Rhin et Danube,8,,LP0039,1567699.40270000,5188276.44740000,1.29544082,45.88177788
87085_4542_00010,rue Rhin et Danube,10,,LP0039,1567692.86600000,5188313.47430000,1.29534642,45.88210970
87085_4542_00012,rue Rhin et Danube,12,,LP0039,1567678.04590000,5188322.61420000,1.29515302,45.88218906
87085_4542_00014,rue Rhin et Danube,14,,LP0039,1567670.72560000,5188343.49300000,1.29505297,45.88237547
87085_4542_00016,rue Rhin et Danube,16,,LP0039,1567660.24290000,5188354.14770000,1.29491502,45.88246930
87085_4542_00018,rue Rhin et Danube,18,,LP0039,1567640.86610000,5188364.22490000,1.29466266,45.88255622
87085_4542_00020,rue Rhin et Danube,20,,LP0039,1567639.93030000,5188370.60650000,1.29464885,45.88261344
87085_4542_00022,rue Rhin et Danube,22,,LP0039,1567651.34080000,5188411.20670000,1.29478462,45.88298086
87085_4542_00024,rue Rhin et Danube,24,,LP0039,1567646.58070000,5188433.09110000,1.29471727,45.88317681
87085_4542_00026,rue Rhin et Danube,26,,LP0039,1567621.02400000,5188446.49400000,1.29438439,45.88329245
87085_4542_00028,rue Rhin et Danube,28,,LP0039,1567585.24150000,5188469.27850000,1.29391721,45.88349052
87085_4542_00030,rue Rhin et Danube,30,,LP0039,1567612.44140000,5188507.35360000,1.29425706,45.88383827
87085_4542_00032,rue Rhin et Danube,32,,LP0039,1567627.69950000,5188523.98580000,1.29444900,45.88399083
87085_4542_00034,rue Rhin et Danube,34,,LP0039,1567643.21830000,5188574.01790000,1.29463509,45.88444389
87085_4542_00036,rue Rhin et Danube,36,,LP0039,1567684.16740000,5188530.46490000,1.29517455,45.88405999
87085_4542_00038,rue Rhin et Danube,38,,LP0039,1567557.62890000,5188507.74130000,1.29355093,45.88383119
87085_4542_00040,rue Rhin et Danube,40,,LP0039,1567568.15390000,5188536.29050000,1.29367862,45.88409004
87085_4542_00042,rue Rhin et Danube,42,,LP0039,1567559.35760000,5188554.25440000,1.29356036,45.88424994
87085_4542_00044,rue Rhin et Danube,44,,LP0039,1567563.28530000,5188598.38300000,1.29359878,45.88464766
87085_4542_00046,rue Rhin et Danube,46,,LP0039,1567604.39320000,5188588.56570000,1.29413098,45.88456727
87085_4542_00048,rue Rhin et Danube,48,,LP0039,1567614.33930000,5188628.66410000,1.29424803,45.88492990
87085_4542_00050,rue Rhin et Danube,50,,LP0039,1567640.38570000,5188618.78300000,1.29458626,45.88484603
87085_4542_00052,rue Rhin et Danube,52,,LP0039,1567722.93230000,5188516.56440000,1.29567770,45.88394241
87085_4542_00054,rue Rhin et Danube,54,,LP0039,1567738.87920000,5188498.65570000,1.29588804,45.88378438
87085_4542_00056,rue Rhin et Danube,56,,LP0039,1567738.61810000,5188467.94640000,1.29589314,45.88350808
87085_4542_00058,rue Rhin et Danube,58,,LP0039,1567752.36890000,5188454.62520000,1.29607393,45.88339089
87085_4542_00092,rue Rhin et Danube,92,,LP0046,1568039.85580000,5188010.18460000,1.29989910,45.87944814
87085_4542_00094,rue Rhin et Danube,94,,LP0046,1568072.55840000,5187968.27450000,1.30033181,45.87907741
87085_4561_00001,rue Robert Desnos,1,,OA0138,1565173.45640000,5179645.83540000,1.26532816,45.80364943
87085_4561_00003,rue Robert Desnos,3,,OA0137,1565203.57530000,5179633.41230000,1.26571903,45.80354358
87085_4561_00004,rue Robert Desnos,4,,OA0052,1565176.97140000,5179629.13400000,1.26537805,45.80349988
87085_4561_00005,rue Robert Desnos,5,,OA0136,1565221.92860000,5179637.10330000,1.26595405,45.80358038
87085_4561_00006,rue Robert Desnos,6,,OA0053,1565191.70410000,5179604.47170000,1.26557445,45.80328091
87085_4561_00008,rue Robert Desnos,8,,OA0055,1565195.82170000,5179584.74800000,1.26563293,45.80310429
87085_4561_00010,rue Robert Desnos,10,,OA0056,1565200.74290000,5179563.29610000,1.26570224,45.80291228
87085_4561_00012,rue Robert Desnos,12,,OA0061,1565205.42490000,5179543.02610000,1.26576813,45.80273086
87085_4566_00001,rue Robert Doisneau,1,,LC0045,1568012.43670000,5191113.65640000,1.29869203,45.90736051
87085_4566_00002,rue Robert Doisneau,2,,LC0052,1568000.58850000,5191111.03730000,1.29854007,45.90733467
87085_4566_00003,rue Robert Doisneau,3,,LC0053,1568002.67070000,5191073.00200000,1.29857737,45.90699292
87085_4566_00004,rue Robert Doisneau,4,,LC0051,1567995.75510000,5191089.48120000,1.29848372,45.90713983
87085_4566_00005,rue Robert Doisneau,5,,LC0056,1567992.12300000,5191047.22510000,1.29844855,45.90675902
87085_4566_00006,rue Robert Doisneau,6,,LC0050,1567990.73540000,5191077.10790000,1.29842245,45.90702756
87085_4566_00008,rue Robert Doisneau,8,,LC0049,1567982.96110000,5191058.42070000,1.29832741,45.90685797
87085_4566_00010,rue Robert Doisneau,10,,LC0048,1567977.00090000,5191041.39980000,1.29825530,45.90670371
87085_2249_00015,rue Roberval,15,,MC0003,1565765.31430000,5188026.41010000,1.27059977,45.87915353
87085_2249_00017,rue Roberval,17,,MC0003,1565797.45330000,5188095.53750000,1.27099437,45.87978165
87085_2249_00019,rue Roberval,19,,MC0001,1565745.00780000,5188127.62870000,1.27030992,45.88006008
87085_2249_00023,rue Roberval,23,,ME0017,1565669.65360000,5188173.88370000,1.26932644,45.88046144
87085_2249_00027,rue Roberval,27,,ME0016,1565593.68910000,5188220.14370000,1.26833509,45.88086272
87085_2249_00029,rue Roberval,29,,ME0013,1565548.98120000,5188247.44490000,1.26775161,45.88109957
87085_2249_00033,rue Roberval,33,,ME0012,1565502.47820000,5188276.59670000,1.26714449,45.88135270
87085_2249_00035,rue Roberval,35,,ME0029,1565463.35380000,5188300.33850000,1.26663392,45.88155861
87085_2249_00037,rue Roberval,37,,ME0007,1565425.87750000,5188323.29930000,1.26614479,45.88175782
87085_2249_00048,rue Roberval,48,,MH0001,1565548.98120000,5188247.44490000,1.26768900,45.88132600
87085_4593_00001,rue Roger Couderc,1,,NZ0326,1565222.06650000,5186356.99230000,1.26407178,45.86402985
87085_4593_00002,rue Roger Couderc,2,,NZ0326,1565283.90510000,5186362.76550000,1.26486639,45.86409391
87085_4593_00003,rue Roger Couderc,3,,NZ0326,1565208.96000000,5186353.21370000,1.26390409,45.86399329
87085_4593_00004,rue Roger Couderc,4,,NZ0326,1565281.72510000,5186370.32970000,1.26483619,45.86416152
87085_4593_00005,rue Roger Couderc,5,,NZ0326,1565205.96730000,5186361.90520000,1.26386311,45.86407089
87085_4593_00006,rue Roger Couderc,6,,NZ0326,1565279.54090000,5186377.37090000,1.26480610,45.86422444
87085_4593_00007,rue Roger Couderc,7,,NZ0326,1565203.35370000,5186371.26620000,1.26382683,45.86415458
87085_4593_00008,rue Roger Couderc,8,,NZ0326,1565274.07530000,5186375.99580000,1.26473611,45.86421099
87085_4593_00009,rue Roger Couderc,9,,NZ0326,1565199.66180000,5186385.86620000,1.26377520,45.86428519
87085_4593_00010,rue Roger Couderc,10,,NZ0326,1565267.33780000,5186374.40680000,1.26464980,45.86419538
87085_4593_00011,rue Roger Couderc,11,,NZ0326,1565194.58820000,5186405.10990000,1.26370447,45.86445731
87085_4593_00012,rue Roger Couderc,12,,NZ0326,1565259.47830000,5186372.67760000,1.26454909,45.86417828
87085_4593_00014,rue Roger Couderc,14,,NZ0326,1565251.47060000,5186371.09890000,1.26444643,45.86416251
87085_4593_00015,rue Roger Couderc,15,,NZ0326,1565192.12400000,5186414.46960000,1.26367011,45.86454102
87085_4593_00016,rue Roger Couderc,16,,NZ0326,1565243.01050000,5186369.00090000,1.26433808,45.86414198
87085_4593_00017,rue Roger Couderc,17,,NZ0326,1565188.50200000,5186428.47130000,1.26361954,45.86466626
87085_4593_00018,rue Roger Couderc,18,,NZ0326,1565235.75180000,5186367.64030000,1.26424500,45.86412832
87085_4593_00019,rue Roger Couderc,19,,NZ0326,1565182.69220000,5186449.06590000,1.26353895,45.86485038
87085_4593_00020,rue Roger Couderc,20,,NZ0326,1565212.87330000,5186374.99940000,1.26394836,45.86419003
87085_4593_00021,rue Roger Couderc,21,,NZ0326,1565180.37920000,5186458.64860000,1.26350648,45.86493613
87085_4593_00022,rue Roger Couderc,22,,NZ0326,1565210.09610000,5186382.64320000,1.26391045,45.86425825
87085_4593_00023,rue Roger Couderc,23,,NZ0326,1565176.60960000,5186472.87570000,1.26345395,45.86506337
87085_4593_00024,rue Roger Couderc,24,,NZ0326,1565188.43010000,5186483.91240000,1.26360305,45.86516497
87085_4593_00025,rue Roger Couderc,25,,NZ0326,1565173.71230000,5186484.10690000,1.26341349,45.86516384
87085_4593_00026,rue Roger Couderc,26,,NZ0326,1565199.96390000,5186487.25560000,1.26375062,45.86519731
87085_4593_00027,rue Roger Couderc,27,,NZ0326,1565170.44930000,5186496.31240000,1.26336805,45.86527299
87085_4593_00028,rue Roger Couderc,28,,NZ0326,1565210.37450000,5186490.30900000,1.26388382,45.86522682
87085_4593_00029,rue Roger Couderc,29,,NZ0326,1565167.48020000,5186507.91780000,1.26332656,45.86537680
87085_4593_00030,rue Roger Couderc,30,,NZ0326,1565214.86640000,5186491.39330000,1.26394135,45.86523745
87085_4593_00032,rue Roger Couderc,32,,NZ0326,1565212.36930000,5186496.71850000,1.26390770,45.86528487
87085_4593_00034,rue Roger Couderc,34,,NZ0326,1565210.28770000,5186507.19590000,1.26387796,45.86537871
87085_4593_00036,rue Roger Couderc,36,,NZ0326,1565206.72050000,5186518.73150000,1.26382879,45.86548178
87085_4593_00038,rue Roger Couderc,38,,NZ0326,1565205.19410000,5186523.97410000,1.26380766,45.86552864
87085_4593_00040,rue Roger Couderc,40,,NZ0326,1565197.10250000,5186521.27540000,1.26370423,45.86550277
87085_4593_00042,rue Roger Couderc,42,,NZ0326,1565185.19710000,5186518.15940000,1.26355181,45.86547241
87085_4593_00044,rue Roger Couderc,44,,NZ0326,1565173.51510000,5186514.96680000,1.26340229,45.86544140
87085_4593_00046,rue Roger Couderc,46,,NZ0326,1565165.50250000,5186512.79050000,1.26329973,45.86542025
87085_4595_00003,rue Roger Salengro,3,,OO0056,1561378.96670000,5181841.05830000,1.21589199,45.82264258
87085_4595_00005,rue Roger Salengro,5,,OO0057,1561365.65670000,5181851.44700000,1.21571775,45.82273335
87085_4595_00007,rue Roger Salengro,7,,OO0058,1561355.29670000,5181860.58820000,1.21558182,45.82281350
87085_4595_00009,rue Roger Salengro,9,,OO0061,1561344.54820000,5181873.91180000,1.21543969,45.82293118
87085_4595_00011,rue Roger Salengro,11,,OO0062,1561335.58820000,5181885.35710000,1.21532111,45.82303233
87085_4595_00012,rue Roger Salengro,12,,OO0070,1561390.86190000,5181844.01920000,1.21604418,45.82267162
87085_4595_00012_bis,rue Roger Salengro,12,bis,OO0069,1561385.78190000,5181847.03550000,1.21597795,45.82269773
87085_4595_00013,rue Roger Salengro,13,,OO0063,1561326.61540000,5181899.52210000,1.21520158,45.82315794
87085_4595_00014,rue Roger Salengro,14,,OO0068,1561379.11440000,5181851.87730000,1.21589077,45.82273994
87085_4595_00016,rue Roger Salengro,16,,OO0067,1561369.91760000,5181859.14430000,1.21577035,45.82280345
87085_4595_00018,rue Roger Salengro,18,,OO0066,1561359.85280000,5181868.45410000,1.21563817,45.82288517
87085_4595_00020,rue Roger Salengro,20,,OO0065,1561351.83050000,5181878.34040000,1.21553211,45.82297249
87085_4595_00024,rue Roger Salengro,24,,OO0064,1561341.44020000,5181892.50340000,1.21539434,45.82309779
87085_4595_00028,rue Roger Salengro,28,,OO0084,1561323.11620000,5181931.44180000,1.21514735,45.82344437
87085_4595_00029,rue Roger Salengro,29,,OO0012,1561303.73170000,5181975.42480000,1.21488526,45.82383611
87085_4595_00030,rue Roger Salengro,30,,OO0085,1561317.97590000,5181950.05900000,1.21507584,45.82361081
87085_4595_00032,rue Roger Salengro,32,,OO0087,1561314.92100000,5181963.55560000,1.21503265,45.82373160
87085_4595_00034,rue Roger Salengro,34,,OO0088,1561312.78020000,5181975.53830000,1.21500165,45.82383896
87085_4595_00036,rue Roger Salengro,36,,OO0091,1561311.15020000,5181987.42810000,1.21497725,45.82394558
87085_4595_00038,rue Roger Salengro,38,,OO0092,1561312.45690000,5182007.28270000,1.21498833,45.82412445
87085_4595_00042,rue Roger Salengro,42,,OO0098,1561318.01210000,5182046.35290000,1.21504854,45.82447702
87085_4595_00043,rue Roger Salengro,43,,OO0008,1561315.34180000,5182070.57330000,1.21500720,45.82469436
87085_4595_00045,rue Roger Salengro,45,,OO0007,1561329.48340000,5182099.16440000,1.21518091,45.82495440
87085_4595_00046,rue Roger Salengro,46,,OO0100,1561325.24930000,5182070.20660000,1.21513478,45.82469306
87085_4595_00047,rue Roger Salengro,47,,OO0004,1561346.69040000,5182124.58420000,1.21539497,45.82518653
87085_4595_00048,rue Roger Salengro,48,,OO0101,1561330.67260000,5182083.83410000,1.21520063,45.82481674
87085_4595_00050,rue Roger Salengro,50,,OO0102,1561338.02110000,5182096.03780000,1.21529166,45.82492800
87085_4595_00051,rue Roger Salengro,51,,OO0003,1561364.84340000,5182156.80580000,1.21561925,45.82548004
87085_4595_00052,rue Roger Salengro,52,,OO0104,1561345.97990000,5182106.60080000,1.21539102,45.82502462
87085_4595_00053,rue Roger Salengro,53,,OO0002,1561382.81160000,5182182.64070000,1.21584300,45.82571606
87085_4595_00055,rue Roger Salengro,55,,ON0002,1561396.21800000,5182199.54880000,1.21601062,45.82587086
87085_4595_00057,rue Roger Salengro,57,,ON0003,1561411.49850000,5182211.35760000,1.21620383,45.82598016
87085_4595_00059,rue Roger Salengro,59,,ON0004,1561429.37710000,5182222.50310000,1.21643066,45.82608403
87085_4595_00060,rue Roger Salengro,60,,ON0009,1561401.33350000,5182191.60770000,1.21607873,45.82580046
87085_4595_00061_a,rue Roger Salengro,61,a,ON0005,1561449.48810000,5182245.30860000,1.21668285,45.82629322
87085_4595_00061_b,rue Roger Salengro,61,b,ON0005,1561452.27380000,5182252.42050000,1.21671665,45.82635776
87085_4595_00062,rue Roger Salengro,62,,ON0008,1561415.66270000,5182203.27750000,1.21625974,45.82590832
87085_4595_00064,rue Roger Salengro,64,,ON0527,1561439.60370000,5182218.53830000,1.21656339,45.82605042
87085_4595_00064_b,rue Roger Salengro,64,b,ON0520,1561454.10290000,5182233.24919999,1.21674600,45.82618600
87085_4596_00001,rue Roger Servaud,1,,PA0037,1560508.91120000,5182075.81110000,1.20462972,45.82457840
87085_4596_00003,rue Roger Servaud,3,,PA0036,1560493.56230000,5182064.75930000,1.20443544,45.82447587
87085_4596_00005,rue Roger Servaud,5,,PA0035,1560475.47210000,5182051.35500000,1.20420657,45.82435163
87085_4596_00007,rue Roger Servaud,7,,PA0034,1560456.39200000,5182037.63520000,1.20396506,45.82422434
87085_1253_00006,rue Rol-Tanguy,6,,NH0348,1561367.01800000,5181706.95210000,1.21577700,45.82143400
87085_1253_00007,rue Rol-Tanguy,7,,NH0454,1561384.07380000,5181695.87270000,1.21599955,45.82133760
87085_1253_00008,rue Rol-Tanguy,8,,NH0398,1561352.32790000,5181684.73690000,1.21559432,45.82123103
87085_1253_00009,rue Rol-Tanguy,9,,NH0324,1561361.47600000,5181679.95360000,1.21571340,45.82118984
87085_1253_00010,rue Rol-Tanguy,10,,NH0388,1561342.07480000,5181642.49020000,1.21547459,45.82084893
87085_1253_00011,rue Rol-Tanguy,11,,NH0325,1561352.53990000,5181647.14070000,1.21560789,45.82089287
87085_1253_00012,rue Rol-Tanguy,12,,NH0389,1561326.20540000,5181610.59440000,1.21527961,45.82055881
87085_1253_00014,rue Rol-Tanguy,14,,NH0390,1561309.78810000,5181599.77970000,1.21507151,45.82045822
87085_1253_00015,rue Rol-Tanguy,15,,NH0326,1561350.07690000,5181622.66660000,1.21558325,45.82067222
87085_1253_00016,rue Rol-Tanguy,16,,NH0391,1561293.00080000,5181586.34800000,1.21485941,45.82033401
87085_1253_00017,rue Rol-Tanguy,17,,NH0327,1561345.35350000,5181610.41390000,1.21552602,45.82056105
87085_1253_00018,rue Rol-Tanguy,18,,NH0392,1561276.51890000,5181575.39260000,1.21465052,45.82023214
87085_1253_00019,rue Rol-Tanguy,19,,NH0328,1561327.54280000,5181598.48960000,1.21530031,45.82045019
87085_1253_00020,rue Rol-Tanguy,20,,NH0393,1561260.01560000,5181564.50080000,1.21444134,45.82013083
87085_1253_00021,rue Rol-Tanguy,21,,NH0378,1561304.40620000,5181581.09770000,1.21500766,45.82028908
87085_1253_00022,rue Rol-Tanguy,22,,NH0394,1561253.91550000,5181547.74290000,1.21436769,45.81997886
87085_1253_00023,rue Rol-Tanguy,23,,NH0377,1561294.63390000,5181574.62330000,1.21488380,45.82022887
87085_1253_00024,rue Rol-Tanguy,24,,NH0383,1561236.46190000,5181529.08380000,1.21414852,45.81980749
87085_1253_00025,rue Rol-Tanguy,25,,NH0376,1561285.11960000,5181568.40280000,1.21476319,45.82017100
87085_1253_00026,rue Rol-Tanguy,26,,NH0384,1561249.15420000,5181523.59200000,1.21431340,45.81976065
87085_1253_00027,rue Rol-Tanguy,27,,NH0375,1561270.99110000,5181557.02380000,1.21458470,45.82006579
87085_1253_00028,rue Rol-Tanguy,28,,NH0385,1561263.98170000,5181517.81210000,1.21450583,45.81971164
87085_1253_00029,rue Rol-Tanguy,29,,NH0374,1561286.63810000,5181524.65240000,1.21479534,45.81977775
87085_1253_00030,rue Rol-Tanguy,30,,NH0386,1561277.80050000,5181512.07710000,1.21468527,45.81966284
87085_1253_00031,rue Rol-Tanguy,31,,NH0373,1561293.74120000,5181513.68340000,1.21488989,45.81968051
87085_1253_00032,rue Rol-Tanguy,32,,NH0406,1561290.61540000,5181495.59490000,1.21485489,45.81951716
87085_1253_00034,rue Rol-Tanguy,34,,NH0407,1561300.79990000,5181486.18250000,1.21498863,45.81943455
87085_1253_00035,rue Rol-Tanguy,35,,NH0360,1561335.98500000,5181483.32340000,1.21544213,45.81941592
87085_1253_00036,rue Rol-Tanguy,36,,NH0408,1561319.67850000,5181478.35420000,1.21523377,45.81936793
87085_1253_00037,rue Rol-Tanguy,37,,NH0361,1561357.62610000,5181475.64330000,1.21572276,45.81935120
87085_1253_00038,rue Rol-Tanguy,38,,NH0409,1561334.76730000,5181471.77040000,1.21542979,45.81931175
87085_1253_00039,rue Rol-Tanguy,39,,NH0362,1561377.86060000,5181475.71270000,1.21598306,45.81935590
87085_1253_00040,rue Rol-Tanguy,40,,NH0410,1561346.54570000,5181454.30220000,1.21558636,45.81915699
87085_1253_00042,rue Rol-Tanguy,42,,NH0411,1561356.33220000,5181446.59640000,1.21571449,45.81908964
87085_1253_00043,rue Rol-Tanguy,43,,NH0368,1561433.68930000,5181485.80250000,1.21669841,45.81945791
87085_1253_00044,rue Rol-Tanguy,44,,NH0423,1561344.07030000,5181412.72630000,1.21556650,45.81878249
87085_1253_00046,rue Rol-Tanguy,46,,NH0426,1561349.30900000,5181408.59410000,1.21563509,45.81874638
87085_1253_00048,rue Rol-Tanguy,48,,NH0425,1561356.95730000,5181418.52960000,1.21573062,45.81883729
87085_1253_00050,rue Rol-Tanguy,50,,NH0418,1561365.45250000,5181429.50580000,1.21583675,45.81893774
87085_1253_00052,rue Rol-Tanguy,52,,NH0419,1561374.68730000,5181441.51450000,1.21595209,45.81904763
87085_1253_00054,rue Rol-Tanguy,54,,NH0420,1561381.79490000,5181452.08550000,1.21604049,45.81914415
87085_1253_00056,rue Rol-Tanguy,56,,NH0421,1561395.01070000,5181467.53970000,1.21620606,45.81928583
87085_1253_00058,rue Rol-Tanguy,58,,NH0422,1561418.34740000,5181471.73690000,1.21650509,45.81932829
87085_4605_00001,rue Romain Rolland,1,,IT0012,1562337.98790000,5181831.35430000,1.22823367,45.82274790
87085_4605_00002,rue Romain Rolland,2,,IT0043,1562348.27910000,5181826.93040000,1.22836734,45.82271016
87085_4605_00003,rue Romain Rolland,3,,IT0013,1562338.40100000,5181842.36760000,1.22823583,45.82284705
87085_4605_00005,rue Romain Rolland,5,,IT0014,1562338.87320000,5181850.51510000,1.22823957,45.82292044
87085_4605_00006,rue Romain Rolland,6,,IT0042,1562349.53120000,5181850.56840000,1.22837669,45.82292305
87085_4605_00007,rue Romain Rolland,7,,IT0015,1562338.95490000,5181862.54160000,1.22823718,45.82302864
87085_4605_00008,rue Romain Rolland,8,,IT0041,1562349.86590000,5181861.72490000,1.22837780,45.82302347
87085_4605_00009,rue Romain Rolland,9,,IT0016,1562338.77750000,5181875.47750000,1.22823120,45.82314497
87085_4605_00010,rue Romain Rolland,10,,IT0040,1562349.70770000,5181869.13720000,1.22837364,45.82309012
87085_4605_00011,rue Romain Rolland,11,,IT0017,1562338.14500000,5181886.30000000,1.22821996,45.82324219
87085_4605_00012,rue Romain Rolland,12,,IT0039,1562349.28540000,5181877.53840000,1.22836580,45.82316561
87085_4605_00013,rue Romain Rolland,13,,IT0018,1562337.48490000,5181893.96310000,1.22820927,45.82331100
87085_4605_00014,rue Romain Rolland,14,,IT0038,1562348.65600000,5181887.43280000,1.22835487,45.82325449
87085_4605_00015,rue Romain Rolland,15,,IT0019,1562336.83130000,5181902.12780000,1.22819853,45.82338431
87085_4605_00016,rue Romain Rolland,16,,IT0037,1562347.75410000,5181901.22910000,1.22833932,45.82337841
87085_4605_00017,rue Romain Rolland,17,,IT0020,1562336.13720000,5181913.18260000,1.22818643,45.82348361
87085_4605_00018,rue Romain Rolland,18,,IT0036,1562347.02770000,5181911.50420000,1.22832703,45.82347070
87085_4605_00019,rue Romain Rolland,19,,IT0021,1562335.22950000,5181926.48660000,1.22817095,45.82360311
87085_4605_00020,rue Romain Rolland,20,,IT0035,1562346.29370000,5181921.11220000,1.22831484,45.82355698
87085_4605_00021,rue Romain Rolland,21,,IT0022,1562334.49980000,5181936.35420000,1.22815873,45.82369173
87085_4605_00022,rue Romain Rolland,22,,IT0034,1562345.56890000,5181930.38650000,1.22830286,45.82364026
87085_4605_00023,rue Romain Rolland,23,,IT0023,1562333.80770000,5181945.50100000,1.22814721,45.82377387
87085_4605_00024,rue Romain Rolland,24,,IT0033,1562344.99360000,5181940.06690000,1.22829269,45.82372723
87085_4605_00025,rue Romain Rolland,25,,IT0024,1562333.29450000,5181953.70450000,1.22813826,45.82384756
87085_4605_00027,rue Romain Rolland,27,,IT0025,1562332.17780000,5181965.40920000,1.22812054,45.82395263
87085_4605_00028,rue Romain Rolland,28,,IT0031,1562343.36820000,5181964.41330000,1.22826480,45.82394591
87085_4605_00029,rue Romain Rolland,29,,IT0303,1562331.34220000,5181978.50500000,1.22810604,45.82407026
87085_4605_00030,rue Romain Rolland,30,,IT0030,1562342.67960000,5181972.71410000,1.22825357,45.82402044
87085_4605_00031,rue Romain Rolland,31,,IT0341,1562330.02080000,5181990.27420000,1.22808567,45.82417587
87085_4605_00032,rue Romain Rolland,32,,IT0029,1562342.19260000,5181980.49670000,1.22824507,45.82409035
87085_4605_00034,rue Romain Rolland,34,,IT0028,1562341.55280000,5181990.12110000,1.22823409,45.82417680
87085_4614_00003,rue Romy Schneider,3,,MS0200,1565788.80620000,5189509.32850000,1.27048754,45.89249779
87085_4614_00003_b,rue Romy Schneider,3,b,MS0126,1565815.26460000,5189535.91920000,1.27082095,45.89274216
87085_4614_00005,rue Romy Schneider,5,,MS0125,1565825.47440000,5189509.76700000,1.27095979,45.89250890
87085_4614_00007,rue Romy Schneider,7,,MS0025,1565853.62660000,5189509.69030000,1.27132248,45.89251371
87085_4614_00011,rue Romy Schneider,11,,MS0092,1565896.92240000,5189510.26290000,1.27188008,45.89252731
87085_4614_00014,rue Romy Schneider,14,,MS0037,1565912.65400000,5189499.47340000,1.27208576,45.89243332
87085_4614_00015,rue Romy Schneider,15,,MS0091,1565924.24210000,5189510.31000000,1.27223201,45.89253307
87085_4614_00017,rue Romy Schneider,17,,MS0174,1565942.65710000,5189511.05080000,1.27246903,45.89254332
87085_4614_00018,rue Romy Schneider,18,,MS0143,1565957.11480000,5189502.07430000,1.27265779,45.89246540
87085_4614_00020,rue Romy Schneider,20,,MS0107,1566002.62790000,5189505.97770000,1.27324302,45.89250939
87085_4614_00021,rue Romy Schneider,21,,MS0172,1565967.08800000,5189514.31690000,1.27278290,45.89257750
87085_4614_00022,rue Romy Schneider,22,,MS0108,1566020.99270000,5189507.78470000,1.27347910,45.89252923
87085_4614_00023,rue Romy Schneider,23,,MS0171,1565998.20310000,5189515.90440000,1.27318325,45.89259782
87085_4614_00024,rue Romy Schneider,24,,MS0080,1566042.82190000,5189509.42120000,1.27375986,45.89254820
87085_4614_00025,rue Romy Schneider,25,,MS0175,1566043.44700000,5189520.03190000,1.27376495,45.89264377
87085_4614_00026,rue Romy Schneider,26,,MS0081,1566074.76580000,5189511.92570000,1.27417068,45.89257696
87085_4614_00029,rue Romy Schneider,29,,MS0102,1566083.33570000,5189523.44240000,1.27427786,45.89268223
87085_4614_00031,rue Romy Schneider,31,,MS0101,1566114.59700000,5189525.76450000,1.27467994,45.89270921
87085_4614_00037,rue Romy Schneider,37,,MS0031,1566172.97770000,5189525.37070000,1.27543214,45.89271705
87085_4614_00043,rue Romy Schneider,43,,MV0001,1566221.39650000,5189528.01650000,1.27605516,45.89275028
87085_x119_00050,rue Rose Avril,50,,LE0034,1568140.07210000,5190347.27610000,1.30054700,45.90049100
87085_x119_00054,rue Rose Avril,54,,LD0011,1568129.43170000,5190349.89050000,1.30040967,45.90051245
87085_4627_00002,rue Rouget de Lisle,2,,EY0262,1566288.26210000,5180993.71660000,1.27929213,45.81599206
87085_4627_00004,rue Rouget de Lisle,4,,EY0176,1566286.49570000,5180974.13780000,1.27927484,45.81581559
87085_4627_00005,rue Rouget de Lisle,5,,EY0116,1566294.89190000,5180955.16610000,1.27938813,45.81564656
87085_4627_00006,rue Rouget de Lisle,6,,EY0098,1566282.01870000,5180952.54320000,1.27922325,45.81562046
87085_4627_00007,rue Rouget de Lisle,7,,EY0115,1566289.09100000,5180933.92960000,1.27931941,45.81545440
87085_4627_00008,rue Rouget de Lisle,8,,EY0099,1566277.38570000,5180933.43980000,1.27916896,45.81544772
87085_4627_00009,rue Rouget de Lisle,9,,EY0114,1566286.35420000,5180918.30960000,1.27928854,45.81531335
87085_4627_00010,rue Rouget de Lisle,10,,EY0100,1566274.80770000,5180915.87950000,1.27914068,45.81528925
87085_4627_00011,rue Rouget de Lisle,11,,EY0113,1566300.67810000,5180903.25670000,1.27947700,45.81518073
87085_4627_00012,rue Rouget de Lisle,12,,EY0101,1566282.05010000,5180903.05210000,1.27923741,45.81517527
87085_4627_00014,rue Rouget de Lisle,14,,EY0108,1566293.61310000,5180894.02120000,1.27938868,45.81509627
87085_4627_00015,rue Rouget de Lisle,15,,EY0112,1566319.47440000,5180887.31190000,1.27972324,45.81504095
87085_4627_00016,rue Rouget de Lisle,16,,EY0109,1566310.46520000,5180879.08330000,1.27960962,45.81496517
87085_4627_00017,rue Rouget de Lisle,17,,EY0111,1566324.47470000,5180874.09810000,1.27979123,45.81492305
87085_4627_00018,rue Rouget de Lisle,18,,EY0102,1566272.82360000,5180869.10430000,1.27912816,45.81486809
87085_4627_00019,rue Rouget de Lisle,19,,EY0110,1566327.35150000,5180848.92790000,1.27983524,45.81469719
87085_4627_00020,rue Rouget de Lisle,20,,EY0103,1566270.37740000,5180860.18860000,1.27909917,45.81478741
87085_4627_00022,rue Rouget de Lisle,22,,EY0104,1566279.56930000,5180850.23720000,1.27922018,45.81469968
87085_4627_00024,rue Rouget de Lisle,24,,EY0105,1566298.37400000,5180842.07480000,1.27946436,45.81462991
87085_4627_00026,rue Rouget de Lisle,26,,EY0106,1566319.44010000,5180834.95470000,1.27973734,45.81456995
87085_4627_00028,rue Rouget de Lisle,28,,EY0107,1566337.47010000,5180830.20090000,1.27997061,45.81453069
87085_4627_00030,rue Rouget de Lisle,30,,SZ0002,1566347.29210000,5180833.69270000,1.28009600,45.81456401
87085_4655_00002,rue Rude,2,,IX0793,1562802.56570000,5182789.12580000,1.23393773,45.83145638
87085_4655_00007,rue Rude,7,,IX0898,1562836.89030000,5182787.18400000,1.23437998,45.83144576
87085_4655_00009,rue Rude,9,,IX0898,1562827.18880000,5182769.22400000,1.23426026,45.83128227
87085_4655_00011,rue Rude,11,,IX0898,1562820.15600000,5182756.53290000,1.23417338,45.83116670
87085_4655_00013,rue Rude,13,,IX0898,1562817.18400000,5182737.66230000,1.23414052,45.83099636
87085_4655_00017,rue Rude,17,,IX0896,1562792.50740000,5182698.87390000,1.23383405,45.83064251
87085_4655_00018,rue Rude,18,,IX0794,1562792.56670000,5182729.00350000,1.23382622,45.83091356
87085_4655_00019,rue Rude,19,,IX0781,1562781.80830000,5182685.69660000,1.23370014,45.83052184
87085_4655_00020,rue Rude,20,,IX0794,1562795.83720000,5182748.09000000,1.23386286,45.83108590
87085_4655_00022,rue Rude,22,,IX0794,1562790.46180000,5182718.63070000,1.23380209,45.83081983
87085_4655_00024,rue Rude,24,,IX0794,1562791.00230000,5182722.04760000,1.23380807,45.83085067
87085_4655_00025,rue Rude,25,,IX0204,1562749.95350000,5182636.89030000,1.23330416,45.83007645
87085_4655_00026,rue Rude,26,,IX0721,1562788.51250000,5182711.97010000,1.23377891,45.83075952
87085_4655_00026_bis,rue Rude,26,bis,IX0712,1562750.24670000,5182720.56350000,1.23328405,45.83082919
87085_4655_00032,rue Rude,32,,IX0142,1562746.52360000,5182650.13380000,1.23325625,45.83019490
87085_4655_00034,rue Rude,34,,IX0141,1562736.76290000,5182640.41870000,1.23313342,45.83010556
87085_4655_00036,rue Rude,36,,IX0140,1562722.35900000,5182626.77680000,1.23295197,45.82997996
87085_4678_00010,rue Sacha Guitry,10,,DS0358,1565345.41080000,5183494.19170000,1.26646235,45.83830146
87085_4685_00001,rue Saint-Affre,1,,EO0330,1565409.39030000,5182597.91510000,1.26753670,45.83025143
87085_4685_00002,rue Saint-Affre,2,,EO0336,1565397.49200000,5182582.93000000,1.26738779,45.83011430
87085_4685_00003,rue Saint-Affre,3,,EO0243,1565407.03890000,5182591.41600000,1.26750826,45.83019251
87085_4685_00004,rue Saint-Affre,4,,EO0065,1565391.35400000,5182566.70040000,1.26731335,45.82996711
87085_4685_00005,rue Saint-Affre,5,,EO0242,1565406.77720000,5182583.53220000,1.26750710,45.83012154
87085_4685_00005_bis,rue Saint-Affre,5,bis,EO0239,1565401.89270000,5182573.92690000,1.26744694,45.83003418
87085_4685_00006,rue Saint-Affre,6,,EO0066,1565385.73780000,5182555.89120000,1.26724410,45.82986877
87085_4685_00007,rue Saint-Affre,7,,EO0324,1565394.61010000,5182559.91090000,1.26735715,45.82990667
87085_4685_00009,rue Saint-Affre,9,,EO0323,1565381.05270000,5182537.28770000,1.26718903,45.82970051
87085_4685_00010,rue Saint-Affre,10,,EO0079,1565362.91560000,5182517.15550000,1.26696128,45.82951585
87085_4685_00012,rue Saint-Affre,12,,EO0078,1565362.09600000,5182513.15130000,1.26695185,45.82947967
87085_4690_00006,rue Saint Augustin,6,,DS0239,1565420.85300000,5183603.91930000,1.26740256,45.83930330
87085_4690_00009,rue Saint Augustin,9,,DS0243,1565414.43980000,5183597.74190000,1.26732175,45.83924647
87085_4695_00001,rue Saint Aurélien,1,,DY0590,1564631.79560000,5182390.04340000,1.25758914,45.82822889
87085_4695_00001_bis,rue Saint Aurélien,1,bis,DY0031,1564625.61360000,5182405.40770000,1.25750526,45.82836589
87085_4695_00002,rue Saint Aurélien,2,,DY0035,1564628.20020000,5182417.28940000,1.25753520,45.82847328
87085_4695_00003,rue Saint Aurélien,3,,DY0025,1564640.50720000,5182382.77560000,1.25770328,45.82816523
87085_4695_00005,rue Saint Aurélien,5,,DY0024,1564645.92800000,5182377.28360000,1.25777458,45.82811689
87085_4695_00006,rue Saint Aurélien,6,,DY0033,1564624.51560000,5182383.05990000,1.25749743,45.82816464
87085_4695_00007,rue Saint Aurélien,7,,DY0568,1564645.22370000,5182374.07100000,1.25776642,45.82808785
87085_4700_00001,rue Saint-Benoît,1,,HY0001,1564173.22450000,5182023.21530000,1.25179209,45.82483865
87085_4700_00002,rue Saint-Benoît,2,,HY0029,1564160.48320000,5182021.26000000,1.25162870,45.82481855
87085_4700_00003,rue Saint-Benoît,3,,HY0003,1564174.60190000,5182010.59080000,1.25181337,45.82472536
87085_4700_00004,rue Saint-Benoît,4,,HY0028,1564161.39000000,5182013.50860000,1.25164256,45.82474900
87085_4700_00005,rue Saint-Benoît,5,,HY0447,1564175.25440000,5182004.58110000,1.25182347,45.82467143
87085_4700_00006,rue Saint-Benoît,6,,HY0027,1564162.01580000,5182007.02080000,1.25165244,45.82469076
87085_4700_00007,rue Saint-Benoît,7,,HY0005,1564176.41590000,5181996.34220000,1.25184074,45.82459754
87085_4700_00008,rue Saint-Benoît,8,,HY0026,1564162.90330000,5181999.35140000,1.25166603,45.82462194
87085_4700_00009,rue Saint-Benoît,9,,HY0008,1564178.32740000,5181979.33070000,1.25187014,45.82444489
87085_4700_00010,rue Saint-Benoît,10,,HY0025,1564163.57140000,5181991.54110000,1.25167683,45.82455182
87085_4700_00012,rue Saint-Benoît,12,,HY0024,1564165.21400000,5181979.20440000,1.25170145,45.82444117
87085_4700_00013,rue Saint-Benoît,13,,HY0009,1564179.73490000,5181964.93550000,1.25189231,45.82431568
87085_4700_00014,rue Saint-Benoît,14,,HY0023,1564166.87370000,5181964.43660000,1.25172697,45.82430865
87085_4700_00015,rue Saint-Benoît,15,,HY0010,1564180.66540000,5181957.79440000,1.25190630,45.82425162
87085_4700_00016,rue Saint-Benoît,16,,HY0021,1564169.25470000,5181942.28970000,1.25176387,45.82410989
87085_4700_00017,rue Saint-Benoît,17,,HY0011,1564181.41080000,5181951.09880000,1.25191779,45.82419154
87085_4700_00017_bis,rue Saint-Benoît,17,bis,HY0012,1564184.26140000,5181924.27450000,1.25196204,45.82395080
87085_4700_00018,rue Saint-Benoît,18,,HY0020,1564170.24750000,5181935.59940000,1.25177853,45.82404991
87085_4700_00019,rue Saint-Benoît,19,,HY0013,1564187.25720000,5181896.55640000,1.25200841,45.82370205
87085_4700_00020,rue Saint-Benoît,20,,HY0019,1564171.03350000,5181928.07810000,1.25179077,45.82398240
87085_4700_00021,rue Saint-Benoît,21,,HY0014,1564188.18200000,5181889.08210000,1.25202242,45.82363500
87085_4700_00022,rue Saint-Benoît,22,,HY0018,1564172.06510000,5181920.12580000,1.25180629,45.82391107
87085_4700_00024,rue Saint-Benoît,24,,HY0017,1564173.27050000,5181910.79280000,1.25182443,45.82382735
87085_4700_00026,rue Saint-Benoît,26,,HY0016,1564173.69860000,5181905.11680000,1.25183154,45.82377638
87085_4710_00005,rue Saint Christophe,5,,CV1760,1565361.69400000,5183764.98030000,1.26659605,45.84074055
87085_4710_00013,rue Saint Christophe,13,,CV1682,1565389.81940000,5183766.38260000,1.26695765,45.84075868
87085_4710_00015,rue Saint Christophe,15,,CV1276,1565400.30960000,5183767.07279999,1.26709247,45.84076694
87085_4710_00017,rue Saint Christophe,17,,CV1684,1565411.87830000,5183768.10250000,1.26724107,45.84077847
87085_4710_00021,rue Saint Christophe,21,,CV1688,1565443.79830000,5183783.06160000,1.26764771,45.84091928
87085_4710_00022,rue Saint Christophe,22,,CV1673,1565454.24520000,5183781.47720000,1.26778261,45.84090707
87085_4710_00023,rue Saint Christophe,23,,CV1000,1565453.73490000,5183792.74370000,1.26777289,45.84100832
87085_4710_00024,rue Saint Christophe,24,,CV1033,1565463.20970000,5183789.93320000,1.26789562,45.84098489
87085_4710_00025,rue Saint Christophe,25,,CV1690,1565458.57420000,5183797.46610000,1.26783385,45.84105175
87085_4710_00026,rue Saint Christophe,26,,CV1671,1565472.41860000,5183798.42970000,1.26801177,45.84106312
87085_4710_00027,rue Saint Christophe,27,,CV1692,1565463.87690000,5183802.84270000,1.26790060,45.84110115
87085_4710_00028,rue Saint Christophe,28,,CV1669,1565479.77090000,5183818.55130000,1.26810076,45.84124557
87085_4710_00030,rue Saint Christophe,30,,CV0987,1565475.31600000,5183828.36840000,1.26804068,45.84133301
87085_4710_00031,rue Saint Christophe,31,,CV1696,1565465.74280000,5183824.68100001,1.26791850,45.84129796
87085_4710_00032,rue Saint Christophe,32,,CV1667,1565471.44760000,5183836.07900000,1.26798873,45.84140161
87085_4710_00033,rue Saint Christophe,33,,CV1698,1565462.59010000,5183830.87170001,1.26787619,45.84135304
87085_4710_00034,rue Saint Christophe,34,,CV1665,1565467.77660000,5183843.59600001,1.26793938,45.84146851
87085_4710_00035,rue Saint Christophe,35,,CV1005,1565459.77630000,5183836.21670000,1.26783848,45.84140057
87085_4710_00036,rue Saint Christophe,36,,CV1663,1565463.76270000,5183851.14620000,1.26788560,45.84153565
87085_4710_00037,rue Saint Christophe,37,,CV1700,1565456.79400000,5183841.74180000,1.26779854,45.84144968
87085_4710_00038,rue Saint Christophe,38,,CV1661,1565459.75610000,5183859.21580000,1.26783178,45.84160745
87085_4710_00039,rue Saint Christophe,39,,CV1702,1565453.83910000,5183848.12860000,1.26775873,45.84150656
87085_4710_00040,rue Saint Christophe,40,,CV1659,1565456.10840000,5183866.59440000,1.26778276,45.84167311
87085_4710_00041,rue Saint Christophe,41,,CV1088,1565446.66670000,5183861.54610000,1.26766266,45.84162585
87085_4710_00042,rue Saint Christophe,42,,CV1657,1565452.77160000,5183873.10070000,1.26773799,45.84173099
87085_4710_00043,rue Saint Christophe,43,,CV1704,1565443.05090000,5183868.51730000,1.26761417,45.84168786
87085_4710_00044,rue Saint Christophe,44,,CV1655,1565446.17890000,5183885.80750000,1.26764958,45.84184401
87085_4710_00045,rue Saint Christophe,45,,CV1706,1565439.92340000,5183874.77610000,1.26757216,45.84174355
87085_4710_00047,rue Saint Christophe,47,,CV1708,1565436.31800000,5183881.38310000,1.26752391,45.84180228
87085_4710_00051,rue Saint Christophe,51,,CV1712,1565419.07990000,5183907.40610000,1.26729475,45.84203299
87085_4710_00054,rue Saint Christophe,54,,CV1093,1565418.67750000,5183929.26190000,1.26728345,45.84222952
87085_4710_00055,rue Saint Christophe,55,,CV1714,1565407.77900000,5183922.32350000,1.26714512,45.84216497
87085_4710_00056,rue Saint Christophe,56,,CV1649,1565412.11190000,5183937.94970000,1.26719651,45.84230639
87085_4710_00057,rue Saint Christophe,57,,CV1716,1565401.32060000,5183930.65050000,1.26705967,45.84223862
87085_4710_00058,rue Saint Christophe,58,,CV1647,1565403.38390000,5183949.14670000,1.26708104,45.84240540
87085_4710_00059,rue Saint Christophe,59,,CV1718,1565395.51010000,5183938.00470000,1.26698282,45.84230363
87085_4710_00060,rue Saint Christophe,60,,CV1645,1565395.55910000,5183959.56960000,1.26697741,45.84249763
87085_4710_00061,rue Saint Christophe,61,,CV1720,1565388.13490000,5183948.08310000,1.26688507,45.84239285
87085_4710_00062,rue Saint Christophe,62,,CV0989,1565388.48060000,5183969.19240000,1.26688361,45.84258281
87085_4710_00063,rue Saint Christophe,63,,CV1722,1565383.63100000,5183953.51760001,1.26682558,45.84244086
87085_4710_00064,rue Saint Christophe,64,,CV1643,1565377.33620000,5183983.85270000,1.26673606,45.84271251
87085_4710_00065,rue Saint Christophe,65,,CV1724,1565379.40860000,5183959.43240000,1.26676958,45.84249324
87085_4710_00066,rue Saint Christophe,66,,CV1641,1565371.51360000,5183991.61140000,1.26665895,45.84278116
87085_4710_00067,rue Saint Christophe,67,,CV1726,1565374.92870000,5183965.63940000,1.26671018,45.84254819
87085_4710_00068,rue Saint Christophe,68,,CV1639,1565365.64480000,5183999.45100000,1.26658121,45.84285053
87085_4710_00069,rue Saint Christophe,69,,CV1728,1565369.71590000,5183972.42800000,1.26664118,45.84260824
87085_4710_00071,rue Saint Christophe,71,,CV1730,1565363.52360000,5183980.59180000,1.26655920,45.84268047
87085_4720_00001,rue Saint Domnolet,1,,EO0128,1565507.39540000,5182527.50240000,1.26881753,45.82963720
87085_4720_00003,rue Saint Domnolet,3,,EO0140,1565508.71240000,5182502.77200000,1.26884139,45.82941499
87085_4720_00005,rue Saint Domnolet,5,,EO0160,1565504.58430000,5182479.48830000,1.26879479,45.82920473
87085_4720_00007,rue Saint Domnolet,7,,EO0159,1565502.29420000,5182472.31650000,1.26876733,45.82913977
87085_4830_00001,rue Sainte Anne,1,,EW0509,1565381.86760000,5181474.78610000,1.26749695,45.82014281
87085_4830_00008,rue Sainte Anne,8,,EW0282,1565406.29620000,5181443.64890000,1.26781996,45.81986749
87085_4830_00011,rue Sainte Anne,11,,EW0509,1565423.91020000,5181449.56980000,1.26804492,45.81992420
87085_4830_00012,rue Sainte Anne,12,,EW0052,1565419.78160000,5181435.49140000,1.26799574,45.81979675
87085_4830_00012_bis,rue Sainte Anne,12,bis,EW0520,1565428.68670000,5181430.15830000,1.26811180,45.81975051
87085_4830_00013,rue Sainte Anne,13,,EW0509,1565434.95820000,5181442.81820000,1.26818895,45.81986562
87085_4830_00014,rue Sainte Anne,14,,EW0519,1565435.81650000,5181426.00970000,1.26820469,45.81971459
87085_4830_00015,rue Sainte Anne,15,,EW0509,1565444.95310000,5181436.60389999,1.26831928,45.81981168
87085_4830_00016,rue Sainte Anne,16,,EW0054,1565441.81510000,5181421.91990000,1.26828301,45.81967897
87085_4830_00018,rue Sainte Anne,18,,EW0055,1565453.32320000,5181415.04170000,1.26843299,45.81961935
87085_4830_00020,rue Sainte Anne,20,,EW0378,1565463.97920000,5181408.56220000,1.26857190,45.81956315
87085_4830_00022,rue Sainte Anne,22,,EW0377,1565473.37590000,5181402.50010000,1.26869449,45.81951045
87085_4830_00024,rue Sainte Anne,24,,EW0376,1565484.18420000,5181396.14990000,1.26883532,45.81945544
87085_4830_00026,rue Sainte Anne,26,,EW0057,1565490.20950000,5181392.38670000,1.26891389,45.81942277
87085_4830_00028,rue Sainte Anne,28,,EW0058,1565497.99720000,5181388.27850000,1.26901524,45.81938733
87085_4830_00030,rue Sainte Anne,30,,EW0478,1565506.25300000,5181384.40800000,1.26912253,45.81935413
87085_4830_00034,rue Sainte Anne,34,,EW0539,1565539.37300000,5181353.16820000,1.26955737,45.81907958
87085_4830_00036,rue Sainte Anne,36,,EW0539,1565593.08660000,5181328.11930000,1.27025542,45.81886475
87085_4830_00043,rue Sainte Anne,43,,EW0271,1565687.40860000,5181326.72650000,1.27146930,45.81887064
87085_4830_00046,rue Sainte Anne,46,,EW0471,1565652.72200000,5181336.38830000,1.27102035,45.81895079
87085_4830_00050,rue Sainte Anne,50,,EW0252,1565671.98710000,5181323.49740000,1.27127180,45.81883859
87085_4830_00052,rue Sainte Anne,52,,EW0251,1565682.19140000,5181316.63400000,1.27140500,45.81877884
87085_4830_00056,rue Sainte Anne,56,,EW0525,1565703.98910000,5181299.93320000,1.27169010,45.81863286
87085_4830_00056_bis,rue Sainte Anne,56,bis,EW0466,1565708.38780000,5181249.63120000,1.27176074,45.81818122
87085_4830_00062,rue Sainte Anne,62,,EW0501,1565755.83030000,5181262.66720000,1.27236746,45.81830775
87085_4830_00066,rue Sainte Anne,66,,EW0370,1565783.61320000,5181242.19100000,1.27273061,45.81812897
87085_4830_00072,rue Sainte Anne,72,,EW0366,1565820.03890000,5181218.34140000,1.27320589,45.81792154
87085_4830_00073,rue Sainte Anne,73,,EY0002,1565939.28530000,5181167.23410000,1.27475426,45.81748504
87085_4830_00075,rue Sainte Anne,75,,EY0004,1565949.69480000,5181160.50160000,1.27489006,45.81742651
87085_4830_00076,rue Sainte Anne,76,,EW0239,1565841.53830000,5181208.93730000,1.27348510,45.81784113
87085_4830_00077,rue Sainte Anne,77,,EY0282,1565967.79230000,5181149.62720000,1.27512591,45.81733221
87085_4830_00079,rue Sainte Anne,79,,EY0281,1565986.25570000,5181141.16790000,1.27536580,45.81725971
87085_4830_00086,rue Sainte Anne,86,,EX0170,1565928.32550000,5181159.58170000,1.27461540,45.81741407
87085_4830_00087,rue Sainte Anne,87,,EY0152,1566041.28650000,5181121.88530000,1.27607915,45.81709697
87085_4830_00090,rue Sainte Anne,90,,EX0171,1565954.43500000,5181142.40610000,1.27495608,45.81726465
87085_4830_00091,rue Sainte Anne,91,,EY0141,1566065.45680000,5181113.74160000,1.27639237,45.81702842
87085_4830_00092,rue Sainte Anne,92,,EX0386,1565968.82590000,5181131.84400000,1.27514417,45.81717244
87085_4830_00093,rue Sainte Anne,93,,EY0181,1566072.40510000,5181113.12080000,1.27648193,45.81702419
87085_4830_00094,rue Sainte Anne,94,,EX0387,1565982.49040000,5181119.99830000,1.27532326,45.81706854
87085_4830_00095,rue Sainte Anne,95,,EY0143,1566080.35060000,5181114.20150000,1.27658385,45.81703546
87085_4830_00099,rue Sainte Anne,99,,EY0150,1566087.39510000,5181114.28150000,1.27667445,45.81703755
87085_4830_00101,rue Sainte Anne,101,,EY0149,1566102.24700000,5181114.87490000,1.27686536,45.81704578
87085_4830_00102,rue Sainte Anne,102,,EX0281,1566068.28020000,5181098.66170000,1.27643289,45.81689332
87085_4830_00104,rue Sainte Anne,104,,EX0274,1566080.95570000,5181092.27370000,1.27659774,45.81683832
87085_4705_00004,rue Sainte Beuve,4,,DH0398,1563967.44930000,5183127.38180000,1.24883202,45.83473059
87085_4705_00006,rue Sainte Beuve,6,,DH0388,1563969.92120000,5183134.84500000,1.24886172,45.83479821
87085_4705_00008,rue Sainte Beuve,8,,DH0313,1563974.08840000,5183145.51650000,1.24891233,45.83489503
87085_4715_00001,rue Sainte Claire,1,,IN0420,1563915.52970000,5182031.22640000,1.24847413,45.82485978
87085_4715_00003,rue Sainte Claire,3,,IN0420,1563896.24880000,5182019.35510000,1.24822941,45.82474917
87085_4715_00005,rue Sainte Claire,5,,IN0420,1563876.39370000,5182007.31330000,1.24797735,45.82463692
87085_4715_00009,rue Sainte Claire,9,,IN0420,1563841.30640000,5181990.23070000,1.24753073,45.82447631
87085_4715_00010,rue Sainte Claire,10,,IN0405,1563934.92800000,5182063.34220000,1.24871464,45.82515252
87085_4715_00012,rue Sainte Claire,12,,IN0405,1563922.82740000,5182056.39610000,1.24856091,45.82508764
87085_4715_00014,rue Sainte Claire,14,,IN0405,1563909.78240000,5182048.89810000,1.24839518,45.82501761
87085_4715_00018,rue Sainte Claire,18,,IN0405,1563893.43880000,5182039.40290000,1.24818758,45.82492896
87085_4715_00020,rue Sainte Claire,20,,IN0405,1563883.77350000,5182033.71150000,1.24806483,45.82487585
87085_4715_00024,rue Sainte Claire,24,,IN0134,1563868.71600000,5182025.07970000,1.24787353,45.82479522
87085_4715_00028,rue Sainte Claire,28,,IN0132,1563850.33420000,5182014.77250000,1.24763994,45.82469886
87085_4715_00030,rue Sainte Claire,30,,IN0131,1563824.89740000,5182005.19110001,1.24740487,45.82463164
87085_4715_00031,rue Sainte Claire,31,,IN0375,1563805.66720000,5181981.17930000,1.24707474,45.82438783
87085_4715_00032,rue Sainte Claire,32,,IN0474,1563810.61900000,5182001.65300000,1.24713300,45.82457300
87085_4715_00033,rue Sainte Claire,33,,IN0375,1563790.96210000,5181975.41209999,1.24688717,45.82433304
87085_4715_00039,rue Sainte Claire,39,,IN0189,1563770.11660000,5181972.90720000,1.24661966,45.82430638
87085_4715_00041,rue Sainte Claire,41,,IN0189,1563757.07200000,5181968.93110000,1.24645295,45.82426803
87085_4715_00041_a,rue Sainte Claire,41,a,IN0189,1563804.60840000,5181935.55750000,1.24707403,45.82397723
87085_4715_00041_b,rue Sainte Claire,41,b,IN0189,1563796.00190000,5181942.58680000,1.24696131,45.82403876
87085_4715_00042,rue Sainte Claire,42,,IN0411,1563759.71360000,5181989.31710000,1.24648116,45.82445193
87085_4715_00043,rue Sainte Claire,43,,IN0190,1563746.18310000,5181965.47550000,1.24631383,45.82423479
87085_4715_00044,rue Sainte Claire,44,,IN0307,1563722.16530000,5182030.63260000,1.24598634,45.82481615
87085_4715_00045,rue Sainte Claire,45,,IN0191,1563732.28360000,5181960.86350000,1.24613630,45.82419054
87085_4715_00046,rue Sainte Claire,46,,IN0307,1563729.06360000,5182008.59180000,1.24608134,45.82461925
87085_4715_00048,rue Sainte Claire,48,,IN0307,1563726.28420000,5181978.00160000,1.24605425,45.82434352
87085_4715_00053,rue Sainte Claire,53,,IN0192,1563701.29080000,5181951.14790000,1.24574028,45.82409701
87085_4715_00061,rue Sainte Claire,61,,IN0203,1563650.62940000,5181872.97150000,1.24511061,45.82338372
87085_4715_00063,rue Sainte Claire,63,,IN0203,1563643.09400000,5181891.58360000,1.24500838,45.82354966
87085_4715_00065,rue Sainte Claire,65,,IN0203,1563635.58600000,5181911.43320000,1.24490615,45.82372673
87085_4715_00067,rue Sainte Claire,67,,IN0203,1563611.94030000,5181908.38100000,1.24460278,45.82369458
87085_4715_00071,rue Sainte Claire,71,,IN0389,1563591.01720000,5181894.64420000,1.24433747,45.82356686
87085_4715_00086,rue Sainte Claire,86,,IN0368,1563472.25440000,5181920.12500001,1.24280218,45.82377251
87085_4715_00104,rue Sainte Claire,104,,IN0365,1563392.08550000,5181913.24580000,1.24177265,45.82369471
87085_4715_00119,rue Sainte Claire,119,,IN0205,1563389.05880000,5181875.42240000,1.24174445,45.82335387
87085_4715_00125,rue Sainte Claire,125,,IN0207,1563267.47960000,5181865.52880000,1.24018298,45.82324071
87085_4715_00127,rue Sainte Claire,127,,IN0208,1563261.75600000,5181869.94370000,1.24010809,45.82327929
87085_4715_00129,rue Sainte Claire,129,,IN0215,1563252.92170000,5181875.25600000,1.23999291,45.82332532
87085_4715_00131,rue Sainte Claire,131,,IN0216,1563246.40540000,5181879.63780000,1.23990782,45.82336344
87085_4715_00133,rue Sainte Claire,133,,IN0412,1563242.47290000,5181882.38310000,1.23985645,45.82338736
87085_4715_00135,rue Sainte Claire,135,,IN0413,1563229.69470000,5181891.18260000,1.23968953,45.82346397
87085_4715_00136,rue Sainte Claire,136,,None,1563254.96840000,5181919.57060000,1.24000664,45.82372436
87085_4715_00140,rue Sainte Claire,140,,IN0219,1563227.18710000,5181933.32900000,1.23964528,45.82384260
87085_4715_00142,rue Sainte Claire,142,,IN0446,1563213.38480000,5181940.36870000,1.23946570,45.82390318
87085_4715_00144,rue Sainte Claire,144,,IN0268,1563207.05610000,5181943.87100000,1.23938327,45.82393343
87085_4715_00146,rue Sainte Claire,146,,IN0442,1563200.39810000,5181947.31030000,1.23929663,45.82396305
87085_4741_00001,rue Sainte Félicité,1,,HS0179,1565164.83620000,5181664.10560000,1.26465162,45.82180334
87085_4741_00005,rue Sainte Félicité,5,,HS0582,1565156.85510000,5181668.99790000,1.26454756,45.82184579
87085_4770_00005,rue Sainte Madeleine,5,,HV0220,1564899.07040000,5181705.92710000,1.26122051,45.82212741
87085_4770_00010,rue Sainte Madeleine,10,,HV0213,1564860.91000000,5181677.03390000,1.26073765,45.82186000
87085_4735_00003,rue Saint-Exupéry,3,,DT0183,1565075.22250000,5183263.43690000,1.26304983,45.83617272
87085_4735_00004,rue Saint-Exupéry,4,,DT0352,1565081.52510000,5183283.93300000,1.26312519,45.83635833
87085_4735_00005,rue Saint-Exupéry,5,,DT0184,1565072.29190000,5183271.94010000,1.26300973,45.83624864
87085_4735_00006,rue Saint-Exupéry,6,,DT0382,1565070.32270000,5183313.35020000,1.26297280,45.83662080
87085_4735_00007,rue Saint-Exupéry,7,,DT0187,1565068.27380000,5183282.60550000,1.26295502,45.83634379
87085_4735_00008,rue Saint-Exupéry,8,,DT0380,1565063.93400000,5183330.87990000,1.26288560,45.83677720
87085_4735_00009,rue Saint-Exupéry,9,,DT0311,1565065.16280000,5183291.65020000,1.26291245,45.83642454
87085_4735_00010,rue Saint-Exupéry,10,,DT0175,1565050.37810000,5183372.47670000,1.26269950,45.83714870
87085_4735_00011,rue Saint-Exupéry,11,,DT0190,1565061.62390000,5183301.81490000,1.26286405,45.83651529
87085_4735_00013,rue Saint-Exupéry,13,,DT0384,1565055.59500000,5183318.24640000,1.26278185,45.83666192
87085_4735_00021,rue Saint-Exupéry,21,,DT0196,1565042.04050000,5183355.36710000,1.26259699,45.83699318
87085_4750_00001,rue Saint Georges,1,,HY0284,1564092.05970000,5181943.58710000,1.25077027,45.82410632
87085_4750_00002,rue Saint Georges,2,,HY0341,1564097.21640000,5181956.81820000,1.25083288,45.82422636
87085_4750_00002_b,rue Saint Georges,2,b,HY0473,1564075.94390000,5181954.59570000,1.25055980,45.82420216
87085_4750_00003,rue Saint Georges,3,,HY0285,1564073.43430000,5181941.60610000,1.25053118,45.82408482
87085_4750_00004,rue Saint Georges,4,,HY0472,1564070.00040000,5181953.73550000,1.25048357,45.82419325
87085_4750_00005,rue Saint Georges,5,,HY0436,1564060.52160000,5181939.92940000,1.25036551,45.82406718
87085_4750_00007,rue Saint Georges,7,,HY0287,1564044.13840000,5181938.18280000,1.25015521,45.82404823
87085_4750_00007_bis,rue Saint Georges,7,bis,HY0288,1564030.52620000,5181936.50830000,1.24998054,45.82403048
87085_4750_00009,rue Saint Georges,9,,HY0289,1564020.94760000,5181935.50350000,1.24985758,45.82401954
87085_4750_00010,rue Saint Georges,10,,HY0339,1564050.72070000,5181951.68020000,1.25023609,45.82417095
87085_4750_00011,rue Saint Georges,11,,HY0290,1564009.40180000,5181934.49960000,1.24970931,45.82400823
87085_4750_00012,rue Saint Georges,12,,HY0338,1564033.27810000,5181949.77730000,1.25001220,45.82415038
87085_4750_00013,rue Saint Georges,13,,HY0291,1563998.35080000,5181933.13790000,1.24956751,45.82399380
87085_4750_00014,rue Saint Georges,14,,HY0337,1564023.95970000,5181948.64310000,1.24989262,45.82413834
87085_4750_00015,rue Saint Georges,15,,HY0292,1563986.26660000,5181931.52040000,1.24941249,45.82397686
87085_4750_00016,rue Saint Georges,16,,HY0336,1564012.70450000,5181947.49670000,1.24974813,45.82412580
87085_4750_00017,rue Saint Georges,17,,HY0293,1563974.81240000,5181930.40370000,1.24926543,45.82396455
87085_4750_00018,rue Saint Georges,18,,HY0335,1564004.61710000,5181946.52250000,1.24964435,45.82411544
87085_4750_00019,rue Saint Georges,19,,HY0294,1563965.65440000,5181929.33820000,1.24914790,45.82395315
87085_4750_00020,rue Saint Georges,20,,HY0334,1563995.60660000,5181945.36910000,1.24952874,45.82410328
87085_4750_00021,rue Saint Georges,21,,HY0295,1563959.69000000,5181928.86650000,1.24907129,45.82394773
87085_4750_00022,rue Saint Georges,22,,HY0333,1563988.72330000,5181944.73210000,1.24944036,45.82409619
87085_4750_00023,rue Saint Georges,23,,HY0295,1563951.90890000,5181927.83030000,1.24897147,45.82393687
87085_4750_00024,rue Saint Georges,24,,HY0332,1563980.64570000,5181943.73790000,1.24933671,45.82408565
87085_4750_00025,rue Saint Georges,25,,HY0296,1563938.66920000,5181926.32400000,1.24880154,45.82392070
87085_4750_00026,rue Saint Georges,26,,HY0451,1563965.16310000,5181942.18810000,1.24913794,45.82406865
87085_4750_00027,rue Saint Georges,27,,HY0416,1563929.16430000,5181925.36140000,1.24867952,45.82391016
87085_4750_00028,rue Saint Georges,28,,HY0324,1563949.18270000,5181940.32410000,1.24893285,45.82404872
87085_4750_00029,rue Saint Georges,29,,HY0298,1563920.10430000,5181924.52520000,1.24856319,45.82390084
87085_4750_00030,rue Saint Georges,30,,HY0323,1563937.61360000,5181939.06320000,1.24878436,45.82403509
87085_4755_00002,rue Saint Lazare,2,,EW0192,1565914.73660000,5181394.92520000,1.27437497,45.81952848
87085_4755_00004,rue Saint Lazare,4,,EW0191,1565909.46310000,5181385.00580000,1.27430988,45.81943823
87085_4755_00006,rue Saint Lazare,6,,EW0482,1565898.19350000,5181374.48810000,1.27416783,45.81934142
87085_4755_00008,rue Saint Lazare,8,,EW0482,1565895.59030000,5181370.37960000,1.27413548,45.81930395
87085_4755_00009,rue Saint Lazare,9,,EW0186,1565891.22380000,5181316.00370000,1.27409446,45.81881395
87085_4755_00010,rue Saint Lazare,10,,EW0482,1565891.96660000,5181365.09630000,1.27409033,45.81925572
87085_4755_00011,rue Saint Lazare,11,,EW0185,1565888.71200000,5181305.78800000,1.27406500,45.81872157
87085_4755_00012,rue Saint Lazare,12,,EW0482,1565887.87970000,5181358.92890000,1.27403947,45.81919944
87085_4755_00013,rue Saint Lazare,13,,EW0184,1565886.79700000,5181296.77740000,1.27404287,45.81864014
87085_4755_00013_bis,rue Saint Lazare,13,bis,EW0182,1565933.13080000,5181281.98270000,1.27464310,45.81851608
87085_4755_00014,rue Saint Lazare,14,,EW0482,1565884.46680000,5181353.62710000,1.27399704,45.81915108
87085_4755_00015,rue Saint Lazare,15,,EW0183,1565908.99580000,5181274.29110000,1.27433474,45.81844218
87085_4755_00016,rue Saint Lazare,16,,EW0482,1565880.56840000,5181347.63930000,1.27394856,45.81909646
87085_4755_00017,rue Saint Lazare,17,,EW0181,1565908.96140000,5181252.86290000,1.27434027,45.81824942
87085_4755_00018,rue Saint Lazare,18,,EW0482,1565875.29500000,5181339.81280000,1.27388289,45.81902502
87085_4755_00019,rue Saint Lazare,19,,EW0180,1565908.68500000,5181236.10640000,1.27434138,45.81809863
87085_4755_00034,rue Saint Lazare,34,,EW0272,1565898.99710000,5181235.00290000,1.27421706,45.81808681
87085_4760_00001,rue Saint Léonard,1,,CV0076,1565104.89360000,5184311.58810000,1.26313748,45.84560728
87085_4760_00002,rue Saint Léonard,2,,CV0055,1565101.18470000,5184325.12450000,1.26308594,45.84572832
87085_4760_00003,rue Saint Léonard,3,,CV0075,1565096.48240000,5184314.70940000,1.26302834,45.84563371
87085_4760_00004,rue Saint Léonard,4,,CV0054,1565090.50730000,5184329.05110000,1.26294740,45.84576155
87085_4760_00005,rue Saint Léonard,5,,CV0074,1565084.95480000,5184318.73340000,1.26287883,45.84566765
87085_4760_00006,rue Saint Léonard,6,,CV0053,1565084.32680000,5184331.32180000,1.26286721,45.84578076
87085_4760_00007,rue Saint Léonard,7,,CV0073,1565078.30700000,5184321.39730000,1.26279252,45.84569031
87085_4760_00008,rue Saint Léonard,8,,CV0052,1565077.94650000,5184333.69350000,1.26278442,45.84580085
87085_4760_00009,rue Saint Léonard,9,,CV0072,1565069.55330000,5184324.85540000,1.26267887,45.84571969
87085_4760_00010,rue Saint Léonard,10,,CV0051,1565071.34700000,5184335.81390000,1.26269888,45.84581862
87085_4760_00012,rue Saint Léonard,12,,CV0050,1565064.38300000,5184338.37890000,1.26260852,45.84584033
87085_4760_00014,rue Saint Léonard,14,,CV0049,1565057.62550000,5184340.85740000,1.26252085,45.84586130
87085_4760_00016,rue Saint Léonard,16,,CV0048,1565051.41000000,5184343.13600000,1.26244020,45.84588058
87085_4760_00017,rue Saint Léonard,17,,CV0813,1565059.33680000,5184328.68540000,1.26254629,45.84575214
87085_4760_00018,rue Saint Léonard,18,,CV0047,1565043.99130000,5184345.77180000,1.26234397,45.84590283
87085_4760_00019,rue Saint Léonard,19,,CV0887,1565051.14850000,5184331.66620000,1.26244006,45.84577735
87085_4760_00020,rue Saint Léonard,20,,CV0024,1565025.68250000,5184352.58440000,1.26210639,45.84596052
87085_4760_00020_bis,rue Saint Léonard,20,bis,CV0046,1565010.18790000,5184358.20050000,1.26190538,45.84600800
87085_4760_00021,rue Saint Léonard,21,,CV0069,1565041.27730000,5184335.36120000,1.26231196,45.84580865
87085_4760_00023,rue Saint Léonard,23,,CV0068,1565032.01780000,5184338.88830000,1.26219179,45.84583856
87085_4760_00027,rue Saint Léonard,27,,CV0066,1565018.49850000,5184343.77480000,1.26201640,45.84587986
87085_4760_00028,rue Saint Léonard,28,,CV1105,1565000.76360000,5184361.68500000,1.26178309,45.84603750
87085_4760_00029,rue Saint Léonard,29,,CV0065,1565010.10430000,5184346.87290000,1.26190748,45.84590609
87085_4760_00030,rue Saint Léonard,30,,CV0044,1564993.45060000,5184364.43330000,1.26168819,45.84606078
87085_4760_00031,rue Saint Léonard,31,,CV0064,1565004.05890000,5184349.23870000,1.26182900,45.84592618
87085_4760_00033,rue Saint Léonard,33,,CV0063,1564998.13830000,5184351.41940000,1.26175218,45.84594463
87085_4760_00034,rue Saint Léonard,34,,CV0914,1564979.74160000,5184369.39170000,1.26151034,45.84610269
87085_4760_00035,rue Saint Léonard,35,,CV0062,1564992.22410000,5184353.69730000,1.26167542,45.84596396
87085_4760_00036,rue Saint Léonard,36,,CV0041,1564972.58380000,5184372.07040000,1.26141745,45.84612538
87085_4760_00037,rue Saint Léonard,37,,CV0061,1564985.76530000,5184356.01780000,1.26159163,45.84598357
87085_4760_00038,rue Saint Léonard,38,,CV0040,1564966.10300000,5184374.36860000,1.26133339,45.84614479
87085_4760_00039,rue Saint Léonard,39,,CV0060,1564980.10230000,5184358.06370000,1.26151816,45.84600086
87085_4760_00040,rue Saint Léonard,40,,CV0039,1564958.04480000,5184377.50530000,1.26122878,45.84617142
87085_4760_00041,rue Saint Léonard,41,,CV0059,1564973.77170000,5184360.54310000,1.26143598,45.84602192
87085_4760_00042,rue Saint Léonard,42,,CV0038,1564949.68020000,5184380.54420000,1.26112026,45.84619711
87085_4760_00043,rue Saint Léonard,43,,CV0058,1564966.51560000,5184363.19010000,1.26134184,45.84604431
87085_4760_00044,rue Saint Léonard,44,,CV0037,1564939.38320000,5184384.25320000,1.26098668,45.84622845
87085_4760_00045,rue Saint Léonard,45,,CV0057,1564959.21570000,5184365.79340000,1.26124715,45.84606629
87085_4760_00047,rue Saint Léonard,47,,CV0056,1564952.99850000,5184367.97500000,1.26116651,45.84608470
87085_4760_00049,rue Saint Léonard,49,,CV0722,1564946.21040000,5184370.61590000,1.26107839,45.84610712
87085_4765_00001,rue Saint Louis,1,,BR0577,1564369.27710000,5184767.08200000,1.25354039,45.84955999
87085_4765_00003,rue Saint Louis,3,,BR0576,1564362.47950000,5184765.50940000,1.25345333,45.84954450
87085_4765_00005,rue Saint Louis,5,,BR0575,1564353.91010000,5184763.03810000,1.25334372,45.84952058
87085_4765_00006,rue Saint Louis,6,,BT0410,1564335.24850000,5184769.75110000,1.25310160,45.84957728
87085_4765_00007,rue Saint Louis,7,,BR0574,1564346.36410000,5184761.02960000,1.25324715,45.84950102
87085_4765_00008,rue Saint Louis,8,,BT0412,1564319.48990000,5184765.59300000,1.25289993,45.84953677
87085_4765_00009,rue Saint Louis,9,,BR0573,1564335.99830000,5184758.59530000,1.25311441,45.84947708
87085_4765_00011,rue Saint Louis,11,,BR0572,1564328.58820000,5184756.68660000,1.25301956,45.84945845
87085_4765_00012,rue Saint Louis,12,,BP0301,1564277.72640000,5184754.02800000,1.25236559,45.84942449
87085_4765_00013,rue Saint Louis,13,,BR0571,1564324.14540000,5184755.14480000,1.25296280,45.84944370
87085_4765_00013_bis,rue Saint Louis,13,bis,BR0570,1564316.52880000,5184753.09590000,1.25286534,45.84942377
87085_4765_00014,rue Saint Louis,14,,BP0302,1564270.88260000,5184752.28380000,1.25227799,45.84940745
87085_4765_00015,rue Saint Louis,15,,BR0569,1564312.11490000,5184752.13500000,1.25280879,45.84941425
87085_4765_00016,rue Saint Louis,16,,BP0303,1564260.59210000,5184749.53770000,1.25214630,45.84938072
87085_4765_00017,rue Saint Louis,17,,BR0568,1564300.41100000,5184749.05080000,1.25265901,45.84938420
87085_4765_00018,rue Saint Louis,18,,BP0304,1564251.30770000,5184747.29930000,1.25202742,45.84935875
87085_4765_00019,rue Saint Louis,19,,BR0567,1564290.61630000,5184746.92700000,1.25253352,45.84936316
87085_4765_00021,rue Saint Louis,21,,BR0566,1564284.55320000,5184745.27640000,1.25245594,45.84934711
87085_4765_00022,rue Saint Louis,22,,BP0485,1564230.61850000,5184741.22140000,1.25176282,45.84929999
87085_4765_00023,rue Saint Louis,23,,BR0565,1564275.09230000,5184742.73760000,1.25233488,45.84932241
87085_4765_00025,rue Saint Louis,25,,BR0564,1564268.27760000,5184740.87320000,1.25224768,45.84930429
87085_4765_00026,rue Saint Louis,26,,BP0338,1564197.42010000,5184730.89480000,1.25133840,45.84920054
87085_4765_00027,rue Saint Louis,27,,BR0563,1564260.76390000,5184738.69640000,1.25215158,45.84928323
87085_4765_00028,rue Saint Louis,28,,BP0331,1564186.72390000,5184728.09100000,1.25120150,45.84917320
87085_4765_00029,rue Saint Louis,29,,BR0562,1564252.17930000,5184736.47640000,1.25204170,45.84926156
87085_4765_00030,rue Saint Louis,30,,BP0330,1564179.70570000,5184726.00070000,1.25111176,45.84915301
87085_4765_00031,rue Saint Louis,31,,BR0561,1564243.37950000,5184733.97620000,1.25192913,45.84923733
87085_4765_00032,rue Saint Louis,32,,BP0470,1564168.63620000,5184723.38430000,1.25097000,45.84912729
87085_4765_00034,rue Saint Louis,34,,BP0328,1564158.60720000,5184720.57520000,1.25084170,45.84910004
87085_4765_00036,rue Saint Louis,36,,BP0327,1564149.46800000,5184717.83500000,1.25072483,45.84907358
87085_4765_00037,rue Saint Louis,37,,BP0340,1564204.86710000,5184722.54990000,1.25143662,45.84912694
87085_4765_00038,rue Saint Louis,38,,BP0326,1564140.94870000,5184716.12230000,1.25061565,45.84905649
87085_4765_00039,rue Saint Louis,39,,BP0574,1564196.24470000,5184720.78880000,1.25132612,45.84910940
87085_4765_00040,rue Saint Louis,40,,BP0566,1564130.14980000,5184712.80480000,1.25047759,45.84902452
87085_4765_00041,rue Saint Louis,41,,BP0352,1564184.96120000,5184717.54140000,1.25118180,45.84907796
87085_4765_00042,rue Saint Louis,42,,BP0592,1564120.81920000,5184710.72700000,1.25035807,45.84900398
87085_4765_00043,rue Saint Louis,43,,BP0353,1564172.99980000,5184714.90670000,1.25102857,45.84905189
87085_4765_00044,rue Saint Louis,44,,BP0325,1564110.78130000,5184708.21770000,1.25022957,45.84897943
87085_4765_00046,rue Saint Louis,46,,BP0324,1564100.97440000,5184705.40670000,1.25010412,45.84895220
87085_4765_00047,rue Saint Louis,47,,BP0357,1564153.13300000,5184709.92340000,1.25077425,45.84900314
87085_4765_00048,rue Saint Louis,48,,BP0323,1564081.18890000,5184700.24000000,1.24985090,45.84890181
87085_4765_00049,rue Saint Louis,49,,BP0564,1564143.29700000,5184707.42730000,1.25064834,45.84897874
87085_4765_00051,rue Saint Louis,51,,BP0362,1564135.24990000,5184705.33060000,1.25054535,45.84895829
87085_4765_00055,rue Saint Louis,55,,BP0363,1564121.72150000,5184701.87040000,1.25037219,45.84892449
87085_4765_00059,rue Saint Louis,59,,BP0367,1564094.92800000,5184694.87960000,1.25002927,45.84885631
87085_4765_00061,rue Saint Louis,61,,BP0368,1564076.38690000,5184689.70870000,1.24979207,45.84880613
87085_4785_00001,rue Saint Martial,1,,DW0117,1564842.98990000,5182721.31230000,1.26021356,45.83125039
87085_4785_00003,rue Saint Martial,3,,DW0117,1564832.64910000,5182718.52290000,1.26008128,45.83122326
87085_4785_00004,rue Saint Martial,4,,DW0124,1564785.97640000,5182715.20300000,1.25948162,45.83118422
87085_4785_00005,rue Saint Martial,5,,DW0114,1564829.07200000,5182717.62210000,1.26003550,45.83121446
87085_4785_00006,rue Saint Martial,6,,DW0125,1564775.84490000,5182712.63010000,1.25935197,45.83115909
87085_4785_00007,rue Saint Martial,7,,DW0118,1564824.51520000,5182716.51360000,1.25997717,45.83120359
87085_4785_00009,rue Saint Martial,9,,DW0119,1564822.01020000,5182715.87410000,1.25994512,45.83119734
87085_4785_00011,rue Saint Martial,11,,DW0119,1564815.34350000,5182714.20910000,1.25985980,45.83118106
87085_4785_00013,rue Saint Martial,13,,DW0120,1564809.21700000,5182712.58420000,1.25978142,45.83116523
87085_4785_00015,rue Saint Martial,15,,DW0121,1564800.76810000,5182710.33620000,1.25967333,45.83114335
87085_4785_00017,rue Saint Martial,17,,DW0111,1564793.10160000,5182708.23870000,1.25957526,45.83112298
87085_4785_00019,rue Saint Martial,19,,DW0109,1564787.56580000,5182706.94380000,1.25950439,45.83111024
87085_4805_00005,rue Saint Paul,5,,DH0434,1564191.32750000,5183030.88540000,1.25174038,45.83390680
87085_4805_00007,rue Saint Paul,7,,DH0106,1564186.05790000,5183034.54080000,1.25167153,45.83393864
87085_4805_00008,rue Saint Paul,8,,DE0200,1564179.47090000,5183054.73180000,1.25158106,45.83411897
87085_4805_00009,rue Saint Paul,9,,DH0371,1564176.35420000,5183041.37930000,1.25154472,45.83399824
87085_4805_00010,rue Saint Paul,10,,DE0200,1564171.15280000,5183060.65930000,1.25147234,45.83417065
87085_4805_00011,rue Saint Paul,11,,DH0104,1564168.83230000,5183047.02050000,1.25144633,45.83404750
87085_4805_00012,rue Saint Paul,12,,DE0203,1564159.51490000,5183069.30930000,1.25132013,45.83424616
87085_4805_00013,rue Saint Paul,13,,DH0103,1564162.39120000,5183051.49270000,1.25136218,45.83408646
87085_4805_00014,rue Saint Paul,14,,DE0204,1564147.64340000,5183077.85110000,1.25116494,45.83432065
87085_4805_00015,rue Saint Paul,15,,DH0102,1564156.28210000,5183056.03170000,1.25128228,45.83412608
87085_4805_00016,rue Saint Paul,16,,DE0209,1564141.28430000,5183082.62250000,1.25108176,45.83436232
87085_4805_00017,rue Saint Paul,17,,DH0101,1564148.07750000,5183061.54800000,1.25117514,45.83417408
87085_4805_00018,rue Saint Paul,18,,DE0210,1564132.48350000,5183088.91880000,1.25096672,45.83441722
87085_4805_00019,rue Saint Paul,19,,DH0100,1564140.36680000,5183067.31840000,1.25107428,45.83422447
87085_4805_00020,rue Saint Paul,20,,DE0211,1564125.79990000,5183093.81770000,1.25087933,45.83445997
87085_4805_00021,rue Saint Paul,21,,DH0099,1564132.12990000,5183073.15500000,1.25096663,45.83427534
87085_4805_00022,rue Saint Paul,22,,DE0214,1564120.04330000,5183097.73680000,1.25080414,45.83449408
87085_4805_00023,rue Saint Paul,23,,DH0098,1564123.29460000,5183079.54900000,1.25085112,45.83433112
87085_4805_00024,rue Saint Paul,24,,DE0215,1564112.68730000,5183103.09880000,1.25070796,45.83454086
87085_4805_00025,rue Saint Paul,25,,DH0097,1564114.83620000,5183085.51230000,1.25074058,45.83438309
87085_4805_00026,rue Saint Paul,26,,DE0220,1564103.46610000,5183109.64340000,1.25058744,45.83459791
87085_4805_00027,rue Saint Paul,27,,DH0446,1564106.41570000,5183091.83290000,1.25063043,45.83443828
87085_4805_00028,rue Saint Paul,28,,DE0221,1564096.91960000,5183114.29870000,1.25050188,45.83463850
87085_4805_00029,rue Saint Paul,29,,DH0093,1564099.53000000,5183096.60100000,1.25054047,45.83447981
87085_4805_00030,rue Saint Paul,30,,DE0222,1564091.95790000,5183117.86120000,1.25043702,45.83466956
87085_4805_00031,rue Saint Paul,31,,DH0408,1564090.33110000,5183103.37030000,1.25042018,45.83453889
87085_4805_00032,rue Saint Paul,32,,DE0223,1564087.88460000,5183120.78120000,1.25038377,45.83469502
87085_4805_00033,rue Saint Paul,33,,DH0090,1564082.13510000,5183109.36910000,1.25031301,45.83459123
87085_4805_00035,rue Saint Paul,35,,DH0375,1564074.03000000,5183115.13460000,1.25020708,45.83464149
87085_4805_00036,rue Saint Paul,36,,DE0224,1564081.17720000,5183147.67220000,1.25028985,45.83493560
87085_4805_00037,rue Saint Paul,37,,DH0375,1564067.49280000,5183120.03500000,1.25012156,45.83468428
87085_4805_00038,rue Saint Paul,38,,DE0226,1564083.13740000,5183154.54580000,1.25031314,45.83499782
87085_4805_00040,rue Saint Paul,40,,DE0227,1564084.69910000,5183161.04030000,1.25033140,45.83505655
87085_4805_00042,rue Saint Paul,42,,DE0229,1564087.39910000,5183171.31990000,1.25036324,45.83514955
87085_4805_00043,rue Saint Paul,43,,DH0425,1564068.05020000,5183147.25500000,1.25012104,45.83492925
87085_4805_00045,rue Saint Paul,45,,DH0424,1564070.32980000,5183155.95540000,1.25014791,45.83500797
87085_4813_00002,rue Saint Pierre,2,,DW0073,1564927.59950000,5182728.85060000,1.26130022,45.83133482
87085_4813_00004,rue Saint Pierre,4,,DW0074,1564922.17860000,5182723.87300000,1.26123186,45.83128898
87085_4813_00008,rue Saint Pierre,8,,DW0075,1564919.71620000,5182720.11050000,1.26120123,45.83125465
87085_4813_00010,rue Saint Pierre,10,,DW0076,1564917.89500000,5182716.66740000,1.26117876,45.83122332
87085_4813_00012,rue Saint Pierre,12,,DW0077,1564916.05940000,5182713.46900000,1.26115604,45.83119419
87085_0850_00002,rue Saint Saens,2,,HY0155,1564139.16800000,5181498.85060000,1.25150203,45.82011496
87085_0850_00003,rue Saint Saens,3,,HY0135,1564120.97580000,5181484.01200000,1.25127216,45.81997788
87085_0850_00004,rue Saint Saens,4,,HY0388,1564119.72890000,5181496.56080000,1.25125258,45.82009052
87085_0850_00005,rue Saint Saens,5,,HY0136,1564110.52530000,5181482.85310000,1.25113804,45.81996539
87085_0850_00006,rue Saint Saens,6,,HY0154,1564102.95090000,5181494.68750000,1.25103725,45.82007036
87085_0850_00007,rue Saint Saens,7,,HY0137,1564101.10990000,5181481.87970000,1.25101718,45.81995478
87085_0850_00008,rue Saint Saens,8,,HY0150,1564082.77320000,5181492.31180000,1.25077832,45.82004500
87085_0850_00009,rue Saint Saens,9,,HY0138,1564090.98990000,5181480.55610000,1.25088735,45.81994087
87085_0850_00010,rue Saint Saens,10,,HY0149,1564063.68680000,5181490.05420000,1.25053340,45.82002092
87085_0850_00011,rue Saint Saens,11,,HY0139,1564076.58860000,5181478.95550000,1.25070252,45.81992363
87085_0850_00012,rue Saint Saens,12,,HY0146,1564049.91340000,5181488.31660000,1.25035669,45.82000257
87085_0850_00013,rue Saint Saens,13,,HY0140,1564065.00200000,5181477.79000000,1.25055379,45.81991085
87085_0850_00015,rue Saint Saens,15,,HY0141,1564056.23200000,5181476.74550000,1.25044125,45.81989973
87085_0850_00017,rue Saint Saens,17,,HY0142,1564047.41400000,5181475.67730000,1.25032810,45.81988837
87085_0850_00019,rue Saint Saens,19,,HY0143,1564037.05750000,5181474.54760000,1.25019518,45.81987616
87085_0850_00021,rue Saint Saens,21,,HY0144,1564024.51700000,5181473.14970000,1.25003423,45.81986111
87085_4815_00005,rue Saint Simon,5,,OM0024,1562300.37120000,5182709.16370000,1.22749831,45.83063672
87085_4815_00007,rue Saint Simon,7,,OM0025,1562291.24730000,5182713.20110000,1.22737974,45.83067121
87085_4815_00009,rue Saint Simon,9,,OM0026,1562275.96460000,5182720.46760000,1.22718100,45.83073351
87085_4815_00011,rue Saint Simon,11,,OM0027,1562263.50550000,5182726.21600000,1.22701903,45.83078273
87085_4815_00021,rue Saint Simon,21,,OM0043,1562193.24800000,5182744.24450000,1.22610979,45.83093083
87085_4815_00023,rue Saint Simon,23,,OM0043,1562197.08640000,5182761.40180000,1.22615427,45.83108594
87085_4815_00025,rue Saint Simon,25,,OM0043,1562201.46710000,5182778.61470000,1.22620570,45.83124165
87085_4815_00027,rue Saint Simon,27,,OM0043,1562205.69710000,5182795.15480000,1.22625539,45.83139129
87085_4815_00029,rue Saint Simon,29,,OM0043,1562209.32950000,5182812.18150000,1.22629726,45.83154518
87085_4815_00031,rue Saint Simon,31,,OM0043,1562214.02670000,5182828.44080000,1.22635304,45.83169238
87085_4838_00009,rue Salvador Dali,9,,NC0085,1567613.55070000,5192360.75310000,1.29320757,45.91850209
87085_4838_00011,rue Salvador Dali,11,,NC0086,1567613.76240000,5192451.55830000,1.29318522,45.91931897
87085_4838_00015,rue Salvador Dali,15,,NC0093,1567615.50870000,5192466.58660000,1.29320357,45.91945450
87085_4838_00017,rue Salvador Dali,17,,NC0094,1567616.75440000,5192474.71540000,1.29321738,45.91952786
87085_4838_00018,rue Salvador Dali,18,,KX0231,1567628.66510000,5192560.40030000,1.29334723,45.92030094
87085_4838_00020,rue Salvador Dali,20,,KX0232,1567615.48300000,5192575.11450000,1.29317326,45.92043076
87085_4838_00021,rue Salvador Dali,21,,KX0307,1567598.80440000,5192524.11860000,1.29297238,45.91996881
87085_4838_00022,rue Salvador Dali,22,,KX0144,1567595.56790000,5192597.06460000,1.29291051,45.92062438
87085_4838_00023,rue Salvador Dali,23,,KX0306,1567600.37120000,5192549.01460000,1.29298570,45.92019307
87085_4838_00025,rue Salvador Dali,25,,KX0313,1567563.68850000,5192564.77390000,1.29250854,45.92032776
87085_4838_00025_b,rue Salvador Dali,25,b,KX0312,1567568.92730000,5192560.06420000,1.29257736,45.92028640
87085_4838_00043,rue Salvador Dali,43,,KX0152,1567490.98030000,5192874.29850000,1.29148582,45.92309807
87085_4840_00002,rue Santos-Dumont,2,,EX0105,1566401.96840000,5180615.05970000,1.28086009,45.81260788
87085_4840_00003,rue Santos-Dumont,3,,TE0010,1566407.34530000,5180596.12210000,1.28093452,45.81243857
87085_4840_00004,rue Santos-Dumont,4,,EX0105,1566396.63570000,5180612.38330000,1.28079200,45.81258300
87085_4840_00005,rue Santos-Dumont,5,,TE0009,1566398.40610000,5180596.46600000,1.28081943,45.81243993
87085_4840_00006,rue Santos-Dumont,6,,EX0262,1566389.50140000,5180609.39240000,1.28070129,45.81255448
87085_4840_00008,rue Santos-Dumont,8,,EX0262,1566373.78770000,5180602.37780000,1.28050110,45.81248833
87085_4840_00009,rue Santos-Dumont,9,,TE0007,1566359.17060000,5180578.24440000,1.28031977,45.81226839
87085_4840_00011,rue Santos-Dumont,11,,TE0007,1566341.98690000,5180566.12280000,1.28010209,45.81215601
87085_4840_00016,rue Santos-Dumont,16,,EX0505,1566326.36410000,5180572.81890000,1.27989926,45.81221321
87085_4840_00016_bis,rue Santos-Dumont,16,bis,EX0505,1566320.17680000,5180569.36980000,1.27982062,45.81218098
87085_4840_00021,rue Santos-Dumont,21,,TE0048,1566244.49700000,5180527.60580000,1.27885870,45.81179058
87085_4840_00024,rue Santos-Dumont,24,,EX0108,1566286.62370000,5180551.14760000,1.27939406,45.81201054
87085_4840_00030,rue Santos-Dumont,30,,EX0197,1566258.95110000,5180543.19900000,1.27904030,45.81193366
87085_4840_00031,rue Santos-Dumont,31,,TE0049,1566115.38920000,5180536.05790000,1.27719553,45.81184150
87085_4840_00032,rue Santos-Dumont,32,,EX0112,1566248.87110000,5180542.35270000,1.27891086,45.81192409
87085_4840_00034,rue Santos-Dumont,34,,EX0113,1566237.95900000,5180541.99150000,1.27877059,45.81191872
87085_4840_00035,rue Santos-Dumont,35,,TE0003,1566069.26550000,5180519.49920000,1.27660681,45.81168356
87085_4840_00040,rue Santos-Dumont,40,,EX0114,1566201.59460000,5180542.79320000,1.27830258,45.81191886
87085_4840_00041,rue Santos-Dumont,41,,TE0002,1566011.15960000,5180492.44920000,1.27586688,45.81142892
87085_4840_00042,rue Santos-Dumont,42,,EX0115,1566191.32640000,5180543.03570000,1.27817043,45.81191904
87085_4840_00044,rue Santos-Dumont,44,,EX0116,1566178.89390000,5180543.92370000,1.27801025,45.81192461
87085_4840_00047,rue Santos-Dumont,47,,TE0001,1565942.20710000,5180466.79570000,1.27498705,45.81118471
87085_4840_00072,rue Santos-Dumont,72,,EX0527,1565973.85390000,5180493.44110000,1.27538672,45.81143057
87085_4840_00074,rue Santos-Dumont,74,,EX0527,1565939.13820000,5180508.29610000,1.27493600,45.81155744
87085_4840_00076,rue Santos-Dumont,76,,EX0527,1565957.26060000,5180488.02540000,1.27517477,45.81137862
87085_4840_00078,rue Santos-Dumont,78,,EX0239,1565932.73990000,5180480.01580000,1.27486158,45.81130179
87085_4855_00001,rue Sarah Bernhardt,1,,OO0260,1561666.44500000,5181895.26940000,1.21957512,45.82318812
87085_4855_00006,rue Sarah Bernhardt,6,,ON0471,1561672.33840000,5181911.74870000,1.21964621,45.82333754
87085_4855_00007,rue Sarah Bernhardt,7,,OO0260,1561657.14460000,5181912.39000000,1.21945054,45.82334025
87085_4855_00008,rue Sarah Bernhardt,8,,ON0472,1561666.31380000,5181923.28390000,1.21956538,45.82344009
87085_4855_00009,rue Sarah Bernhardt,9,,OO0259,1561646.90440000,5181931.76200000,1.21931321,45.82351246
87085_4855_00010,rue Sarah Bernhardt,10,,ON0473,1561661.68030000,5181932.04710000,1.21950324,45.82351799
87085_4855_00011,rue Sarah Bernhardt,11,,OO0258,1561643.57410000,5181938.60620000,1.21926839,45.82357335
87085_4855_00011_bis,rue Sarah Bernhardt,11,bis,OO0257,1561638.66160000,5181948.17370000,1.21920243,45.82365843
87085_4855_00012,rue Sarah Bernhardt,12,,ON0496,1561658.28760000,5181938.29740000,1.21945779,45.82357353
87085_4855_00012_bis,rue Sarah Bernhardt,12,bis,ON0497,1561703.83350000,5181968.01850000,1.22003525,45.82385005
87085_4855_00014,rue Sarah Bernhardt,14,,ON0518,1561652.02690000,5181950.28380000,1.21937379,45.82368010
87085_4855_00015,rue Sarah Bernhardt,15,,OO0256,1561634.03550000,5181956.83990000,1.21914042,45.82373546
87085_4855_00016,rue Sarah Bernhardt,16,,ON0453,1561647.74600000,5181957.77000000,1.21931656,45.82374658
87085_4855_00017,rue Sarah Bernhardt,17,,OO0255,1561626.82700000,5181970.30590000,1.21904380,45.82385514
87085_4855_00018,rue Sarah Bernhardt,18,,ON0452,1561643.56450000,5181965.69360000,1.21926048,45.82381702
87085_4855_00019,rue Sarah Bernhardt,19,,OO0254,1561621.23570000,5181981.16450000,1.21896873,45.82395169
87085_4855_00021,rue Sarah Bernhardt,21,,OO0253,1561615.96770000,5181991.48760000,1.21889798,45.82404349
87085_4855_00022,rue Sarah Bernhardt,22,,ON0433,1561627.23370000,5181997.77210000,1.21904113,45.82410229
87085_4855_00023,rue Sarah Bernhardt,23,,OO0252,1561610.05230000,5182002.78570000,1.21881862,45.82414394
87085_4855_00024,rue Sarah Bernhardt,24,,ON0432,1561621.60920000,5182008.64660000,1.21896563,45.82419898
87085_4855_00025,rue Sarah Bernhardt,25,,OO0251,1561605.20430000,5182011.86370000,1.21875363,45.82422462
87085_4855_00026,rue Sarah Bernhardt,26,,ON0430,1561616.06530000,5182019.01110000,1.21889132,45.82429110
87085_4855_00027,rue Sarah Bernhardt,27,,OO0249,1561601.23090000,5182020.19700000,1.21870011,45.82429878
87085_4855_00029,rue Sarah Bernhardt,29,,OO0248,1561600.52410000,5182039.92320000,1.21868534,45.82447609
87085_4855_00032,rue Sarah Bernhardt,32,,ON0425,1561614.22620000,5182059.45710000,1.21885602,45.82465456
87085_4855_00033,rue Sarah Bernhardt,33,,OO0247,1561602.00340000,5182060.66360000,1.21869840,45.82466296
87085_4855_00034,rue Sarah Bernhardt,34,,ON0425,1561615.63860000,5182077.76200000,1.21886892,45.82481951
87085_4855_00037,rue Sarah Bernhardt,37,,OO0246,1561603.01450000,5182081.84460000,1.21870532,45.82485369
87085_4860_00001,rue Saut de Boeuf,1,,DL0083,1564536.89270000,5182459.20830000,1.25634848,45.82883238
87085_4860_00003,rue Saut de Boeuf,3,,DL0181,1564531.73890000,5182465.91480000,1.25628028,45.82889170
87085_4860_00005,rue Saut de Boeuf,5,,DL0181,1564527.15300000,5182472.07290000,1.25621953,45.82894619
87085_4860_00007,rue Saut de Boeuf,7,,DL0179,1564519.93420000,5182481.85690000,1.25612388,45.82903278
87085_4860_00009,rue Saut de Boeuf,9,,DL0080,1564517.40760000,5182485.52500000,1.25609034,45.82906528
87085_4874_00003,rue Sénèque,3,,LW0276,1567472.71340000,5186872.24330000,1.29290875,45.86910250
87085_4874_00004,rue Sénèque,4,,LW0045,1567513.97960000,5186860.55350000,1.29344337,45.86900530
87085_4874_00006,rue Sénèque,6,,LW0046,1567519.57370000,5186851.86760000,1.29351780,45.86892825
87085_4874_00007,rue Sénèque,7,,LW0275,1567491.69620000,5186873.93740000,1.29315273,45.86912140
87085_4874_00008,rue Sénèque,8,,LW0047,1567524.95060000,5186843.46890000,1.29358936,45.86885373
87085_4874_00011,rue Sénèque,11,,LW0274,1567510.27600000,5186876.17050000,1.29339137,45.86914507
87085_4874_00015,rue Sénèque,15,,LW0054,1567521.84040000,5186864.96970000,1.29354338,45.86904654
87085_4874_00017,rue Sénèque,17,,LW0053,1567531.97960000,5186848.76260000,1.29367841,45.86890271
87085_4874_00019,rue Sénèque,19,,LW0052,1567541.87280000,5186833.15380000,1.29381011,45.86876420
87085_4874_00021,rue Sénèque,21,,LW0051,1567548.53570000,5186823.00310000,1.29389871,45.86867417
87085_4873_00002,rue Sergent Morange,2,,PO0058,1559614.46030000,5184256.80670000,1.19248437,45.84401540
87085_4873_00010,rue Sergent Morange,10,,PO0056,1559634.93120000,5184317.26270000,1.19273019,45.84456340
87085_4873_00012,rue Sergent Morange,12,,PO0055,1559639.74340000,5184334.48530000,1.19278710,45.84471931
87085_4873_00014,rue Sergent Morange,14,,PO0054,1559648.18570000,5184360.72530000,1.19288809,45.84495707
87085_4873_00019,rue Sergent Morange,19,,PO0018,1559666.78730000,5184467.31160000,1.19309639,45.84591965
87085_4873_00021,rue Sergent Morange,21,,PO0159,1559676.82070000,5184496.79650000,1.19321692,45.84618693
87085_4873_00021_b,rue Sergent Morange,21,b,PO0263,1559685.25120000,5184522.33090000,1.19331798,45.84641834
87085_4873_00021_c,rue Sergent Morange,21,c,PO0262,1559691.28370000,5184541.53970000,1.19339002,45.84659237
87085_4873_00022,rue Sergent Morange,22,,PO0050,1559680.31380000,5184461.42300000,1.19327222,45.84586945
87085_4873_00023,rue Sergent Morange,23,,PO0023,1559695.41130000,5184554.55720000,1.19343935,45.84671031
87085_4873_00024,rue Sergent Morange,24,,PO0048,1559691.67680000,5184495.78270000,1.19340844,45.84618084
87085_4873_00028,rue Sergent Morange,28,,PO0047,1559701.53610000,5184530.02850000,1.19352534,45.84649091
87085_4873_00029,rue Sergent Morange,29,,PO0024,1559710.52900000,5184601.40240000,1.19362026,45.84713478
87085_4873_00030,rue Sergent Morange,30,,PO0046,1559710.57780000,5184559.00580000,1.19363326,45.84675342
87085_4873_00032,rue Sergent Morange,32,,PO0045,1559718.94790000,5184586.17830000,1.19373307,45.84699955
87085_4880_00002,rue Séverine,2,,EM0435,1565786.06860000,5183035.92520000,1.27226153,45.83426522
87085_4880_00004,rue Séverine,4,,EM0433,1565777.92030000,5183043.44100000,1.27215457,45.83433124
87085_4880_00006,rue Séverine,6,,EM0430,1565766.86490000,5183054.05010000,1.27200934,45.83442452
87085_4880_00008,rue Séverine,8,,EM0428,1565754.87650000,5183065.22290000,1.27185194,45.83452268
87085_4880_00010,rue Séverine,10,,EM0427,1565740.75160000,5183077.82770000,1.27166665,45.83463331
87085_4880_00012,rue Séverine,12,,EM0425,1565729.04890000,5183088.89200000,1.27151295,45.83473056
87085_4880_00013,rue Séverine,13,,EM0048,1565718.75420000,5183080.16980000,1.27138291,45.83465009
87085_4880_00015,rue Séverine,15,,EM0044,1565699.65410000,5183097.52410000,1.27113226,45.83480247
87085_4880_00016,rue Séverine,16,,EM0059,1565710.35390000,5183105.63280000,1.27126769,45.83487750
87085_4880_00017,rue Séverine,17,,EM0043,1565686.03640000,5183110.21180000,1.27095346,45.83491394
87085_4880_00018,rue Séverine,18,,EM0059,1565705.27390000,5183110.39530000,1.27120098,45.83491935
87085_4887_00002,rue Simone Signoret,2,,NY0163,1560628.68700000,5183536.83510000,1.20574727,45.83774526
87085_4887_00003,rue Simone Signoret,3,,NY0156,1560630.10960000,5183499.22770000,1.20577648,45.83740725
87085_4887_00004,rue Simone Signoret,4,,NY0159,1560619.94870000,5183515.76300000,1.20564092,45.83755394
87085_4887_00005,rue Simone Signoret,5,,NY0155,1560629.21990000,5183492.58740000,1.20576696,45.83734734
87085_4887_00006,rue Simone Signoret,6,,NY0159,1560618.29320000,5183502.99900000,1.20562332,45.83743878
87085_4887_00008,rue Simone Signoret,8,,NY0159,1560616.81600000,5183489.21410000,1.20560830,45.83731448
87085_4887_00010,rue Simone Signoret,10,,NY0160,1560621.67590000,5183429.70650000,1.20568810,45.83678017
87085_4887_00012,rue Simone Signoret,12,,NY0160,1560626.33820000,5183412.34060000,1.20575314,45.83662490
87085_4887_00014,rue Simone Signoret,14,,NY0160,1560629.74370000,5183398.30070000,1.20580104,45.83649930
87085_4887_00016,rue Simone Signoret,16,,NY0160,1560633.44740000,5183388.49640000,1.20585154,45.83641185
87085_4887_00018,rue Simone Signoret,18,,NY0140,1560637.62260000,5183384.58029999,1.20590641,45.83637747
87085_4887_00029,rue Simone Signoret,29,,NY0123,1560705.55380000,5183476.87120000,1.20675389,45.83722143
87085_4887_00031,rue Simone Signoret,31,,NY0124,1560709.48080000,5183486.78990000,1.20680155,45.83731145
87085_4887_00038,rue Simone Signoret,38,,NY0120,1560701.37240000,5183441.35290000,1.20671037,45.83690108
87085_4887_00040,rue Simone Signoret,40,,NY0119,1560706.29620000,5183453.40120000,1.20677024,45.83701046
87085_4887_00042,rue Simone Signoret,42,,NY0118,1560709.85460000,5183463.59090000,1.20681308,45.83710284
87085_4887_00044,rue Simone Signoret,44,,NY0117,1560713.33940000,5183473.26130000,1.20685513,45.83719054
87085_4887_00046,rue Simone Signoret,46,,NY0116,1560717.27060000,5183481.50820000,1.20690333,45.83726552
87085_4887_00048,rue Simone Signoret,48,,NY0115,1560720.65560000,5183490.31010000,1.20694434,45.83734538
87085_4895_00001,rue Sisley,1,,BT0113,1564447.52020000,5185184.32050000,1.25442984,45.85332871
87085_4895_00002,rue Sisley,2,,BT0073,1564442.14520000,5185196.28290000,1.25435727,45.85343526
87085_4895_00003,rue Sisley,3,,BT0111,1564431.68590000,5185178.98900000,1.25422751,45.85327763
87085_4895_00004,rue Sisley,4,,BT0074,1564428.17040000,5185191.44150000,1.25417874,45.85338895
87085_4895_00005,rue Sisley,5,,BT0101,1564421.22910000,5185175.61430000,1.25409385,45.85324521
87085_4895_00006,rue Sisley,6,,BT0075,1564417.93570000,5185188.32500000,1.25404786,45.85335890
87085_4895_00007,rue Sisley,7,,BT0100,1564410.73220000,5185172.68080000,1.25395954,45.85321675
87085_4895_00008,rue Sisley,8,,BT0076,1564408.79100000,5185185.20580000,1.25393102,45.85332904
87085_4895_00009,rue Sisley,9,,BT0099,1564399.18510000,5185169.25860000,1.25381186,45.85318369
87085_4895_00010,rue Sisley,10,,BT0077,1564398.91870000,5185182.80010000,1.25380461,45.85330545
87085_4895_00011,rue Sisley,11,,BT0390,1564386.99290000,5185166.97290000,1.25365555,45.85316072
87085_4895_00012,rue Sisley,12,,BT0078,1564386.32650000,5185180.56720000,1.25364314,45.85328288
87085_4895_00013,rue Sisley,13,,BT0095,1564375.59790000,5185165.32680000,1.25350933,45.85314367
87085_4895_00013_bis,rue Sisley,13,bis,BT0380,1564367.06430000,5185164.22680000,1.25339978,45.85313209
87085_4895_00014,rue Sisley,14,,BT0079,1564374.26060000,5185178.51550000,1.25348839,45.85326204
87085_4895_00015,rue Sisley,15,,BT0381,1564356.22150000,5185163.50920000,1.25326040,45.85312349
87085_4895_00016,rue Sisley,16,,BT0080,1564359.23720000,5185176.95680000,1.25329543,45.85324506
87085_4895_00017,rue Sisley,17,,BT0406,1564334.13170000,5185161.40170000,1.25297663,45.85310018
87085_4895_00018,rue Sisley,18,,BT0470,1564342.74710000,5185175.81010000,1.25308347,45.85323149
87085_4895_00020,rue Sisley,20,,BT0479,1564322.76370000,5185174.08090000,1.25282670,45.85321199
87085_4900_00005,rue Sismondi,5,,TN0034,1566311.95450000,5180192.27770000,1.27981963,45.80878719
87085_4900_00013,rue Sismondi,13,,TN0033,1566388.62930000,5180031.18900000,1.28085064,45.80735298
87085_4900_00015,rue Sismondi,15,,TN0032,1566388.50130000,5180015.46460000,1.28085336,45.80721151
87085_4900_00019,rue Sismondi,19,,TN0023,1566377.76940000,5179919.27320000,1.28074203,45.80634412
87085_4900_00023,rue Sismondi,23,,TN0022,1566369.36830000,5179853.55870000,1.28065222,45.80575134
87085_4900_00024,rue Sismondi,24,,TW0009,1566356.72970000,5179857.82610000,1.28048847,45.80578727
87085_4917_00004,rue Sony Labou Tansi,4,,LM0101,1567754.34740000,5188981.58780000,1.29595417,45.88813163
87085_4917_00006,rue Sony Labou Tansi,6,,LM0106,1567785.32740000,5188954.40600000,1.29636073,45.88789307
87085_4917_00006_bis,rue Sony Labou Tansi,6,bis,LM0106,1567800.27970000,5188940.43390000,1.29655719,45.88777026
87085_4917_00008,rue Sony Labou Tansi,8,,LM0130,1567807.62820000,5188932.36200000,1.29665407,45.88769906
87085_4917_00029,rue Sony Labou Tansi,29,,LL0037,1567917.39240000,5188839.08790000,1.29809367,45.88688112
87085_4917_00033,rue Sony Labou Tansi,33,,LL0039,1567953.24330000,5188798.56850000,1.29856663,45.88652351
87085_4917_00037,rue Sony Labou Tansi,37,,LL0039,1567976.92740000,5188770.41550000,1.29887945,45.88627481
87085_4917_00038,rue Sony Labou Tansi,38,,LM0121,1568003.22420000,5188707.29030000,1.29923555,45.88571201
87085_4917_00041,rue Sony Labou Tansi,41,,LN0232,1567993.28090000,5188745.63340000,1.29909692,45.88605502
87085_4917_00044,rue Sony Labou Tansi,44,,LM0117,1568035.30530000,5188660.45900000,1.29979254,45.88515072
87085_4917_00053,rue Sony Labou Tansi,53,,LN0011,1568064.59060000,5188642.42620000,1.30004385,45.88514030
87085_4930_00002,rue Soufflot,2,,DH0410,1563946.03060000,5182960.32900000,1.24860367,45.83322362
87085_4930_00004,rue Soufflot,4,,DH0410,1563946.72340000,5182968.05280000,1.24861040,45.83329323
87085_4930_00005,rue Soufflot,5,,DH0320,1563940.27740000,5183005.84250000,1.24851675,45.83363190
87085_4930_00006,rue Soufflot,6,,DH0410,1563947.49360000,5182974.93600000,1.24861836,45.83335530
87085_4930_00008,rue Soufflot,8,,DH0411,1563948.17790000,5182981.62000000,1.24862527,45.83341557
87085_4930_00009,rue Soufflot,9,,DH0301,1563941.93140000,5183022.85780000,1.24853322,45.83378529
87085_4930_00010,rue Soufflot,10,,DH0283,1563949.09950000,5182991.38960000,1.24863437,45.83350363
87085_4930_00011,rue Soufflot,11,,DH0302,1563943.10990000,5183033.33600000,1.24854542,45.83387978
87085_4930_00012,rue Soufflot,12,,DH0282,1563950.09720000,5182999.34010000,1.24864496,45.83357535
87085_4930_00013,rue Soufflot,13,,DH0303,1563944.24670000,5183043.61450000,1.24855714,45.83397246
87085_4930_00014,rue Soufflot,14,,DH0281,1563950.72650000,5183006.45450000,1.24865104,45.83363947
87085_4930_00015,rue Soufflot,15,,DH0305,1563945.36240000,5183054.15600000,1.24856851,45.83406751
87085_4930_00017,rue Soufflot,17,,DH0307,1563946.49280000,5183064.71500000,1.24858007,45.83416272
87085_4930_00019,rue Soufflot,19,,DH0308,1563946.73740000,5183070.08880000,1.24858170,45.83421111
87085_4930_00020,rue Soufflot,20,,DH0275,1563955.79830000,5183052.34920000,1.24870332,45.83405332
87085_4930_00021,rue Soufflot,21,,BC0188,1563949.41670000,5183106.12850000,1.24860598,45.83453584
87085_4930_00022,rue Soufflot,22,,DH0274,1563956.56280000,5183061.13160000,1.24871068,45.83413248
87085_4930_00024,rue Soufflot,24,,DH0392,1563957.25360000,5183068.61550000,1.24871745,45.83419994
87085_4950_00004,rue Stendhal,4,,DH0055,1563984.14670000,5183151.89280000,1.24903997,45.83495438
87085_4955_00001,rue Stephenson,1,,BH0359,1563766.88380000,5183679.68860000,1.24609441,45.83965919
87085_4955_00002,rue Stephenson,2,,BH0358,1563762.01350000,5183690.18580000,1.24602875,45.83975265
87085_4955_00003,rue Stephenson,3,,BH0360,1563753.68650000,5183673.37770000,1.24592635,45.83959980
87085_4955_00006,rue Stephenson,6,,BH0762,1563728.07600000,5183675.42550000,1.24559615,45.83961315
87085_4955_00009,rue Stephenson,9,,BH0361,1563732.91220000,5183664.11510000,1.24566160,45.83951237
87085_4955_00011,rue Stephenson,11,,BH0362,1563724.11150000,5183660.45830000,1.24554938,45.83947773
87085_4955_00013,rue Stephenson,13,,BH0363,1563713.96370000,5183655.88250000,1.24542007,45.83943455
87085_4955_00014,rue Stephenson,14,,BH0786,1563709.61060000,5183667.26880000,1.24536082,45.83953612
87085_4955_00015,rue Stephenson,15,,BH0364,1563704.63060000,5183651.74070000,1.24530113,45.83939545
87085_4955_00016,rue Stephenson,16,,BH0786,1563698.12230000,5183662.53620000,1.24521430,45.83949127
87085_4955_00017,rue Stephenson,17,,BH0365,1563692.61220000,5183646.52450000,1.24514793,45.83934614
87085_4965_00002,rue Stuart Mill,2,,TE0019,1566627.59140000,5180326.58520000,1.28384248,45.81005664
87085_4965_00006,rue Stuart Mill,6,,TE0019,1566583.42910000,5180326.30270000,1.28327448,45.81004553
87085_4965_00009,rue Stuart Mill,9,,TN0004,1566493.16970000,5180316.70330000,1.28211610,45.80994167
87085_4965_00010,rue Stuart Mill,10,,TE0019,1566539.47560000,5180328.00840000,1.28270862,45.81005235
87085_4965_00012,rue Stuart Mill,12,,TE0019,1566508.99870000,5180329.41170000,1.28231619,45.81005906
87085_4965_00016,rue Stuart Mill,16,,TE0020,1566448.36780000,5180332.47260000,1.28153542,45.81007483
87085_4965_00019,rue Stuart Mill,19,,TW0006,1566195.00540000,5180235.36740000,1.27830332,45.80915208
87085_4965_00038,rue Stuart Mill,38,,TE0025,1566182.22910000,5180242.85270000,1.27813689,45.80921693
87085_4965_00054,rue Stuart Mill,54,,TE0027,1566028.99110000,5180133.44610000,1.27619600,45.80820200
87085_4968_00001,rue Suffren,1,,PR0198,1560236.38120000,5183853.72630000,1.20060633,45.84051621
87085_4968_00002,rue Suffren,2,,PR0077,1560255.82320000,5183838.39750000,1.20086101,45.84038227
87085_4968_00004,rue Suffren,4,,PR0076,1560246.45360000,5183858.67140000,1.20073452,45.84056274
87085_4968_00005,rue Suffren,5,,PR0065,1560219.74560000,5183889.31380000,1.20038187,45.84083296
87085_4968_00006,rue Suffren,6,,PR0075,1560237.45820000,5183877.36530000,1.20061331,45.84072907
87085_4968_00007,rue Suffren,7,,PR0066,1560210.26120000,5183908.39410000,1.20025426,45.84100266
87085_4968_00008,rue Suffren,8,,PR0074,1560227.53030000,5183898.21850000,1.20047947,45.84091464
87085_4968_00009,rue Suffren,9,,PR0067,1560193.71120000,5183931.74440000,1.20003446,45.84120934
87085_4968_00010,rue Suffren,10,,PR0073,1560218.88110000,5183916.71230000,1.20036278,45.84107924
87085_4968_00012,rue Suffren,12,,PR0072,1560205.30010000,5183936.78080000,1.20018215,45.84125701
87085_4968_00014,rue Suffren,14,,PR0071,1560183.77730000,5183949.13720000,1.19990155,45.84136378
87085_4968_00015,rue Suffren,15,,PR0178,1560130.96220000,5183963.29540000,1.19921768,45.84148040
87085_4968_00016,rue Suffren,16,,PR0177,1560147.45270000,5183965.95110000,1.19942914,45.84150764
87085_4968_00017,rue Suffren,17,,PR0178,1560118.68620000,5183971.43290000,1.19905731,45.84155110
87085_4968_00018,rue Suffren,18,,PR0177,1560136.99080000,5183975.83110000,1.19929162,45.84159439
87085_4968_00020,rue Suffren,20,,PR0177,1560132.23810000,5183984.58590000,1.19922790,45.84167218
87085_4968_00021,rue Suffren,21,,PR0179,1560114.25650000,5184004.88720000,1.19899056,45.84185114
87085_4968_00022,rue Suffren,22,,PR0177,1560128.94820000,5183993.93110000,1.19918284,45.84175557
87085_4968_00023,rue Suffren,23,,PR0179,1560111.70060000,5184015.59600000,1.19895455,45.84194695
87085_4968_00024,rue Suffren,24,,PR0177,1560126.15920000,5184004.09580000,1.19914399,45.84184644
87085_4968_00025,rue Suffren,25,,PR0179,1560108.50290000,5184028.01330000,1.19890978,45.84205799
87085_4968_00026,rue Suffren,26,,PR0177,1560123.57780000,5184013.97100000,1.19910789,45.84193474
87085_4968_00027,rue Suffren,27,,PR0179,1560103.90200000,5184037.37810000,1.19884784,45.84214130
87085_4968_00028,rue Suffren,28,,PR0177,1560120.87300000,5184023.82030000,1.19907021,45.84202279
87085_4968_00029,rue Suffren,29,,PR0179,1560095.70710000,5184044.83130000,1.19874020,45.84220668
87085_4968_00030,rue Suffren,30,,PR0177,1560118.73540000,5184031.35690000,1.19904050,45.84209015
87085_4968_00031,rue Suffren,31,,PR0179,1560084.78870000,5184049.94850000,1.19859818,45.84225049
87085_4968_00032,rue Suffren,32,,PR0175,1560083.59640000,5184062.25160000,1.19857925,45.84236092
87085_4968_00033,rue Suffren,33,,PR0179,1560074.25030000,5184054.91970000,1.19846110,45.84229306
87085_4968_00034,rue Suffren,34,,PR0175,1560072.41620000,5184067.91680000,1.19843371,45.84240960
87085_4968_00035,rue Suffren,35,,PR0179,1560064.85440000,5184059.49360000,1.19833883,45.84233229
87085_4968_00036,rue Suffren,36,,PR0175,1560064.66160000,5184072.91380000,1.19833245,45.84245297
87085_4968_00037,rue Suffren,37,,PR0179,1560056.96950000,5184064.38020000,1.19823593,45.84237464
87085_4968_00038,rue Suffren,38,,PR0175,1560056.31700000,5184078.73850000,1.19822335,45.84250367
87085_4968_00039,rue Suffren,39,,PR0179,1560048.63120000,5184071.13350000,1.19812664,45.84243370
87085_4968_00040,rue Suffren,40,,PR0175,1560047.70440000,5184086.00870000,1.19811038,45.84256732
87085_4968_00041,rue Suffren,41,,PR0179,1560040.51540000,5184078.06340000,1.19802017,45.84249438
87085_4968_00042,rue Suffren,42,,PR0175,1560040.04720000,5184093.51110000,1.19800964,45.84263324
87085_4968_00043,rue Suffren,43,,PR0179,1560033.18000000,5184085.27800000,1.19792366,45.84255779
87085_4968_00044,rue Suffren,44,,PR0175,1560030.41420000,5184104.14160000,1.19788257,45.84272691
87085_4968_00045,rue Suffren,45,,PR0179,1560025.79500000,5184093.51240000,1.19782621,45.84263036
87085_4968_00047,rue Suffren,47,,PR0179,1560019.38210000,5184100.61890000,1.19774160,45.84269298
87085_4968_00049,rue Suffren,49,,PR0179,1560012.14950000,5184108.71690000,1.19764615,45.84276435
87085_4968_00050,rue Suffren,50,,PR0026,1560004.26180000,5184181.25730000,1.19752350,45.84341527
87085_4968_00051,rue Suffren,51,,PR0180,1560000.07970000,5184129.14360000,1.19748486,45.84294564
87085_4968_00052,rue Suffren,52,,PR0025,1560010.51020000,5184185.60420000,1.19760266,45.84345565
87085_4968_00053,rue Suffren,53,,PR0180,1559996.88620000,5184137.76070000,1.19744124,45.84302250
87085_4968_00054,rue Suffren,54,,PR0024,1559999.57030000,5184197.61750000,1.19745835,45.84356149
87085_4968_00055,rue Suffren,55,,PR0180,1559993.08260000,5184147.63330000,1.19738941,45.84311054
87085_4968_00056,rue Suffren,56,,PR0023,1559982.31940000,5184206.03360000,1.19723386,45.84363368
87085_4968_00058,rue Suffren,58,,PR0022,1559978.21520000,5184217.54050000,1.19717769,45.84373635
87085_4968_00059,rue Suffren,59,,PR0027,1559983.60010000,5184172.30040000,1.19726018,45.84333050
87085_4968_00060,rue Suffren,60,,PR0021,1559973.07560000,5184231.31280000,1.19710752,45.84385919
87085_4968_00063,rue Suffren,63,,PR0027,1559936.66490000,5184211.80850000,1.19664457,45.84367633
87085_4968_00065,rue Suffren,65,,PR0027,1559941.42060000,5184215.21690000,1.19670479,45.84370796
87085_4968_00067,rue Suffren,67,,PR0027,1559945.96050000,5184218.37760000,1.19676230,45.84373731
87085_4968_00068,rue Suffren,68,,PR0197,1559924.13540000,5184329.86620000,1.19644889,45.84473575
87085_4968_00069,rue Suffren,69,,PR0027,1559948.98810000,5184220.61000000,1.19680061,45.84375801
87085_4968_00070,rue Suffren,70,,PR0197,1559930.16310000,5184330.94570000,1.19652616,45.84474669
87085_4968_00071,rue Suffren,71,,PR0027,1559952.39490000,5184223.21560000,1.19684370,45.84378214
87085_4968_00072,rue Suffren,72,,PR0197,1559935.81300000,5184331.84020000,1.19659862,45.84475589
87085_4968_00073,rue Suffren,73,,PR0027,1559955.60910000,5184225.25850000,1.19688448,45.84380118
87085_4968_00074,rue Suffren,74,,PR0197,1559941.65260000,5184332.92130000,1.19667346,45.84476680
87085_4968_00075,rue Suffren,75,,PR0027,1559923.52130000,5184230.00200000,1.19647010,45.84383731
87085_4968_00076,rue Suffren,76,,PR0197,1559947.17370000,5184333.94340000,1.19674423,45.84477712
87085_4968_00077,rue Suffren,77,,PR0027,1559927.05960000,5184232.66070000,1.19651486,45.84386195
87085_4968_00078,rue Suffren,78,,PR0197,1559919.65580000,5184351.69150000,1.19638487,45.84493117
87085_4968_00079,rue Suffren,79,,PR0027,1559930.08860000,5184235.08120000,1.19655314,45.84388434
87085_4968_00080,rue Suffren,80,,PR0197,1559926.43570000,5184352.76490000,1.19647182,45.84494221
87085_4968_00081,rue Suffren,81,,PR0027,1559934.62700000,5184238.05370000,1.19661069,45.84391200
87085_4968_00082,rue Suffren,82,,PR0197,1559931.89920000,5184353.84900000,1.19654183,45.84495307
87085_4968_00083,rue Suffren,83,,PR0027,1559938.60110000,5184241.03090000,1.19666097,45.84393959
87085_4968_00084,rue Suffren,84,,PR0197,1559937.54910000,5184354.74350000,1.19661429,45.84496227
87085_4968_00085,rue Suffren,85,,PR0027,1559942.94980000,5184243.81690000,1.19671613,45.84396554
87085_4968_00086,rue Suffren,86,,PR0197,1559943.26880000,5184355.93870000,1.19668756,45.84497418
87085_4968_00087,rue Suffren,87,,PR0027,1559914.62240000,5184239.98190000,1.19635265,45.84392527
87085_4968_00089,rue Suffren,89,,PR0027,1559919.18750000,5184243.57760000,1.19641036,45.84395854
87085_4968_00091,rue Suffren,91,,PR0027,1559923.91700000,5184246.92480000,1.19647026,45.84398962
87085_4968_00093,rue Suffren,93,,PR0027,1559928.26880000,5184250.08700000,1.19652535,45.84401895
87085_4968_00095,rue Suffren,95,,PR0027,1559932.05320000,5184252.87750000,1.19657324,45.84404482
87085_4968_00097,rue Suffren,97,,PR0027,1559936.40040000,5184255.47540000,1.19662844,45.84406908
87085_4968_00099,rue Suffren,99,,PR0027,1559901.60180000,5184258.09670000,1.19617978,45.84408557
87085_4968_00101,rue Suffren,101,,PR0027,1559906.17890000,5184261.63970000,1.19623766,45.84411837
87085_4968_00103,rue Suffren,103,,PR0027,1559911.10100000,5184265.54960000,1.19629987,45.84415454
87085_4968_00105,rue Suffren,105,,PR0027,1559914.88550000,5184268.34020000,1.19634777,45.84418042
87085_4968_00107,rue Suffren,107,,PR0027,1559918.28770000,5184270.38160000,1.19639096,45.84419947
87085_4968_00109,rue Suffren,109,,PR0027,1559922.25880000,5184272.98250000,1.19644132,45.84422368
87085_4968_00111,rue Suffren,111,,PR0027,1559898.52830000,5184262.34470000,1.19613898,45.84412315
87085_4968_00113,rue Suffren,113,,PR0027,1559903.97420000,5184266.88670000,1.19620775,45.84416512
87085_4968_00115,rue Suffren,115,,PR0027,1559907.37940000,5184269.30420000,1.19625088,45.84418756
87085_4968_00117,rue Suffren,117,,PR0027,1559911.16240000,5184271.90670000,1.19629881,45.84421174
87085_4968_00119,rue Suffren,119,,PR0027,1559914.75720000,5184274.51080000,1.19634432,45.84423590
87085_4968_00121,rue Suffren,121,,PR0027,1559919.48210000,5184277.29370000,1.19640432,45.84426189
87085_4968_00123,rue Suffren,123,,PR0027,1559885.35240000,5184280.09840000,1.19596422,45.84428017
87085_4968_00125,rue Suffren,125,,PR0027,1559889.70580000,5184283.44860000,1.19601928,45.84431119
87085_4968_00127,rue Suffren,127,,PR0027,1559894.24550000,5184286.60930000,1.19607678,45.84434055
87085_4968_00129,rue Suffren,129,,PR0027,1559898.97500000,5184289.95650000,1.19613668,45.84437162
87085_4968_00131,rue Suffren,131,,PR0027,1559902.94910000,5184292.93360000,1.19618697,45.84439921
87085_4968_00133,rue Suffren,133,,PR0027,1559907.03920000,5184295.99140000,1.19623872,45.84442755
87085_4968_00135,rue Suffren,135,,PR0027,1559851.02770000,5184262.21400000,1.19552764,45.84411230
87085_4968_00137,rue Suffren,137,,PR0027,1559854.81220000,5184265.00450000,1.19557554,45.84413817
87085_4968_00139,rue Suffren,139,,PR0027,1559858.59510000,5184267.60710000,1.19562347,45.84416235
87085_4968_00141,rue Suffren,141,,PR0027,1559862.75880000,5184270.77070000,1.19567614,45.84419166
87085_4968_00143,rue Suffren,143,,PR0027,1559866.73290000,5184273.74790000,1.19572642,45.84421925
87085_4968_00145,rue Suffren,145,,PR0027,1559872.61160000,5184277.66290000,1.19580094,45.84425566
87085_4968_00147,rue Suffren,147,,PR0027,1559867.68570000,5184240.26020000,1.19574845,45.84391821
87085_4968_00149,rue Suffren,149,,PR0027,1559872.03450000,5184243.04620000,1.19580361,45.84394416
87085_4968_00151,rue Suffren,151,,PR0027,1559876.38320000,5184245.83220000,1.19585877,45.84397010
87085_4968_00153,rue Suffren,153,,PR0027,1559880.73490000,5184248.99440000,1.19591386,45.84399944
87085_4968_00155,rue Suffren,155,,PR0027,1559884.89860000,5184252.15800000,1.19596653,45.84402874
87085_4968_00157,rue Suffren,157,,PR0027,1559888.99950000,5184255.45660000,1.19601835,45.84405925
87085_4968_00159,rue Suffren,159,,PR0027,1559838.47200000,5184280.83280000,1.19536061,45.84427722
87085_4968_00161,rue Suffren,161,,PR0027,1559842.63420000,5184283.80850000,1.19541331,45.84430484
87085_4968_00163,rue Suffren,163,,PR0027,1559846.98750000,5184287.15860000,1.19546836,45.84433586
87085_4968_00165,rue Suffren,165,,PR0027,1559850.96000000,5184289.94780000,1.19551868,45.84436176
87085_4968_00167,rue Suffren,167,,PR0027,1559854.74610000,5184292.92640000,1.19556654,45.84438933
87085_4968_00169,rue Suffren,169,,PR0027,1559859.20850000,5184295.69200000,1.19562317,45.84441511
87085_4968_00171,rue Suffren,171,,PR0027,1559854.76520000,5184258.41090000,1.19557686,45.84407885
87085_4968_00173,rue Suffren,173,,PR0027,1559858.92730000,5184261.38660000,1.19562956,45.84410646
87085_4968_00175,rue Suffren,175,,PR0027,1559863.28060000,5184264.73680000,1.19568461,45.84413749
87085_4968_00177,rue Suffren,177,,PR0027,1559867.63090000,5184267.71090000,1.19573974,45.84416513
87085_4968_00179,rue Suffren,179,,PR0027,1559871.79300000,5184270.68650000,1.19579244,45.84419274
87085_4968_00181,rue Suffren,181,,PR0027,1559875.90710000,5184273.69910000,1.19584451,45.84422068
87085_4968_00183,rue Suffren,183,,PR0027,1559868.73640000,5184307.84820000,1.19574226,45.84452640
87085_4968_00185,rue Suffren,185,,PR0027,1559873.27770000,5184311.19700000,1.19579974,45.84455745
87085_4968_00187,rue Suffren,187,,PR0027,1559877.81750000,5184314.35760000,1.19585725,45.84458681
87085_4968_00189,rue Suffren,189,,PR0027,1559882.11490000,5184317.44940000,1.19591166,45.84461550
87085_4968_00191,rue Suffren,191,,PR0027,1559855.94880000,5184326.28600000,1.19557229,45.84468965
87085_4968_00193,rue Suffren,193,,PR0027,1559860.10930000,5184329.07350000,1.19562503,45.84471558
87085_4968_00195,rue Suffren,195,,PR0027,1559864.84190000,5184332.79680000,1.19568486,45.84475003
87085_4968_00197,rue Suffren,197,,PR0027,1559869.65160000,5184336.15020000,1.19574579,45.84478118
87085_4970_00007,rue Sully,7,,NP0025,1563560.32690000,5181162.35210000,1.24415034,45.81697339
87085_4972_00001,rue Surcouf,1,,PR0180,1559955.11780000,5184077.78350000,1.19692113,45.84247448
87085_4972_00003,rue Surcouf,3,,PR0180,1559963.24680000,5184086.53570000,1.19702321,45.84255486
87085_4972_00005,rue Surcouf,5,,PR0180,1559970.17740000,5184092.85040000,1.19711057,45.84261308
87085_4972_00007,rue Surcouf,7,,PR0180,1559977.18300000,5184099.61110000,1.19719876,45.84267532
87085_4972_00009,rue Surcouf,9,,PR0180,1559985.52930000,5184108.26850000,1.19730366,45.84275489
87085_4972_00015,rue Surcouf,15,,PR0174,1560019.40770000,5184131.81550000,1.19773284,45.84297361
87085_4972_00017,rue Surcouf,17,,PR0174,1560030.66100000,5184130.99660000,1.19787792,45.84296853
87085_4972_00019,rue Surcouf,19,,PR0174,1560041.29580000,5184130.64270000,1.19801490,45.84296751
87085_4972_00021,rue Surcouf,21,,PR0174,1560051.21890000,5184130.73800000,1.19814259,45.84297039
87085_4972_00023,rue Surcouf,23,,PR0174,1560062.36210000,5184131.76720000,1.19828571,45.84298192
87085_4972_00025,rue Surcouf,25,,PR0174,1560071.02540000,5184133.05390000,1.19839684,45.84299525
87085_4972_00027,rue Surcouf,27,,PR0174,1560081.63190000,5184135.03600000,1.19853278,45.84301524
87085_4972_00029,rue Surcouf,29,,PR0174,1560091.14360000,5184137.05390000,1.19865461,45.84303533
87085_4972_00031,rue Surcouf,31,,PR0174,1560101.55940000,5184139.59660000,1.19878793,45.84306032
87085_4972_00033,rue Surcouf,33,,PR0174,1560111.39450000,5184142.42960000,1.19891369,45.84308781
87085_4972_00035,rue Surcouf,35,,PR0257,1560134.03490000,5184147.84830000,1.19920351,45.84314116
87085_4974_00001,rue Suzanne Lacorre,1,,NH0189,1561851.02170000,5181741.87820000,1.22199400,45.82184538
87085_4974_00002,rue Suzanne Lacorre,2,,NH0139,1561834.64000000,5181738.19960000,1.22178429,45.82180900
87085_4974_00003,rue Suzanne Lacorre,3,,NH0188,1561852.85640000,5181717.54460000,1.22202459,45.82162686
87085_4974_00004,rue Suzanne Lacorre,4,,NH0140,1561839.32580000,5181722.31960000,1.22184914,45.82166709
87085_4974_00005,rue Suzanne Lacorre,5,,NH0187,1561855.95580000,5181702.42510000,1.22206881,45.82149147
87085_4974_00006,rue Suzanne Lacorre,6,,NH0141,1561844.18980000,5181703.15480000,1.22191722,45.82149567
87085_4974_00007,rue Suzanne Lacorre,7,,NH0176,1561851.41830000,5181665.86900000,1.22202093,45.82116172
87085_4974_00008,rue Suzanne Lacorre,8,,NH0142,1561844.00810000,5181682.03560000,1.22192095,45.82130566
87085_4974_00009,rue Suzanne Lacorre,9,,NH0173,1561842.40960000,5181647.91330000,1.22191019,45.82099839
87085_4974_00010,rue Suzanne Lacorre,10,,NH0143,1561836.40820000,5181660.44820000,1.22182937,45.82110994
87085_4974_00011,rue Suzanne Lacorre,11,,NH0172,1561829.70540000,5181630.78300000,1.22175166,45.82084174
87085_4974_00012,rue Suzanne Lacorre,12,,NH0144,1561824.82210000,5181643.74270000,1.22168511,45.82095734
87085_4974_00014,rue Suzanne Lacorre,14,,NH0145,1561810.74320000,5181627.81060000,1.22150855,45.82081119
87085_4974_00015,rue Suzanne Lacorre,15,,NH0169,1561816.79170000,5181617.51030000,1.22158933,45.82071975
87085_4974_00016,rue Suzanne Lacorre,16,,NH0146,1561794.30890000,5181616.40210000,1.22130039,45.82070527
87085_4974_00017,rue Suzanne Lacorre,17,,NH0168,1561796.08090000,5181604.18260000,1.22132670,45.82059570
87085_4974_00018,rue Suzanne Lacorre,18,,NH0147,1561775.16030000,5181608.10930000,1.22105641,45.82062682
87085_4974_00019,rue Suzanne Lacorre,19,,NH0165,1561783.18650000,5181598.70320000,1.22116238,45.82054382
87085_4974_00020,rue Suzanne Lacorre,20,,NH0148,1561752.30610000,5181604.21910000,1.22076350,45.82058723
87085_4974_00021,rue Suzanne Lacorre,21,,NH0164,1561764.72700000,5181594.51150000,1.22092609,45.82050241
87085_4974_00022,rue Suzanne Lacorre,22,,NH0149,1561738.05930000,5181604.64220000,1.22058008,45.82058818
87085_4974_00023,rue Suzanne Lacorre,23,,NH0163,1561751.37590000,5181593.20080000,1.22075470,45.82048793
87085_4974_00024,rue Suzanne Lacorre,24,,NH0113,1561681.27420000,5181606.09810000,1.21984909,45.82058986
87085_4974_00025,rue Suzanne Lacorre,25,,NH0162,1561755.23230000,5181563.71630000,1.22081279,45.82022348
87085_4974_00027,rue Suzanne Lacorre,27,,NH0161,1561750.01510000,5181557.39290000,1.22074748,45.82016555
87085_4974_00029,rue Suzanne Lacorre,29,,NH0160,1561735.64570000,5181550.29660000,1.22056465,45.82009883
87085_4974_00031,rue Suzanne Lacorre,31,,NH0159,1561727.05940000,5181546.26960000,1.22045534,45.82006088
87085_4974_00033,rue Suzanne Lacorre,33,,NH0158,1561731.18200000,5181560.91560000,1.22050417,45.82019345
87085_4974_00035,rue Suzanne Lacorre,35,,NH0150,1561733.40170000,5181579.33600000,1.22052744,45.82035960
87085_4974_00037,rue Suzanne Lacorre,37,,NH0151,1561707.12160000,5181597.59990000,1.22018408,45.82051861
87085_4974_00039,rue Suzanne Lacorre,39,,NH0415,1561692.08210000,5181596.40460000,1.21999093,45.82050483
87085_4974_00041,rue Suzanne Lacorre,41,,NH0153,1561670.01360000,5181585.22820000,1.21971022,45.82039986
87085_4975_00001,rue Suzanne Valadon,1,,CR0404,1566674.71830000,5184188.36320000,1.28337789,45.84480500
87085_4975_00002,rue Suzanne Valadon,2,,CR0404,1566705.03670000,5184200.32100000,1.28376482,45.84491844
87085_4975_00003,rue Suzanne Valadon,3,,CR0404,1566740.89240000,5184214.26790000,1.28422247,45.84505085
87085_4975_00004,rue Suzanne Valadon,4,,CR0404,1566762.46770000,5184223.10040000,1.28449772,45.84513449
87085_4975_00005,rue Suzanne Valadon,5,,CR0404,1566806.26060000,5184212.57350000,1.28506432,45.84504828
87085_4975_00006,rue Suzanne Valadon,6,,CR0404,1566841.53750000,5184226.81570000,1.28551444,45.84518323
87085_4975_00007,rue Suzanne Valadon,7,,CR0404,1566843.64280000,5184183.26470000,1.28555361,45.84479187
87085_4975_00008,rue Suzanne Valadon,8,,CR0404,1566862.10070000,5184159.72970000,1.28579771,45.84458373
87085_4975_00009,rue Suzanne Valadon,9,,CR0404,1566884.88990000,5184120.68960000,1.28610186,45.84423695
87085_4975_00010,rue Suzanne Valadon,10,,CR0404,1566890.67390000,5184095.98130000,1.28618315,45.84401580
87085_4975_00011,rue Suzanne Valadon,11,,CR0404,1566877.98380000,5184052.72620000,1.28603179,45.84362424
87085_4975_00012,rue Suzanne Valadon,12,,CR0404,1566858.73540000,5184014.95480000,1.28579451,45.84328073
87085_4975_00013,rue Suzanne Valadon,13,,CR0004,1566828.31560000,5184019.19680000,1.28540180,45.84331300
87085_4975_00014,rue Suzanne Valadon,14,,CR0004,1566815.68330000,5184010.56080000,1.28524160,45.84323287
87085_4975_00015,rue Suzanne Valadon,15,,CR0004,1566802.06330000,5184001.38670000,1.28506884,45.84314770
87085_4975_00016,rue Suzanne Valadon,16,,CR0004,1566784.38240000,5183989.84240000,1.28484446,45.84304043
87085_4975_00028,rue Suzanne Valadon,28,,CR0005,1566840.47520000,5184172.06870000,1.28551594,45.84469054
87085_4975_00036,rue Suzanne Valadon,36,,CR0212,1566881.11530000,5184089.94190000,1.28606179,45.84395962
87085_4980_00001,rue Taine,1,,CM0112,1565334.75280000,5185105.46460000,1.26587362,45.85279373
87085_4980_00003,rue Taine,3,,CM0114,1565340.72580000,5185094.01120000,1.26595372,45.85269187
87085_4980_00008,rue Taine,8,,CM0876,1565348.47580000,5185078.87330000,1.26605773,45.85255721
87085_4980_00011,rue Taine,11,,CM0116,1565384.34870000,5185103.46300000,1.26651264,45.85278543
87085_4980_00012,rue Taine,12,,CM0618,1565372.71640000,5185086.99990000,1.26636751,45.85263506
87085_4980_00013,rue Taine,13,,CM0117,1565396.89710000,5185107.53580000,1.26667304,45.85282453
87085_4980_00015,rue Taine,15,,CM0118,1565412.39150000,5185112.46700000,1.26687112,45.85287192
87085_4980_00016,rue Taine,16,,CM0501,1565395.26060000,5185094.22250000,1.26665570,45.85270445
87085_4980_00017,rue Taine,17,,CM0119,1565426.38080000,5185117.51250000,1.26704979,45.85292005
87085_4980_00018,rue Taine,18,,CM0500,1565406.98610000,5185098.03900000,1.26680558,45.85274107
87085_4980_00020,rue Taine,20,,CM0499,1565420.72770000,5185102.47940000,1.26698123,45.85278371
87085_4980_00022,rue Taine,22,,CM0498,1565431.19500000,5185105.86720000,1.26711503,45.85281623
87085_4980_00024,rue Taine,24,,CM0497,1565441.21750000,5185109.09370000,1.26724315,45.85284722
87085_4980_00025,rue Taine,25,,CM0149,1565483.36540000,5185135.75120000,1.26777826,45.85309527
87085_4980_00026,rue Taine,26,,CM0496,1565450.40340000,5185111.63810000,1.26736069,45.85287191
87085_4980_00027,rue Taine,27,,CM0150,1565498.64410000,5185140.41080000,1.26797365,45.85314017
87085_4980_00028,rue Taine,28,,CM0495,1565457.08960000,5185114.24650000,1.26744603,45.85289668
87085_4980_00030,rue Taine,30,,CM0495,1565464.30060000,5185116.25580000,1.26753830,45.85291616
87085_4980_00031,rue Taine,31,,CM0213,1565524.30770000,5185148.40770000,1.26830178,45.85321713
87085_4980_00032,rue Taine,32,,CM0494,1565471.34270000,5185118.42430000,1.26762834,45.85293705
87085_4980_00033,rue Taine,33,,CM0214,1565541.26830000,5185159.00560000,1.26851716,45.85331578
87085_4980_00034,rue Taine,34,,CM0492,1565480.47930000,5185121.76850000,1.26774503,45.85296892
87085_4980_00036,rue Taine,36,,CM0491,1565494.27600000,5185126.09980000,1.26792142,45.85301058
87085_4980_00038,rue Taine,38,,CM0637,1565508.78520000,5185131.03140000,1.26810682,45.85305778
87085_4980_00040,rue Taine,40,,CM0636,1565527.42830000,5185137.15780000,1.26834511,45.85311654
87085_4980_00042,rue Taine,42,,CM0489,1565540.52730000,5185141.45570000,1.26851253,45.85315776
87085_4980_00044,rue Taine,44,,CM0488,1565550.30640000,5185144.87120000,1.26863747,45.85319040
87085_4980_00045,rue Taine,45,,CM0777,1565506.70130000,5185254.43420000,1.26804545,45.85416746
87085_4985_00001,rue Talma,1,,ON0443,1561722.30620000,5182013.77630000,1.22025977,45.82426538
87085_4985_00002,rue Talma,2,,ON0442,1561715.46230000,5182024.65290000,1.22016859,45.82436184
87085_4985_00004,rue Talma,4,,ON0441,1561705.77590000,5182019.39090000,1.22004547,45.82431256
87085_4985_00005,rue Talma,5,,ON0445,1561710.41650000,5182007.71430000,1.22010854,45.82420846
87085_4985_00006,rue Talma,6,,ON0439,1561698.26560000,5182015.79500000,1.21994987,45.82427870
87085_4985_00007,rue Talma,7,,ON0446,1561702.20490000,5182003.54400000,1.22000408,45.82416929
87085_4985_00008,rue Talma,8,,ON0438,1561691.71330000,5182012.22550000,1.21986659,45.82424528
87085_4985_00009,rue Talma,9,,ON0447,1561695.12870000,5181999.52800000,1.21991419,45.82413174
87085_4985_00010,rue Talma,10,,ON0437,1561685.20130000,5182008.79930000,1.21978379,45.82421315
87085_4985_00011,rue Talma,11,,ON0448,1561688.65440000,5181995.99100000,1.21983191,45.82409862
87085_4985_00012,rue Talma,12,,ON0436,1561673.27340000,5182002.49760000,1.21963214,45.82415406
87085_4985_00013,rue Talma,13,,ON0449,1561682.54070000,5181992.69150000,1.21975419,45.82406771
87085_4985_00015,rue Talma,15,,ON0450,1561674.62410000,5181988.59060000,1.21965351,45.82402923
87085_4985_00016,rue Talma,16,,ON0435,1561660.93700000,5181995.87010000,1.21947532,45.82409196
87085_4985_00017,rue Talma,17,,ON0451,1561666.79360000,5181984.38700000,1.21955397,45.82398984
87085_4985_00018,rue Talma,18,,ON0434,1561646.38140000,5181988.29180000,1.21929022,45.82402086
87085_5005_00006,rue Taylor,6,,BS0119,1564925.34660000,5184784.51610000,1.26069348,45.84982629
87085_5023_00003,rue Thalès,3,,HO0095,1564625.53470000,5180759.21190000,1.25796762,45.81355735
87085_5023_00004,rue Thalès,4,,HO0093,1564609.92820000,5180742.00290000,1.25777170,45.81339948
87085_5023_00005,rue Thalès,5,,HO0097,1564622.91530000,5180735.54510000,1.25794058,45.81334394
87085_5023_00006,rue Thalès,6,,HO0094,1564612.25440000,5180724.71530000,1.25780649,45.81324442
87085_5023_00007,rue Thalès,7,,HO0098,1564621.56150000,5180713.63150000,1.25792933,45.81314655
87085_5023_00008,rue Thalès,8,,HO0128,1564580.62230000,5180708.38320000,1.25740417,45.81309128
87085_5023_00009,rue Thalès,9,,HO0099,1564614.81850000,5180693.54500000,1.25784824,45.81296453
87085_5023_00010,rue Thalès,10,,HO0129,1564562.01480000,5180733.69360000,1.25715767,45.81331530
87085_5023_00011,rue Thalès,11,,HO0100,1564607.72790000,5180685.00070000,1.25775943,45.81288627
87085_5023_00012,rue Thalès,12,,HO0130,1564531.26950000,5180735.11380000,1.25676176,45.81332202
87085_5023_00014,rue Thalès,14,,HO0131,1564528.79330000,5180752.95120000,1.25672488,45.81348199
87085_5023_00015,rue Thalès,15,,HO0101,1564595.42540000,5180703.56970000,1.25759595,45.81305089
87085_5023_00017,rue Thalès,17,,HO0121,1564572.37840000,5180700.04020000,1.25730046,45.81301461
87085_5023_00019,rue Thalès,19,,HO0122,1564556.17080000,5180703.60250000,1.25709097,45.81304346
87085_5023_00021,rue Thalès,21,,HO0123,1564528.83240000,5180719.06730000,1.25673493,45.81317719
87085_5023_00023,rue Thalès,23,,HO0124,1564515.72870000,5180717.14960000,1.25656690,45.81315736
87085_5023_00025,rue Thalès,25,,HO0125,1564511.72000000,5180725.44580000,1.25651300,45.81323120
87085_5023_00027,rue Thalès,27,,HO0127,1564522.14350000,5180749.22740000,1.25664039,45.81344718
87085_5025_00002,rue Théodore Bac,2,,DT0093,1565314.54840000,5183356.46570000,1.26610374,45.83705649
87085_5025_00004,rue Théodore Bac,4,,DT0094,1565307.09030000,5183364.81270000,1.26600542,45.83713011
87085_5025_00005,rue Théodore Bac,5,,DT0097,1565289.06520000,5183353.18700000,1.26577670,45.83702200
87085_5025_00006,rue Théodore Bac,6,,DT0087,1565299.90620000,5183372.26200000,1.26591088,45.83719572
87085_5025_00007,rue Théodore Bac,7,,DT0098,1565283.67370000,5183359.11050000,1.26570566,45.83707423
87085_5025_00008,rue Théodore Bac,8,,DT0351,1565291.51910000,5183381.35990000,1.26580039,45.83727592
87085_5025_00009,rue Théodore Bac,9,,DT0099,1565278.14010000,5183364.76510000,1.26563286,45.83712401
87085_5025_00011,rue Théodore Bac,11,,DT0100,1565269.57110000,5183374.22030000,1.26551993,45.83720739
87085_5025_00013,rue Théodore Bac,13,,DT0101,1565258.92930000,5183385.79090000,1.26537973,45.83730939
87085_5025_00014,rue Théodore Bac,14,,DT0314,1565263.64220000,5183411.20570000,1.26543326,45.83753893
87085_5025_00015,rue Théodore Bac,15,,DT0102,1565251.63240000,5183393.84300000,1.26528356,45.83738039
87085_5025_00016,rue Théodore Bac,16,,DT0314,1565256.61720000,5183419.14230000,1.26534062,45.83760895
87085_5025_00017,rue Théodore Bac,17,,DT0103,1565244.95260000,5183400.98790000,1.26519559,45.83744336
87085_5025_00018,rue Théodore Bac,18,,DT0314,1565249.52460000,5183426.69670000,1.26524723,45.83767552
87085_5025_00024,rue Théodore Bac,24,,DT0343,1565216.97960000,5183447.42180000,1.26482257,45.83785558
87085_5025_00027,rue Théodore Bac,27,,DT0302,1565191.79590000,5183436.80350000,1.26450144,45.83775512
87085_5025_00030,rue Théodore Bac,30,,DT0074,1565189.55980000,5183461.09310000,1.26446585,45.83797318
87085_5025_00031,rue Théodore Bac,31,,DT0140,1565171.00930000,5183447.00410000,1.26423106,45.83784281
87085_5025_00033,rue Théodore Bac,33,,DT0140,1565158.03000000,5183453.45340000,1.26406221,45.83789828
87085_5025_00034,rue Théodore Bac,34,,DT0073,1565166.49560000,5183472.24970000,1.26416588,45.83806902
87085_5025_00037,rue Théodore Bac,37,,DT0141,1565139.59840000,5183462.47910000,1.26382246,45.83797585
87085_5025_00038,rue Théodore Bac,38,,DT0339,1565143.48140000,5183483.59660000,1.26386651,45.83816658
87085_5025_00039,rue Théodore Bac,39,,DT0243,1565105.70950000,5183479.21250000,1.26338162,45.83811973
87085_5025_00040,rue Théodore Bac,40,,DT0071,1565131.01000000,5183489.82620000,1.26370426,45.83822017
87085_5025_00041,rue Théodore Bac,41,,DT0244,1565098.23300000,5183482.93540000,1.26328436,45.83815176
87085_5025_00042,rue Théodore Bac,42,,DT0366,1565122.98190000,5183493.61490000,1.26359988,45.83825268
87085_5025_00043,rue Théodore Bac,43,,DT0245,1565091.24410000,5183486.37970000,1.26319344,45.83818137
87085_5025_00044,rue Théodore Bac,44,,DT0348,1565115.43770000,5183497.46300000,1.26350170,45.83828582
87085_5025_00045,rue Théodore Bac,45,,DT0246,1565084.13270000,5183489.95200000,1.26310092,45.83821211
87085_5025_00046,rue Théodore Bac,46,,DT0068,1565108.40570000,5183500.85000000,1.26341025,45.83831490
87085_5025_00047,rue Théodore Bac,47,,DT0247,1565077.51770000,5183492.97560000,1.26301494,45.83823801
87085_5025_00048,rue Théodore Bac,48,,DT0067,1565101.67910000,5183504.12810000,1.26332276,45.83834307
87085_5025_00049,rue Théodore Bac,49,,DT0248,1565071.36140000,5183496.03920000,1.26293485,45.83826436
87085_5025_00050,rue Théodore Bac,50,,DT0066,1565092.89660000,5183508.29230000,1.26320856,45.83837881
87085_5025_00051,rue Théodore Bac,51,,DT0249,1565064.55680000,5183499.21030000,1.26284638,45.83829155
87085_5025_00052,rue Théodore Bac,52,,DT0065,1565085.43880000,5183511.91950000,1.26311156,45.83840998
87085_5025_00053,rue Théodore Bac,53,,DT0250,1565055.03520000,5183504.19670000,1.26272244,45.83833454
87085_5025_00054,rue Théodore Bac,54,,DT0064,1565079.45490000,5183515.08800000,1.26303366,45.83843730
87085_5025_00055,rue Théodore Bac,55,,DT0252,1565042.11740000,5183510.49130000,1.26255442,45.83838863
87085_5025_00056,rue Théodore Bac,56,,DT0063,1565073.57210000,5183517.92190000,1.26295715,45.83846164
87085_5025_00058,rue Théodore Bac,58,,DT0062,1565067.34670000,5183520.89230000,1.26287620,45.83848714
87085_5025_00060,rue Théodore Bac,60,,DT0061,1565058.54980000,5183525.26160000,1.26276176,45.83852472
87085_5025_00061,rue Théodore Bac,61,,DT0254,1565011.78750000,5183525.45290000,1.26215988,45.83851726
87085_5025_00062,rue Théodore Bac,62,,DT0060,1565049.75750000,5183529.76480000,1.26264734,45.83856350
87085_5025_00063,rue Théodore Bac,63,,DT0261,1565004.17340000,5183529.22600000,1.26206082,45.83854971
87085_5025_00064,rue Théodore Bac,64,,DT0059,1565042.07910000,5183533.26330000,1.26254753,45.83859347
87085_5025_00065,rue Théodore Bac,65,,DT0262,1564998.91240000,5183531.83230000,1.26199238,45.83857212
87085_5025_00066,rue Théodore Bac,66,,DT0058,1565032.19260000,5183538.20240000,1.26241891,45.83863596
87085_5025_00067,rue Théodore Bac,67,,DT0263,1564992.68020000,5183534.87810000,1.26191132,45.83859830
87085_5025_00068,rue Théodore Bac,68,,DT0057,1565023.05120000,5183542.86650000,1.26229995,45.83867612
87085_5025_00069,rue Théodore Bac,69,,DT0264,1564987.05290000,5183537.54470000,1.26183815,45.83862118
87085_5025_00070,rue Théodore Bac,70,,DT0295,1564997.51250000,5183555.42130000,1.26196774,45.83878404
87085_5025_00073,rue Théodore Bac,73,,DT0265,1564969.92770000,5183546.09140000,1.26161535,45.83869470
87085_5025_00074,rue Théodore Bac,74,,DT0368,1564973.94480000,5183566.88900000,1.26166120,45.83888257
87085_5025_00075,rue Théodore Bac,75,,DT0265,1564957.61660000,5183552.25110000,1.26145517,45.83874769
87085_5025_00076,rue Théodore Bac,76,,DT0293,1564964.42380000,5183571.41080000,1.26153740,45.83892138
87085_5025_00077,rue Théodore Bac,77,,DT0286,1564950.76360000,5183555.50770000,1.26136606,45.83877564
87085_5025_00078,rue Théodore Bac,78,,DT0292,1564956.14730000,5183575.33320000,1.26142978,45.83895504
87085_5025_00079,rue Théodore Bac,79,,DT0287,1564945.29710000,5183558.15150000,1.26129496,45.83879835
87085_5025_00080,rue Théodore Bac,80,,DT0300,1564950.15780000,5183578.53490000,1.26135179,45.83898267
87085_5025_00082,rue Théodore Bac,82,,DT0300,1564941.91670000,5183582.47990000,1.26124462,45.83901653
87085_5025_00083,rue Théodore Bac,83,,DT0291,1564933.48390000,5183564.00130000,1.26114128,45.83884865
87085_5025_00084,rue Théodore Bac,84,,CW0054,1564769.36110000,5183667.33760000,1.25899995,45.83974597
87085_5025_00086,rue Théodore Bac,86,,CW0051,1564759.60090000,5183672.14660000,1.25887298,45.83978731
87085_5025_00087,rue Théodore Bac,87,,DP0024,1564793.31380000,5183632.86410000,1.25931792,45.83944057
87085_5025_00089,rue Théodore Bac,89,,DP0021,1564780.15510000,5183639.25560000,1.25914677,45.83949547
87085_5025_00091,rue Théodore Bac,91,,DP0020,1564770.93180000,5183643.96770000,1.25902674,45.83953605
87085_5025_00093,rue Théodore Bac,93,,DP0176,1564755.58250000,5183651.60550000,1.25882704,45.83960174
87085_5025_00095,rue Théodore Bac,95,,DP0010,1564742.34360000,5183658.31910000,1.25865476,45.83965952
87085_5025_00097,rue Théodore Bac,97,,DP0009,1564734.24040000,5183661.97060000,1.25854945,45.83969078
87085_5025_00099,rue Théodore Bac,99,,DP0008,1564726.59180000,5183665.70540000,1.25844996,45.83972287
87085_5025_00101,rue Théodore Bac,101,,DP0007,1564719.15790000,5183669.22910000,1.25835329,45.83975311
87085_5025_00103,rue Théodore Bac,103,,DP0003,1564710.68710000,5183673.38680000,1.25824310,45.83978884
87085_5027_00002,rue Théodore Botrel,2,,SH0032,1558795.40530000,5187287.66880000,1.18105135,45.87111139
87085_5027_00004,rue Théodore Botrel,4,,SH0033,1558790.23970000,5187272.29020000,1.18098936,45.87097199
87085_5027_00006,rue Théodore Botrel,6,,SH0036,1558784.09260000,5187256.19500000,1.18091493,45.87082594
87085_5027_00007,rue Théodore Botrel,7,,SB0059,1558796.93620000,5187257.70420000,1.18107988,45.87084216
87085_5027_00008,rue Théodore Botrel,8,,SH0038,1558777.50190000,5187238.99140000,1.18083513,45.87066984
87085_5027_00009,rue Théodore Botrel,9,,SB0003,1558783.24700000,5187221.62290000,1.18091422,45.87051478
87085_5027_00010,rue Théodore Botrel,10,,SH0039,1558769.43600000,5187218.19990000,1.18073738,45.87048115
87085_5027_00012,rue Théodore Botrel,12,,SH0145,1558761.14990000,5187194.13160000,1.18063776,45.87026295
87085_5027_00014,rue Théodore Botrel,14,,SH0149,1558753.95320000,5187165.97990000,1.18055337,45.87000824
87085_5027_00015,rue Théodore Botrel,15,,SB0063,1558762.66120000,5187153.18180000,1.18066927,45.86989490
87085_5027_00017,rue Théodore Botrel,17,,SB0064,1558749.74830000,5187112.45030000,1.18051497,45.86952585
87085_5027_00024,rue Théodore Botrel,24,,SH0206,1558719.45140000,5187061.15180000,1.18013994,45.86905818
87085_5027_00026_b,rue Théodore Botrel,26,b,SH0210,1558653.17310000,5187061.86630000,1.17928600,45.86905100
87085_5027_00030,rue Théodore Botrel,30,,SH0051,1558699.81910000,5187010.72210000,1.17990200,45.86860100
87085_5027_00038,rue Théodore Botrel,38,,SH0057,1558673.58960000,5186936.27830000,1.17958615,45.86792547
87085_5030_00005,rue Théodore de Banville,5,,NK0137,1562175.08590000,5181374.39620000,1.22626870,45.81860470
87085_5030_00008,rue Théodore de Banville,8,,NK0252,1562181.32220000,5181394.33260001,1.22634322,45.81878529
87085_5030_00008_bis,rue Théodore de Banville,8,bis,NK0252,1562176.61980000,5181406.55260000,1.22627922,45.81889427
87085_5030_00010,rue Théodore de Banville,10,,NK0252,1562171.95730000,5181418.63040000,1.22621577,45.81900198
87085_5030_00010_bis,rue Théodore de Banville,10,bis,NK0252,1562168.20850000,5181428.42849999,1.22616473,45.81908937
87085_5030_00012,rue Théodore de Banville,12,,NK0252,1562163.91790000,5181439.82700000,1.22610627,45.81919105
87085_5030_00013,rue Théodore de Banville,13,,NK0138,1562148.20230000,5181442.65850000,1.22590327,45.81921337
87085_5030_00015,rue Théodore de Banville,15,,NK0139,1562141.78950000,5181461.93690000,1.22581524,45.81938550
87085_5030_00017,rue Théodore de Banville,17,,NK0078,1562131.94240000,5181475.88060000,1.22568456,45.81950896
87085_5030_00018,rue Théodore de Banville,18,,NK0077,1562128.39810000,5181543.95900000,1.22561944,45.82012065
87085_5030_00020,rue Théodore de Banville,20,,NK0077,1562118.48940000,5181572.38270000,1.22548381,45.82037435
87085_5038_00062,rue Thérèse Menot,62,,TR0032,1566695.94090000,5178912.43960000,1.28511341,45.79734868
87085_5038_00064,rue Thérèse Menot,64,,TR0033,1566710.75760000,5178895.77080000,1.28530858,45.79720160
87085_5038_00066,rue Thérèse Menot,66,,TR0034,1566719.22120000,5178884.10390000,1.28542066,45.79709829
87085_5038_00070,rue Thérèse Menot,70,,TR0037,1566734.96390000,5178859.49760000,1.28562993,45.79687999
87085_5038_00078,rue Thérèse Menot,78,,TR0016,1566763.52670000,5178834.15200000,1.28600427,45.79665751
87085_5038_00082,rue Thérèse Menot,82,,TR0009,1566783.29540000,5178815.99430000,1.28626353,45.79649800
87085_5038_00095,rue Thérèse Menot,95,,TR0017,1566779.94600000,5178827.35950000,1.28621731,45.79659959
87085_0372_00004,rue Thimonnier,4,,MD0187,1565649.47830000,5188101.04870000,1.26908698,45.87980231
87085_0372_00005,rue Thimonnier,5,,MH0023,1565808.22680000,5188223.68600000,1.27109729,45.88093652
87085_0372_00010,rue Thimonnier,10,,MH0007,1565961.59730000,5188292.11590000,1.27305356,45.88158202
87085_0372_00011,rue Thimonnier,11,,MH0036,1565866.24140000,5188257.61630000,1.27183502,45.88125307
87085_0372_00017,rue Thimonnier,17,,MH0025,1565955.93470000,5188310.15500000,1.27297558,45.88174319
87085_0372_00019,rue Thimonnier,19,,MH0021,1565999.44870000,5188336.98290000,1.27352855,45.88199301
87085_0372_00022,rue Thimonnier,22,,MH0006,1566139.92330000,5188399.11130000,1.27532054,45.88257927
87085_0372_00023,rue Thimonnier,23,,MH0005,1566096.72370000,5188395.47790000,1.27476513,45.88253817
87085_0372_00025,rue Thimonnier,25,,ML0102,1566214.43640000,5188488.83650000,1.27625527,45.88340091
87085_0372_00028,rue Thimonnier,28,,ML0033,1566272.86010000,5188540.68400000,1.27699333,45.88387868
87085_0372_00037,rue Thimonnier,37,,ML0243,1566296.20810000,5188609.51310000,1.27727489,45.88450238
87085_0372_00039,rue Thimonnier,39,,ML0094,,45.88501566,1.27772100,45.88501600
87085_0372_00040,rue Thimonnier,40,,ML0032,1566331.69060000,5188627.21930000,1.27772699,45.88466856
87085_0372_00041,rue Thimonnier,41,,ML0094,1566338.22850000,5188675.89490000,1.27779765,45.88510770
87085_0372_00050,rue Thimonnier,50,,ML0026,1566384.76840000,5188711.85990000,1.27838710,45.88544028
87085_5045_00003,rue Tocqueville,3,,IX0549,1562528.47120000,5182687.76410000,1.23043961,45.83048985
87085_5045_00005,rue Tocqueville,5,,IX0958,1562521.68200000,5182698.11800000,1.23034930,45.83058160
87085_5045_00006,rue Tocqueville,6,,IX0553,1562520.38960000,5182717.02580000,1.23032725,45.83075146
87085_5045_00007,rue Tocqueville,7,,IX0547,1562515.65160000,5182707.85630000,1.23026891,45.83066803
87085_5045_00008,rue Tocqueville,8,,IX0554,1562515.38410000,5182724.91590000,1.23026059,45.83082143
87085_5045_00009,rue Tocqueville,9,,IX0546,1562510.04560000,5182716.52620000,1.23019429,45.83074490
87085_5045_00010,rue Tocqueville,10,,IX0555,1562509.00670000,5182734.59220000,1.23017575,45.83090720
87085_5045_00011,rue Tocqueville,11,,IX0545,1562504.66200000,5182725.12150000,1.23012255,45.83082114
87085_5045_00012,rue Tocqueville,12,,IX0556,1562503.68760000,5182742.88580000,1.23010494,45.83098074
87085_5045_00013,rue Tocqueville,13,,IX0544,1562497.93400000,5182735.48190000,1.23003301,45.83091299
87085_5045_00014,rue Tocqueville,14,,IX0557,1562498.39210000,5182750.77830000,1.23003453,45.83105068
87085_5045_00015,rue Tocqueville,15,,IX0543,1562491.53870000,5182745.60510000,1.22994782,45.83100278
87085_5045_00016,rue Tocqueville,16,,IX0558,1562493.38700000,5182758.71840000,1.22996786,45.83112111
87085_5045_00017,rue Tocqueville,17,,IX0542,1562485.37440000,5182755.09450000,1.22986579,45.83108691
87085_5045_00018,rue Tocqueville,18,,IX0559,1562487.10660000,5182768.44870000,1.22988426,45.83120738
87085_5045_00019,rue Tocqueville,19,,IX0541,1562479.61920000,5182764.54430000,1.22978903,45.83117076
87085_5045_00020,rue Tocqueville,20,,IX0560,1562482.49370000,5182775.82870000,1.22982279,45.83127284
87085_5045_00021,rue Tocqueville,21,,IX0540,1562473.06330000,5182774.52690000,1.22970181,45.83125925
87085_5045_00022,rue Tocqueville,22,,IX0561,1562475.51660000,5182786.28390000,1.22973001,45.83136550
87085_5045_00023,rue Tocqueville,23,,IX0539,1562467.03850000,5182783.50800000,1.22962171,45.83133883
87085_5045_00024,rue Tocqueville,24,,IX0562,1562469.00290000,5182796.38420000,1.22964331,45.83145505
87085_5045_00025,rue Tocqueville,25,,IX0538,1562462.16410000,5182791.31520000,1.22955675,45.83140809
87085_5045_00026,rue Tocqueville,26,,IX0563,1562463.85760000,5182804.82540000,1.22957468,45.83152996
87085_5045_00027,rue Tocqueville,27,,IX0537,1562456.62720000,5182800.24950000,1.22948295,45.83148735
87085_5045_00028,rue Tocqueville,28,,IX0564,1562458.45660000,5182812.73250000,1.22950292,45.83160001
87085_5045_00029,rue Tocqueville,29,,IX0536,1562450.44900000,5182809.71660000,1.22940074,45.83157127
87085_5045_00030,rue Tocqueville,30,,IX0565,1562452.98380000,5182821.31530000,1.22943004,45.83167612
87085_5045_00031,rue Tocqueville,31,,IX0535,1562445.48400000,5182817.71790000,1.22933456,45.83164226
87085_5045_00032,rue Tocqueville,32,,IX0916,1562447.87320000,5182829.17400000,1.22936202,45.83174579
87085_5045_00033,rue Tocqueville,33,,IX0534,1562438.57750000,5182828.40550000,1.22924262,45.83173702
87085_5055_00001,rue Toulouse-Lautrec,1,,CM0432,1565670.89970000,5185042.85400000,1.27021843,45.85229627
87085_5055_00003,rue Toulouse-Lautrec,3,,CM0433,1565661.71200000,5185037.95920000,1.27010153,45.85225044
87085_5055_00005,rue Toulouse-Lautrec,5,,CM0434,1565654.71630000,5185034.28250000,1.27001250,45.85221600
87085_5055_00006,rue Toulouse-Lautrec,6,,CM0483,1565636.82370000,5185035.56250000,1.26978181,45.85222402
87085_5055_00007,rue Toulouse-Lautrec,7,,CM0435,1565645.01470000,5185028.81570000,1.26988914,45.85216493
87085_5055_00008,rue Toulouse-Lautrec,8,,CM0482,1565628.98870000,5185031.20650000,1.26968216,45.85218330
87085_5055_00009,rue Toulouse-Lautrec,9,,CM0436,1565634.11280000,5185022.58630000,1.26975054,45.85210676
87085_5055_00010,rue Toulouse-Lautrec,10,,CM0481,1565620.76220000,5185026.79550000,1.26957750,45.85214202
87085_5055_00011,rue Toulouse-Lautrec,11,,CM0437,1565624.79330000,5185017.54640000,1.26963198,45.85205960
87085_5055_00012,rue Toulouse-Lautrec,12,,CM0480,1565610.14900000,5185021.02490000,1.26944249,45.85208803
87085_5055_00013,rue Toulouse-Lautrec,13,,CM0438,1565617.28740000,5185013.29660000,1.26953654,45.85201991
87085_5055_00014,rue Toulouse-Lautrec,14,,CM0479,1565598.59210000,5185015.29120000,1.26929532,45.85203419
87085_5055_00015,rue Toulouse-Lautrec,15,,CM0439,1565608.79610000,5185009.13620000,1.26942840,45.85198082
87085_5055_00016,rue Toulouse-Lautrec,16,,CM0478,1565587.80880000,5185011.12920000,1.26915767,45.85199465
87085_5055_00017,rue Toulouse-Lautrec,17,,CM0440,1565598.26870000,5185004.22380000,1.26929425,45.85193457
87085_5055_00018,rue Toulouse-Lautrec,18,,CM0477,1565578.32450000,5185008.82270000,1.26903622,45.85197204
87085_5055_00019,rue Toulouse-Lautrec,19,,CM0441,1565586.84370000,5185000.53530000,1.26914821,45.85189916
87085_5055_00020,rue Toulouse-Lautrec,20,,CM0476,1565568.28670000,5185006.72490000,1.26890759,45.85195121
87085_5055_00021,rue Toulouse-Lautrec,21,,CM0442,1565579.29850000,5184998.59680000,1.26905162,45.85188025
87085_5055_00022,rue Toulouse-Lautrec,22,,CM0475,1565546.42790000,5185007.90550000,1.26862587,45.85195756
87085_5055_00023,rue Toulouse-Lautrec,23,,CM0443,1565570.36580000,5184997.10470000,1.26893705,45.85186508
87085_5055_00025,rue Toulouse-Lautrec,25,,CM0444,1565556.31190000,5184989.15730000,1.26875835,45.85179084
87085_5055_00026,rue Toulouse-Lautrec,26,,CM0732,1565534.06700000,5185006.02210000,1.26846727,45.85193820
87085_5055_00027,rue Toulouse-Lautrec,27,,CM0445,1565547.01100000,5184987.72310000,1.26863902,45.85177612
87085_5055_00028,rue Toulouse-Lautrec,28,,CM0473,1565513.02650000,5184996.85610000,1.26819899,45.85185163
87085_5055_00029,rue Toulouse-Lautrec,29,,CM0446,1565538.97970000,5184986.26850000,1.26853604,45.85176146
87085_5055_00030,rue Toulouse-Lautrec,30,,CM0472,1565503.22530000,5184995.41370000,1.26807322,45.85183673
87085_5055_00031,rue Toulouse-Lautrec,31,,CM0447,1565529.96340000,5184984.63540000,1.26842044,45.85174501
87085_5055_00032,rue Toulouse-Lautrec,32,,CM0471,1565495.22290000,5184994.01340000,1.26797059,45.85182257
87085_5055_00033,rue Toulouse-Lautrec,33,,CM0448,1565514.65110000,5184986.84830000,1.26822270,45.85176192
87085_5055_00034,rue Toulouse-Lautrec,34,,CM0470,1565486.59400000,5184992.84370000,1.26785984,45.85181036
87085_5055_00035,rue Toulouse-Lautrec,35,,CM0449,1565502.69600000,5184984.90570000,1.26806935,45.85174211
87085_5055_00036,rue Toulouse-Lautrec,36,,CM0469,1565477.37110000,5184990.80610000,1.26774169,45.85179023
87085_5055_00037,rue Toulouse-Lautrec,37,,CM0450,1565491.31820000,5184982.72000000,1.26792349,45.85172022
87085_5055_00038,rue Toulouse-Lautrec,38,,CM0468,1565465.75050000,5184988.94080000,1.26759262,45.85177117
87085_5055_00039,rue Toulouse-Lautrec,39,,CM0451,1565479.30340000,5184981.08970000,1.26776928,45.85170320
87085_5055_00040,rue Toulouse-Lautrec,40,,CM0467,1565454.74550000,5184987.09140000,1.26745147,45.85175238
87085_5055_00041,rue Toulouse-Lautrec,41,,CM0452,1565472.58530000,5184979.99220000,1.26768311,45.85169201
87085_5055_00042,rue Toulouse-Lautrec,42,,CM0466,1565447.03140000,5184985.50560000,1.26735261,45.85173661
87085_5055_00043,rue Toulouse-Lautrec,43,,CM0453,1565464.31900000,5184978.55640000,1.26757710,45.85167748
87085_5055_00044,rue Toulouse-Lautrec,44,,CM0465,1565438.52910000,5184982.89620000,1.26724389,45.85171147
87085_5055_00045,rue Toulouse-Lautrec,45,,CM0454,1565455.42870000,5184977.20880000,1.26746303,45.85166362
87085_5055_00046,rue Toulouse-Lautrec,46,,CM0464,1565430.10910000,5184979.14660000,1.26713655,45.85167609
87085_5055_00047,rue Toulouse-Lautrec,47,,CM0455,1565438.92070000,5184971.94250000,1.26725200,45.85161301
87085_5055_00048,rue Toulouse-Lautrec,48,,CM0463,1565420.97340000,5184974.34660000,1.26702029,45.85163113
87085_5055_00049,rue Toulouse-Lautrec,49,,CM0456,1565428.42280000,5184966.75020000,1.26711831,45.85156425
87085_5055_00050,rue Toulouse-Lautrec,50,,CM0462,1565412.62420000,5184968.64650000,1.26691441,45.85157822
87085_5055_00051,rue Toulouse-Lautrec,51,,CM0457,1565419.91600000,5184961.62470000,1.26701024,45.85151648
87085_5055_00052,rue Toulouse-Lautrec,52,,CM0461,1565405.50810000,5184962.80470000,1.26682444,45.85152427
87085_5055_00053,rue Toulouse-Lautrec,53,,CM0458,1565410.06910000,5184953.10590000,1.26688587,45.85143792
87085_5055_00054,rue Toulouse-Lautrec,54,,CM0460,1565399.15070000,5184957.37400000,1.26674412,45.85147418
87085_5055_00057,rue Toulouse-Lautrec,57,,CM0394,1565363.50780000,5184909.65260000,1.26629867,45.85103791
87085_5055_00060,rue Toulouse-Lautrec,60,,CM0782,1565355.39110000,5184919.51750000,1.26619142,45.85112507
87085_5055_00062,rue Toulouse-Lautrec,62,,CM0884,1565344.93560000,5184910.58590000,1.26605933,45.85104267
87085_5080_00001,rue Traversière du Clos Sainte Marie,1,,EP0255,1565672.14670000,5182372.81790000,1.27098075,45.82827791
87085_5080_00003,rue Traversière du Clos Sainte Marie,3,,EP0256,1565677.79410000,5182367.20460000,1.27105499,45.82822852
87085_5080_00005,rue Traversière du Clos Sainte Marie,5,,EP0257,1565681.88990000,5182362.83350000,1.27110891,45.82819000
87085_5080_00007,rue Traversière du Clos Sainte Marie,7,,EP0259,1565691.85580000,5182352.81420000,1.27123995,45.82810182
87085_5080_00009,rue Traversière du Clos Sainte Marie,9,,EP0260,1565697.77710000,5182346.89840000,1.27131779,45.82804976
87085_5080_00011,rue Traversière du Clos Sainte Marie,11,,EP0227,1565694.27060000,5182346.16650000,1.27127288,45.82804249
87085_5080_00017,rue Traversière du Clos Sainte Marie,17,,EP0231,1565665.88210000,5182334.33490000,1.27091089,45.82793051
87085_5080_00022,rue Traversière du Clos Sainte Marie,22,,EP0215,1565619.86620000,5182275.77990000,1.27033515,45.82739478
87085_5080_00026,rue Traversière du Clos Sainte Marie,26,,EP0209,1565635.92700000,5182262.92360000,1.27054540,45.82728227
87085_5080_00029,rue Traversière du Clos Sainte Marie,29,,EP0234,1565653.94020000,5182314.27920000,1.27076283,45.82774777
87085_5080_00033,rue Traversière du Clos Sainte Marie,33,,EP0316,1565640.19360000,5182291.36790000,1.27059235,45.82753898
87085_5080_00035,rue Traversière du Clos Sainte Marie,35,,EP0194,1565628.60960000,5182273.41270000,1.27044831,45.82737520
87085_5080_00036,rue Traversière du Clos Sainte Marie,36,,EP0208,1565642.72540000,5182257.46300000,1.27063440,45.82723448
87085_5080_00038,rue Traversière du Clos Sainte Marie,38,,EP0207,1565648.06840000,5182252.26910000,1.27070460,45.82718880
87085_5080_00041,rue Traversière du Clos Sainte Marie,41,,EP0415,1565649.88350000,5182254.90470000,1.27072722,45.82721286
87085_5080_00043,rue Traversière du Clos Sainte Marie,43,,EP0196,1565660.45870000,5182247.21130000,1.27086545,45.82714572
87085_5075_00001,rue Traversière du Verdurier,1,,DY0269,1564929.89530000,5182413.29280000,1.26141842,45.82849664
87085_5075_00001_bis,rue Traversière du Verdurier,1,bis,DY0270,1564924.99890000,5182406.95820000,1.26135719,45.82843870
87085_5075_00002,rue Traversière du Verdurier,2,,DY0265,1564933.66050000,5182422.99710000,1.26146414,45.82858468
87085_5075_00003,rue Traversière du Verdurier,3,,DY0271,1564922.01520000,5182402.20760000,1.26132013,45.82839538
87085_5075_00004,rue Traversière du Verdurier,4,,DY0268,1564927.86540000,5182416.10950000,1.26139151,45.82852158
87085_5075_00005,rue Traversière du Verdurier,5,,DY0272,1564917.67960000,5182398.61630000,1.26126535,45.82836222
87085_5120_00001,rue Turgot,1,,DX0027,1564699.61590000,5182773.38810000,1.25835394,45.83169065
87085_5120_00002,rue Turgot,2,,DX0372,1564673.99450000,5182809.33340000,1.25801411,45.83200896
87085_5120_00004,rue Turgot,4,,DX0372,1564671.11810000,5182798.93720000,1.25798003,45.83191487
87085_5120_00005,rue Turgot,5,,DX0031,1564684.94840000,5182770.46360000,1.25816601,45.83166145
87085_5120_00006,rue Turgot,6,,DX0372,1564664.75250000,5182789.61910000,1.25790073,45.83182980
87085_5120_00007,rue Turgot,7,,DX0031,1564675.64710000,5182768.18250000,1.25804696,45.83163910
87085_5120_00008,rue Turgot,8,,DX0025,1564658.38520000,5182779.55880000,1.25782163,45.83173804
87085_5120_00010,rue Turgot,10,,DX0024,1564649.47880000,5182773.57300000,1.25770870,45.83168245
87085_5120_00011,rue Turgot,11,,DX0031,1564653.11420000,5182763.67220000,1.25775827,45.83159410
87085_5120_00012,rue Turgot,12,,DX0024,1564638.19850000,5182771.18440000,1.25756422,45.83165874
87085_5120_00014,rue Turgot,14,,DX0023,1564628.18310000,5182769.20290000,1.25743589,45.83163894
87085_5120_00016,rue Turgot,16,,DX0022,1564618.21050000,5182766.76910000,1.25730825,45.83161509
87085_5120_00018,rue Turgot,18,,DX0022,1564610.27020000,5182765.38380000,1.25720646,45.83160106
87085_5120_00020,rue Turgot,20,,DX0022,1564604.25220000,5182767.00460000,1.25712856,45.83161446
87085_5120_00022,rue Turgot,22,,DX0330,1564595.04300000,5182767.81600000,1.25700983,45.83161994
87085_5120_00024,rue Turgot,24,,DX0329,1564591.35460000,5182764.72810000,1.25696323,45.83159144
87085_5120_00026,rue Turgot,26,,DX0328,1564582.23520000,5182758.61240000,1.25684760,45.83153463
87085_5120_00028,rue Turgot,28,,DX0327,1564575.37720000,5182757.11550000,1.25675978,45.83151981
87085_5120_00029,rue Turgot,29,,DX0208,1564550.64970000,5182739.59240000,1.25644651,45.83135731
87085_5120_00030,rue Turgot,30,,DX0496,1564557.45140000,5182753.42440000,1.25653014,45.83148308
87085_5120_00032,rue Turgot,32,,DX0496,1564549.22190000,5182751.89880000,1.25642467,45.83146774
87085_5120_00034,rue Turgot,34,,DX0496,1564542.55030000,5182750.41310000,1.25633924,45.83145306
87085_5120_00036,rue Turgot,36,,DX0303,1564537.98150000,5182749.23700000,1.25628078,45.83144158
87085_5120_00041,rue Turgot,41,,DX0519,1564464.65830000,5182720.40120000,1.25534536,45.83116774
87085_5120_00045,rue Turgot,45,,DX0544,1564443.83320000,5182716.52680000,1.25507847,45.83112878
87085_5120_00047,rue Turgot,47,,DX0515,1564429.44400000,5182713.45630000,1.25489418,45.83109832
87085_5120_00051,rue Turgot,51,,DX0515,1564410.27980000,5182708.24370000,1.25464904,45.83104765
87085_5120_00052,rue Turgot,52,,DX0525,1564465.05030000,5182733.89930000,1.25534660,45.83128924
87085_5120_00054,rue Turgot,54,,DX0271,1564458.66000000,5182732.58480000,1.25526474,45.83127615
87085_5120_00056,rue Turgot,56,,DX0271,1564445.47130000,5182729.74230000,1.25509583,45.83124798
87085_5120_00058,rue Turgot,58,,DX0490,1564440.06310000,5182728.67630000,1.25502653,45.83123733
87085_5120_00062,rue Turgot,62,,DX0490,1564422.86240000,5182725.11000000,1.25480620,45.83120186
87085_5165_00009,rue Vaucanson,9,,OE0012,1563655.35780000,5184787.83660000,1.24434463,45.84960547
87085_5165_00010,rue Vaucanson,10,,OD0152,1563653.07080000,5184800.30960000,1.24431165,45.84971722
87085_5165_00011,rue Vaucanson,11,,OE0011,1563643.63810000,5184788.80030000,1.24419350,45.84961182
87085_5165_00012,rue Vaucanson,12,,OD0153,1563644.71070000,5184801.17980000,1.24420379,45.84972339
87085_5165_00013,rue Vaucanson,13,,OE0010,1563631.44040000,5184789.84830000,1.24403618,45.84961883
87085_5165_00016,rue Vaucanson,16,,OD0154,1563626.90160000,5184802.97030000,1.24397403,45.84973597
87085_5165_00017,rue Vaucanson,17,,OE0009,1563619.57320000,5184790.81690000,1.24388315,45.84962519
87085_5165_00019,rue Vaucanson,19,,OE0008,1563605.77040000,5184792.23650000,1.24370507,45.84963522
87085_5165_00020,rue Vaucanson,20,,OD0155,1563611.93460000,5184804.50000000,1.24378094,45.84974676
87085_5165_00021,rue Vaucanson,21,,OE0007,1563590.02150000,5184794.13810000,1.24350180,45.84964920
87085_5165_00024,rue Vaucanson,24,,OD0156,1563597.20390000,5184806.36750000,1.24359079,45.84976063
87085_5165_00025,rue Vaucanson,25,,OE0006,1563577.26900000,5184795.54610000,1.24333725,45.84965933
87085_5165_00030,rue Vaucanson,30,,OD0158,1563577.31350000,5184816.94600000,1.24333175,45.84985185
87085_5165_00034,rue Vaucanson,34,,OD0159,1563569.82260000,5184831.11010000,1.24323130,45.84997777
87085_5165_00041,rue Vaucanson,41,,OD0008,1563539.24040000,5184864.51020000,1.24282814,45.85027216
87085_5165_00043,rue Vaucanson,43,,OD0009,1563534.45910000,5184873.23110000,1.24276412,45.85034966
87085_5165_00046,rue Vaucanson,46,,OD0271,1563539.79530000,5184889.69860000,1.24282813,45.85049885
87085_5165_00048,rue Vaucanson,48,,OD0136,1563533.54200000,5184900.81530000,1.24274447,45.85059761
87085_5165_00049,rue Vaucanson,49,,OD0012,1563519.06150000,5184899.85750000,1.24255834,45.85058612
87085_5165_00050,rue Vaucanson,50,,OD0135,1563526.58510000,5184913.04430000,1.24265145,45.85070623
87085_5165_00051,rue Vaucanson,51,,OD0013,1563514.05980000,5184908.43360000,1.24249152,45.85066227
87085_5165_00052,rue Vaucanson,52,,OD0134,1563522.87480000,5184919.11640000,1.24260196,45.85076012
87085_5165_00052_bis,rue Vaucanson,52,bis,OD0133,1563515.49360000,5184932.73140000,1.24250308,45.85088113
87085_5165_00053,rue Vaucanson,53,,OD0014,1563509.10000000,5184917.49900000,1.24242510,45.85074283
87085_5165_00054,rue Vaucanson,54,,OD0099,1563509.80350000,5184942.18920000,1.24242714,45.85096508
87085_5165_00055,rue Vaucanson,55,,OD0269,1563502.36060000,5184929.75790000,1.24233486,45.85085177
87085_5165_00056,rue Vaucanson,56,,OD0100,1563503.22630000,5184954.46290000,1.24233899,45.85107418
87085_5165_00057,rue Vaucanson,57,,OD0017,1563497.03510000,5184939.11750000,1.24226365,45.85093491
87085_5165_00058,rue Vaucanson,58,,OD0098,1563498.74640000,5184962.66310000,1.24227899,45.85114705
87085_5165_00059,rue Vaucanson,59,,OD0020,1563485.28950000,5184960.13880000,1.24210648,45.85112167
87085_5165_00060,rue Vaucanson,60,,OD0097,1563494.68530000,5184969.90270000,1.24222466,45.85121137
87085_5165_00061,rue Vaucanson,61,,OD0021,1563480.91650000,5184974.13600000,1.24204621,45.85124672
87085_5165_00063,rue Vaucanson,63,,OD0022,1563485.13840000,5184992.08190000,1.24209546,45.85140899
87085_5175_00001,rue Vélasquez,1,,CV0271,1565637.75910000,5184091.36720000,1.27005789,45.84373060
87085_5175_00002,rue Vélasquez,2,,CT0531,1565641.61270000,5184104.49970000,1.27010382,45.84384949
87085_5175_00003,rue Vélasquez,3,,CV0270,1565631.76120000,5184097.12330000,1.26997908,45.84378121
87085_5175_00005,rue Vélasquez,5,,CV0269,1565624.89970000,5184103.57720000,1.26988896,45.84383792
87085_5175_00006,rue Vélasquez,6,,CT0532,1565619.39050000,5184124.01350000,1.26981233,45.84402069
87085_5175_00007,rue Vélasquez,7,,CV0268,1565617.70450000,5184110.25520000,1.26979448,45.84389659
87085_5175_00008,rue Vélasquez,8,,CT0533,1565610.78910000,5184132.19220000,1.26969933,45.84409258
87085_5175_00009,rue Vélasquez,9,,CV0267,1565610.08060000,5184118.40170000,1.26969407,45.84396838
87085_5175_00010,rue Vélasquez,10,,CT0534,1565603.24350000,5184139.23820000,1.26960024,45.84415448
87085_5175_00011,rue Vélasquez,11,,CV0266,1565601.74470000,5184126.22550000,1.26958459,45.84403713
87085_5175_00012,rue Vélasquez,12,,CT0535,1565596.02210000,5184146.56980000,1.26950524,45.84421903
87085_5175_00013,rue Vélasquez,13,,CV0265,1565595.49870000,5184131.96310000,1.26950259,45.84408753
87085_5175_00014,rue Vélasquez,14,,CT0536,1565586.61300000,5184155.20580000,1.26938172,45.84429487
87085_5175_00015,rue Vélasquez,15,,CV0264,1565589.19240000,5184137.94170000,1.26941975,45.84414008
87085_5175_00016,rue Vélasquez,16,,CT0537,1565579.04200000,5184162.39460000,1.26928226,45.84435806
87085_5175_00017,rue Vélasquez,17,,CV0263,1565580.46350000,5184145.55270000,1.26930527,45.84420683
87085_5175_00018,rue Vélasquez,18,,CT0538,1565573.03510000,5184167.63310000,1.26920348,45.84440401
87085_5175_00019,rue Vélasquez,19,,CV0262,1565572.76930000,5184153.37320000,1.26920405,45.84427568
87085_5175_00020,rue Vélasquez,20,,CT0539,1565566.08550000,5184174.47320000,1.26911212,45.84446418
87085_5175_00021,rue Vélasquez,21,,CV0261,1565564.53010000,5184160.69520000,1.26909595,45.84433993
87085_5175_00022,rue Vélasquez,22,,CT0605,1565559.04060000,5184181.15170000,1.26901957,45.84452288
87085_5175_00023,rue Vélasquez,23,,CV0260,1565558.21830000,5184166.46950000,1.26901309,45.84439064
87085_5175_00024,rue Vélasquez,24,,CT0601,1565546.41560000,5184192.52750000,1.26885389,45.84462274
87085_5175_00025,rue Vélasquez,25,,CV0259,1565552.28370000,5184172.46970000,1.26893503,45.84444346
87085_5175_00026,rue Vélasquez,26,,CT0615,1565537.30300000,5184201.66800000,1.26873404,45.84470319
87085_5175_00027,rue Vélasquez,27,,CV0258,1565544.50330000,5184179.73250000,1.26883285,45.84450727
87085_5175_00028,rue Vélasquez,28,,CT0613,1565531.27800000,5184207.09660000,1.26865497,45.84475084
87085_5175_00029,rue Vélasquez,29,,CV0257,1565534.57840000,5184188.87030000,1.26870255,45.84458753
87085_5175_00031,rue Vélasquez,31,,CV0256,1565527.82870000,5184195.10140000,1.26861393,45.84464226
87085_5175_00033,rue Vélasquez,33,,CV0255,1565521.61100000,5184200.90110000,1.26853227,45.84469322
87085_5175_00034,rue Vélasquez,34,,CT0599,1565510.85160000,5184222.30550000,1.26838779,45.84488366
87085_5175_00035,rue Vélasquez,35,,CV0254,1565515.29100000,5184207.00210000,1.26844922,45.84474686
87085_5175_00036,rue Vélasquez,36,,CT0603,1565501.16130000,5184227.87090000,1.26826151,45.84493183
87085_5175_00037,rue Vélasquez,37,,CV0253,1565503.78560000,5184214.48550000,1.26829903,45.84481193
87085_5175_00038,rue Vélasquez,38,,CT0609,1565493.91450000,5184231.88960000,1.26816711,45.84496656
87085_5175_00039,rue Vélasquez,39,,CV0252,1565494.17890000,5184219.73330000,1.26817391,45.84485726
87085_5175_00040,rue Vélasquez,40,,CT0607,1565485.27630000,5184236.85180000,1.26805453,45.84500951
87085_5175_00041,rue Vélasquez,41,,CV0251,1565485.96850000,5184224.07890000,1.26806702,45.84489474
87085_5175_00042,rue Vélasquez,42,,CT0592,1565480.07840000,5184243.34770000,1.26798581,45.84506693
87085_5175_00043,rue Vélasquez,43,,CV0250,1565478.19670000,5184227.92430000,1.26796591,45.84492782
87085_5185_00001,rue Venassier,1,,CV0515,1565266.63440000,5183809.13850000,1.26536021,45.84111916
87085_5185_00002,rue Venassier,2,,CV0773,1565274.91170000,5183803.29820000,1.26546838,45.84106825
87085_5185_00003,rue Venassier,3,,CV0516,1565275.28950000,5183815.30090000,1.26546988,45.84117629
87085_5185_00004,rue Venassier,4,,CV0773,1565283.60100000,5183809.41700000,1.26557850,45.84112499
87085_5185_00005,rue Venassier,5,,CV0517,1565284.95740000,5183822.09510000,1.26559241,45.84123931
87085_5185_00006,rue Venassier,6,,CV0937,1565292.75600000,5183815.84880000,1.26569453,45.84118465
87085_5185_00007,rue Venassier,7,,CV1755,1565300.99780000,5183833.32710000,1.26579571,45.84134349
87085_5185_00008,rue Venassier,8,,CV0937,1565305.66930000,5183824.96310000,1.26585818,45.84126916
87085_5185_00009,rue Venassier,9,,CV1757,1565315.81780000,5183843.69580000,1.26598355,45.84143966
87085_5185_00010,rue Venassier,10,,CV0493,1565315.08160000,5183831.49920000,1.26597749,45.84132980
87085_5185_00011,rue Venassier,11,,CV1756,1565321.41060000,5183847.51990000,1.26605446,45.84147516
87085_5185_00012,rue Venassier,12,,CV0975,1565328.40090000,5183840.81010000,1.26614631,45.84141617
87085_5185_00013,rue Venassier,13,,CV0875,1565329.55610000,5183853.32980000,1.26615767,45.84152902
87085_5185_00014,rue Venassier,14,,CV0975,1565334.63790000,5183845.40900000,1.26622529,45.84145876
87085_5185_00015,rue Venassier,15,,CV0521,1565336.12360000,5183857.98610000,1.26624089,45.84157219
87085_5185_00017,rue Venassier,17,,CV0822,1565340.05400000,5183860.52060000,1.26629077,45.84159576
87085_5185_00018,rue Venassier,18,,CV1276,1565349.80960000,5183856.40150000,1.26641748,45.84156062
87085_5185_00019,rue Venassier,19,,CV0824,1565349.16970000,5183866.99200000,1.26640600,45.84165600
87085_5185_00020,rue Venassier,20,,CV1276,1565362.26970000,5183864.97610000,1.26657545,45.84164019
87085_5185_00021,rue Venassier,21,,CV0751,1565355.37630000,5183871.18510000,1.26648499,45.84169469
87085_5185_00022,rue Venassier,22,,CV1276,1565373.12050000,5183872.82390000,1.26671291,45.84171291
87085_5185_00023,rue Venassier,23,,CV0524,1565363.82640000,5183877.15910000,1.26659207,45.84175009
87085_5185_00025,rue Venassier,25,,CV0525,1565368.33520000,5183880.32220000,1.26664922,45.84177942
87085_5185_00026,rue Venassier,26,,CV1485,1565385.31660000,5183879.95770000,1.26686788,45.84177947
87085_5185_00027,rue Venassier,27,,CV0526,1565372.48100000,5183883.11170000,1.26670179,45.84180533
87085_5185_00029,rue Venassier,29,,CV0547,1565377.18620000,5183885.97340000,1.26676155,45.84183199
87085_5185_00029_bis,rue Venassier,29,bis,CV0527,1565383.10890000,5183888.63690000,1.26683704,45.84185711
87085_5185_00031,rue Venassier,31,,CV0528,1565391.28650000,5183891.67030000,1.26694144,45.84188600
87085_5185_00033,rue Venassier,33,,CV0529,1565396.71780000,5183893.72060000,1.26701077,45.84190551
87085_5185_00034,rue Venassier,34,,CV1653,1565447.27640000,5183899.69410000,1.26765982,45.84196914
87085_5185_00035,rue Venassier,35,,CV0530,1565402.53280000,5183895.60980000,1.26708508,45.84192364
87085_5185_00036,rue Venassier,36,,CV0433,1565458.69510000,5183902.90770000,1.26780589,45.84200028
87085_5185_00038,rue Venassier,38,,CV0432,1565466.44420000,5183904.90110000,1.26790507,45.84201973
87085_5185_00039,rue Venassier,39,,CV1651,1565452.10410000,5183907.27390000,1.26771984,45.84203827
87085_5185_00040,rue Venassier,40,,CV0431,1565473.12950000,5183906.82570000,1.26799057,45.84203835
87085_5185_00041,rue Venassier,41,,CV0386,1565467.04180000,5183911.53750000,1.26791090,45.84207954
87085_5185_00042,rue Venassier,42,,CV0913,1565478.86320000,5183908.34040000,1.26806395,45.84205310
87085_5185_00042_bis,rue Venassier,42,bis,CV0912,1565483.74270000,5183909.62230000,1.26812639,45.84206558
87085_5185_00044,rue Venassier,44,,CV0429,1565492.66700000,5183912.03400000,1.26824058,45.84208902
87085_5185_00044_bis,rue Venassier,44,bis,CV0428,1565501.40200000,5183914.57610000,1.26835229,45.84211360
87085_5185_00046,rue Venassier,46,,CV0426,1565513.96460000,5183918.05350000,1.26851301,45.84214734
87085_5185_00047,rue Venassier,47,,CV1352,1565523.22950000,5183933.54020000,1.26862792,45.84228846
87085_5185_00048,rue Venassier,48,,CV0425,1565521.67150000,5183920.19070000,1.26861161,45.84216807
87085_5185_00049,rue Venassier,49,,CV0412,1565538.19790000,5183937.56810000,1.26881945,45.84232762
87085_5185_00050,rue Venassier,50,,CV0422,1565531.03420000,5183922.63010000,1.26873143,45.84219185
87085_5185_00052,rue Venassier,52,,CV0421,1565537.01410000,5183924.32880000,1.26880792,45.84220830
87085_5185_00053,rue Venassier,53,,CV1595,1565562.50200000,5183944.19750000,1.26913041,45.84239201
87085_5185_00054,rue Venassier,54,,CV0420,1565545.25920000,5183926.65500000,1.26891339,45.84223083
87085_5185_00056,rue Venassier,56,,CV0419,1565559.62650000,5183930.55110000,1.26909722,45.84226869
87085_5185_00058,rue Venassier,58,,CV0418,1565570.36880000,5183933.37690000,1.26923469,45.84229621
87085_5185_00060,rue Venassier,60,,CV0415,1565579.48960000,5183935.98820000,1.26935135,45.84232148
87085_5195_00001,rue Ventenat,1,,HZ0137,1564230.70260000,5182108.15650000,1.25250766,45.82561409
87085_5195_00003,rue Ventenat,3,,HZ0130,1564220.70490000,5182100.55090000,1.25238117,45.82554370
87085_5195_00005,rue Ventenat,5,,HZ0129,1564213.34460000,5182095.04120000,1.25228802,45.82549269
87085_5195_00006,rue Ventenat,6,,HZ0146,1564200.91410000,5182101.40460000,1.25212628,45.82554748
87085_5195_00007,rue Ventenat,7,,HZ0128,1564206.15030000,5182089.53010000,1.25219701,45.82544169
87085_5195_00008,rue Ventenat,8,,HZ0148,1564193.66800000,5182095.67400000,1.25203466,45.82549450
87085_5195_00009,rue Ventenat,9,,HZ0128,1564200.88220000,5182085.51920000,1.25213036,45.82540457
87085_5195_00011,rue Ventenat,11,,HZ0128,1564195.31710000,5182081.25520000,1.25205995,45.82536512
87085_5195_00014,rue Ventenat,14,,HZ0149,1564171.21810000,5182078.74640000,1.25175058,45.82533779
87085_5195_00015,rue Ventenat,15,,HZ0128,1564189.76490000,5182076.64690000,1.25198982,45.82532257
87085_5195_00017,rue Ventenat,17,,HZ0128,1564182.75240000,5182071.36430000,1.25190108,45.82527366
87085_5195_00018,rue Ventenat,18,,HZ0150,1564150.92530000,5182063.18500000,1.25149388,45.82519380
87085_5195_00019,rue Ventenat,19,,HZ0127,1564174.36080000,5182065.18300000,1.25179485,45.82521640
87085_5195_00021,rue Ventenat,21,,HZ0126,1564165.75710000,5182058.50350000,1.25168604,45.82515461
87085_5200_00001,rue Verdi,1,,NS0051,1563751.35290000,5181270.11560000,1.24657734,45.81798065
87085_5200_00003,rue Verdi,3,,NS0051,1563749.52430000,5181232.21100000,1.24656455,45.81763931
87085_3952_00005,rue Verlaine,5,,BH0565,1563390.39270000,5183642.16200000,1.24125959,45.83924692
87085_3952_00006,rue Verlaine,6,,BH0587,1563378.34290000,5183640.61100000,1.24110495,45.83923058
87085_3952_00007,rue Verlaine,7,,BH0566,1563382.89270000,5183632.26370000,1.24116588,45.83915639
87085_3952_00008,rue Verlaine,8,,BH0586,1563371.71970000,5183632.02740000,1.24102215,45.83915205
87085_3952_00009,rue Verlaine,9,,BH0567,1563376.37150000,5183623.68920000,1.24108439,45.83907797
87085_3952_00011,rue Verlaine,11,,BH0568,1563371.86140000,5183616.78110000,1.24102831,45.83901493
87085_3952_00013,rue Verlaine,13,,BH0569,1563363.81910000,5183606.23630000,1.24092780,45.83891847
87085_3952_00014,rue Verlaine,14,,BH0580,1563344.40770000,5183608.09820000,1.24067745,45.83893136
87085_3952_00016,rue Verlaine,16,,BH0581,1563334.95800000,5183614.20460000,1.24055409,45.83898442
87085_3952_00018,rue Verlaine,18,,BH0582,1563327.46860000,5183618.79710000,1.24045640,45.83902424
87085_3952_00020,rue Verlaine,20,,BH0583,1563312.88690000,5183628.34570000,1.24026602,45.83910724
87085_3952_00023,rue Verlaine,23,,BH0578,1563316.60740000,5183615.15650000,1.24031765,45.83898933
87085_3952_00025,rue Verlaine,25,,BH0577,1563309.32800000,5183619.67350000,1.24022268,45.83902852
87085_3952_00028,rue Verlaine,28,,BH0607,1563248.21500000,5183676.80880000,1.23941990,45.83953033
87085_3952_00030,rue Verlaine,30,,BH0608,1563239.92820000,5183683.54040000,1.23931133,45.83958924
87085_3952_00032,rue Verlaine,32,,BH0609,1563229.60320000,5183691.58670000,1.23917616,45.83965956
87085_3952_00034,rue Verlaine,34,,BH0610,1563220.82790000,5183698.17340000,1.23906135,45.83971707
87085_3952_00035,rue Verlaine,35,,BH0637,1563246.80110000,5183665.08100000,1.23940504,45.83942455
87085_3952_00035_bis,rue Verlaine,35,bis,BH0637,1563254.58340000,5183659.48500000,1.23950679,45.83937576
87085_3952_00037,rue Verlaine,37,,BH0636,1563233.77700000,5183676.06800000,1.23923429,45.83952079
87085_3952_00041,rue Verlaine,41,,BH0635,1563217.69760000,5183688.23110000,1.23902389,45.83962701
87085_3952_00043,rue Verlaine,43,,BH0634,1563208.71730000,5183694.79850000,1.23890644,45.83968430
87085_3952_00045,rue Verlaine,45,,BH0615,1563192.32580000,5183707.87210000,1.23869176,45.83979864
87085_3952_00047,rue Verlaine,47,,BH0616,1563182.98960000,5183715.81120000,1.23856934,45.83986820
87085_3952_00049,rue Verlaine,49,,BH0617,1563173.94960000,5183723.11230000,1.23845092,45.83993208
87085_5248_00005,rue Victor Basch,5,,MD0184,1565463.93580000,5187614.66480000,1.26683362,45.87539071
87085_5248_00007,rue Victor Basch,7,,MD0184,1565471.30070000,5187622.22130000,1.26692635,45.87546013
87085_5248_00008,rue Victor Basch,8,,MD0184,1565481.45870000,5187614.00060000,1.26705948,45.87538817
87085_5248_00009,rue Victor Basch,9,,MD0184,1565477.85150000,5187632.28850000,1.26700790,45.87555197
87085_5248_00010,rue Victor Basch,10,,MD0184,1565488.81270000,5187620.20090000,1.26715245,45.87544538
87085_5248_00011,rue Victor Basch,11,,MD0184,1565484.25280000,5187636.82720000,1.26708906,45.87559405
87085_5248_00012,rue Victor Basch,12,,MD0184,1565497.54920000,5187629.62420000,1.26726232,45.87553186
87085_5248_00014,rue Victor Basch,14,,MD0184,1565503.75460000,5187635.72950000,1.26734052,45.87558799
87085_5248_00015,rue Victor Basch,15,,MD0184,1565491.54070000,5187647.72310000,1.26717987,45.87569349
87085_5248_00016,rue Victor Basch,16,,MD0184,1565512.79990000,5187644.62880000,1.26745452,45.87566982
87085_5248_00017,rue Victor Basch,17,,MD0184,1565499.93790000,5187653.91480000,1.26728628,45.87575083
87085_5248_00018,rue Victor Basch,18,,MD0184,1565520.14880000,5187650.20300000,1.26754760,45.87572140
87085_5248_00019,rue Victor Basch,19,,MD0184,1565506.78370000,5187661.78870000,1.26737223,45.87582300
87085_5248_00020,rue Victor Basch,20,,MD0184,1565528.03450000,5187657.65100000,1.26764707,45.87578994
87085_5248_00021,rue Victor Basch,21,,MD0184,1565514.75770000,5187667.25350000,1.26747340,45.87587372
87085_5248_00022,rue Victor Basch,22,,MD0184,1565535.70140000,5187663.84870000,1.26774407,45.87584719
87085_5248_00023,rue Victor Basch,23,,MD0184,1565526.08380000,5187674.36040000,1.26761727,45.87593987
87085_5248_00024,rue Victor Basch,24,,MD0184,1565544.73140000,5187670.87000000,1.26785840,45.87591212
87085_5248_00025,rue Victor Basch,25,,MD0184,1565532.06780000,5187678.90260000,1.26769306,45.87598190
87085_5248_00026,rue Victor Basch,26,,MD0184,1565551.14210000,5187676.55630000,1.26793937,45.87596453
87085_5248_00027,rue Victor Basch,27,,MD0184,1565547.47800000,5187687.85430000,1.26788902,45.87606544
87085_5248_00028,rue Victor Basch,28,,MD0184,1565561.51560000,5187682.00170000,1.26807144,45.87601554
87085_5248_00029,rue Victor Basch,29,,MD0184,1565552.32970000,5187694.28350000,1.26794970,45.87612423
87085_5248_00030,rue Victor Basch,30,,MD0184,1565570.42940000,5187687.56320000,1.26818468,45.87606731
87085_5248_00032,rue Victor Basch,32,,MD0184,1565581.74010000,5187692.79220000,1.26832888,45.87611656
87085_5248_00034,rue Victor Basch,34,,MD0184,1565589.08310000,5187697.63630000,1.26842209,45.87616158
87085_5248_00035,rue Victor Basch,35,,MD0184,1565634.26270000,5187736.39440000,1.26899310,45.87651906
87085_5248_00036,rue Victor Basch,36,,MD0184,1565598.40820000,5187702.46420000,1.26854084,45.87620683
87085_5248_00037,rue Victor Basch,37,,MD0184,1565641.08140000,5187740.92960000,1.26907964,45.87656119
87085_5248_00038,rue Victor Basch,38,,MD0184,1565606.58490000,5187707.19700000,1.26864482,45.87625100
87085_5248_00039,rue Victor Basch,39,,MD0184,1565651.33790000,5187757.64410000,1.26920706,45.87671355
87085_5248_00040,rue Victor Basch,40,,MD0184,1565618.62930000,5187712.83740000,1.26879835,45.87630410
87085_5248_00041,rue Victor Basch,41,,MD0184,1565653.10060000,5187769.10670000,1.26922655,45.87681701
87085_5248_00042,rue Victor Basch,42,,MD0184,1565626.06300000,5187716.01140000,1.26889320,45.87633410
87085_5248_00043,rue Victor Basch,43,,MD0184,1565648.76050000,5187787.08760000,1.26916562,45.87697791
87085_5248_00044,rue Victor Basch,44,,MD0184,1565637.69780000,5187722.59420000,1.26904120,45.87639559
87085_5248_00045,rue Victor Basch,45,,MD0184,1565643.39740000,5187794.74760000,1.26909441,45.87704577
87085_5248_00046,rue Victor Basch,46,,MD0184,1565645.14410000,5187727.33300000,1.26913577,45.87643968
87085_5248_00048,rue Victor Basch,48,,MD0184,1565651.67020000,5187734.37470000,1.26921785,45.87650430
87085_5248_00050,rue Victor Basch,50,,MD0184,1565656.00030000,5187740.80820000,1.26927181,45.87656302
87085_5248_00051,rue Victor Basch,51,,MD0184,1565603.19720000,5187816.56780000,1.26857056,45.87723419
87085_5248_00052,rue Victor Basch,52,,MD0184,1565663.82080000,5187753.05610000,1.26936910,45.87667472
87085_5248_00053,rue Victor Basch,53,,MD0184,1565598.94930000,5187807.42080000,1.26851842,45.87715108
87085_5248_00054,rue Victor Basch,54,,MD0184,1565664.42060000,5187762.65010000,1.26937414,45.87676114
87085_5248_00055,rue Victor Basch,55,,MD0184,1565593.95680000,5187796.50620000,1.26845717,45.87705192
87085_5248_00056,rue Victor Basch,56,,MD0184,1565663.76580000,5187771.94120000,1.26936311,45.87684459
87085_5248_00057,rue Victor Basch,57,,MD0184,1565590.44000000,5187787.45770000,1.26841442,45.87696984
87085_5248_00058,rue Victor Basch,58,,MD0184,1565662.37990000,5187781.13400000,1.26934269,45.87692702
87085_5248_00060,rue Victor Basch,60,,MD0184,1565657.65810000,5187790.66680000,1.26927921,45.87701185
87085_5248_00062,rue Victor Basch,62,,MD0184,1565654.07030000,5187798.52110000,1.26923080,45.87708180
87085_5248_00064,rue Victor Basch,64,,MD0184,1565649.25680000,5187809.61980000,1.26916571,45.87718070
87085_5248_00066,rue Victor Basch,66,,MD0184,1565644.30850000,5187816.96350000,1.26909992,45.87724579
87085_5248_00068,rue Victor Basch,68,,MD0184,1565638.97010000,5187827.64920000,1.26902818,45.87734087
87085_5248_00070,rue Victor Basch,70,,MD0184,1565634.54850000,5187835.61460000,1.26896900,45.87741166
87085_5248_00072,rue Victor Basch,72,,MD0184,1565627.53140000,5187845.16620000,1.26887595,45.87749621
87085_5248_00074,rue Victor Basch,74,,MD0184,1565622.91130000,5187854.38530000,1.26881387,45.87757824
87085_5248_00076,rue Victor Basch,76,,MD0184,1565617.87560000,5187863.81640000,1.26874638,45.87766209
87085_5248_00078,rue Victor Basch,78,,MD0184,1565613.98250000,5187872.61220000,1.26869377,45.87774045
87085_5248_00080,rue Victor Basch,80,,MD0184,1565609.47010000,5187882.24780000,1.26863296,45.87782625
87085_5248_00082,rue Victor Basch,82,,MD0184,1565605.26830000,5187891.56780000,1.26857624,45.87790926
87085_5248_00084,rue Victor Basch,84,,MD0184,1565602.95870000,5187902.64610000,1.26854339,45.87800847
87085_5248_00086,rue Victor Basch,86,,MD0184,1565599.27160000,5187911.12710000,1.26849353,45.87808404
87085_5248_00088,rue Victor Basch,88,,MD0184,1565596.54650000,5187922.41750000,1.26845527,45.87818507
87085_5248_00090,rue Victor Basch,90,,MD0184,1565593.59140000,5187931.10140000,1.26841478,45.87826261
87085_5248_00096,rue Victor Basch,96,,MD0184,1565607.43510000,5187850.12910000,1.26861575,45.87753692
87085_5248_00098,rue Victor Basch,98,,MD0184,1565606.57410000,5187846.90170000,1.26860556,45.87750772
87085_5248_00100,rue Victor Basch,100,,MD0184,1565598.03100000,5187835.59870000,1.26849870,45.87740438
87085_5248_00102,rue Victor Basch,102,,MD0184,1565593.37080000,5187827.08120000,1.26844107,45.87732684
87085_5248_00104,rue Victor Basch,104,,MD0184,1565587.67860000,5187819.92830000,1.26836976,45.87726139
87085_5248_00106,rue Victor Basch,106,,MD0184,1565584.88540000,5187810.03930000,1.26833656,45.87717188
87085_5248_00108,rue Victor Basch,108,,MD0184,1565579.55510000,5187796.10180000,1.26827181,45.87704546
87085_5248_00110,rue Victor Basch,110,,MD0184,1565578.27180000,5187792.25180000,1.26825636,45.87701058
87085_5248_00112,rue Victor Basch,112,,MD0184,1565574.01210000,5187781.64430000,1.26820447,45.87691433
87085_5248_00114,rue Victor Basch,114,,MD0184,1565571.21040000,5187770.71190000,1.26817145,45.87681544
87085_5248_00116,rue Victor Basch,116,,MD0184,1565568.95240000,5187762.48780000,1.26814467,45.87674101
87085_5248_00118,rue Victor Basch,118,,MD0184,1565566.76400000,5187749.98540000,1.26811999,45.87662812
87085_5248_00120,rue Victor Basch,120,,MD0184,1565564.57050000,5187736.85700000,1.26809542,45.87650959
87085_5248_00122,rue Victor Basch,122,,MD0184,1565564.54500000,5187733.72720000,1.26809597,45.87648143
87085_5248_00124,rue Victor Basch,124,,MD0184,1565562.82130000,5187714.23050000,1.26807923,45.87630571
87085_5248_00126,rue Victor Basch,126,,MD0184,1565562.48110000,5187710.89460000,1.26807578,45.87627564
87085_5245_00004,rue Victor Chabot,4,,AZ0115,1563761.72190000,5182954.19060000,1.24623360,45.83313191
87085_5245_00005,rue Victor Chabot,5,,DI0005,1563781.46120000,5182964.87940000,1.24648459,45.83323197
87085_5245_00006,rue Victor Chabot,6,,AZ0116,1563757.04720000,5182942.86350000,1.24617666,45.83302909
87085_5245_00007,rue Victor Chabot,7,,DI0008,1563777.66320000,5182954.90090000,1.24643854,45.83314146
87085_5245_00008,rue Victor Chabot,8,,AZ0117,1563753.07590000,5182932.82650000,1.24612840,45.83293802
87085_5245_00009,rue Victor Chabot,9,,DI0009,1563772.33950000,5182941.57950000,1.24637381,45.83302057
87085_5245_00010,rue Victor Chabot,10,,AZ0118,1563749.55560000,5182923.72180000,1.24608567,45.83285542
87085_5245_00011,rue Victor Chabot,11,,DI0221,1563768.09090000,5182930.80700000,1.24632219,45.83292282
87085_5245_00011_bis,rue Victor Chabot,11,bis,DI0221,1563764.61590000,5182921.50720000,1.24628011,45.83283848
87085_5245_00012,rue Victor Chabot,12,,AZ0139,1563735.44450000,5182886.61720000,1.24591460,45.83251884
87085_5245_00013,rue Victor Chabot,13,,DI0022,1563760.26390000,5182910.34240000,1.24622727,45.83273718
87085_5245_00014,rue Victor Chabot,14,,AZ0138,1563730.25730000,5182873.39600000,1.24585160,45.83239888
87085_5245_00015,rue Victor Chabot,15,,DI0023,1563755.27730000,5182897.55380000,1.24616672,45.83262115
87085_5245_00016,rue Victor Chabot,16,,AZ0137,1563724.54320000,5182858.96370000,1.24578216,45.83226793
87085_5245_00017,rue Victor Chabot,17,,DI0025,1563749.72800000,5182883.19010000,1.24609938,45.83249085
87085_5245_00019,rue Victor Chabot,19,,DI0027,1563746.47970000,5182875.29710000,1.24605982,45.83241920
87085_5245_00020,rue Victor Chabot,20,,AZ0136,1563718.62470000,5182843.84530000,1.24571028,45.83213075
87085_5245_00021,rue Victor Chabot,21,,DI0028,1563744.07630000,5182868.89540000,1.24603070,45.83236114
87085_5245_00022,rue Victor Chabot,22,,AZ0512,1563715.36340000,5182835.61040000,1.24567065,45.83205603
87085_5245_00023,rue Victor Chabot,23,,DI0029,1563741.05770000,5182860.84550000,1.24599414,45.83228813
87085_5245_00024,rue Victor Chabot,24,,AZ0140,1563712.33730000,5182827.99270000,1.24563387,45.83198691
87085_5245_00025,rue Victor Chabot,25,,DI0030,1563738.73980000,5182855.23780000,1.24596590,45.83223722
87085_5245_00026,rue Victor Chabot,26,,AZ0141,1563705.89730000,5182811.95480000,1.24555554,45.83184136
87085_5245_00028,rue Victor Chabot,28,,AZ0145,1563702.49390000,5182803.08010000,1.24551426,45.83176085
87085_5245_00030,rue Victor Chabot,30,,AZ0147,1563698.48680000,5182793.53240000,1.24546540,45.83167417
87085_5245_00031,rue Victor Chabot,31,,DI0188,1563718.24130000,5182802.71190000,1.24571701,45.83176066
87085_5245_00032,rue Victor Chabot,32,,AZ0148,1563694.16350000,5182782.04960000,1.24541303,45.83157002
87085_5245_00033,rue Victor Chabot,33,,DI0187,1563716.04080000,5182796.72360000,1.24569039,45.83170636
87085_5245_00035,rue Victor Chabot,35,,DI0162,1563709.80650000,5182780.52550000,1.24561476,45.83155941
87085_5245_00036,rue Victor Chabot,36,,AZ0151,1563680.33390000,5182746.51040000,1.24524514,45.83124758
87085_5245_00038,rue Victor Chabot,38,,AZ0152,1563671.87920000,5182724.78930000,1.24514250,45.83105052
87085_5245_00039,rue Victor Chabot,39,,DI0161,1563696.34970000,5182745.33170000,1.24545157,45.83124016
87085_5245_00041,rue Victor Chabot,41,,DI0160,1563694.12170000,5182739.86270000,1.24542445,45.83119052
87085_5245_00043,rue Victor Chabot,43,,DI0159,1563691.14220000,5182732.59080000,1.24538817,45.83112451
87085_5245_00045,rue Victor Chabot,45,,DI0158,1563687.69830000,5182723.29810000,1.24534649,45.83104024
87085_5250_00005,rue Victor Cousin,5,,CN0508,1565932.09620000,5184577.39190000,1.27371074,45.84816014
87085_5250_00006,rue Victor Cousin,6,,CN0456,1565932.75370000,5184593.34910000,1.27371475,45.84830382
87085_5250_00008,rue Victor Cousin,8,,CN0755,1565922.59930000,5184600.86630000,1.27358195,45.84836946
87085_5250_00009,rue Victor Cousin,9,,CN0385,1565913.40200000,5184590.23090000,1.27346653,45.84827199
87085_5250_00010,rue Victor Cousin,10,,CN0369,1565913.32000000,5184606.79960000,1.27346085,45.84842102
87085_5250_00011,rue Victor Cousin,11,,CN0386,1565903.26050000,5184597.09300000,1.27333407,45.84833174
87085_5250_00012,rue Victor Cousin,12,,CN0368,1565902.80180000,5184614.37070000,1.27332334,45.84848708
87085_5250_00013,rue Victor Cousin,13,,CN0717,1565892.63050000,5184604.87940000,1.27319506,45.84839971
87085_5250_00014,rue Victor Cousin,14,,CN0367,1565892.63740000,5184621.01310000,1.27319065,45.84854485
87085_5250_00015,rue Victor Cousin,15,,CN0390,1565882.60860000,5184612.14040000,1.27306403,45.84846308
87085_5250_00016,rue Victor Cousin,16,,CN0366,1565883.80380000,5184627.28620000,1.27307519,45.84859956
87085_5250_00017,rue Victor Cousin,17,,CN0394,1565874.54240000,5184617.71580000,1.27295864,45.84851166
87085_5250_00018,rue Victor Cousin,18,,CN0365,1565872.34750000,5184635.45560000,1.27292544,45.84867081
87085_5250_00019,rue Victor Cousin,19,,CN0395,1565865.46500000,5184624.10280000,1.27284001,45.84856734
87085_5250_00020,rue Victor Cousin,20,,CN0364,1565864.10180000,5184641.18520000,1.27281770,45.84872074
87085_5250_00021,rue Victor Cousin,21,,CN0397,1565855.05930000,5184631.33970000,1.27270405,45.84863041
87085_5250_00022,rue Victor Cousin,22,,CN0783,1565856.13130000,5184647.31320000,1.27271339,45.84877431
87085_5250_00023,rue Victor Cousin,23,,CN0398,1565843.66350000,5184639.47270000,1.27255509,45.84870135
87085_5250_00024,rue Victor Cousin,24,,CN0782,1565846.36820000,5184653.66320000,1.27258594,45.84882953
87085_5250_00026,rue Victor Cousin,26,,CN0362,1565839.10020000,5184658.94650000,1.27249091,45.84887564
87085_5250_00027,rue Victor Cousin,27,,CN0582,1565825.31740000,5184652.27350000,1.27231536,45.84881292
87085_5250_00028,rue Victor Cousin,28,,CN0361,1565832.94140000,5184662.93210000,1.27241052,45.84891029
87085_5250_00029,rue Victor Cousin,29,,CN0762,1565816.02730000,5184658.71110000,1.27219397,45.84886902
87085_5250_00030,rue Victor Cousin,30,,CN0360,1565826.13030000,5184667.58560000,1.27232154,45.84895082
87085_5250_00031,rue Victor Cousin,31,,CN0401,1565798.79550000,5184670.93250000,1.27196874,45.84897559
87085_5250_00032,rue Victor Cousin,32,,CN0359,1565815.81100000,5184674.95760000,1.27218665,45.84901512
87085_5250_00034,rue Victor Cousin,34,,CN0358,1565806.06840000,5184681.67640000,1.27205936,45.84907366
87085_5250_00036,rue Victor Cousin,36,,CN0357,1565796.69300000,5184688.50160000,1.27193677,45.84913323
87085_5250_00038,rue Victor Cousin,38,,CN0356,1565787.04730000,5184694.89290000,1.27181082,45.84918884
87085_5255_00001,rue Victor Duruy,1,,EM0407,1565902.59760000,5182831.48610000,1.27381817,45.83244889
87085_5255_00008,rue Victor Duruy,8,,EM0381,1565804.09480000,5182670.73250000,1.27259545,45.83098360
87085_5255_00014,rue Victor Duruy,14,,EM0385,1565851.06860000,5182698.19240000,1.27319226,45.83123978
87085_5255_00016,rue Victor Duruy,16,,EM0130,1565864.24490000,5182709.14620000,1.27335876,45.83134089
87085_5255_00018,rue Victor Duruy,18,,EM0130,1565880.68480000,5182721.26180000,1.27356693,45.83145308
87085_5255_00020,rue Victor Duruy,20,,EM0130,1565896.55630000,5182686.16350000,1.27378096,45.83114045
87085_5255_00022,rue Victor Duruy,22,,EM0130,1565904.65960000,5182691.01460000,1.27388389,45.83118567
87085_5255_00022_bis,rue Victor Duruy,22,bis,EM0247,1565890.84580000,5182728.90340000,1.27369556,45.83152381
87085_5255_00024,rue Victor Duruy,24,,EM0354,1565906.24710000,5182740.23370000,1.27389059,45.83162873
87085_5255_00030,rue Victor Duruy,30,,EM0354,1565926.64850000,5182755.15960000,1.27414896,45.83176698
87085_5255_00034,rue Victor Duruy,34,,EM0355,1565936.86820000,5182773.42820000,1.27427537,45.83193331
87085_5265_00001,rue Victorien Sardou,1,,IV0114,1563157.67460000,5182011.87290000,1.23872855,45.82453532
87085_5265_00002,rue Victorien Sardou,2,,IV0029,1563152.94580000,5182028.49540000,1.23866298,45.82468391
87085_5265_00003,rue Victorien Sardou,3,,IV0113,1563150.28310000,5181999.92940000,1.23863685,45.82442641
87085_5265_00004,rue Victorien Sardou,4,,IV0030,1563146.28440000,5182017.47800000,1.23858041,45.82458348
87085_5265_00006,rue Victorien Sardou,6,,IV0031,1563141.65110000,5182009.88040000,1.23852295,45.82451421
87085_5265_00007,rue Victorien Sardou,7,,IV0111,1563140.35250000,5181982.94470000,1.23851391,45.82427165
87085_5265_00008,rue Victorien Sardou,8,,IV0032,1563134.09080000,5181996.83110000,1.23842939,45.82439532
87085_5265_00009,rue Victorien Sardou,9,,IV0108,1563135.31230000,5181974.05700000,1.23845159,45.82419070
87085_5265_00010,rue Victorien Sardou,10,,IV0033,1563129.20940000,5181988.59580000,1.23836893,45.82432027
87085_5265_00011,rue Victorien Sardou,11,,IV0123,1563116.72620000,5181943.38190000,1.23822118,45.82391106
87085_5265_00012,rue Victorien Sardou,12,,IV0760,1563123.44190000,5181978.94980000,1.23829747,45.82423235
87085_5265_00013,rue Victorien Sardou,13,,IV0124,1563107.61970000,5181928.21740000,1.23810833,45.82377284
87085_5265_00014,rue Victorien Sardou,14,,IV0035,1563119.80860000,5181972.67850000,1.23825250,45.82417521
87085_5265_00015,rue Victorien Sardou,15,,IV0125,1563100.16020000,5181915.84020000,1.23801588,45.82366001
87085_5265_00017,rue Victorien Sardou,17,,IV0126,1563086.05080000,5181892.58660000,1.23784096,45.82344802
87085_5265_00020,rue Victorien Sardou,20,,IV0105,1563095.07500000,5181931.89850000,1.23794588,45.82380345
87085_5265_00021,rue Victorien Sardou,21,,IV0132,1563073.31930000,5181871.23850000,1.23768323,45.82325345
87085_5265_00022,rue Victorien Sardou,22,,IV0104,1563090.48780000,5181924.43750000,1.23788898,45.82373542
87085_5265_00023,rue Victorien Sardou,23,,IV0133,1563067.09620000,5181860.75450000,1.23760615,45.82315790
87085_5265_00029,rue Victorien Sardou,29,,IV0185,1563037.67110000,5181812.59010000,1.23724127,45.82271878
87085_5265_00030,rue Victorien Sardou,30,,IV0196,1563059.71780000,5181873.67350000,1.23750754,45.82327265
87085_5265_00031,rue Victorien Sardou,31,,IV0184,1563030.38810000,5181800.78310000,1.23715093,45.82261112
87085_5265_00032,rue Victorien Sardou,32,,IV0195,1563051.90990000,5181860.58510000,1.23741080,45.82315336
87085_5265_00033,rue Victorien Sardou,33,,IV0672,1563023.91570000,5181781.23570000,1.23707322,45.82243399
87085_5265_00035,rue Victorien Sardou,35,,IV0672,1563052.94580000,5181774.12010000,1.23744876,45.82237576
87085_5265_00040,rue Victorien Sardou,40,,IV0325,1563026.57980000,5181817.77030000,1.23709710,45.82276317
87085_5265_00042,rue Victorien Sardou,42,,IV0188,1563021.50810000,5181809.83910000,1.23703410,45.82269081
87085_5265_00044,rue Victorien Sardou,44,,IV0189,1563015.16630000,5181799.10090000,1.23695556,45.82259296
87085_5265_00046,rue Victorien Sardou,46,,IV0335,1562992.21220000,5181785.30980000,1.23666416,45.82246433
87085_5265_00048,rue Victorien Sardou,48,,IV0335,1562978.52270000,5181788.94090000,1.23648700,45.82249426
87085_5265_00049,rue Victorien Sardou,49,,IV0749,1562941.43450000,5181625.50270000,1.23605639,45.82101666
87085_5265_00050,rue Victorien Sardou,50,,IV0334,1562965.07720000,5181792.04330000,1.23631312,45.82251949
87085_5265_00051,rue Victorien Sardou,51,,IV0733,1562929.52840000,5181605.25960000,1.23590898,45.82083219
87085_5265_00052,rue Victorien Sardou,52,,IV0334,1562949.85240000,5181796.02350000,1.23611610,45.82255226
87085_5265_00053,rue Victorien Sardou,53,,IV0551,1562913.86640000,5181585.54710000,1.23571310,45.82065174
87085_5265_00058,rue Victorien Sardou,58,,IV0395,1562959.25460000,5181707.14880000,1.23626240,45.82175466
87085_5265_00069,rue Victorien Sardou,69,,IV0703,1562872.56250000,5181551.21160000,1.23519148,45.82033464
87085_5265_00072,rue Victorien Sardou,72,,IV0412,1562931.46990000,5181642.33050000,1.23592339,45.82116605
87085_5265_00079,rue Victorien Sardou,79,,IV0817,1562902.23820000,5181572.69670000,1.23556715,45.82053383
87085_5265_00080,rue Victorien Sardou,80,,IV0741,1562913.07160000,5181604.53110000,1.23569746,45.82082235
87085_5265_00086,rue Victorien Sardou,86,,IV0638,1562878.91570000,5181569.96670000,1.23526787,45.82050462
87085_5265_00090,rue Victorien Sardou,90,,IV0639,1562858.23960000,5181557.22870000,1.23500549,45.82038591
87085_5265_00093,rue Victorien Sardou,93,,IV0642,1562798.93740000,5181513.85980000,1.23425491,45.81998396
87085_5265_00095,rue Victorien Sardou,95,,IV0643,1562794.78810000,5181508.24560000,1.23420312,45.81993263
87085_5267_00001,rue Victor Schoelcher,1,,NL0016,1562042.67090000,5181001.38670000,1.22467213,45.81522274
87085_5267_00003,rue Victor Schoelcher,3,,NL0016,1562076.22030000,5180973.44770000,1.22511174,45.81497814
87085_5267_00005,rue Victor Schoelcher,5,,NL0016,1562114.68710000,5180939.65250000,1.22561628,45.81468185
87085_5267_00006,rue Victor Schoelcher,6,,NL0020,1562062.85610000,5180940.14360000,1.22494937,45.81467587
87085_5267_00008,rue Victor Schoelcher,8,,NL0027,1562094.66350000,5180905.94120000,1.22536835,45.81437458
87085_5275_00001,rue Victor Thuillat,1,,CX0152,1564673.59470000,5183761.95930000,1.25774077,45.84057830
87085_5275_00002,rue Victor Thuillat,2,,CX0148,1564678.44650000,5183788.31750000,1.25779580,45.84081636
87085_5275_00003,rue Victor Thuillat,3,,CX0151,1564672.26220000,5183766.91820000,1.25772223,45.84062265
87085_5275_00005,rue Victor Thuillat,5,,CX0150,1564671.70090000,5183777.99150000,1.25771188,45.84072215
87085_5275_00006,rue Victor Thuillat,6,,CX0259,1564673.85880000,5183807.87340000,1.25773124,45.84099138
87085_5275_00007,rue Victor Thuillat,7,,CX0274,1564667.25230000,5183787.56570000,1.25765193,45.84080740
87085_5275_00008,rue Victor Thuillat,8,,CX0260,1564672.57230000,5183813.20350000,1.25771318,45.84103907
87085_5275_00009,rue Victor Thuillat,9,,CX0161,1564665.12880000,5183796.95190000,1.25762196,45.84089141
87085_5275_00011,rue Victor Thuillat,11,,CX0162,1564663.05430000,5183805.56620000,1.25759283,45.84096850
87085_5275_00013,rue Victor Thuillat,13,,CX0163,1564660.52070000,5183817.26200000,1.25755693,45.84107321
87085_5275_00014,rue Victor Thuillat,14,,CX0140,1564659.42850000,5183867.23610000,1.25752880,45.84152254
87085_5275_00015,rue Victor Thuillat,15,,CX0164,1564658.38840000,5183825.02130000,1.25752730,45.84114259
87085_5275_00017,rue Victor Thuillat,17,,CX0173,1564656.21160000,5183834.36670000,1.25749665,45.84122623
87085_5275_00018,rue Victor Thuillat,18,,CX0104,1564647.89530000,5183914.85750000,1.25736695,45.84194865
87085_5275_00019,rue Victor Thuillat,19,,CX0174,1564653.64600000,5183844.72850000,1.25746071,45.84131893
87085_5275_00020,rue Victor Thuillat,20,,CX0103,1564644.58800000,5183929.41110000,1.25732028,45.84207892
87085_5275_00021,rue Victor Thuillat,21,,CX0177,1564651.53160000,5183853.66920000,1.25743098,45.84139894
87085_5275_00022,rue Victor Thuillat,22,,CX0102,1564642.04610000,5183940.06880000,1.25728456,45.84217429
87085_5275_00023,rue Victor Thuillat,23,,CX0180,1564647.61710000,5183870.86000000,1.25737576,45.84155281
87085_5275_00024,rue Victor Thuillat,24,,CX0101,1564640.00660000,5183948.36730000,1.25725598,45.84224854
87085_5275_00025,rue Victor Thuillat,25,,CX0243,1564641.26010000,5183896.59040000,1.25728669,45.84178302
87085_5275_00026,rue Victor Thuillat,26,,CX0099,1564638.28170000,5183955.12090000,1.25723187,45.84230895
87085_5275_00028,rue Victor Thuillat,28,,CX0098,1564636.68400000,5183961.88630000,1.25720941,45.84236949
87085_5275_00029,rue Victor Thuillat,29,,CX0275,1564635.86650000,5183919.46450000,1.25721083,45.84198773
87085_5275_00030,rue Victor Thuillat,30,,CX0096,1564635.22020000,5183967.70000000,1.25718893,45.84242150
87085_5275_00032,rue Victor Thuillat,32,,CX0095,1564633.36610000,5183974.77950000,1.25716307,45.84248482
87085_5275_00034,rue Victor Thuillat,34,,CX0094,1564631.42450000,5183983.16470000,1.25713572,45.84255987
87085_5275_00036,rue Victor Thuillat,36,,CX0091,1564628.84160000,5183993.64960000,1.25709952,45.84265368
87085_5275_00038,rue Victor Thuillat,38,,CX0090,1564626.64410000,5184003.97250000,1.25706833,45.84274611
87085_5275_00040,rue Victor Thuillat,40,,CX0089,1564624.94700000,5184010.59810000,1.25704462,45.84280537
87085_5275_00041,rue Victor Thuillat,41,,CX0187,1564618.90640000,5183989.86190000,1.25697271,45.84261765
87085_5275_00042,rue Victor Thuillat,42,,CX0088,1564623.31210000,5184017.21580000,1.25702171,45.84286458
87085_5275_00044,rue Victor Thuillat,44,,CX0239,1564621.36380000,5184024.79110000,1.25699450,45.84293234
87085_5275_00046,rue Victor Thuillat,46,,CX0271,1564619.32390000,5184034.61700000,1.25696548,45.84302033
87085_5275_00047,rue Victor Thuillat,47,,CX0188,1564610.03460000,5184027.08430000,1.25684804,45.84295074
87085_5275_00048,rue Victor Thuillat,48,,CX0014,1564612.37710000,5184061.64630000,1.25686845,45.84326211
87085_5275_00052,rue Victor Thuillat,52,,CX0012,1564609.24520000,5184076.11610000,1.25682406,45.84339166
87085_5275_00056,rue Victor Thuillat,56,,CX0219,1564602.86710000,5184103.00920000,1.25673439,45.84363232
87085_5275_00057,rue Victor Thuillat,57,,BO0694,1564589.16900000,5184110.87700000,1.25655587,45.84370040
87085_5275_00059,rue Victor Thuillat,59,,BO0406,1564586.99860000,5184119.41400000,1.25652553,45.84377676
87085_5275_00061,rue Victor Thuillat,61,,BO0405,1564584.29500000,5184130.28970000,1.25648766,45.84387406
87085_5275_00062,rue Victor Thuillat,62,,BR0341,1564584.40610000,5184175.24120000,1.25647643,45.84427845
87085_5275_00066,rue Victor Thuillat,66,,BR0344,1564579.28250000,5184196.88300000,1.25640438,45.84447212
87085_5275_00067,rue Victor Thuillat,67,,BO0377,1564575.39330000,5184171.26040000,1.25636154,45.84424087
87085_5275_00068,rue Victor Thuillat,68,,BR0345,1564577.84930000,5184202.62420000,1.25638431,45.84452348
87085_5275_00070,rue Victor Thuillat,70,,BR0346,1564575.88070000,5184210.58700000,1.25635673,45.84459473
87085_5275_00074,rue Victor Thuillat,74,,BR0640,1564570.01170000,5184241.65030000,1.25627244,45.84487300
87085_5275_00075,rue Victor Thuillat,75,,BO0377,1564552.53380000,5184264.00900000,1.25604117,45.84507069
87085_5275_00076,rue Victor Thuillat,76,,BR0351,1564567.77640000,5184250.81120000,1.25624108,45.84495497
87085_5275_00078,rue Victor Thuillat,78,,BR0352,1564565.23860000,5184260.88450000,1.25620558,45.84504509
87085_5275_00080,rue Victor Thuillat,80,,BR0356,1564561.95470000,5184273.64930000,1.25615971,45.84515927
87085_5275_00082,rue Victor Thuillat,82,,BR0357,1564559.38860000,5184284.60710000,1.25612359,45.84525733
87085_5275_00084,rue Victor Thuillat,84,,BR0358,1564556.84960000,5184294.54700000,1.25608811,45.84534625
87085_5275_00090,rue Victor Thuillat,90,,BR0364,1564545.23500000,5184341.54050000,1.25592537,45.84576669
87085_5275_00092,rue Victor Thuillat,92,,BR0365,1564542.18370000,5184352.93670000,1.25588288,45.84586861
87085_5275_00094,rue Victor Thuillat,94,,BR0367,1564540.40960000,5184360.49810000,1.25585791,45.84593627
87085_5275_00096,rue Victor Thuillat,96,,BR0368,1564538.19980000,5184369.86350000,1.25582683,45.84602009
87085_5275_00098,rue Victor Thuillat,98,,BR0371,1564536.11000000,5184378.94990000,1.25579737,45.84610141
87085_5275_00100,rue Victor Thuillat,100,,BR0373,1564534.22150000,5184386.51400000,1.25577093,45.84616908
87085_5275_00102,rue Victor Thuillat,102,,BR0374,1564532.76760000,5184393.17940000,1.25575033,45.84622876
87085_5275_00104,rue Victor Thuillat,104,,BR0378,1564530.80620000,5184400.59360000,1.25572300,45.84629506
87085_5275_00106,rue Victor Thuillat,106,,BR0379,1564528.79220000,5184408.99690000,1.25569470,45.84637026
87085_5275_00108,rue Victor Thuillat,108,,BR0380,1564526.73530000,5184417.49680000,1.25566583,45.84644632
87085_5275_00110,rue Victor Thuillat,110,,BR0382,1564525.09080000,5184424.27550000,1.25564275,45.84650697
87085_5275_00112,rue Victor Thuillat,112,,BR0734,1564523.56260000,5184430.95200000,1.25562120,45.84656673
87085_5275_00114,rue Victor Thuillat,114,,BR0387,1564521.71750000,5184438.45650000,1.25559533,45.84663387
87085_5275_00116,rue Victor Thuillat,116,,BR0391,1564519.00870000,5184449.41280000,1.25555738,45.84673190
87085_5275_00117,rue Victor Thuillat,117,,BR0686,1564505.66150000,5184447.49580000,1.25538612,45.84671202
87085_5275_00118,rue Victor Thuillat,118,,BR0082,1564511.75270000,5184474.17430000,1.25545700,45.84695321
87085_5275_00119,rue Victor Thuillat,119,,BR0686,1564500.15170000,5184461.75280000,1.25531117,45.84683919
87085_5275_00121,rue Victor Thuillat,121,,BR0393,1564493.38420000,5184490.56720000,1.25521594,45.84709705
87085_5275_00123,rue Victor Thuillat,123,,BR0392,1564488.40120000,5184501.62530000,1.25514868,45.84719555
87085_5275_00125,rue Victor Thuillat,125,,BR0774,1564483.57260000,5184512.50760000,1.25508346,45.84729249
87085_5275_00126,rue Victor Thuillat,126,,BR0081,1564493.16340000,5184516.85740000,1.25520568,45.84733350
87085_5275_00127,rue Victor Thuillat,127,,BR0413,1564480.28050000,5184520.13880000,1.25503893,45.84736048
87085_5275_00128,rue Victor Thuillat,128,,BR0080,1564487.39920000,5184531.13350000,1.25512746,45.84746079
87085_5275_00129,rue Victor Thuillat,129,,BR0413,1564476.42860000,5184528.92700000,1.25498687,45.84743878
87085_5275_00130,rue Victor Thuillat,130,,BR0079,1564482.27200000,5184542.04050000,1.25505839,45.84755789
87085_5275_00131,rue Victor Thuillat,131,,BR0782,1564473.04290000,5184536.47260000,1.25494116,45.84750599
87085_5275_00132,rue Victor Thuillat,132,,BR0077,1564477.79100000,5184551.92720000,1.25499792,45.84764595
87085_5275_00133,rue Victor Thuillat,133,,BR0814,1564468.71780000,5184545.97860000,1.25488280,45.84759065
87085_5275_00134,rue Victor Thuillat,134,,BR0073,1564473.31360000,5184562.56670000,1.25493728,45.84774077
87085_5275_00135,rue Victor Thuillat,135,,BR0418,1564464.09250000,5184556.58420000,1.25482028,45.84768514
87085_5275_00136,rue Victor Thuillat,136,,BR0072,1564463.91970000,5184584.15600000,1.25481027,45.84793313
87085_5275_00138,rue Victor Thuillat,138,,BR0070,1564460.00100000,5184592.93980000,1.25475735,45.84801137
87085_5275_00139,rue Victor Thuillat,139,,BR0421,1564449.98410000,5184589.48480000,1.25462939,45.84797832
87085_5275_00141,rue Victor Thuillat,141,,BR0422,1564446.64610000,5184597.61190000,1.25458413,45.84805077
87085_5275_00142,rue Victor Thuillat,142,,BR0069,1564452.50200000,5184610.37520000,1.25465591,45.84816673
87085_5275_00143,rue Victor Thuillat,143,,BR0423,1564442.93280000,5184606.24160000,1.25453390,45.84812766
87085_5275_00144,rue Victor Thuillat,144,,BR0068,1564440.68700000,5184639.37160000,1.25449564,45.84842524
87085_5275_00145,rue Victor Thuillat,145,,BR0464,1564439.14040000,5184617.42860000,1.25448193,45.84822755
87085_5275_00150,rue Victor Thuillat,150,,BR0810,1564435.39120000,5184660.40010000,1.25442154,45.84861336
87085_5275_00151,rue Victor Thuillat,151,,BR0677,1564409.97740000,5184683.00630000,1.25408803,45.84881171
87085_5275_00158,rue Victor Thuillat,158,,BR0581,1564407.57570000,5184715.05940000,1.25404807,45.84909957
87085_5275_00162,rue Victor Thuillat,162,,BR0580,1564398.06880000,5184736.17300000,1.25391973,45.84928762
87085_5275_00164,rue Victor Thuillat,164,,BR0579,1564392.66420000,5184749.07600000,1.25384652,45.84940263
87085_5275_00167,rue Victor Thuillat,167,,BT0408,1564365.84340000,5184789.43470000,1.25348988,45.84976038
87085_5275_00168,rue Victor Thuillat,168,,BR0578,1564384.77930000,5184767.73890000,1.25373975,45.84956895
87085_5275_00169,rue Victor Thuillat,169,,BT0272,1564359.23290000,5184803.95300000,1.25340069,45.84988968
87085_5275_00171,rue Victor Thuillat,171,,BT0274,1564353.37240000,5184817.69760000,1.25332137,45.85001216
87085_5275_00173,rue Victor Thuillat,173,,BT0278,1564348.92140000,5184827.97970000,1.25326117,45.85010378
87085_5275_00175,rue Victor Thuillat,175,,BT0279,1564343.72890000,5184839.92120000,1.25319095,45.85021018
87085_5275_00175_bis,rue Victor Thuillat,175,bis,BT0282,1564339.27970000,5184850.31550000,1.25313075,45.85030280
87085_5275_00177,rue Victor Thuillat,177,,BT0282,1564335.95410000,5184858.50980000,1.25308562,45.85037586
87085_5275_00179,rue Victor Thuillat,179,,BT0283,1564331.57720000,5184868.38520000,1.25302649,45.85046383
87085_5275_00183,rue Victor Thuillat,183,,BT0285,1564324.55910000,5184884.11110000,1.25293171,45.85060391
87085_5275_00185,rue Victor Thuillat,185,,BT0290,1564320.95360000,5184892.81410000,1.25288284,45.85068148
87085_5275_00187,rue Victor Thuillat,187,,BT0291,1564317.98260000,5184898.30400000,1.25284304,45.85073028
87085_5275_00191,rue Victor Thuillat,191,,BT0524,1564305.93220000,5184923.08450000,1.25268100,45.85095100
87085_5275_00194,rue Victor Thuillat,194,,BT0264,1564335.66530000,5184893.09290000,1.25307214,45.85068689
87085_5305_00001,rue Vigne de Fer,1,,DY0410,1564702.15550000,5182397.21010000,1.25849248,45.82830720
87085_5305_00002,rue Vigne de Fer,2,,DY0131,1564692.58200000,5182404.95870000,1.25836711,45.82837502
87085_5305_00003,rue Vigne de Fer,3,,DY0410,1564698.59180000,5182386.33530000,1.25844968,45.82820868
87085_5305_00004,rue Vigne de Fer,4,,DY0130,1564690.05310000,5182397.69980000,1.25833661,45.82830923
87085_5305_00005,rue Vigne de Fer,5,,DY0411,1564694.69690000,5182375.65700000,1.25840257,45.82811185
87085_5305_00006,rue Vigne de Fer,6,,DY0129,1564685.53590000,5182385.39340000,1.25828195,45.82819764
87085_5305_00007,rue Vigne de Fer,7,,DY0411,1564691.72580000,5182368.12130000,1.25836646,45.82804348
87085_5305_00008,rue Vigne de Fer,8,,DY0128,1564682.96360000,5182377.92970000,1.25825095,45.82812999
87085_5305_00009,rue Vigne de Fer,9,,DY0412,1564687.50440000,5182355.32660000,1.25831574,45.82792756
87085_5305_00010,rue Vigne de Fer,10,,DY0127,1564680.84000000,5182371.62150000,1.25822540,45.82807283
87085_5305_00012,rue Vigne de Fer,12,,DY0021,1564676.81290000,5182359.42900000,1.25817701,45.82796236
87085_5315_00004,rue Villaris,4,,BH0381,1563862.99900000,5183568.08970000,1.24736303,45.83867433
87085_5315_00005,rue Villaris,5,,BD0002,1563855.40400000,5183552.36290000,1.24726974,45.83853136
87085_5315_00006,rue Villaris,6,,BH0383,1563856.19810000,5183564.02530000,1.24727666,45.83863642
87085_5315_00008,rue Villaris,8,,BH0384,1563849.26170000,5183559.91370000,1.24718855,45.83859806
87085_5315_00010,rue Villaris,10,,BH0385,1563842.62700000,5183555.88720000,1.24710431,45.83856053
87085_5315_00011,rue Villaris,11,,BD0003,1563834.24710000,5183539.72270000,1.24700104,45.83841346
87085_5315_00012,rue Villaris,12,,BH0386,1563835.34200000,5183551.48610000,1.24701179,45.83851950
87085_5315_00013,rue Villaris,13,,BD0005,1563829.89010000,5183537.32320000,1.24694564,45.83839101
87085_5315_00014,rue Villaris,14,,BH0748,1563828.12670000,5183547.12900000,1.24692017,45.83847887
87085_5315_00015,rue Villaris,15,,BD0006,1563822.37370000,5183532.78660000,1.24685019,45.83834872
87085_5315_00016,rue Villaris,16,,BH0749,1563821.83790000,5183543.53040000,1.24684025,45.83844526
87085_5315_00017,rue Villaris,17,,BD0007,1563814.21320000,5183528.00950000,1.24674652,45.83830413
87085_5315_00018,rue Villaris,18,,BH0388,1563814.55940000,5183539.18600000,1.24674781,45.83840473
87085_5315_00019,rue Villaris,19,,BD0008,1563808.02240000,5183523.89500000,1.24666801,45.83826589
87085_5315_00020,rue Villaris,20,,BH0389,1563808.37560000,5183535.45010000,1.24666928,45.83836990
87085_5315_00021,rue Villaris,21,,BD0009,1563800.53620000,5183519.38620000,1.24657294,45.83822385
87085_5315_00022,rue Villaris,22,,BH0390,1563799.85930000,5183530.36530000,1.24656112,45.83832248
87085_5315_00023,rue Villaris,23,,BD0012,1563788.98610000,5183513.11060000,1.24642608,45.83816511
87085_5315_00024,rue Villaris,24,,BH0391,1563794.00410000,5183527.22320000,1.24648666,45.83829305
87085_5315_00025,rue Villaris,25,,BD0013,1563782.68930000,5183509.12850000,1.24634617,45.83812804
87085_5315_00026,rue Villaris,26,,BH0392,1563787.40890000,5183523.08900000,1.24640295,45.83825456
87085_5315_00027,rue Villaris,27,,BD0263,1563774.28020000,5183504.13660000,1.24623936,45.83808147
87085_5315_00028,rue Villaris,28,,BH0393,1563779.92790000,5183518.72240000,1.24630791,45.83821379
87085_5315_00029,rue Villaris,29,,BD0015,1563765.44800000,5183498.87880000,1.24612718,45.83803242
87085_5315_00030,rue Villaris,30,,BH0394,1563773.32540000,5183514.71260000,1.24622407,45.83817642
87085_5315_00031,rue Villaris,31,,BD0016,1563756.19750000,5183493.35350000,1.24600969,45.83798089
87085_5315_00032,rue Villaris,32,,BH0395,1563767.04270000,5183510.97800000,1.24614427,45.83814158
87085_5315_00034,rue Villaris,34,,BH0396,1563759.23710000,5183506.55180000,1.24604507,45.83810021
87085_5320_00001,rue Villehardouin,1,,OM0043,1562248.47610000,5182751.88880000,1.22681828,45.83101066
87085_5320_00003,rue Villehardouin,3,,OM0043,1562250.01460000,5182769.02910000,1.22683317,45.83116515
87085_5320_00005,rue Villehardouin,5,,OM0043,1562250.80470000,5182785.98270000,1.22683847,45.83131782
87085_5320_00007,rue Villehardouin,7,,OM0043,1562252.41830000,5182803.45930000,1.22685423,45.83147535
87085_5326_00001,rue Violette Szabo,1,,LA0192,1567992.74140000,5191294.58430000,1.29838842,45.90898428
87085_5326_00002,rue Violette Szabo,2,,LA0192,1567985.84810000,5191268.58200000,1.29830675,45.90874905
87085_5326_00003,rue Violette Szabo,3,,LA0192,1567995.17510000,5191306.25720000,1.29841656,45.90908975
87085_5326_00004,rue Violette Szabo,4,,LA0192,1567982.04820000,5191253.24520000,1.29826200,45.90861035
87085_5326_00005,rue Violette Szabo,5,,LA0195,1567997.63320000,5191320.93680000,1.29844420,45.90922228
87085_5326_00006,rue Violette Szabo,6,,LA0192,1567980.93850000,5191240.14530000,1.29825131,45.90849230
87085_5326_00007,rue Violette Szabo,7,,LA0195,1568000.47440000,5191341.62670000,1.29847511,45.90940894
87085_5326_00008,rue Violette Szabo,8,,LA0192,1567978.74620000,5191230.85340000,1.29822562,45.90840829
87085_5326_00009,rue Violette Szabo,9,,LA0195,1568000.53870000,5191349.52140000,1.29847377,45.90947997
87085_5326_00010,rue Violette Szabo,10,,LA0192,1567989.47770000,5191246.25590000,1.29835967,45.90854891
87085_5326_00011,rue Violette Szabo,11,,LA0195,1568002.30730000,5191354.60610000,1.29849516,45.90952605
87085_5326_00012,rue Violette Szabo,12,,LA0192,1568003.51270000,5191242.99120000,1.29854142,45.90852224
87085_5326_00014,rue Violette Szabo,14,,LA0195,1568023.01240000,5191339.19110000,1.29876622,45.90939136
87085_5326_00015,rue Violette Szabo,15,,LA0195,1568003.32830000,5191358.79220000,1.29850716,45.90956390
87085_5326_00016,rue Violette Szabo,16,,LA0195,1568037.62280000,5191342.34630000,1.29895363,45.90942255
87085_5326_00017,rue Violette Szabo,17,,LA0195,1568028.77850000,5191363.35500000,1.29883387,45.90960984
87085_5326_00019,rue Violette Szabo,19,,LA0195,1568042.23730000,5191359.79120000,1.29900829,45.90958037
87085_5326_00021,rue Violette Szabo,21,,LA0195,1568046.91810000,5191358.93070000,1.29906885,45.90957352
87085_5326_00023,rue Violette Szabo,23,,LA0195,1568061.18250000,5191355.49670000,1.29925361,45.90954537
87085_5326_00025,rue Violette Szabo,25,,LA0196,1568101.35940000,5191378.71910000,1.29976496,45.90976199
87085_5326_00027,rue Violette Szabo,27,,LA0196,1568112.80890000,5191370.81290000,1.29991468,45.90969307
87085_5326_00029,rue Violette Szabo,29,,LA0196,1568117.15210000,5191368.88590000,1.29997118,45.90967657
87085_5326_00031,rue Violette Szabo,31,,LA0196,1568128.95470000,5191363.93750000,1.30012463,45.90963432
87085_5326_00033,rue Violette Szabo,33,,LA0196,1568134.87040000,5191363.23140000,1.30020106,45.90962910
87085_5326_00035,rue Violette Szabo,35,,LA0196,1568140.65090000,5191345.91340000,1.30028031,45.90947443
87085_5328_00004,rue Viollet le Duc,4,,DS0185,1565489.50510000,5183571.42770000,1.26829521,45.83902445
87085_5328_00006,rue Viollet le Duc,6,,DS0198,1565481.35860000,5183579.37990000,1.26818814,45.83909439
87085_5340_00002,rue Virgile,2,,BR0528,1564253.42080000,5184641.21550000,1.25208460,45.84840488
87085_5340_00003,rue Virgile,3,,BP0345,1564235.81100000,5184655.44490000,1.25185390,45.84852941
87085_5340_00004,rue Virgile,4,,BR0529,1564247.92720000,5184660.92880000,1.25200831,45.84858113
87085_5340_00005,rue Virgile,5,,BP0344,1564232.04690000,5184668.61330000,1.25180173,45.84864712
87085_5340_00006,rue Virgile,6,,BR0559,1564238.36610000,5184696.88260000,1.25187508,45.84890267
87085_5340_00007,rue Virgile,7,,BP0343,1564229.73910000,5184677.99280000,1.25176937,45.84873104
87085_5340_00008,rue Virgile,8,,BR0560,1564232.29910000,5184717.57200000,1.25179114,45.84908758
87085_5340_00009,rue Virgile,9,,BP0342,1564225.47340000,5184692.53220000,1.25171035,45.84886099
87085_5340_00013,rue Virgile,13,,BP0339,1564219.85280000,5184714.35550000,1.25163183,45.84905619
87085_5345_00001,rue Vochave,1,,DL0152,1564280.72760000,5182571.45600000,1.25302055,45.82979161
87085_5345_00001_bis,rue Vochave,1,bis,DL0237,1564271.23640000,5182558.47870000,1.25290208,45.82967300
87085_5345_00002,rue Vochave,2,,DL0161,1564273.58990000,5182569.78120000,1.25292918,45.82977514
87085_5345_00003,rue Vochave,3,,DL0205,1564266.52690000,5182549.02720000,1.25284415,45.82958705
87085_5345_00004,rue Vochave,4,,DL0160,1564257.75340000,5182554.64510000,1.25272967,45.82963586
87085_5345_00005,rue Vochave,5,,DL0205,1564252.42510000,5182536.54710000,1.25266622,45.82947200
87085_5345_00006,rue Vochave,6,,DL0232,1564250.88140000,5182549.67940000,1.25264264,45.82958983
87085_5345_00007,rue Vochave,7,,DL0210,1564241.40670000,5182526.58320000,1.25252725,45.82938020
87085_5345_00008,rue Vochave,8,,DL0158,1564238.19000000,5182538.09730000,1.25248260,45.82948314
87085_5345_00010,rue Vochave,10,,DL0157,1564229.75010000,5182530.51140000,1.25237614,45.82941323
87085_5355_00003,rue Voltaire,3,,BE0325,1563900.00860000,5183658.08000000,1.24781386,45.83949117
87085_5355_00006,rue Voltaire,6,,BE0324,1563909.13270000,5183668.71720000,1.24792828,45.83958866
87085_5355_00007,rue Voltaire,7,,BE0327,1563895.64800000,5183677.30120000,1.24775230,45.83966321
87085_5355_00009,rue Voltaire,9,,BE0328,1563893.86210000,5183683.55100000,1.24772754,45.83971908
87085_5355_00011,rue Voltaire,11,,BE0681,1563893.39760000,5183687.88590000,1.24772034,45.83975798
87085_5355_00011_bis,rue Voltaire,11,bis,BE0329,1563891.03810000,5183695.89120000,1.24768770,45.83982953
87085_5355_00013,rue Voltaire,13,,BE0330,1563889.21380000,5183704.01240000,1.24766192,45.83990222
87085_5355_00015,rue Voltaire,15,,BE0331,1563886.32380000,5183716.10070000,1.24762131,45.84001039
87085_5365_00004,rue Wagner,4,,NS0088,1563954.07250000,5181226.66250000,1.24919765,45.81762989
87085_5365_00005,rue Wagner,5,,NS0090,1563902.63910000,5181239.48790000,1.24853232,45.81773508
87085_5365_00026,rue Wagner,26,,NS0120,1563903.90480000,5181343.99990000,1.24851903,45.81867548
87085_5365_00032,rue Wagner,32,,NS0119,1563940.62770000,5181388.82100000,1.24897881,45.81908594
87085_5365_00034,rue Wagner,34,,NS0119,1563957.28980000,5181409.32680000,1.24918737,45.81927369
87085_5365_00036,rue Wagner,36,,NS0119,1563972.54600000,5181427.01140000,1.24937865,45.81943579
87085_5360_00004,rue Waldeck-Rousseau,4,,HT0124,1564351.51140000,5182001.91610000,1.25409206,45.82468224
87085_5360_00006,rue Waldeck-Rousseau,6,,HT0098,1564349.99230000,5182009.38790000,1.25407041,45.82474915
87085_5360_00008,rue Waldeck-Rousseau,8,,HT0098,1564347.15490000,5182020.25010000,1.25403084,45.82484630
87085_5360_00015,rue Waldeck-Rousseau,15,,HZ0113,1564327.78930000,5182065.41540000,1.25376892,45.82524877
87085_5360_00021,rue Waldeck-Rousseau,21,,HZ0234,1564320.11310000,5182099.49530000,1.25366054,45.82555383
87085_5370_00001,rue Watteau,1,,IW0619,1562562.50600000,5182452.43490000,1.23094484,45.82837974
87085_5370_00005,rue Watteau,5,,IW0625,1562551.79560000,5182434.14000000,1.23081226,45.82821303
87085_5370_00007,rue Watteau,7,,IW0623,1562544.30230000,5182420.56480000,1.23071972,45.82808942
87085_5370_00007_b,rue Watteau,7,b,IW0623,1562543.47640000,5182419.47200000,1.23070940,45.82807940
87085_5370_00009,rue Watteau,9,,IW0622,1562538.54490000,5182410.88320000,1.23064840,45.82800117
87085_5370_00012,rue Watteau,12,,IW0073,1562526.75510000,5182411.76910000,1.23049645,45.82800679
87085_5370_00014,rue Watteau,14,,IW0073,1562518.02780000,5182396.58060000,1.23038849,45.82786841
87085_5370_00015,rue Watteau,15,,IW0614,1562520.92160000,5182380.01650000,1.23043046,45.82771999
87085_5370_00016,rue Watteau,16,,IW0073,1562507.58920000,5182378.45120000,1.23025936,45.82770324
87085_5370_00017,rue Watteau,17,,IW0086,1562513.52540000,5182368.04750000,1.23033872,45.82761084
87085_5370_00018,rue Watteau,18,,IW0367,1562500.77810000,5182366.96050000,1.23017500,45.82759852
87085_5370_00019,rue Watteau,19,,IW0089,1562505.88620000,5182354.55620000,1.23024428,45.82748796
87085_5370_00020,rue Watteau,20,,IW0391,1562495.58920000,5182358.04630000,1.23011079,45.82751729
87085_5370_00021,rue Watteau,21,,IW0090,1562501.65880000,5182347.22480000,1.23019198,45.82742116
87085_5370_00022,rue Watteau,22,,IW0438,1562488.65330000,5182346.34510000,1.23002489,45.82741065
87085_5370_00025,rue Watteau,25,,IW0094,1562486.91310000,5182321.86950000,1.23000949,45.82719013
87085_5370_00026,rue Watteau,26,,IW0418,1562480.44800000,5182332.09130000,1.22992338,45.82728079
87085_5370_00027,rue Watteau,27,,IW0095,1562480.82800000,5182311.34970000,1.22993420,45.82709428
87085_5370_00029,rue Watteau,29,,IW0098,1562474.18370000,5182299.39290000,1.22985213,45.82698539
87085_5370_00030,rue Watteau,30,,IW0515,1562470.08480000,5182313.86450000,1.22979525,45.82711475
87085_5370_00031,rue Watteau,31,,IW0099,1562468.60090000,5182289.92750000,1.22978300,45.82689913
87085_5370_00032,rue Watteau,32,,IW0060,1562464.13860000,5182303.43930000,1.22972172,45.82701979
87085_5370_00033,rue Watteau,33,,IW0100,1562464.68980000,5182282.84760000,1.22973470,45.82683466
87085_5370_00034,rue Watteau,34,,IW0059,1562458.75390000,5182294.43740000,1.22965501,45.82693773
87085_5370_00035,rue Watteau,35,,IW0101,1562458.35110000,5182271.89000000,1.22965628,45.82673483
87085_5370_00038,rue Watteau,38,,IW0058,1562450.92330000,5182281.01210000,1.22955809,45.82681540
87085_5370_00039,rue Watteau,39,,IW0376,1562452.23670000,5182257.84710000,1.22958162,45.82660728
87085_5370_00040,rue Watteau,40,,IW0055,1562446.91060000,5182274.24510000,1.22950840,45.82675372
87085_5370_00041,rue Watteau,41,,IW0375,1562448.28130000,5182246.47880000,1.22953398,45.82650422
87085_5370_00042,rue Watteau,42,,IW0054,1562443.44580000,5182264.91030000,1.22946649,45.82666906
87085_5370_00043,rue Watteau,43,,IW0105,1562444.29660000,5182234.18330000,1.22948622,45.82639282
87085_5370_00044,rue Watteau,44,,IW0403,1562439.04380000,5182251.85200000,1.22941358,45.82655071
87085_5370_00045,rue Watteau,45,,IW0109,1562438.81310000,5182218.16910000,1.22942025,45.82624767
87085_5370_00048,rue Watteau,48,,IW0572,1562431.52780000,5182229.60670000,1.22932324,45.82634910
87085_5370_00049,rue Watteau,49,,IW0110,1562432.71010000,5182200.54000000,1.22934677,45.82608787
87085_5370_00052,rue Watteau,52,,IW0050,1562423.28450000,5182206.46730000,1.22922379,45.82613930
87085_5370_00056,rue Watteau,56,,IW0049,1562418.59030000,5182191.46280000,1.22916768,45.82600339
87085_5370_00058,rue Watteau,58,,IW0048,1562413.61250000,5182177.14990000,1.22910773,45.82587364
87085_5370_00060,rue Watteau,60,,IW0047,1562409.69620000,5182165.12810000,1.22906078,45.82576471
87085_5370_00064,rue Watteau,64,,IW0037,1562398.47050000,5182132.72710000,1.22892561,45.82547101
87085_5370_00068,rue Watteau,68,,IW0036,1562392.06710000,5182114.50050000,1.22884844,45.82530577
87085_5370_00070,rue Watteau,70,,IW0035,1562388.61010000,5182104.39580000,1.22880685,45.82521418
87085_5370_00071,rue Watteau,71,,IW0118,1562393.81630000,5182082.80020000,1.22888001,45.82502096
87085_5370_00072,rue Watteau,72,,IW0034,1562385.96930000,5182095.89260000,1.22877530,45.82513716
87085_5385_00003,rue Zamenhof,3,,IW0202,1562947.75020000,5182297.61580000,1.23594610,45.82706394
87085_5385_00003_bis,rue Zamenhof,3,bis,IW0485,1562940.30230000,5182302.83970000,1.23584878,45.82710944
87085_5385_00005,rue Zamenhof,5,,IW0514,1562933.36970000,5182307.92370000,1.23575812,45.82715380
87085_5385_00006,rue Zamenhof,6,,IW0206,1562935.46750000,5182322.85900000,1.23578086,45.82728857
87085_5385_00007,rue Zamenhof,7,,IW0194,1562920.33220000,5182317.07190000,1.23558776,45.82723349
87085_5385_00010,rue Zamenhof,10,,IW0208,1562916.31150000,5182336.70520000,1.23553043,45.82740930
87085_2034_00001,rue Zurbaran,1,,AZ0694,1563244.02270000,5182960.06709999,1.23956987,45.83308202
87085_2034_00003,rue Zurbaran,3,,AZ0693,1563244.66170000,5182947.56890000,1.23958164,45.83296972
87085_2034_00004,rue Zurbaran,4,,AZ0686,1563235.83960000,5182951.45120000,1.23946701,45.83300289
87085_2034_00005,rue Zurbaran,5,,AZ0692,1563245.20580000,5182935.76609999,1.23959200,45.83286365
87085_2034_00006,rue Zurbaran,6,,AZ0687,1563236.34250000,5182939.93040000,1.23947676,45.83289935
87085_2034_00007,rue Zurbaran,7,,AZ0691,1563245.78880000,5182925.23190000,1.23960250,45.83276901
87085_2034_00008,rue Zurbaran,8,,AZ0688,1563236.81240000,5182927.93409999,1.23948622,45.83279153
87085_2034_00009,rue Zurbaran,9,,AZ0690,1563246.49420000,5182911.78770000,1.23961540,45.83264821
87085_2034_00011,rue Zurbaran,11,,AZ0896,1563246.73060000,5182901.55600000,1.23962136,45.83255622
87085_2034_00012,rue Zurbaran,12,,AZ0888,1563234.40630000,5182904.62710000,1.23946189,45.83258140
87085_2034_00014,rue Zurbaran,14,,AZ0889,1563234.77350000,5182893.53290000,1.23946977,45.83248167
87085_2034_00015,rue Zurbaran,15,,AZ0895,1563247.09520000,5182890.39600000,1.23962922,45.83245590
87085_2034_00016,rue Zurbaran,16,,AZ0890,1563235.25770000,5182883.89880000,1.23947874,45.83239510
87085_2034_00018,rue Zurbaran,18,,AZ0891,1563233.20190000,5182875.43809999,1.23945469,45.83231858
87085_2034_00020,rue Zurbaran,20,,AZ0892,1563240.21660000,5182874.73080000,1.23954516,45.83231362
87085_2034_00022,rue Zurbaran,22,,AZ0893,1563252.53780000,5182876.76140000,1.23970314,45.83233433
87085_2034_00024,rue Zurbaran,24,,AZ0970,1563257.65360000,5182880.18000000,1.23976800,45.83236610
87085_0217_00008,square d'Anjou,8,,BV0059,1564504.00160000,5185479.35620000,1.25507372,45.85599385
87085_0217_00010,square d'Anjou,10,,BV0059,1564501.81620000,5185490.55810000,1.25504243,45.85609419
87085_0217_00012,square d'Anjou,12,,BV0059,1564500.17140000,5185500.75430000,1.25501838,45.85618559
87085_0217_00014,square d'Anjou,14,,BV0059,1564493.55670000,5185511.61190000,1.25493016,45.85628195
87085_0217_00016,square d'Anjou,16,,BV0059,1564491.93720000,5185524.24100000,1.25490575,45.85639524
87085_0217_00018,square d'Anjou,18,,BV0059,1564489.72400000,5185538.08740000,1.25487335,45.85651936
87085_0217_00020,square d'Anjou,20,,BV0640,1564458.62240000,5185531.20430000,1.25447488,45.85645131
87085_0217_00022,square d'Anjou,22,,BV0640,1564457.28460000,5185506.97110000,1.25446450,45.85623306
87085_0976_00001,square de Chantelauve,1,,HR0504,1565338.47460000,5181265.62810000,1.26699723,45.81825281
87085_0976_00003,square de Chantelauve,3,,HR0089,1565339.34480000,5181257.35310000,1.26701075,45.81817854
87085_0976_00005,square de Chantelauve,5,,HR0346,1565339.76360000,5181243.01350000,1.26702015,45.81804963
87085_0976_00017,square de Chantelauve,17,,HR0222,1565344.81910000,5181197.85700000,1.26709783,45.81764441
87085_0976_00019,square de Chantelauve,19,,HR0498,1565345.25760000,5181188.29690000,1.26710615,45.81755849
87085_0976_00021,square de Chantelauve,21,,HR0497,1565346.09360000,5181180.95250000,1.26711896,45.81749259
87085_4105_00021,square de Picardie,21,,BV0295,1564691.89440000,5185485.65980000,1.25749087,45.85608757
87085_4105_00022,square de Picardie,22,,BV0281,1564696.98630000,5185504.24300000,1.25755119,45.85625574
87085_4105_00023,square de Picardie,23,,BV0293,1564679.22720000,5185475.30020000,1.25733071,45.85599188
87085_4105_00024,square de Picardie,24,,BV0282,1564684.54000000,5185504.92510000,1.25739076,45.85625942
87085_4105_00025,square de Picardie,25,,BV0292,1564664.13820000,5185473.17320000,1.25713706,45.85596978
87085_4105_00026,square de Picardie,26,,BV0283,1564670.71590000,5185505.53750000,1.25721262,45.85626221
87085_4105_00027,square de Picardie,27,,BV0290,1564650.96240000,5185473.59030000,1.25696732,45.85597094
87085_4105_00028,square de Picardie,28,,BV0284,1564655.42670000,5185505.97180000,1.25701566,45.85626311
87085_4105_00029,square de Picardie,29,,BV0289,1564637.15580000,5185473.89260000,1.25678948,45.85597094
87085_4105_00030,square de Picardie,30,,BV0285,1564640.47360000,5185506.55040000,1.25682299,45.85626537
87085_4105_00031,square de Picardie,31,,BV0287,1564626.66570000,5185499.20430000,1.25664730,45.85619657
87085_4105_00032,square de Picardie,32,,BV0286,1564634.57150000,5185506.66540000,1.25674698,45.85626524
87085_4105_00033,square de Picardie,33,,BV0287,1564626.24570000,5185490.98770000,1.25664421,45.85612257
87085_4105_00035,square de Picardie,35,,BV0287,1564625.98150000,5185474.67920000,1.25664541,45.85597581
87085_1339_00001,square du Coudaux,1,,LO0097,1568424.17760000,5188015.82270000,1.30484744,45.87957256
87085_1339_00003,square du Coudaux,3,,LO0095,1568415.06110000,5188009.68780000,1.30473171,45.87951563
87085_1339_00005,square du Coudaux,5,,LO0094,1568404.77860000,5188002.77380000,1.30460117,45.87945146
87085_1339_00007,square du Coudaux,7,,LO0091,1568392.45830000,5187994.65790000,1.30444471,45.87937609
87085_1339_00009,square du Coudaux,9,,LO0088,1568379.92820000,5187986.25620000,1.30428564,45.87929812
87085_4937_00002,square du Souvenir Français,2,,BW0021,1564857.55700000,5185141.55270000,1.25972042,45.85302472
87085_4937_00003,square du Souvenir Français,3,,None,1564856.67390000,5185116.59460000,1.25971607,45.85280003
87085_2233_00001,square Georges Gros,1,,KY0284,1568230.56190000,5192411.45040000,1.30114603,45.91907682
87085_2233_00004,square Georges Gros,4,,KY0005,1568263.37260000,5192387.93190000,1.30157538,45.91887155
87085_2233_00006,square Georges Gros,6,,KY0004,1568254.21830000,5192409.43820000,1.30145149,45.91906326
87085_2233_00008,square Georges Gros,8,,KY0003,1568243.92250000,5192425.62150000,1.30131434,45.91920686
87085_5525_00001,square Jacques Chirac,1,,HS0550,1564842.14130000,5182205.38050000,1.26034800,45.82660900
87085_2599_00001,square Jacques Prévert,1,,RC0045,1560717.53440000,5184374.88920000,1.20664781,45.84530194
87085_2599_00003,square Jacques Prévert,3,,RC0046,1560702.37730000,5184366.83770000,1.20645505,45.84522644
87085_2599_00004,square Jacques Prévert,4,,RC0054,1560678.06840000,5184389.15670000,1.20613569,45.84542228
87085_2599_00005,square Jacques Prévert,5,,RC0047,1560686.83970000,5184358.71810000,1.20625742,45.84515025
87085_2599_00006,square Jacques Prévert,6,,RC0053,1560668.11740000,5184384.14450000,1.20600907,45.84537518
87085_2599_00007,square Jacques Prévert,7,,RC0048,1560674.53090000,5184352.57640000,1.20610077,45.84509251
87085_2599_00008,square Jacques Prévert,8,,RC0052,1560656.54820000,5184378.36380000,1.20586183,45.84532083
87085_2599_00009,square Jacques Prévert,9,,RC0041,1560659.56510000,5184344.42930000,1.20591050,45.84501619
87085_2599_00010,square Jacques Prévert,10,,RC0051,1560644.45810000,5184372.02270000,1.20570805,45.84526134
87085_2599_00011,square Jacques Prévert,11,,RC0049,1560650.53480000,5184349.71730000,1.20579274,45.84506193
87085_2599_00012,square Jacques Prévert,12,,RC0050,1560642.66500000,5184365.22980000,1.20568695,45.84519987
87085_2895_00001,square Lalande,1,,IV0542,1562864.25650000,5181515.86520000,1.23509470,45.82001503
87085_2895_00003,square Lalande,3,,IV0542,1562833.80130000,5181510.68770000,1.23470435,45.81996238
87085_4211_00001,square Plantadis,1,,LP0010,1567621.46270000,5188276.03200000,1.29443707,45.88175913
87085_4211_00002,square Plantadis,2,,LP0009,1567592.45740000,5188307.62360000,1.29405476,45.88203773
87085_4211_00003,square Plantadis,3,,LP0010,1567622.61830000,5188267.82610000,1.29445422,45.88168553
87085_4211_00004,square Plantadis,4,,LP0009,1567591.03970000,5188315.47490000,1.29403433,45.88210808
87085_4211_00005,square Plantadis,5,,LP0010,1567617.62820000,5188267.29350000,1.29439009,45.88167978
87085_4211_00006,square Plantadis,6,,LP0009,1567582.36310000,5188315.26690000,1.29392264,45.88210454
87085_4211_00007,square Plantadis,7,,LP0010,1567612.83030000,5188273.11310000,1.29432669,45.88173121
87085_4211_00008,square Plantadis,8,,LP0009,1567571.38000000,5188313.67000000,1.29378161,45.88208805
87085_4211_00009,square Plantadis,9,,LP0010,1567602.24760000,5188284.45670000,1.29418725,45.88183121
87085_4211_00010,square Plantadis,10,,LP0009,1567563.10070000,5188310.12060000,1.29367595,45.88205453
87085_4211_00011,square Plantadis,11,,LP0010,1567586.18810000,5188294.97350000,1.29397750,45.88192272
87085_5018_00005,venelle du Temple,5,,DX0075,1564744.74240000,5182680.08520000,1.25896089,45.83086021
87085_5018_00007,venelle du Temple,7,,DX0076,1564739.77010000,5182677.12140000,1.25889774,45.83083257
87085_5018_00009,venelle du Temple,9,,DX0080,1564734.69010000,5182673.73470000,1.25883332,45.83080111
87085_5018_00011,venelle du Temple,11,,DX0081,1564730.34830000,5182669.58370000,1.25877862,45.83076291
87085_5018_00013,venelle du Temple,13,,DX0082,1564732.72960000,5182665.21810000,1.25881049,45.83072411
87085_x102_00039,voie 105,39,,OV0038,1558908.89410000,5183157.13330000,1.18372590,45.83397898
87085_x062_00075,voie communale 102,75,,PM0015,1558276.33710000,5184871.70470000,1.17508017,45.84927211
